Timestamp,TP9,AF7,AF8,TP10
120.0078125,-66.40625,-42.96875,-16.6015625,-17.08984375
120.01171875,-43.9453125,-47.36328125,-24.4140625,9.27734375
120.015625,2.9296875,-43.45703125,-43.45703125,26.3671875
120.01953125,-13.671875,-39.0625,-30.2734375,18.06640625
120.0234375,-35.15625,-36.1328125,-7.8125,10.25390625
120.02734375,-16.6015625,-38.57421875,-2.9296875,19.53125
120.03125,-23.92578125,-48.33984375,11.23046875,52.24609375
120.03515625,-14.6484375,-50.29296875,7.8125,35.64453125
120.0390625,11.71875,-35.64453125,2.9296875,-0.48828125
120.04296875,-8.7890625,-29.78515625,9.765625,-5.859375
120.046875,-34.66796875,-27.83203125,7.8125,24.90234375
120.05078125,-47.36328125,-25.87890625,0.9765625,16.6015625
120.0546875,-57.12890625,-36.62109375,-0.9765625,-30.2734375
120.05859375,-54.6875,-44.921875,10.25390625,-26.85546875
120.0625,-60.05859375,-38.57421875,12.6953125,-2.9296875
120.06640625,-41.9921875,-30.2734375,5.37109375,10.7421875
120.0703125,-31.73828125,-29.78515625,9.765625,10.25390625
120.07421875,-33.203125,-30.76171875,11.71875,5.37109375
120.078125,-16.11328125,-31.25,12.20703125,5.37109375
120.08203125,-12.20703125,-22.4609375,6.34765625,6.8359375
120.0859375,-14.16015625,-16.6015625,-18.5546875,-9.765625
120.08984375,-30.76171875,-23.92578125,-23.4375,-30.2734375
120.09375,-30.76171875,-28.80859375,-0.9765625,-26.85546875
120.09765625,-12.6953125,-35.64453125,12.6953125,-16.11328125
120.1015625,-10.25390625,-31.25,6.8359375,-9.27734375
120.10546875,-19.04296875,-24.4140625,-7.32421875,-13.671875
120.109375,-36.62109375,-24.4140625,-15.13671875,-15.625
120.11328125,-33.69140625,-26.3671875,-0.9765625,-8.7890625
120.1171875,-13.671875,-24.4140625,-10.25390625,3.90625
120.12109375,1.46484375,-12.20703125,-33.69140625,0.48828125
120.125,-3.90625,-9.765625,-18.5546875,37.59765625
120.12890625,-7.32421875,-22.4609375,2.44140625,8.7890625
120.1328125,-37.59765625,-32.2265625,6.34765625,-25.390625
120.13671875,-42.96875,-26.3671875,1.953125,13.671875
120.140625,-24.90234375,-18.06640625,-7.8125,-0.48828125
120.14453125,-28.80859375,-28.80859375,-6.8359375,-38.0859375
120.1484375,-36.1328125,-37.109375,-5.859375,-14.16015625
120.15234375,-24.4140625,-29.78515625,-14.6484375,-20.99609375
120.15625,-24.4140625,-28.80859375,-26.85546875,-9.765625
120.16015625,-16.11328125,-31.73828125,-18.06640625,12.6953125
120.1640625,-27.34375,-28.3203125,-9.765625,-38.57421875
120.16796875,-34.66796875,-11.71875,-10.25390625,-35.64453125
120.171875,5.859375,-1.953125,-10.25390625,5.859375
120.17578125,-26.3671875,-14.16015625,-14.16015625,-2.9296875
120.1796875,-46.38671875,-21.484375,-16.11328125,-12.6953125
120.18359375,-30.2734375,-22.94921875,-3.41796875,4.39453125
120.1875,-45.41015625,-22.4609375,1.953125,-16.6015625
120.19140625,-52.24609375,-15.13671875,3.41796875,-47.8515625
120.1953125,-39.55078125,-22.94921875,-2.44140625,-50.29296875
120.19921875,-31.73828125,-29.296875,-11.23046875,-32.2265625
120.203125,-34.66796875,-27.34375,-6.8359375,-15.625
120.20703125,-27.34375,-30.2734375,-3.90625,-28.80859375
120.2109375,-13.18359375,-18.5546875,-8.30078125,-47.8515625
120.21484375,-4.39453125,-5.859375,-12.20703125,-19.53125
120.21875,-31.25,-16.6015625,3.41796875,31.25
120.22265625,-42.96875,-20.5078125,4.8828125,-16.11328125
120.2265625,-43.45703125,-23.92578125,-3.90625,-48.828125
120.23046875,-29.78515625,-35.64453125,-25.390625,-43.9453125
120.234375,-21.97265625,-25.87890625,-26.85546875,-41.50390625
120.23828125,-38.57421875,-15.13671875,10.25390625,-18.06640625
120.2421875,-38.0859375,-15.13671875,27.83203125,-18.06640625
120.24609375,-24.4140625,-10.25390625,32.71484375,-20.01953125
120.25,-30.76171875,-20.01953125,23.92578125,-22.94921875
120.25390625,-13.18359375,-30.76171875,5.859375,-27.83203125
120.2578125,-21.97265625,-32.2265625,9.765625,-12.20703125
120.26171875,-47.36328125,-32.2265625,10.7421875,31.73828125
120.265625,-43.45703125,-24.90234375,0.0,-16.11328125
120.26953125,-50.29296875,-18.06640625,-0.9765625,-52.24609375
120.2734375,-50.29296875,-21.484375,1.953125,-35.64453125
120.27734375,-41.015625,-26.85546875,7.32421875,-30.76171875
120.28125,-59.5703125,-22.4609375,1.953125,-39.55078125
120.28515625,-62.5,-26.3671875,1.953125,-41.50390625
120.2890625,-45.8984375,-31.73828125,-17.08984375,-39.0625
120.29296875,-41.9921875,-19.04296875,-54.19921875,-36.1328125
120.296875,-34.66796875,-19.04296875,-55.17578125,31.25
120.30078125,-26.85546875,-27.83203125,-25.390625,-12.6953125
120.3046875,-41.015625,-29.296875,-10.25390625,-108.88671875
120.30859375,-39.0625,-17.08984375,-12.20703125,-18.06640625
120.3125,-29.296875,-4.8828125,-4.39453125,27.34375
120.31640625,-31.25,-14.6484375,0.0,-68.359375
120.3203125,-30.2734375,-25.87890625,-11.23046875,-66.89453125
120.32421875,-23.4375,-26.3671875,-12.6953125,-47.36328125
120.328125,-16.11328125,-10.7421875,-13.671875,-28.80859375
120.33203125,-35.64453125,-13.671875,-28.3203125,-9.765625
120.3359375,-39.0625,-29.78515625,-29.296875,-39.55078125
120.33984375,-44.43359375,-27.34375,-15.13671875,-20.01953125
120.34375,-51.7578125,-25.390625,-4.39453125,-8.30078125
120.34765625,-40.0390625,-24.4140625,0.48828125,-37.109375
120.3515625,-65.4296875,-23.4375,1.46484375,-63.96484375
120.35546875,-69.82421875,-20.99609375,-10.25390625,-49.8046875
120.359375,-42.96875,-11.23046875,-12.6953125,-21.97265625
120.36328125,-32.2265625,-6.34765625,-18.06640625,52.734375
120.3671875,-61.03515625,-17.08984375,-16.11328125,-11.23046875
120.37109375,-75.1953125,-28.3203125,-11.23046875,-147.4609375
120.375,-86.9140625,-23.4375,-15.13671875,-148.92578125
120.37890625,-90.33203125,-19.04296875,-16.11328125,-90.8203125
120.3828125,-68.359375,-29.296875,-1.46484375,-53.22265625
120.38671875,-107.421875,-28.80859375,4.8828125,-110.3515625
120.390625,-110.83984375,-19.04296875,-1.46484375,-114.2578125
120.39453125,-121.58203125,-27.34375,4.39453125,-120.60546875
120.3984375,-151.3671875,-45.8984375,-1.46484375,-136.71875
120.40234375,-162.59765625,-42.96875,-6.34765625,-118.65234375
120.40625,-170.8984375,-34.66796875,-2.9296875,-150.390625
120.41015625,-165.0390625,-55.17578125,2.9296875,-131.34765625
120.4140625,-187.5,-66.40625,-4.39453125,-144.04296875
120.41796875,-163.0859375,-47.36328125,-5.37109375,-187.01171875
120.421875,-154.78515625,-32.2265625,16.11328125,-169.43359375
120.42578125,-155.76171875,-23.4375,19.04296875,-154.296875
120.4296875,-132.32421875,-23.92578125,17.08984375,-129.39453125
120.43359375,-128.90625,-36.62109375,15.625,-129.39453125
120.4375,-102.05078125,-28.80859375,-10.7421875,-108.3984375
120.44140625,-103.02734375,-19.53125,-21.97265625,-60.546875
120.4453125,-116.69921875,-44.43359375,4.8828125,-74.70703125
120.44921875,-115.72265625,-51.7578125,21.484375,-98.14453125
120.453125,-83.49609375,-32.71484375,14.6484375,-40.0390625
120.45703125,-68.359375,-21.97265625,9.27734375,-35.15625
120.4609375,-67.87109375,-25.87890625,5.37109375,-102.05078125
120.46484375,-61.03515625,-28.80859375,13.18359375,-80.078125
120.46875,-29.78515625,-26.3671875,6.8359375,-47.8515625
120.47265625,2.9296875,-18.5546875,-21.97265625,-23.4375
120.4765625,7.32421875,-20.01953125,-21.484375,-14.16015625
120.48046875,6.34765625,-34.1796875,-6.8359375,-30.2734375
120.484375,-2.44140625,-33.69140625,-6.8359375,-23.4375
120.48828125,-12.20703125,-31.25,-19.04296875,-18.06640625
120.4921875,3.41796875,-34.1796875,-17.578125,-43.9453125
120.49609375,-1.46484375,-31.25,-11.23046875,-22.94921875
120.5,-26.3671875,-33.203125,-30.76171875,2.44140625
120.50390625,-14.6484375,-35.64453125,-23.92578125,2.9296875
120.5078125,27.34375,-28.80859375,1.46484375,3.41796875
120.51171875,19.53125,-24.90234375,-19.53125,-34.1796875
120.515625,-14.16015625,-22.94921875,-40.52734375,-40.0390625
120.51953125,-23.4375,-18.06640625,-14.6484375,-19.04296875
120.5234375,-11.23046875,-21.97265625,-3.90625,-32.2265625
120.52734375,1.46484375,-28.80859375,-14.16015625,-63.96484375
120.53125,18.06640625,-21.97265625,-19.53125,-15.13671875
120.53515625,42.96875,-4.39453125,-26.3671875,2.9296875
120.5390625,29.296875,-15.625,-18.5546875,4.8828125
120.54296875,24.90234375,-37.59765625,0.0,4.8828125
120.546875,21.97265625,-29.296875,14.6484375,-17.578125
120.55078125,-2.44140625,-21.97265625,16.11328125,-20.01953125
120.5546875,14.6484375,-16.6015625,-7.32421875,-23.92578125
120.55859375,-0.48828125,-9.765625,-34.66796875,-3.41796875
120.5625,-27.34375,-20.5078125,-20.01953125,20.01953125
120.56640625,12.6953125,-18.5546875,1.46484375,-2.9296875
120.5703125,32.71484375,-15.13671875,-1.953125,16.11328125
120.57421875,45.8984375,-26.3671875,-7.32421875,20.01953125
120.578125,44.43359375,-24.90234375,-11.23046875,-22.94921875
120.58203125,-6.8359375,-16.6015625,-15.13671875,-25.87890625
120.5859375,-28.80859375,-10.7421875,-22.94921875,-5.859375
120.58984375,-11.23046875,-6.34765625,-23.4375,-16.11328125
120.59375,17.08984375,-12.20703125,-27.83203125,-15.625
120.59765625,28.3203125,-12.6953125,-26.3671875,11.23046875
120.6015625,20.01953125,-9.27734375,-7.8125,-15.13671875
120.60546875,-2.9296875,-11.23046875,0.9765625,-38.0859375
120.609375,-14.6484375,-10.25390625,3.90625,7.8125
120.61328125,6.34765625,-5.859375,-1.953125,3.41796875
120.6171875,-4.8828125,-12.20703125,-12.6953125,0.9765625
120.62109375,-7.8125,-15.13671875,-22.4609375,-30.2734375
120.625,10.7421875,-11.23046875,-27.83203125,-55.6640625
120.62890625,21.484375,-27.83203125,-12.6953125,-13.671875
120.6328125,23.4375,-32.2265625,2.9296875,0.48828125
120.63671875,22.4609375,-5.859375,-11.71875,-20.01953125
120.640625,31.25,2.9296875,-42.96875,-12.20703125
120.64453125,27.34375,-4.39453125,-30.76171875,18.06640625
120.6484375,-0.48828125,-17.08984375,11.23046875,-24.4140625
120.65234375,-5.37109375,-28.3203125,23.4375,-60.05859375
120.65625,1.46484375,-25.87890625,20.5078125,-27.34375
120.66015625,-3.90625,-13.18359375,14.6484375,-20.01953125
120.6640625,-23.4375,-6.34765625,-16.11328125,-23.92578125
120.66796875,-22.94921875,-4.39453125,-34.1796875,-46.38671875
120.671875,-2.44140625,-3.41796875,-5.859375,-40.52734375
120.67578125,-19.04296875,-9.765625,8.30078125,-21.484375
120.6796875,-30.76171875,-23.4375,6.34765625,-41.50390625
120.68359375,3.90625,-41.9921875,14.6484375,-55.17578125
120.6875,11.23046875,-29.296875,7.32421875,-36.1328125
120.69140625,-14.16015625,-13.671875,-14.6484375,-35.15625
120.6953125,-35.64453125,-15.625,-30.76171875,-54.6875
120.69921875,-43.45703125,-22.94921875,-15.625,-88.37890625
120.703125,-75.1953125,-24.4140625,8.30078125,-99.12109375
120.70703125,-102.05078125,-25.87890625,2.44140625,-104.00390625
120.7109375,-74.70703125,-31.25,-8.7890625,-113.76953125
120.71484375,-87.890625,-32.71484375,-2.44140625,-98.14453125
120.71875,-142.578125,-43.9453125,1.46484375,-136.23046875
120.72265625,-158.69140625,-32.71484375,-9.27734375,-194.82421875
120.7265625,-180.6640625,-24.90234375,-25.87890625,-205.078125
120.73046875,-204.1015625,-38.0859375,-21.97265625,-206.0546875
120.734375,-186.03515625,-45.8984375,-19.04296875,-192.3828125
120.73828125,-163.57421875,-42.48046875,-12.6953125,-189.453125
120.7421875,-139.6484375,-39.0625,-5.859375,-180.6640625
120.74609375,-80.56640625,-44.43359375,-28.80859375,-124.51171875
120.75,-96.19140625,-42.96875,-52.734375,-136.23046875
120.75390625,-136.23046875,-17.08984375,-20.01953125,-146.484375
120.7578125,-133.7890625,-3.41796875,13.671875,-140.13671875
120.76171875,-143.5546875,-12.6953125,13.671875,-151.85546875
120.765625,-85.44921875,-18.06640625,7.32421875,-152.83203125
120.76953125,-29.78515625,-19.04296875,0.0,-87.40234375
120.7734375,-55.17578125,-22.4609375,-0.48828125,-86.42578125
120.77734375,-37.109375,-29.78515625,-3.41796875,-92.28515625
120.78125,-15.13671875,-30.2734375,-10.25390625,-36.1328125
120.78515625,-26.85546875,-26.85546875,-10.7421875,-28.3203125
120.7890625,-10.7421875,-30.76171875,-8.7890625,-18.5546875
120.79296875,20.99609375,-33.69140625,-3.90625,45.8984375
120.796875,52.734375,-24.4140625,-12.6953125,8.7890625
120.80078125,30.2734375,-19.04296875,-21.97265625,-46.38671875
120.8046875,13.18359375,-21.484375,-8.7890625,-17.578125
120.80859375,17.08984375,-28.3203125,-0.9765625,12.6953125
120.8125,34.66796875,-39.55078125,-12.6953125,37.59765625
120.81640625,39.55078125,-31.73828125,-24.90234375,27.83203125
120.8203125,12.20703125,-14.16015625,-19.53125,17.578125
120.82421875,24.90234375,-11.71875,-19.53125,44.921875
120.828125,18.5546875,-20.01953125,-22.94921875,16.6015625
120.83203125,27.34375,-18.5546875,-21.97265625,-9.27734375
120.8359375,74.70703125,-15.13671875,-25.87890625,40.0390625
120.83984375,59.08203125,-20.5078125,-22.94921875,41.50390625
120.84375,39.0625,-15.13671875,-17.578125,-16.6015625
120.84765625,31.73828125,-12.20703125,-11.23046875,-18.06640625
120.8515625,35.64453125,-24.90234375,-11.23046875,-0.9765625
120.85546875,48.33984375,-22.94921875,-21.97265625,10.7421875
120.859375,58.59375,-9.765625,-41.9921875,30.76171875
120.86328125,41.50390625,-21.97265625,-33.203125,49.31640625
120.8671875,19.53125,-25.87890625,-13.18359375,24.4140625
120.87109375,10.25390625,-17.08984375,-12.20703125,5.859375
120.875,27.83203125,-15.625,-17.578125,47.8515625
120.87890625,32.2265625,-11.71875,-18.5546875,53.22265625
120.8828125,26.3671875,-11.71875,-19.53125,15.625
120.88671875,32.71484375,-14.16015625,-15.625,-3.90625
120.890625,33.203125,-20.01953125,-14.6484375,-2.44140625
120.89453125,47.36328125,-22.4609375,-31.73828125,5.859375
120.8984375,48.828125,-20.01953125,-35.64453125,-0.48828125
120.90234375,55.17578125,-19.53125,-11.23046875,9.27734375
120.90625,55.17578125,-13.18359375,-4.8828125,44.43359375
120.91015625,37.109375,0.9765625,-18.5546875,29.78515625
120.9140625,31.25,2.9296875,-31.25,37.109375
120.91796875,32.71484375,-8.7890625,-25.390625,17.578125
120.921875,25.390625,-15.625,-11.23046875,-3.41796875
120.92578125,-0.48828125,-13.671875,-9.27734375,23.4375
120.9296875,1.953125,-14.6484375,-20.99609375,12.20703125
120.93359375,-8.30078125,-23.4375,-20.5078125,-6.34765625
120.9375,-2.44140625,-27.83203125,-19.04296875,-32.71484375
120.94140625,20.99609375,-26.3671875,-18.06640625,-21.97265625
120.9453125,19.04296875,-23.4375,-11.71875,8.30078125
120.94921875,3.41796875,-14.16015625,-17.578125,-8.7890625
120.953125,28.80859375,-1.953125,-36.1328125,14.6484375
120.95703125,40.52734375,-0.48828125,-35.15625,64.94140625
120.9609375,24.90234375,-18.5546875,-12.6953125,16.11328125
120.96484375,7.32421875,-21.484375,-8.30078125,-7.32421875
120.96875,27.34375,-6.8359375,-20.5078125,23.4375
120.97265625,19.53125,-9.765625,-9.765625,31.25
120.9765625,-32.71484375,-24.90234375,14.6484375,9.27734375
120.98046875,-19.04296875,-25.87890625,13.18359375,0.9765625
120.984375,-8.7890625,-23.4375,1.46484375,5.37109375
120.98828125,-8.30078125,-28.80859375,-0.48828125,-0.9765625
120.9921875,16.11328125,-35.64453125,4.8828125,28.3203125
120.99609375,17.08984375,-34.66796875,11.23046875,45.41015625
121.0,-10.25390625,-34.66796875,11.23046875,19.04296875
121.00390625,14.16015625,-31.73828125,-9.27734375,45.8984375
121.0078125,61.5234375,-25.87890625,-25.390625,38.0859375
121.01171875,22.4609375,-35.64453125,-11.23046875,-9.765625
121.015625,-8.30078125,-41.50390625,5.859375,10.7421875
121.01953125,10.7421875,-31.73828125,8.7890625,75.1953125
121.0234375,26.3671875,-27.83203125,-6.34765625,65.4296875
121.02734375,0.9765625,-34.1796875,-16.6015625,17.08984375
121.03125,-6.34765625,-33.203125,-8.30078125,33.203125
121.03515625,-9.765625,-35.64453125,-21.97265625,-0.48828125
121.0390625,-12.6953125,-28.80859375,-29.296875,-18.5546875
121.04296875,-5.859375,-14.16015625,-6.34765625,2.9296875
121.046875,-18.5546875,-20.01953125,1.953125,-21.97265625
121.05078125,-6.34765625,-22.4609375,7.32421875,-9.27734375
121.0546875,7.32421875,-29.296875,7.8125,23.92578125
121.05859375,-10.25390625,-36.1328125,-8.30078125,4.39453125
121.0625,15.625,-23.4375,-21.97265625,-2.44140625
121.06640625,30.2734375,-31.73828125,-11.23046875,9.27734375
121.0703125,-13.18359375,-47.36328125,-3.41796875,-14.16015625
121.07421875,-46.38671875,-34.1796875,-11.71875,-9.27734375
121.078125,-23.92578125,-34.1796875,-13.18359375,52.734375
121.08203125,-16.11328125,-40.52734375,-1.46484375,29.78515625
121.0859375,1.46484375,-27.34375,-4.8828125,-38.0859375
121.08984375,10.25390625,-21.97265625,-18.5546875,-16.6015625
121.09375,-23.4375,-28.80859375,-14.6484375,14.16015625
121.09765625,-11.71875,-29.78515625,1.953125,0.48828125
121.1015625,6.8359375,-27.34375,-9.765625,-13.671875
121.10546875,4.39453125,-17.08984375,-20.99609375,8.7890625
121.109375,13.18359375,-12.20703125,-18.06640625,26.3671875
121.11328125,-6.8359375,-24.90234375,-16.11328125,14.6484375
121.1171875,-14.16015625,-39.0625,-9.27734375,9.765625
121.12109375,-7.8125,-41.015625,-11.23046875,30.2734375
121.125,-29.296875,-49.31640625,-10.7421875,-0.9765625
121.12890625,-30.76171875,-35.64453125,-6.8359375,-37.109375
121.1328125,-4.8828125,-14.6484375,-26.3671875,-58.59375
121.13671875,-33.203125,-21.484375,-33.203125,-57.6171875
121.140625,-46.875,-17.08984375,-12.20703125,7.8125
121.14453125,-51.7578125,-14.16015625,-3.41796875,-19.04296875
121.1484375,-53.22265625,-21.484375,4.8828125,-53.22265625
121.15234375,-23.92578125,-23.92578125,-4.8828125,-36.62109375
121.15625,-6.34765625,-19.53125,-25.87890625,-7.8125
121.16015625,-1.953125,-15.13671875,-34.66796875,17.578125
121.1640625,-5.37109375,-20.5078125,-28.3203125,28.3203125
121.16796875,-20.01953125,-19.04296875,-21.97265625,-0.9765625
121.171875,-1.46484375,-13.671875,-22.94921875,-9.27734375
121.17578125,-10.25390625,-26.85546875,-11.71875,-19.53125
121.1796875,-44.43359375,-34.1796875,2.9296875,-49.31640625
121.18359375,-40.0390625,-26.85546875,3.41796875,-39.55078125
121.1875,-42.48046875,-22.4609375,-8.7890625,-20.99609375
121.19140625,-23.92578125,-28.3203125,-5.37109375,-19.53125
121.1953125,-26.3671875,-31.25,-15.13671875,-18.06640625
121.19921875,-42.48046875,-23.4375,-44.921875,-3.41796875
121.203125,-31.73828125,-16.6015625,-41.9921875,-21.484375
121.20703125,-61.03515625,-15.625,-21.484375,-51.26953125
121.2109375,-65.91796875,-20.5078125,-17.08984375,-43.9453125
121.21484375,-39.0625,-20.5078125,-13.18359375,-15.13671875
121.21875,-37.109375,-24.90234375,-14.6484375,22.94921875
121.22265625,-30.76171875,-41.9921875,-24.4140625,12.20703125
121.2265625,2.44140625,-38.57421875,-11.23046875,-13.671875
121.23046875,16.11328125,-17.578125,-9.765625,2.44140625
121.234375,-7.32421875,-11.71875,-41.9921875,-14.6484375
121.23828125,-39.55078125,-17.08984375,-37.109375,-41.50390625
121.2421875,-51.7578125,-11.71875,-17.578125,-64.94140625
121.24609375,-43.45703125,-9.27734375,-27.34375,-79.58984375
121.25,-39.55078125,-11.71875,-38.0859375,-66.89453125
121.25390625,-42.48046875,-14.16015625,-47.36328125,-68.84765625
121.2578125,-57.12890625,-16.6015625,-50.78125,-56.15234375
121.26171875,-47.36328125,-15.13671875,-49.31640625,-58.59375
121.265625,-47.36328125,-17.08984375,-57.6171875,-71.2890625
121.26953125,-55.6640625,-15.13671875,-60.546875,-31.73828125
121.2734375,-45.41015625,-11.23046875,-60.05859375,-33.203125
121.27734375,-41.50390625,-20.99609375,-70.3125,-77.63671875
121.28125,-45.41015625,-27.34375,-64.453125,-17.578125
121.28515625,-34.66796875,-23.4375,-58.10546875,-5.859375
121.2890625,-24.4140625,-24.90234375,-45.41015625,-85.44921875
121.29296875,-41.9921875,-21.97265625,-22.4609375,-91.796875
121.296875,-59.5703125,-23.4375,-27.34375,-49.8046875
121.30078125,-55.6640625,-24.4140625,-42.48046875,-57.12890625
121.3046875,-59.08203125,-13.18359375,-45.41015625,-56.640625
121.30859375,-43.9453125,-11.71875,-43.9453125,-42.48046875
121.3125,-41.9921875,-23.4375,-39.55078125,-39.0625
121.31640625,-33.203125,-18.5546875,-43.9453125,-41.015625
121.3203125,-40.52734375,-11.71875,-45.8984375,-19.53125
121.32421875,-46.38671875,-18.5546875,-32.71484375,-20.5078125
121.328125,-35.15625,-26.3671875,-24.90234375,-38.0859375
121.33203125,-32.71484375,-36.62109375,-20.5078125,-29.78515625
121.3359375,-48.828125,-32.71484375,-24.4140625,-60.546875
121.33984375,-26.85546875,-19.04296875,-35.64453125,-37.59765625
121.34375,-31.25,-20.99609375,-50.78125,-50.29296875
121.34765625,-53.7109375,-24.90234375,-50.78125,-59.08203125
121.3515625,-29.78515625,-22.4609375,-33.69140625,-26.3671875
121.35546875,-29.296875,-22.94921875,-19.04296875,-31.73828125
121.359375,-28.3203125,-22.4609375,-11.23046875,-21.484375
121.36328125,-18.5546875,-14.6484375,-27.83203125,-17.08984375
121.3671875,7.8125,-15.625,-52.734375,-3.90625
121.37109375,2.9296875,-25.87890625,-34.1796875,2.44140625
121.375,-39.0625,-27.83203125,-23.92578125,-13.671875
121.37890625,-39.55078125,-26.85546875,-38.0859375,-58.59375
121.3828125,-28.3203125,-23.4375,-38.57421875,-17.578125
121.38671875,-25.390625,-18.06640625,-28.80859375,33.69140625
121.390625,-35.15625,-21.97265625,-34.1796875,-47.8515625
121.39453125,-22.94921875,-30.76171875,-35.64453125,-73.2421875
121.3984375,-8.7890625,-20.01953125,-29.78515625,-41.9921875
121.40234375,-15.13671875,-5.37109375,-23.4375,-48.33984375
121.40625,-24.4140625,-4.39453125,-20.5078125,-43.9453125
121.41015625,-34.66796875,-20.5078125,-26.3671875,-21.484375
121.4140625,-25.390625,-24.90234375,-37.109375,-19.53125
121.41796875,-18.06640625,-20.01953125,-38.57421875,-22.4609375
121.421875,-34.66796875,-21.484375,-23.92578125,-29.296875
121.42578125,-58.59375,-20.5078125,-22.4609375,-17.08984375
121.4296875,-51.7578125,-20.5078125,-16.11328125,-22.94921875
121.43359375,-30.76171875,-20.01953125,-13.18359375,-44.921875
121.4375,-2.9296875,-21.97265625,-12.20703125,-23.4375
121.44140625,2.44140625,-13.671875,-20.99609375,-33.203125
121.4453125,-39.0625,-19.53125,-33.69140625,-52.734375
121.44921875,-41.9921875,-27.34375,-14.16015625,-56.15234375
121.453125,-31.25,-22.94921875,-11.23046875,-32.2265625
121.45703125,-30.2734375,-24.4140625,-22.94921875,-18.06640625
121.4609375,-35.15625,-21.97265625,-14.6484375,-19.53125
121.46484375,-30.2734375,-20.01953125,-3.90625,-15.625
121.46875,-11.23046875,-25.390625,0.48828125,1.953125
121.47265625,-15.13671875,-28.80859375,-15.13671875,10.7421875
121.4765625,-22.4609375,-22.94921875,-22.4609375,-19.04296875
121.48046875,-32.71484375,-15.13671875,-8.7890625,-50.78125
121.484375,-41.015625,-20.5078125,-5.859375,-20.01953125
121.48828125,-20.5078125,-16.6015625,-3.41796875,-3.90625
121.4921875,-29.296875,-11.71875,-9.765625,-10.7421875
121.49609375,-41.9921875,-29.78515625,-11.71875,-9.27734375
121.5,-43.45703125,-41.50390625,4.8828125,-48.828125
121.50390625,-30.76171875,-39.55078125,1.46484375,-60.05859375
121.5078125,-7.8125,-27.34375,-3.90625,-39.55078125
121.51171875,-22.94921875,-19.04296875,3.90625,-51.7578125
121.515625,-28.3203125,-23.92578125,1.46484375,-30.2734375
121.51953125,-19.53125,-25.390625,-3.41796875,-16.6015625
121.5234375,-17.08984375,-26.85546875,-0.9765625,3.41796875
121.52734375,-21.484375,-31.73828125,-4.8828125,18.5546875
121.53125,-12.6953125,-30.76171875,-33.69140625,-10.7421875
121.53515625,-3.90625,-22.94921875,-25.390625,-8.7890625
121.5390625,-3.41796875,-23.92578125,0.9765625,-5.859375
121.54296875,-24.4140625,-27.83203125,1.953125,-17.578125
121.546875,-41.015625,-28.3203125,5.37109375,-21.97265625
121.55078125,-49.8046875,-34.66796875,-7.32421875,-16.11328125
121.5546875,-42.48046875,-26.3671875,-7.8125,-40.0390625
121.55859375,-27.83203125,-31.73828125,-3.90625,-33.203125
121.5625,-28.80859375,-35.64453125,-13.671875,-24.4140625
121.56640625,-39.55078125,-27.34375,-20.01953125,-55.6640625
121.5703125,-55.6640625,-27.83203125,-28.80859375,-46.38671875
121.57421875,-59.08203125,-31.25,-24.4140625,-27.34375
121.578125,-59.5703125,-36.62109375,-16.11328125,-41.50390625
121.58203125,-16.6015625,-37.109375,-10.25390625,-33.69140625
121.5859375,7.32421875,-25.390625,-21.97265625,-48.828125
121.58984375,-32.2265625,-23.4375,-34.66796875,-44.43359375
121.59375,-33.69140625,-26.3671875,-27.83203125,12.6953125
121.59765625,-13.18359375,-20.01953125,-25.390625,-12.6953125
121.6015625,-41.015625,-24.4140625,-26.3671875,-37.109375
121.60546875,-46.875,-40.0390625,-16.6015625,-40.52734375
121.609375,-36.1328125,-35.15625,-7.8125,-61.03515625
121.61328125,-35.64453125,-28.3203125,-16.11328125,-38.0859375
121.6171875,-23.4375,-31.25,-27.83203125,-18.06640625
121.62109375,-9.765625,-31.73828125,-48.33984375,-29.296875
121.625,-23.92578125,-32.71484375,-45.8984375,-32.71484375
121.62890625,-27.34375,-28.3203125,-29.78515625,-22.94921875
121.6328125,-11.23046875,-15.625,-37.59765625,-17.08984375
121.63671875,12.20703125,-13.671875,-28.3203125,7.8125
121.640625,-4.8828125,-26.85546875,-5.859375,-11.23046875
121.64453125,-21.97265625,-32.2265625,-0.48828125,-54.6875
121.6484375,-18.5546875,-28.3203125,-6.8359375,-27.83203125
121.65234375,-19.04296875,-32.2265625,-24.90234375,-18.06640625
121.65625,-13.671875,-40.0390625,-25.390625,0.9765625
121.66015625,-9.27734375,-43.9453125,-11.71875,1.953125
121.6640625,1.953125,-30.2734375,-19.04296875,-28.80859375
121.66796875,-23.92578125,-20.99609375,-31.25,-24.90234375
121.671875,-47.36328125,-31.25,-12.20703125,-1.953125
121.67578125,-41.50390625,-30.2734375,1.953125,-14.16015625
121.6796875,-69.82421875,-25.87890625,-11.23046875,-44.921875
121.68359375,-36.62109375,-30.2734375,-11.71875,-32.71484375
121.6875,8.7890625,-29.296875,-3.90625,-28.3203125
121.69140625,-6.34765625,-28.80859375,0.0,-45.41015625
121.6953125,-9.765625,-34.1796875,-2.9296875,-29.78515625
121.69921875,-18.5546875,-37.59765625,-4.8828125,-28.3203125
121.703125,-25.87890625,-35.64453125,-3.90625,-5.37109375
121.70703125,-27.34375,-33.203125,-14.6484375,33.69140625
121.7109375,-30.76171875,-27.83203125,-20.01953125,-29.296875
121.71484375,-19.53125,-26.85546875,-2.9296875,-55.17578125
121.71875,-8.30078125,-20.5078125,6.34765625,-14.16015625
121.72265625,5.859375,-6.34765625,-9.27734375,-11.23046875
121.7265625,5.859375,-16.6015625,-19.53125,-21.97265625
121.73046875,-35.64453125,-36.62109375,-6.8359375,-41.9921875
121.734375,-41.9921875,-33.69140625,-1.953125,-42.96875
121.73828125,-13.18359375,-25.87890625,-7.8125,-27.34375
121.7421875,-36.62109375,-23.92578125,-6.8359375,-36.62109375
121.74609375,-57.6171875,-26.3671875,-2.9296875,-26.85546875
121.75,-25.87890625,-31.25,6.34765625,-32.71484375
121.75390625,-5.37109375,-27.83203125,6.8359375,-44.921875
121.7578125,-21.484375,-22.4609375,-8.7890625,-51.7578125
121.76171875,-58.59375,-20.5078125,-15.625,-67.3828125
121.765625,-83.0078125,-17.08984375,-23.92578125,-50.78125
121.76953125,-73.2421875,-13.671875,-41.9921875,-98.6328125
121.7734375,-86.9140625,-13.671875,-55.17578125,-137.20703125
121.77734375,-94.7265625,-10.25390625,-59.5703125,-136.23046875
121.78125,-102.05078125,-4.39453125,-48.33984375,-153.80859375
121.78515625,-118.65234375,0.48828125,-35.64453125,-151.3671875
121.7890625,-106.93359375,-12.6953125,-44.43359375,-113.28125
121.79296875,-79.1015625,-21.484375,-52.24609375,-110.83984375
121.796875,-72.265625,-11.71875,-47.8515625,-130.37109375
121.80078125,-72.75390625,2.9296875,-55.17578125,-103.02734375
121.8046875,-59.5703125,5.37109375,-59.08203125,-86.42578125
121.80859375,-24.90234375,11.23046875,-50.78125,-78.61328125
121.8125,-20.01953125,21.484375,-43.45703125,-49.31640625
121.81640625,-36.62109375,16.11328125,-44.921875,-36.62109375
121.8203125,-25.390625,7.8125,-49.8046875,-29.296875
121.82421875,-36.62109375,-2.9296875,-35.15625,-44.43359375
121.828125,-62.98828125,-1.46484375,-6.8359375,-19.04296875
121.83203125,-56.640625,1.953125,0.9765625,20.01953125
121.8359375,-41.9921875,-6.8359375,-30.2734375,-39.55078125
121.83984375,-21.97265625,-10.7421875,-36.1328125,-41.9921875
121.84375,-9.765625,-12.6953125,-21.484375,-21.97265625
121.84765625,-16.11328125,-13.671875,-18.5546875,-30.76171875
121.8515625,-7.32421875,-1.953125,-26.85546875,1.46484375
121.85546875,-15.13671875,-3.90625,-36.1328125,-9.27734375
121.859375,-23.4375,-25.390625,-26.3671875,-49.31640625
121.86328125,-21.484375,-33.203125,-14.6484375,-29.296875
121.8671875,-14.6484375,-27.34375,-17.08984375,-14.6484375
121.87109375,-5.859375,-21.484375,-22.94921875,-21.97265625
121.875,-13.18359375,-21.97265625,-26.85546875,-23.92578125
121.87890625,-11.23046875,-20.01953125,-27.34375,-19.53125
121.8828125,-11.71875,-21.97265625,-29.78515625,5.859375
121.88671875,-2.44140625,-25.390625,-33.69140625,12.20703125
121.890625,1.46484375,-17.08984375,-40.0390625,9.27734375
121.89453125,-17.08984375,-17.08984375,-35.64453125,23.4375
121.8984375,-5.37109375,-23.4375,-29.296875,1.46484375
121.90234375,-6.8359375,-12.20703125,-40.0390625,-21.97265625
121.90625,-10.25390625,-10.7421875,-31.25,-7.8125
121.91015625,-13.671875,-22.4609375,-12.20703125,-1.953125
121.9140625,-16.6015625,-24.4140625,-6.8359375,-20.5078125
121.91796875,-3.90625,-24.90234375,-11.71875,-9.27734375
121.921875,-10.7421875,-27.83203125,-18.5546875,14.6484375
121.92578125,-9.765625,-25.87890625,-20.01953125,-14.16015625
121.9296875,26.85546875,-27.83203125,-13.671875,-10.25390625
121.93359375,27.83203125,-26.85546875,-7.32421875,10.7421875
121.9375,-6.8359375,-20.99609375,-15.13671875,-1.46484375
121.94140625,-29.296875,-29.296875,-24.4140625,8.7890625
121.9453125,-16.6015625,-28.80859375,-30.2734375,23.92578125
121.94921875,15.625,-11.23046875,-39.55078125,26.85546875
121.953125,5.37109375,-12.20703125,-38.0859375,9.27734375
121.95703125,-24.4140625,-19.04296875,-20.01953125,0.48828125
121.9609375,-56.15234375,-20.01953125,-1.953125,-30.2734375
121.96484375,-39.55078125,-24.4140625,3.41796875,-27.83203125
121.96875,-2.9296875,-27.83203125,-7.32421875,-3.90625
121.97265625,-17.578125,-32.2265625,-21.484375,-20.99609375
121.9765625,-35.15625,-28.3203125,-24.90234375,-10.25390625
121.98046875,-45.8984375,-23.4375,-19.04296875,-5.859375
121.984375,-23.92578125,-27.34375,-17.578125,-31.25
121.98828125,-17.08984375,-29.78515625,-19.53125,-20.5078125
121.9921875,-21.97265625,-30.2734375,-27.83203125,-25.87890625
121.99609375,-20.01953125,-29.296875,-48.33984375,-19.53125
122.0,-21.484375,-25.87890625,-26.85546875,4.39453125
122.00390625,-22.4609375,-21.484375,-8.7890625,-7.32421875
122.0078125,-42.48046875,-21.484375,-11.71875,-25.87890625
122.01171875,-48.828125,-24.4140625,-19.04296875,-29.78515625
122.015625,-41.9921875,-21.484375,-33.69140625,-7.8125
122.01953125,-40.0390625,-28.80859375,-32.71484375,-39.55078125
122.0234375,-37.59765625,-37.109375,-23.92578125,-46.875
122.02734375,-47.8515625,-31.73828125,-33.69140625,-8.7890625
122.03125,-39.55078125,-24.4140625,-42.48046875,-12.20703125
122.03515625,-27.83203125,-26.85546875,-34.1796875,-34.1796875
122.0390625,-26.3671875,-32.2265625,-26.3671875,-36.62109375
122.04296875,-36.62109375,-23.4375,-20.99609375,-29.296875
122.046875,-46.875,-18.5546875,-21.484375,-34.1796875
122.05078125,-30.76171875,-17.08984375,-24.4140625,-25.87890625
122.0546875,-23.4375,-20.01953125,-31.73828125,-28.80859375
122.05859375,-38.0859375,-20.5078125,-23.4375,-27.83203125
122.0625,-40.0390625,-21.97265625,-13.671875,-29.78515625
122.06640625,-51.7578125,-27.83203125,-17.578125,-51.26953125
122.0703125,-61.03515625,-24.90234375,-26.3671875,-55.17578125
122.07421875,-58.59375,-23.4375,-33.69140625,-69.3359375
122.078125,-89.84375,-32.71484375,-26.85546875,-74.21875
122.08203125,-96.19140625,-39.55078125,-18.5546875,-79.1015625
122.0859375,-85.44921875,-34.1796875,-12.6953125,-78.61328125
122.08984375,-89.84375,-25.390625,-11.23046875,-91.796875
122.09375,-92.7734375,-26.85546875,-16.6015625,-92.7734375
122.09765625,-96.6796875,-24.4140625,-16.11328125,-64.453125
122.1015625,-95.703125,-19.04296875,-24.90234375,-80.56640625
122.10546875,-146.484375,-33.69140625,-24.90234375,-115.72265625
122.109375,-171.38671875,-45.8984375,-3.90625,-150.390625
122.11328125,-163.0859375,-42.96875,2.9296875,-140.625
122.1171875,-169.921875,-35.64453125,-6.8359375,-155.2734375
122.12109375,-165.52734375,-27.83203125,-1.46484375,-161.62109375
122.125,-156.25,-39.55078125,16.6015625,-145.5078125
122.12890625,-142.08984375,-44.43359375,14.6484375,-128.90625
122.1328125,-167.96875,-41.9921875,7.8125,-104.4921875
122.13671875,-164.55078125,-42.48046875,19.04296875,-97.65625
122.140625,-115.72265625,-44.921875,18.06640625,-88.37890625
122.14453125,-117.1875,-59.08203125,-3.90625,-60.05859375
122.1484375,-123.046875,-57.12890625,-5.37109375,-67.87109375
122.15234375,-118.65234375,-41.015625,21.484375,-69.82421875
122.15625,-78.125,-41.9921875,35.64453125,-35.64453125
122.16015625,-57.6171875,-45.41015625,35.64453125,9.27734375
122.1640625,-49.8046875,-39.0625,12.6953125,4.8828125
122.16796875,-50.29296875,-34.1796875,8.30078125,-65.91796875
122.171875,-35.15625,-30.76171875,33.69140625,-32.71484375
122.17578125,-16.11328125,-39.55078125,28.3203125,13.671875
122.1796875,-28.80859375,-45.8984375,6.34765625,-26.3671875
122.18359375,-22.94921875,-42.48046875,-2.9296875,-36.1328125
122.1875,-26.85546875,-36.62109375,-10.25390625,-13.671875
122.19140625,-39.55078125,-29.296875,-13.671875,5.37109375
122.1953125,-12.6953125,-23.4375,-14.16015625,67.3828125
122.19921875,2.44140625,-26.3671875,-26.3671875,30.76171875
122.203125,-14.16015625,-28.3203125,-23.4375,-2.9296875
122.20703125,-16.11328125,-28.3203125,-10.25390625,35.15625
122.2109375,5.859375,-26.85546875,-12.20703125,52.24609375
122.21484375,1.46484375,-22.94921875,-16.6015625,-9.27734375
122.21875,-3.41796875,-29.296875,-21.484375,-12.20703125
122.22265625,11.71875,-27.83203125,-28.80859375,28.3203125
122.2265625,11.23046875,-23.4375,-32.71484375,26.85546875
122.23046875,14.6484375,-21.484375,-50.29296875,50.29296875
122.234375,7.8125,-17.08984375,-47.8515625,37.59765625
122.23828125,14.16015625,-18.06640625,-17.578125,25.87890625
122.2421875,16.11328125,-24.90234375,-5.37109375,25.390625
122.24609375,17.08984375,-25.390625,-9.27734375,43.45703125
122.25,17.578125,-23.92578125,-20.01953125,28.80859375
122.25390625,12.20703125,-21.97265625,-27.34375,36.1328125
122.2578125,16.6015625,-17.08984375,-33.203125,57.6171875
122.26171875,28.3203125,-18.5546875,-30.2734375,42.96875
122.265625,16.11328125,-22.4609375,-21.97265625,32.2265625
122.26953125,16.11328125,-16.6015625,-24.90234375,1.953125
122.2734375,27.83203125,-13.671875,-37.59765625,-7.32421875
122.27734375,17.578125,-15.13671875,-52.734375,19.04296875
122.28125,23.92578125,-12.20703125,-41.50390625,40.0390625
122.28515625,11.71875,-12.20703125,-23.92578125,21.484375
122.2890625,2.44140625,-10.7421875,-26.85546875,53.22265625
122.29296875,10.25390625,-18.06640625,-36.1328125,42.48046875
122.296875,0.0,-29.296875,-28.80859375,12.20703125
122.30078125,-11.23046875,-29.296875,-16.6015625,2.44140625
122.3046875,4.39453125,-17.08984375,-19.04296875,-12.6953125
122.30859375,-3.90625,-9.27734375,-31.25,24.90234375
122.3125,-9.27734375,-13.671875,-32.2265625,46.875
122.31640625,-3.90625,-18.06640625,-26.85546875,-14.6484375
122.3203125,-6.34765625,-18.06640625,-30.76171875,-23.4375
122.32421875,-17.08984375,-24.4140625,-32.71484375,-6.34765625
122.328125,-26.85546875,-30.2734375,-26.3671875,-4.39453125
122.33203125,-13.18359375,-31.25,-26.85546875,6.8359375
122.3359375,-12.20703125,-29.296875,-35.15625,6.8359375
122.33984375,-14.16015625,-28.80859375,-31.73828125,8.7890625
122.34375,-13.671875,-27.34375,-25.390625,-20.99609375
122.34765625,3.41796875,-30.76171875,-41.9921875,-34.66796875
122.3515625,2.9296875,-36.62109375,-46.38671875,-27.83203125
122.35546875,-22.94921875,-17.578125,-29.78515625,-12.6953125
122.359375,-4.39453125,5.859375,-38.0859375,23.92578125
122.36328125,0.48828125,4.8828125,-35.64453125,-4.8828125
122.3671875,-7.8125,-5.37109375,-18.5546875,-33.203125
122.37109375,-4.39453125,-9.27734375,-18.5546875,-20.99609375
122.375,-22.4609375,-29.78515625,-23.92578125,-25.390625
122.37890625,-15.625,-41.50390625,-20.01953125,-37.59765625
122.3828125,-12.20703125,-22.4609375,-41.015625,-35.15625
122.38671875,-34.1796875,-4.39453125,-61.5234375,-46.38671875
122.390625,-33.203125,-5.37109375,-40.0390625,-27.34375
122.39453125,-41.015625,-20.5078125,-22.4609375,-28.3203125
122.3984375,-34.66796875,-25.87890625,-20.99609375,-28.80859375
122.40234375,-10.25390625,-22.94921875,-20.99609375,-23.92578125
122.40625,-8.7890625,-20.5078125,-31.25,-28.80859375
122.41015625,-9.27734375,-20.01953125,-35.15625,-26.85546875
122.4140625,-21.97265625,-21.484375,-36.62109375,-22.94921875
122.41796875,-23.4375,-14.16015625,-36.62109375,-8.7890625
122.421875,-20.5078125,-9.765625,-34.66796875,-8.30078125
122.42578125,-34.66796875,-9.27734375,-38.0859375,-17.08984375
122.4296875,-24.90234375,-4.8828125,-58.59375,-5.37109375
122.43359375,-9.27734375,-16.11328125,-59.08203125,-5.859375
122.4375,-18.5546875,-35.64453125,-33.69140625,-24.90234375
122.44140625,-35.15625,-29.296875,-27.83203125,-60.546875
122.4453125,-42.96875,-21.484375,-27.83203125,-46.38671875
122.44921875,-50.29296875,-23.4375,-17.578125,-21.97265625
122.453125,-28.80859375,-15.625,-15.13671875,-51.26953125
122.45703125,-1.46484375,-13.671875,-21.484375,-71.2890625
122.4609375,-3.41796875,-5.859375,-40.0390625,-50.78125
122.46484375,-15.13671875,-0.48828125,-51.26953125,-31.73828125
122.46875,-37.109375,-9.27734375,-38.57421875,-31.73828125
122.47265625,-53.22265625,-17.578125,-21.97265625,-41.50390625
122.4765625,-48.828125,-16.11328125,-19.53125,-42.96875
122.48046875,-31.73828125,-16.11328125,-27.83203125,-21.97265625
122.484375,-46.875,-29.296875,-28.3203125,-45.8984375
122.48828125,-78.61328125,-35.64453125,-24.4140625,-84.47265625
122.4921875,-57.12890625,-36.62109375,-21.484375,-35.64453125
122.49609375,-44.921875,-37.59765625,-22.4609375,-14.16015625
122.5,-44.921875,-31.25,-24.4140625,-41.015625
122.50390625,-34.1796875,-26.85546875,-27.34375,-59.5703125
122.5078125,-32.2265625,-25.390625,-33.69140625,-38.0859375
122.51171875,-43.45703125,-27.83203125,-38.57421875,-34.1796875
122.515625,-49.31640625,-31.25,-40.0390625,-62.01171875
122.51953125,-59.5703125,-32.2265625,-45.41015625,-35.15625
122.5234375,-45.8984375,-33.203125,-68.84765625,-5.859375
122.52734375,-35.15625,-35.15625,-59.5703125,-47.36328125
122.53125,-50.78125,-33.203125,-35.64453125,-34.66796875
122.53515625,-49.8046875,-20.5078125,-40.0390625,-20.5078125
122.5390625,-39.0625,-18.06640625,-32.71484375,-58.10546875
122.54296875,-38.0859375,-32.2265625,-18.06640625,-27.34375
122.546875,-46.875,-33.203125,-23.92578125,-10.25390625
122.55078125,-41.9921875,-18.06640625,-22.4609375,-32.71484375
122.5546875,-44.921875,-21.97265625,-17.08984375,-70.3125
122.55859375,-65.91796875,-21.484375,-16.11328125,-68.359375
122.5625,-41.50390625,-12.6953125,-13.671875,-22.4609375
122.56640625,-12.6953125,-13.671875,-23.92578125,-27.34375
122.5703125,-37.59765625,-13.18359375,-24.90234375,-44.43359375
122.57421875,-31.73828125,-20.01953125,-20.99609375,-48.33984375
122.578125,-27.34375,-19.53125,-33.203125,-36.1328125
122.58203125,-46.875,-11.23046875,-30.2734375,-20.01953125
122.5859375,-43.45703125,-12.6953125,-28.3203125,-15.13671875
122.58984375,-28.3203125,-10.25390625,-44.43359375,-29.78515625
122.59375,-23.92578125,-13.18359375,-31.25,-27.34375
122.59765625,-25.390625,-14.16015625,-13.671875,-4.39453125
122.6015625,-28.80859375,-11.23046875,-8.7890625,-22.4609375
122.60546875,-30.76171875,-15.625,-15.625,-39.55078125
122.609375,-26.3671875,-21.97265625,-19.53125,-25.390625
122.61328125,-21.484375,-20.01953125,-13.671875,-33.203125
122.6171875,-15.625,-18.06640625,-21.97265625,-35.64453125
122.62109375,-26.85546875,-26.3671875,-32.2265625,-13.18359375
122.625,-49.8046875,-23.4375,-23.4375,-16.6015625
122.62890625,-40.52734375,-17.08984375,-22.4609375,-44.43359375
122.6328125,-37.109375,-20.5078125,-28.3203125,-53.7109375
122.63671875,-52.24609375,-21.484375,-20.99609375,-58.10546875
122.640625,-40.52734375,-18.5546875,-26.3671875,-33.69140625
122.64453125,-23.4375,-17.08984375,-20.5078125,-15.13671875
122.6484375,-25.390625,-16.11328125,-14.6484375,-14.6484375
122.65234375,-10.7421875,-13.18359375,-25.390625,-4.39453125
122.65625,-10.7421875,-16.11328125,-9.765625,4.8828125
122.66015625,-26.3671875,-20.01953125,4.39453125,-33.203125
122.6640625,-32.2265625,-22.94921875,0.0,-24.90234375
122.66796875,-29.78515625,-26.85546875,0.0,-12.6953125
122.671875,-28.3203125,-20.5078125,-1.46484375,-23.4375
122.67578125,-29.78515625,-21.484375,-0.48828125,-15.13671875
122.6796875,-32.71484375,-26.3671875,-1.46484375,-34.1796875
122.68359375,-44.43359375,-25.87890625,-8.30078125,-51.7578125
122.6875,-33.203125,-22.4609375,-9.27734375,-25.87890625
122.69140625,-15.13671875,-17.08984375,-11.71875,-20.99609375
122.6953125,-6.34765625,-17.578125,-13.671875,-17.08984375
122.69921875,-22.94921875,-22.94921875,-5.859375,-19.53125
122.703125,-34.66796875,-27.34375,-21.97265625,-18.06640625
122.70703125,-14.6484375,-28.3203125,-34.1796875,5.859375
122.7109375,-1.46484375,-32.2265625,-10.7421875,-7.32421875
122.71484375,-14.16015625,-37.59765625,5.859375,17.08984375
122.71875,-38.57421875,-31.25,-13.671875,-21.484375
122.72265625,-39.0625,-17.08984375,-20.5078125,-45.41015625
122.7265625,-35.15625,-14.16015625,-6.34765625,-23.92578125
122.73046875,-48.828125,-15.625,-10.7421875,-28.80859375
122.734375,-40.52734375,-16.6015625,-13.671875,-19.04296875
122.73828125,-31.73828125,-13.18359375,-5.859375,-27.83203125
122.7421875,-32.2265625,-14.16015625,-1.46484375,-29.78515625
122.74609375,-16.6015625,-18.06640625,-9.765625,-23.4375
122.75,-30.2734375,-18.5546875,-34.66796875,-47.36328125
122.75390625,-36.62109375,-13.671875,-25.390625,-34.66796875
122.7578125,-34.66796875,-19.53125,-8.7890625,-26.85546875
122.76171875,-32.2265625,-26.85546875,-11.71875,-26.3671875
122.765625,-18.5546875,-23.4375,-8.7890625,-21.97265625
122.76953125,-21.484375,-16.6015625,-13.18359375,-26.3671875
122.7734375,-43.9453125,-16.6015625,-22.4609375,-24.90234375
122.77734375,-30.76171875,-20.5078125,-20.99609375,-28.3203125
122.78125,-29.296875,-27.34375,-22.4609375,-16.6015625
122.78515625,-31.25,-28.80859375,-24.4140625,2.44140625
122.7890625,-31.73828125,-21.484375,-22.4609375,-21.97265625
122.79296875,-41.50390625,-18.06640625,-21.484375,-60.05859375
122.796875,-39.55078125,-21.484375,-22.4609375,-71.77734375
122.80078125,-33.203125,-15.625,-29.78515625,-48.828125
122.8046875,-17.578125,-12.20703125,-41.015625,-7.8125
122.80859375,-32.2265625,-23.4375,-25.390625,-38.0859375
122.8125,-62.98828125,-28.3203125,-13.18359375,-65.91796875
122.81640625,-76.66015625,-26.85546875,-17.578125,-55.17578125
122.8203125,-66.89453125,-27.34375,-14.6484375,-27.34375
122.82421875,-55.17578125,-27.34375,-15.13671875,-4.8828125
122.828125,-48.828125,-24.4140625,-22.4609375,-20.5078125
122.83203125,-41.50390625,-18.06640625,-16.6015625,-41.9921875
122.8359375,-39.55078125,-18.06640625,-15.625,-58.10546875
122.83984375,-29.78515625,-22.94921875,-23.92578125,-30.2734375
122.84375,-24.4140625,-21.97265625,-19.53125,-16.11328125
122.84765625,-29.296875,-25.87890625,-19.04296875,-26.85546875
122.8515625,-30.76171875,-22.94921875,-16.6015625,-12.6953125
122.85546875,-41.50390625,-15.625,-8.7890625,-1.46484375
122.859375,-41.50390625,-17.578125,-7.32421875,-16.6015625
122.86328125,-30.2734375,-21.97265625,-15.13671875,-27.83203125
122.8671875,-28.80859375,-20.99609375,-14.16015625,-38.0859375
122.87109375,-28.80859375,-16.6015625,-10.7421875,-16.11328125
122.875,-35.64453125,-14.16015625,-21.97265625,-20.5078125
122.87890625,-24.90234375,-13.18359375,-27.34375,-19.53125
122.8828125,-6.8359375,-11.71875,-24.90234375,-18.06640625
122.88671875,-18.5546875,-13.671875,-20.01953125,-36.1328125
122.890625,-10.25390625,-20.01953125,-21.97265625,-15.13671875
122.89453125,-14.6484375,-18.5546875,-44.921875,-5.859375
122.8984375,-25.390625,-10.7421875,-36.62109375,-2.44140625
122.90234375,-24.90234375,-10.25390625,-16.11328125,-25.87890625
122.90625,-39.0625,-16.11328125,-16.11328125,-23.4375
122.91015625,-40.52734375,-17.578125,-16.11328125,-2.44140625
122.9140625,-24.90234375,-19.53125,-18.5546875,-20.5078125
122.91796875,-21.97265625,-19.53125,-11.23046875,-3.41796875
122.921875,-25.87890625,-21.484375,-15.13671875,-1.953125
122.92578125,-26.85546875,-17.08984375,-23.92578125,-16.11328125
122.9296875,-19.53125,-16.11328125,-26.85546875,-5.37109375
122.93359375,-16.6015625,-26.3671875,-33.69140625,7.8125
122.9375,-15.625,-27.34375,-34.1796875,8.30078125
122.94140625,-13.671875,-25.390625,-32.71484375,8.30078125
122.9453125,2.9296875,-22.94921875,-40.52734375,-1.953125
122.94921875,11.71875,-22.4609375,-66.40625,-11.23046875
122.953125,-15.625,-29.296875,-72.265625,-20.5078125
122.95703125,-26.3671875,-31.25,-39.0625,-38.57421875
122.9609375,-20.99609375,-29.296875,-19.53125,-22.94921875
122.96484375,-14.16015625,-24.4140625,-20.5078125,-7.32421875
122.96875,-5.859375,-21.484375,-29.296875,-19.53125
122.97265625,6.34765625,-20.01953125,-32.71484375,-9.27734375
122.9765625,6.8359375,-23.4375,-35.64453125,9.27734375
122.98046875,-1.46484375,-29.78515625,-37.109375,18.5546875
122.984375,-9.765625,-28.3203125,-33.69140625,-18.06640625
122.98828125,-15.625,-27.34375,-30.76171875,7.32421875
122.9921875,-31.73828125,-34.1796875,-31.73828125,42.96875
122.99609375,-22.94921875,-33.69140625,-28.3203125,8.7890625
123.0,2.9296875,-24.90234375,-38.0859375,-13.18359375
123.00390625,5.37109375,-28.3203125,-48.33984375,-16.11328125
123.0078125,-3.41796875,-25.87890625,-38.0859375,-2.44140625
123.01171875,-23.4375,-20.5078125,-25.87890625,-12.20703125
123.015625,-21.97265625,-20.5078125,-28.3203125,-9.27734375
123.01953125,-11.23046875,-23.4375,-26.85546875,9.765625
123.0234375,-16.6015625,-29.78515625,-26.3671875,18.06640625
123.02734375,-13.18359375,-24.4140625,-24.4140625,14.16015625
123.03125,-9.27734375,-19.53125,-23.92578125,22.4609375
123.03515625,-10.7421875,-24.4140625,-35.15625,21.97265625
123.0390625,3.90625,-22.94921875,-50.29296875,12.20703125
123.04296875,22.4609375,-17.578125,-64.94140625,18.06640625
123.046875,17.08984375,-23.92578125,-49.31640625,24.4140625
123.05078125,1.953125,-27.83203125,-33.69140625,12.20703125
123.0546875,-7.8125,-29.296875,-36.1328125,2.9296875
123.05859375,-3.41796875,-31.25,-33.203125,14.6484375
123.0625,-2.9296875,-33.203125,-24.4140625,2.44140625
123.06640625,-0.9765625,-35.64453125,-26.3671875,15.13671875
123.0703125,20.01953125,-23.4375,-34.66796875,23.4375
123.07421875,19.04296875,-15.625,-39.55078125,-10.25390625
123.078125,-5.859375,-21.97265625,-36.1328125,-24.4140625
123.08203125,-0.9765625,-26.3671875,-22.94921875,-8.30078125
123.0859375,-25.390625,-30.2734375,-17.578125,-1.46484375
123.08984375,-41.015625,-27.83203125,-16.11328125,9.765625
123.09375,-21.97265625,-26.85546875,-19.53125,-8.7890625
123.09765625,-6.34765625,-18.06640625,-35.64453125,-11.71875
123.1015625,1.953125,-25.87890625,-40.0390625,26.85546875
123.10546875,8.7890625,-44.43359375,-20.5078125,38.0859375
123.109375,-19.53125,-35.15625,-20.5078125,24.90234375
123.11328125,-39.55078125,-23.92578125,-29.78515625,-21.97265625
123.1171875,-27.83203125,-19.53125,-41.50390625,-26.3671875
123.12109375,-19.04296875,-14.6484375,-64.94140625,-6.8359375
123.125,-25.87890625,-13.671875,-57.6171875,-24.4140625
123.12890625,-25.390625,-12.20703125,-42.48046875,-52.24609375
123.1328125,-25.390625,-8.30078125,-51.7578125,-75.1953125
123.13671875,-27.34375,-12.6953125,-59.08203125,-61.5234375
123.140625,-38.0859375,-11.23046875,-61.03515625,-59.5703125
123.14453125,-52.734375,-6.34765625,-66.89453125,-95.21484375
123.1484375,-48.33984375,-5.37109375,-69.3359375,-70.80078125
123.15234375,-36.62109375,-5.37109375,-70.3125,-53.7109375
123.15625,-36.62109375,-2.9296875,-71.77734375,-61.03515625
123.16015625,-39.55078125,-3.90625,-62.98828125,-53.7109375
123.1640625,-34.1796875,-10.25390625,-55.17578125,-41.50390625
123.16796875,-36.1328125,-11.23046875,-53.7109375,-45.8984375
123.171875,-32.2265625,-16.6015625,-50.78125,-55.6640625
123.17578125,-40.52734375,-23.92578125,-44.921875,-25.390625
123.1796875,-33.203125,-25.87890625,-53.22265625,-29.78515625
123.18359375,-19.04296875,-21.97265625,-65.91796875,-52.734375
123.1875,-11.71875,-18.06640625,-50.29296875,-36.62109375
123.19140625,-25.390625,-20.99609375,-23.92578125,-39.55078125
123.1953125,-38.57421875,-19.04296875,-16.6015625,-30.76171875
123.19921875,-30.2734375,-19.04296875,-19.53125,-29.296875
123.203125,-29.296875,-20.99609375,-23.92578125,-15.625
123.20703125,-41.9921875,-18.5546875,-27.34375,-12.20703125
123.2109375,-37.59765625,-17.08984375,-38.57421875,-31.25
123.21484375,-6.34765625,-15.625,-48.828125,-29.78515625
123.21875,0.9765625,-15.13671875,-46.38671875,-27.83203125
123.22265625,-9.765625,-21.97265625,-43.9453125,-31.73828125
123.2265625,-13.671875,-24.4140625,-40.52734375,-39.55078125
123.23046875,-20.01953125,-25.87890625,-41.015625,-25.87890625
123.234375,-10.25390625,-26.85546875,-45.8984375,-3.90625
123.23828125,-5.37109375,-22.4609375,-53.22265625,-38.57421875
123.2421875,-1.953125,-20.5078125,-56.15234375,-49.31640625
123.24609375,-9.765625,-16.11328125,-47.8515625,-32.71484375
123.25,-15.13671875,-16.11328125,-51.7578125,-31.25
123.25390625,-12.6953125,-15.13671875,-53.22265625,-11.71875
123.2578125,-30.2734375,-17.578125,-48.828125,-5.859375
123.26171875,-15.625,-14.6484375,-55.6640625,-20.01953125
123.265625,-3.90625,-5.37109375,-66.40625,7.32421875
123.26953125,-12.20703125,-11.23046875,-48.828125,-1.953125
123.2734375,-26.3671875,-18.06640625,-30.2734375,-41.015625
123.27734375,-25.390625,-18.06640625,-34.66796875,-18.06640625
123.28125,-27.83203125,-18.5546875,-40.52734375,-0.9765625
123.28515625,-34.66796875,-23.4375,-43.9453125,-3.41796875
123.2890625,-36.1328125,-23.92578125,-42.48046875,-17.08984375
123.29296875,-33.69140625,-22.94921875,-45.41015625,-32.2265625
123.296875,-19.04296875,-29.78515625,-52.24609375,-4.8828125
123.30078125,-22.4609375,-26.3671875,-50.78125,-10.7421875
123.3046875,-33.203125,-24.90234375,-41.9921875,-25.390625
123.30859375,-29.78515625,-25.87890625,-43.45703125,-20.5078125
123.3125,-22.4609375,-22.4609375,-49.31640625,-31.73828125
123.31640625,-35.64453125,-20.99609375,-49.31640625,-19.04296875
123.3203125,-40.0390625,-15.625,-46.875,-13.18359375
123.32421875,-38.57421875,-9.27734375,-52.734375,-7.32421875
123.328125,-38.0859375,-13.18359375,-51.26953125,-3.41796875
123.33203125,-16.6015625,-18.06640625,-30.76171875,-34.1796875
123.3359375,-13.18359375,-22.94921875,-19.53125,-23.4375
123.33984375,-31.73828125,-22.94921875,-24.4140625,-18.06640625
123.34375,-26.85546875,-15.625,-28.80859375,-12.6953125
123.34765625,-33.203125,-11.71875,-32.71484375,-28.3203125
123.3515625,-30.76171875,-15.625,-33.203125,-32.71484375
123.35546875,-22.4609375,-20.01953125,-38.0859375,-33.69140625
123.359375,-22.4609375,-17.578125,-45.8984375,-37.109375
123.36328125,-21.484375,-13.18359375,-32.71484375,-2.9296875
123.3671875,-29.296875,-13.18359375,-17.578125,22.4609375
123.37109375,-13.18359375,-20.01953125,-18.06640625,7.8125
123.375,-6.8359375,-23.92578125,-30.2734375,-0.48828125
123.37890625,-34.66796875,-20.99609375,-32.2265625,2.44140625
123.3828125,-25.390625,-23.92578125,-21.97265625,4.39453125
123.38671875,-10.7421875,-20.99609375,-20.5078125,1.46484375
123.390625,-20.99609375,-22.94921875,-22.94921875,0.9765625
123.39453125,-20.5078125,-18.5546875,-21.484375,-9.765625
123.3984375,-23.92578125,-8.7890625,-49.31640625,-5.859375
123.40234375,-34.1796875,-12.20703125,-56.640625,1.46484375
123.40625,-30.2734375,-15.13671875,-21.484375,-13.18359375
123.41015625,-24.90234375,-21.484375,-12.6953125,-4.39453125
123.4140625,-39.0625,-20.01953125,-21.484375,13.18359375
123.41796875,-39.55078125,-18.06640625,-29.78515625,-2.44140625
123.421875,-26.85546875,-29.78515625,-38.0859375,-9.27734375
123.42578125,-31.25,-32.2265625,-43.9453125,-5.37109375
123.4296875,-37.59765625,-28.3203125,-47.36328125,-0.48828125
123.43359375,-35.64453125,-23.92578125,-48.828125,-3.41796875
123.4375,-35.64453125,-25.390625,-43.9453125,-1.46484375
123.44140625,-37.109375,-27.34375,-39.55078125,4.8828125
123.4453125,-33.69140625,-22.4609375,-42.48046875,-10.25390625
123.44921875,-22.94921875,-23.92578125,-50.29296875,-12.20703125
123.453125,-21.484375,-23.4375,-51.7578125,-1.953125
123.45703125,-15.13671875,-21.484375,-52.24609375,-11.23046875
123.4609375,-7.8125,-20.5078125,-55.17578125,-19.53125
123.46484375,-16.11328125,-21.484375,-55.6640625,0.0
123.46875,-19.04296875,-22.4609375,-46.875,18.5546875
123.47265625,-13.18359375,-17.08984375,-45.8984375,9.765625
123.4765625,-11.23046875,-18.5546875,-50.29296875,-0.9765625
123.48046875,-7.8125,-17.578125,-47.36328125,-0.9765625
123.484375,-20.01953125,-18.06640625,-47.36328125,-7.32421875
123.48828125,-23.4375,-17.578125,-47.36328125,-10.7421875
123.4921875,-21.484375,-15.625,-47.8515625,-16.11328125
123.49609375,-22.94921875,-20.5078125,-48.828125,-9.27734375
123.5,-22.94921875,-17.578125,-48.828125,-23.4375
123.50390625,4.39453125,-11.71875,-52.24609375,-2.9296875
123.5078125,40.0390625,-12.20703125,-50.78125,35.15625
123.51171875,15.625,-20.01953125,-43.9453125,-1.953125
123.515625,-35.15625,-24.90234375,-42.96875,-30.76171875
123.51953125,-37.109375,-23.4375,-38.0859375,-5.859375
123.5234375,-29.296875,-29.78515625,-28.3203125,7.8125
123.52734375,-49.8046875,-31.73828125,-26.85546875,-5.859375
123.53125,-54.6875,-32.2265625,-20.5078125,29.78515625
123.53515625,-57.6171875,-39.0625,-8.7890625,7.32421875
123.5390625,-74.21875,-42.96875,-5.859375,-38.57421875
123.54296875,-74.21875,-41.9921875,-16.11328125,-7.8125
123.546875,-41.9921875,-40.0390625,-24.4140625,37.109375
123.55078125,-41.9921875,-49.8046875,-8.30078125,9.765625
123.5546875,-58.10546875,-59.5703125,6.8359375,-19.04296875
123.55859375,-50.29296875,-53.7109375,3.41796875,1.953125
123.5625,-44.43359375,-49.31640625,-0.9765625,33.69140625
123.56640625,-45.8984375,-46.38671875,-4.8828125,33.203125
123.5703125,-43.45703125,-40.52734375,-9.765625,5.859375
123.57421875,-40.52734375,-36.62109375,-22.4609375,-8.7890625
123.578125,-19.04296875,-34.1796875,-15.13671875,9.765625
123.58203125,-23.4375,-32.2265625,-6.8359375,17.578125
123.5859375,-39.55078125,-36.62109375,-12.20703125,-2.44140625
123.58984375,-44.921875,-39.55078125,-16.6015625,2.44140625
123.59375,-35.15625,-38.0859375,-20.5078125,3.90625
123.59765625,-40.52734375,-40.0390625,-20.99609375,-0.48828125
123.6015625,-46.875,-34.1796875,-18.06640625,-12.6953125
123.60546875,-44.921875,-33.69140625,-22.94921875,-14.6484375
123.609375,-51.26953125,-34.1796875,-24.4140625,3.41796875
123.61328125,-39.55078125,-30.76171875,-20.5078125,13.671875
123.6171875,-29.296875,-32.2265625,-21.97265625,20.01953125
123.62109375,-52.734375,-25.87890625,-20.99609375,13.18359375
123.625,-40.0390625,-20.99609375,-34.66796875,10.7421875
123.62890625,-32.2265625,-19.04296875,-50.78125,0.48828125
123.6328125,-50.78125,-23.92578125,-29.296875,-11.71875
123.63671875,-35.64453125,-29.296875,-12.20703125,-14.16015625
123.640625,-36.62109375,-31.73828125,-13.671875,1.953125
123.64453125,-33.203125,-28.3203125,-9.27734375,8.7890625
123.6484375,-19.04296875,-26.3671875,-9.765625,-14.6484375
123.65234375,-24.4140625,-26.85546875,-16.6015625,-4.8828125
123.65625,-28.80859375,-26.3671875,-23.92578125,3.41796875
123.66015625,-21.97265625,-26.85546875,-24.4140625,-10.7421875
123.6640625,-19.53125,-26.85546875,-26.3671875,-8.30078125
123.66796875,-26.85546875,-24.4140625,-30.76171875,7.8125
123.671875,-16.6015625,-22.4609375,-32.2265625,8.30078125
123.67578125,-18.06640625,-26.85546875,-38.0859375,-4.8828125
123.6796875,-20.99609375,-20.01953125,-42.48046875,17.578125
123.68359375,-22.94921875,-12.6953125,-39.55078125,19.53125
123.6875,-57.12890625,-25.390625,-25.87890625,17.578125
123.69140625,-54.19921875,-30.2734375,-16.11328125,-15.625
123.6953125,-50.29296875,-28.3203125,-19.04296875,-35.15625
123.69921875,-53.7109375,-31.25,-20.01953125,0.0
123.703125,-38.0859375,-31.73828125,-31.25,0.0
123.70703125,-30.76171875,-28.3203125,-33.203125,-15.13671875
123.7109375,-16.6015625,-24.4140625,-23.4375,-10.25390625
123.71484375,-19.04296875,-17.08984375,-18.06640625,0.0
123.71875,-39.55078125,-20.99609375,-21.97265625,-7.32421875
123.72265625,-36.62109375,-20.01953125,-24.90234375,-18.5546875
123.7265625,-32.71484375,-17.578125,-21.97265625,-20.01953125
123.73046875,-51.7578125,-22.94921875,-29.78515625,-17.08984375
123.734375,-67.3828125,-24.90234375,-35.15625,-22.94921875
123.73828125,-51.26953125,-18.06640625,-33.203125,-21.97265625
123.7421875,-27.34375,-14.16015625,-47.36328125,-9.765625
123.74609375,-22.94921875,-19.04296875,-47.36328125,7.32421875
123.75,-31.73828125,-20.5078125,-34.1796875,-3.41796875
123.75390625,-37.109375,-26.85546875,-23.92578125,-29.296875
123.7578125,-39.55078125,-25.390625,-20.99609375,-39.55078125
123.76171875,-39.55078125,-21.97265625,-19.04296875,-11.23046875
123.765625,-41.50390625,-22.94921875,-13.671875,-4.8828125
123.76953125,-36.62109375,-25.87890625,-32.2265625,-0.9765625
123.7734375,-32.2265625,-31.73828125,-34.1796875,13.671875
123.77734375,-55.17578125,-33.203125,-21.484375,-14.16015625
123.78125,-63.96484375,-32.2265625,-19.53125,3.41796875
123.78515625,-49.8046875,-31.25,-21.97265625,-13.18359375
123.7890625,-37.109375,-28.3203125,-30.76171875,-49.31640625
123.79296875,-44.921875,-23.92578125,-34.1796875,-40.52734375
123.796875,-53.22265625,-25.87890625,-40.0390625,-32.2265625
123.80078125,-56.15234375,-32.71484375,-42.96875,-38.57421875
123.8046875,-74.21875,-31.73828125,-42.48046875,-40.52734375
123.80859375,-52.734375,-31.73828125,-45.41015625,-18.5546875
123.8125,-29.296875,-41.015625,-42.96875,-0.48828125
123.81640625,-27.34375,-38.57421875,-40.0390625,-13.671875
123.8203125,-23.4375,-33.203125,-43.45703125,-24.90234375
123.82421875,-43.9453125,-35.15625,-43.9453125,-30.2734375
123.828125,-42.48046875,-35.64453125,-52.24609375,-45.8984375
123.83203125,-27.34375,-31.25,-47.8515625,-31.73828125
123.8359375,-39.55078125,-36.62109375,-33.69140625,-17.578125
123.83984375,-33.203125,-35.64453125,-22.94921875,-23.92578125
123.84375,-24.90234375,-31.25,-18.06640625,-15.13671875
123.84765625,-37.59765625,-28.80859375,-20.01953125,-11.71875
123.8515625,-42.96875,-29.296875,-20.01953125,-42.48046875
123.85546875,-42.96875,-31.73828125,-17.08984375,-32.2265625
123.859375,-56.640625,-31.25,-22.4609375,-14.16015625
123.86328125,-56.15234375,-37.59765625,-20.99609375,-21.484375
123.8671875,-38.0859375,-35.15625,-37.109375,-21.97265625
123.87109375,-30.2734375,-30.2734375,-46.38671875,-8.7890625
123.875,-33.203125,-32.2265625,-28.3203125,-41.50390625
123.87890625,-36.1328125,-29.296875,-18.5546875,-58.10546875
123.8828125,-38.57421875,-27.83203125,-17.578125,-24.4140625
123.88671875,-40.52734375,-28.3203125,-20.01953125,-18.06640625
123.890625,-41.50390625,-26.3671875,-21.484375,-16.11328125
123.89453125,-32.71484375,-23.4375,-10.25390625,-2.9296875
123.8984375,-21.484375,-22.4609375,-1.46484375,8.30078125
123.90234375,-23.4375,-20.99609375,-10.25390625,-5.37109375
123.90625,-17.08984375,-20.01953125,-18.5546875,-27.34375
123.91015625,-28.80859375,-18.06640625,-19.04296875,-33.69140625
123.9140625,-33.203125,-21.97265625,-17.578125,-30.2734375
123.91796875,-27.83203125,-26.85546875,-22.94921875,-11.71875
123.921875,-36.62109375,-24.90234375,-19.04296875,-13.671875
123.92578125,-36.1328125,-20.99609375,-19.04296875,-19.53125
123.9296875,-28.3203125,-18.06640625,-39.0625,-12.20703125
123.93359375,-36.62109375,-25.390625,-32.2265625,-9.27734375
123.9375,-49.31640625,-26.3671875,-15.625,-22.4609375
123.94140625,-47.36328125,-27.83203125,-9.27734375,-26.85546875
123.9453125,-40.0390625,-27.83203125,-5.859375,-19.04296875
123.94921875,-47.8515625,-23.92578125,-8.30078125,-18.5546875
123.953125,-49.31640625,-28.80859375,-10.25390625,-20.01953125
123.95703125,-34.66796875,-27.83203125,-14.6484375,-16.11328125
123.9609375,-32.2265625,-30.2734375,-13.18359375,-19.04296875
123.96484375,-32.2265625,-35.64453125,-7.8125,-25.390625
123.96875,-20.5078125,-21.97265625,-16.6015625,-26.85546875
123.97265625,-28.3203125,-15.625,-30.2734375,-18.5546875
123.9765625,-49.8046875,-19.53125,-10.25390625,-40.0390625
123.98046875,-47.8515625,-27.34375,8.7890625,-65.91796875
123.984375,-41.015625,-30.76171875,7.8125,-41.50390625
123.98828125,-42.48046875,-31.25,4.8828125,-15.625
123.9921875,-47.36328125,-30.2734375,-1.953125,-17.578125
123.99609375,-41.015625,-24.90234375,-4.8828125,-21.97265625
124.0,-43.45703125,-25.87890625,-7.8125,-19.53125
124.00390625,-53.22265625,-29.296875,-6.34765625,-26.3671875
124.0078125,-46.38671875,-33.203125,-7.8125,-28.80859375
124.01171875,-46.38671875,-34.66796875,-17.08984375,-25.87890625
124.015625,-49.31640625,-29.296875,-23.4375,-15.13671875
124.01953125,-30.2734375,-26.3671875,-19.53125,-7.8125
124.0234375,-26.3671875,-29.296875,-18.06640625,-15.625
124.02734375,-40.52734375,-28.3203125,-23.92578125,-7.32421875
124.03125,-45.41015625,-25.87890625,-21.484375,-4.8828125
124.03515625,-41.015625,-28.3203125,-23.4375,-31.25
124.0390625,-39.0625,-32.71484375,-27.34375,-33.69140625
124.04296875,-54.6875,-35.64453125,-28.80859375,-4.39453125
124.046875,-60.546875,-32.2265625,-41.9921875,-13.18359375
124.05078125,-49.8046875,-26.85546875,-58.10546875,-39.55078125
124.0546875,-52.734375,-28.3203125,-40.0390625,-43.9453125
124.05859375,-46.38671875,-25.87890625,-18.06640625,-37.59765625
124.0625,-26.85546875,-24.4140625,-20.01953125,-21.97265625
124.06640625,-28.3203125,-35.15625,-29.296875,-26.85546875
124.0703125,-14.16015625,-46.38671875,-24.90234375,-10.7421875
124.07421875,6.34765625,-36.62109375,-27.34375,22.94921875
124.078125,-30.2734375,-24.90234375,-41.50390625,7.32421875
124.08203125,-38.0859375,-29.296875,-44.921875,-27.34375
124.0859375,-30.76171875,-30.2734375,-48.33984375,-28.80859375
124.08984375,-62.5,-24.4140625,-53.7109375,-37.59765625
124.09375,-57.6171875,-17.08984375,-55.17578125,-59.5703125
124.09765625,-46.38671875,-4.8828125,-50.78125,-56.15234375
124.1015625,-41.50390625,-6.8359375,-55.17578125,-36.1328125
124.10546875,-42.48046875,-11.71875,-61.5234375,-48.33984375
124.109375,-34.1796875,-3.90625,-61.5234375,-58.59375
124.11328125,-29.296875,-2.44140625,-71.2890625,-27.83203125
124.1171875,-43.45703125,-3.41796875,-83.49609375,-43.9453125
124.12109375,-24.4140625,2.9296875,-80.078125,-72.265625
124.125,-9.27734375,2.44140625,-72.265625,-54.19921875
124.12890625,-5.859375,-0.9765625,-67.3828125,-37.59765625
124.1328125,-13.671875,-2.9296875,-64.453125,-47.36328125
124.13671875,-26.85546875,-3.41796875,-62.98828125,-40.52734375
124.140625,-25.390625,-5.859375,-59.08203125,-33.203125
124.14453125,-27.34375,-12.20703125,-52.734375,-39.0625
124.1484375,-27.83203125,-16.11328125,-56.640625,-26.3671875
124.15234375,-11.71875,-14.6484375,-60.05859375,-8.30078125
124.15625,-15.625,-7.8125,-67.87109375,-5.37109375
124.16015625,-12.6953125,-3.41796875,-71.2890625,-27.83203125
124.1640625,-23.4375,-16.11328125,-50.29296875,-48.33984375
124.16796875,-35.64453125,-25.390625,-35.64453125,-52.734375
124.171875,-18.06640625,-24.90234375,-43.45703125,-27.34375
124.17578125,-22.4609375,-21.484375,-49.8046875,-24.90234375
124.1796875,-25.87890625,-17.08984375,-47.8515625,-43.9453125
124.18359375,-16.6015625,-16.6015625,-50.29296875,-43.45703125
124.1875,-12.6953125,-19.53125,-59.08203125,-31.73828125
124.19140625,-7.32421875,-13.671875,-52.734375,-17.08984375
124.1953125,-10.25390625,-11.23046875,-34.66796875,-16.6015625
124.19921875,-18.06640625,-17.578125,-32.2265625,-15.625
124.203125,-12.6953125,-17.578125,-40.52734375,3.41796875
124.20703125,-1.46484375,-10.25390625,-56.15234375,-0.9765625
124.2109375,-19.53125,-20.99609375,-45.41015625,-6.8359375
124.21484375,-32.2265625,-35.15625,-31.25,-16.6015625
124.21875,-24.4140625,-30.2734375,-31.25,-32.2265625
124.22265625,-17.08984375,-23.4375,-27.34375,-14.6484375
124.2265625,-28.80859375,-28.80859375,-34.1796875,-15.13671875
124.23046875,-23.4375,-33.69140625,-41.015625,-37.59765625
124.234375,-9.27734375,-30.76171875,-37.109375,-22.4609375
124.23828125,-10.7421875,-28.80859375,-32.71484375,-18.5546875
124.2421875,-12.6953125,-27.34375,-27.83203125,-9.765625
124.24609375,-9.765625,-21.484375,-29.78515625,16.6015625
124.25,-0.9765625,-21.484375,-35.64453125,-21.97265625
124.25390625,9.765625,-18.5546875,-37.59765625,-32.71484375
124.2578125,12.20703125,-10.7421875,-48.828125,11.23046875
124.26171875,-3.41796875,-13.671875,-44.43359375,9.27734375
124.265625,-24.4140625,-25.87890625,-28.80859375,-9.765625
124.26953125,-31.73828125,-29.78515625,-28.3203125,-14.16015625
124.2734375,-53.7109375,-25.87890625,-24.90234375,-13.18359375
124.27734375,-46.875,-25.390625,-23.92578125,-20.5078125
124.28125,-19.53125,-28.3203125,-30.76171875,-24.4140625
124.28515625,-10.7421875,-20.99609375,-30.2734375,-11.23046875
124.2890625,-29.296875,-20.5078125,-28.3203125,-11.23046875
124.29296875,-51.26953125,-27.83203125,-34.1796875,-12.6953125
124.296875,-23.4375,-23.4375,-33.203125,-16.11328125
124.30078125,-9.765625,-22.4609375,-23.92578125,-18.06640625
124.3046875,-22.94921875,-31.73828125,-28.80859375,-16.6015625
124.30859375,-30.76171875,-25.390625,-40.0390625,-22.4609375
124.3125,-43.9453125,-18.06640625,-34.1796875,-27.83203125
124.31640625,-37.109375,-21.484375,-28.80859375,-39.55078125
124.3203125,-31.73828125,-19.04296875,-26.85546875,-43.45703125
124.32421875,-37.109375,-12.20703125,-35.15625,-22.94921875
124.328125,-26.85546875,-12.6953125,-43.45703125,4.39453125
124.33203125,-15.625,-24.4140625,-27.34375,-7.8125
124.3359375,-21.97265625,-28.3203125,-21.484375,-49.31640625
124.33984375,-42.96875,-22.4609375,-18.5546875,-55.6640625
124.34375,-35.15625,-22.4609375,-16.6015625,-41.50390625
124.34765625,-23.92578125,-17.578125,-28.3203125,-21.97265625
124.3515625,-24.90234375,-16.11328125,-30.2734375,-11.23046875
124.35546875,-15.13671875,-23.4375,-30.76171875,-21.97265625
124.359375,-23.92578125,-26.3671875,-32.71484375,-23.92578125
124.36328125,-50.29296875,-27.34375,-36.1328125,-29.78515625
124.3671875,-43.45703125,-25.390625,-39.0625,-36.62109375
124.37109375,-36.62109375,-23.92578125,-36.62109375,-22.94921875
124.375,-31.73828125,-25.87890625,-30.76171875,-16.11328125
124.37890625,-27.34375,-24.90234375,-32.71484375,-38.0859375
124.3828125,-38.57421875,-24.4140625,-32.2265625,-49.8046875
124.38671875,-40.52734375,-23.4375,-40.52734375,-25.87890625
124.390625,-42.96875,-21.484375,-52.734375,-10.7421875
124.39453125,-23.4375,-23.4375,-36.1328125,-22.94921875
124.3984375,-28.80859375,-34.1796875,-27.83203125,-25.390625
124.40234375,-36.62109375,-38.0859375,-25.87890625,-39.0625
124.40625,-21.97265625,-25.390625,-30.76171875,-37.59765625
124.41015625,-22.94921875,-19.04296875,-41.9921875,-23.92578125
124.4140625,-24.90234375,-27.83203125,-31.25,-27.83203125
124.41796875,-21.97265625,-31.25,-19.53125,-35.15625
124.421875,-31.25,-23.92578125,-16.6015625,-30.76171875
124.42578125,-46.38671875,-21.484375,-20.5078125,-8.7890625
124.4296875,-40.0390625,-22.94921875,-26.85546875,-12.20703125
124.43359375,-41.50390625,-26.3671875,-28.80859375,-30.2734375
124.4375,-42.96875,-25.390625,-34.66796875,-30.2734375
124.44140625,-37.109375,-28.80859375,-38.0859375,-38.0859375
124.4453125,-41.50390625,-37.109375,-32.71484375,-37.109375
124.44921875,-26.85546875,-32.71484375,-31.73828125,-15.13671875
124.453125,-23.92578125,-26.3671875,-26.3671875,-7.8125
124.45703125,-43.9453125,-25.390625,-28.80859375,-35.15625
124.4609375,-39.0625,-22.94921875,-28.80859375,-51.26953125
124.46484375,-23.4375,-20.01953125,-32.71484375,-51.26953125
124.46875,-13.671875,-20.01953125,-36.1328125,-35.15625
124.47265625,-40.52734375,-20.99609375,-21.484375,-13.671875
124.4765625,-50.78125,-22.94921875,-22.94921875,-21.484375
124.48046875,-20.99609375,-21.97265625,-44.43359375,-22.4609375
124.484375,-3.41796875,-26.3671875,-41.015625,-15.625
124.48828125,-16.11328125,-32.2265625,-26.85546875,-10.25390625
124.4921875,-30.2734375,-25.87890625,-22.94921875,-26.3671875
124.49609375,-26.85546875,-22.4609375,-41.015625,-13.671875
124.5,-23.92578125,-29.296875,-57.12890625,13.671875
124.50390625,-18.5546875,-28.80859375,-29.78515625,-2.9296875
124.5078125,-11.23046875,-22.94921875,-6.34765625,-3.90625
124.51171875,-25.87890625,-30.76171875,-9.765625,2.44140625
124.515625,-45.8984375,-51.26953125,-22.94921875,-16.6015625
124.51953125,-40.52734375,-50.29296875,-25.87890625,-33.69140625
124.5234375,-41.9921875,-30.2734375,-30.76171875,-33.69140625
124.52734375,-44.921875,-34.66796875,-29.296875,-5.859375
124.53125,-7.32421875,-32.71484375,-11.71875,-12.6953125
124.53515625,5.859375,-24.90234375,-12.6953125,-57.12890625
124.5390625,-18.06640625,-32.2265625,-23.4375,-27.34375
124.54296875,-10.7421875,-25.390625,-30.76171875,-0.9765625
124.546875,1.953125,-17.08984375,-35.15625,0.9765625
124.55078125,-1.46484375,-22.94921875,-29.78515625,10.25390625
124.5546875,-4.8828125,-23.4375,-30.76171875,3.41796875
124.55859375,-8.30078125,-19.53125,-41.50390625,-0.9765625
124.5625,12.20703125,-15.13671875,-46.875,6.34765625
124.56640625,1.46484375,-17.08984375,-40.52734375,-35.15625
124.5703125,-8.7890625,-26.3671875,-22.4609375,-28.80859375
124.57421875,-4.8828125,-36.1328125,-17.08984375,-12.20703125
124.578125,-7.32421875,-34.66796875,-27.34375,-39.55078125
124.58203125,-13.671875,-36.1328125,-35.15625,-27.34375
124.5859375,-15.625,-32.71484375,-34.1796875,0.9765625
124.58984375,-10.7421875,-28.80859375,-30.2734375,-7.8125
124.59375,-26.85546875,-30.2734375,-30.76171875,-30.76171875
124.59765625,-29.78515625,-29.296875,-35.64453125,-14.6484375
124.6015625,-10.7421875,-25.390625,-24.90234375,-8.30078125
124.60546875,-3.41796875,-20.99609375,-17.578125,-6.34765625
124.609375,-23.4375,-24.90234375,-16.6015625,-10.7421875
124.61328125,-20.01953125,-25.390625,-14.16015625,-20.5078125
124.6171875,11.71875,-26.85546875,-23.92578125,-13.671875
124.62109375,10.25390625,-24.90234375,-30.2734375,-23.4375
124.625,-7.8125,-20.99609375,-32.71484375,-13.18359375
124.62890625,-6.8359375,-20.99609375,-32.71484375,-25.390625
124.6328125,-3.41796875,-19.53125,-30.2734375,-32.71484375
124.63671875,20.01953125,-18.5546875,-51.26953125,-3.41796875
124.640625,24.90234375,-11.23046875,-54.6875,1.46484375
124.64453125,-14.16015625,-17.08984375,-20.5078125,-19.04296875
124.6484375,-34.66796875,-24.90234375,-1.46484375,-29.296875
124.65234375,-30.76171875,-26.85546875,3.41796875,-40.52734375
124.65625,-30.2734375,-27.34375,3.41796875,-39.0625
124.66015625,-36.1328125,-33.203125,6.34765625,-22.94921875
124.6640625,-28.3203125,-36.62109375,12.20703125,-8.30078125
124.66796875,-14.16015625,-37.109375,13.671875,-14.16015625
124.671875,-31.73828125,-49.31640625,6.8359375,-30.2734375
124.67578125,-48.33984375,-59.5703125,11.23046875,-8.7890625
124.6796875,-47.36328125,-57.12890625,14.6484375,-13.671875
124.68359375,-53.7109375,-58.59375,7.8125,-24.90234375
124.6875,-54.6875,-61.03515625,14.6484375,-10.25390625
124.69140625,-47.8515625,-57.12890625,21.97265625,-17.578125
124.6953125,-43.9453125,-53.7109375,13.671875,8.7890625
124.69921875,-33.69140625,-54.19921875,14.6484375,26.3671875
124.703125,-26.3671875,-57.12890625,16.6015625,-0.48828125
124.70703125,-23.4375,-49.8046875,18.06640625,5.37109375
124.7109375,-29.78515625,-43.9453125,14.16015625,2.44140625
124.71484375,-34.66796875,-49.31640625,16.6015625,-8.7890625
124.71875,-27.34375,-47.8515625,15.625,-0.9765625
124.72265625,-25.87890625,-43.9453125,4.8828125,1.46484375
124.7265625,-29.78515625,-39.55078125,7.32421875,0.0
124.73046875,-16.11328125,-36.1328125,-2.9296875,7.32421875
124.734375,-20.99609375,-39.55078125,-28.3203125,14.16015625
124.73828125,-23.4375,-37.59765625,-4.39453125,10.25390625
124.7421875,-22.94921875,-35.64453125,13.18359375,-14.6484375
124.74609375,-27.83203125,-34.1796875,4.8828125,-16.11328125
124.75,-28.80859375,-38.57421875,4.8828125,-8.7890625
124.75390625,-33.69140625,-37.109375,2.44140625,-0.9765625
124.7578125,-38.0859375,-36.1328125,-3.90625,20.5078125
124.76171875,-31.25,-37.109375,-2.44140625,0.9765625
124.765625,-21.484375,-33.69140625,-8.30078125,-43.9453125
124.76953125,-20.01953125,-32.2265625,-26.85546875,1.46484375
124.7734375,-21.484375,-35.15625,-25.87890625,18.5546875
124.77734375,-21.484375,-39.55078125,-12.6953125,8.30078125
124.78125,-25.87890625,-40.52734375,-11.71875,8.30078125
124.78515625,-20.01953125,-38.57421875,-12.6953125,8.30078125
124.7890625,6.34765625,-33.69140625,-12.20703125,26.3671875
124.79296875,1.46484375,-32.2265625,-13.18359375,-7.32421875
124.796875,-14.6484375,-32.71484375,-18.5546875,-39.0625
124.80078125,-14.16015625,-32.71484375,-16.6015625,-18.5546875
124.8046875,-21.97265625,-29.296875,-14.16015625,-2.44140625
124.80859375,-21.484375,-26.3671875,-21.97265625,-12.20703125
124.8125,-12.6953125,-29.296875,-25.87890625,-8.30078125
124.81640625,-8.30078125,-38.0859375,-28.3203125,19.53125
124.8203125,-16.11328125,-41.9921875,-20.5078125,28.3203125
124.82421875,-40.52734375,-32.71484375,-11.23046875,24.4140625
124.828125,-43.45703125,-30.76171875,-26.85546875,-17.578125
124.83203125,-20.5078125,-24.90234375,-30.76171875,-35.15625
124.8359375,-26.85546875,-25.390625,-18.06640625,-14.6484375
124.83984375,-50.78125,-36.1328125,-18.06640625,-31.25
124.84375,-36.1328125,-35.15625,-19.53125,-22.4609375
124.84765625,-19.53125,-31.73828125,-25.87890625,-7.8125
124.8515625,-14.6484375,-29.78515625,-27.34375,-25.87890625
124.85546875,-10.7421875,-29.78515625,-26.85546875,-14.6484375
124.859375,-26.3671875,-31.25,-27.34375,14.6484375
124.86328125,-23.92578125,-26.3671875,-16.11328125,-6.34765625
124.8671875,-21.97265625,-24.4140625,-9.27734375,-28.80859375
124.87109375,-32.71484375,-26.85546875,-4.8828125,4.39453125
124.875,-24.4140625,-32.2265625,-1.953125,33.203125
124.87890625,-23.92578125,-27.83203125,-11.23046875,-31.25
124.8828125,-13.671875,-12.20703125,-29.78515625,-23.4375
124.88671875,0.9765625,-10.25390625,-50.29296875,-5.37109375
124.890625,-18.06640625,-25.390625,-29.78515625,-20.01953125
124.89453125,-32.2265625,-36.62109375,-0.48828125,-11.71875
124.8984375,-33.69140625,-33.203125,-2.44140625,-12.20703125
124.90234375,-32.2265625,-27.83203125,-6.34765625,-40.52734375
124.90625,-22.94921875,-27.83203125,-14.16015625,-55.6640625
124.91015625,-40.0390625,-25.390625,-29.78515625,-32.71484375
124.9140625,-50.78125,-23.4375,-22.94921875,-8.30078125
124.91796875,-25.390625,-23.92578125,-15.13671875,-6.34765625
124.921875,-22.94921875,-21.97265625,-16.11328125,-12.20703125
124.92578125,-22.94921875,-19.53125,-26.85546875,7.8125
124.9296875,-10.7421875,-22.4609375,-35.64453125,-6.34765625
124.93359375,-41.50390625,-27.83203125,-25.87890625,-42.48046875
124.9375,-52.24609375,-23.4375,-17.578125,-22.94921875
124.94140625,-45.41015625,-21.484375,-10.25390625,6.34765625
124.9453125,-53.7109375,-27.83203125,-6.34765625,-13.671875
124.94921875,-24.4140625,-32.71484375,-5.37109375,7.8125
124.953125,20.99609375,-34.66796875,-20.01953125,38.57421875
124.95703125,2.9296875,-20.5078125,-31.73828125,15.625
124.9609375,-28.80859375,-16.11328125,-29.296875,-24.4140625
124.96484375,-37.59765625,-16.6015625,-38.0859375,-59.08203125
124.96875,-39.0625,-8.7890625,-39.0625,-43.45703125
124.97265625,-20.5078125,-12.20703125,-39.55078125,-20.5078125
124.9765625,-16.6015625,-14.16015625,-48.828125,-33.203125
124.98046875,6.8359375,-11.23046875,-56.15234375,-61.5234375
124.984375,-18.5546875,-9.765625,-60.546875,-58.59375
124.98828125,-42.96875,-4.8828125,-62.01171875,-50.78125
124.9921875,-27.34375,-8.30078125,-69.82421875,-78.61328125
124.99609375,-37.109375,-13.671875,-78.125,-72.265625
125.0,-34.66796875,-5.37109375,-77.1484375,-66.89453125
125.00390625,-35.15625,10.7421875,-72.75390625,-69.3359375
125.0078125,-36.62109375,16.11328125,-75.68359375,-77.63671875
125.01171875,-9.765625,12.6953125,-84.47265625,-73.73046875
125.015625,-3.90625,6.8359375,-88.8671875,-49.31640625
125.01953125,-41.015625,2.9296875,-71.2890625,-70.3125
125.0234375,-46.875,-1.46484375,-47.36328125,-64.94140625
125.02734375,-45.41015625,1.953125,-45.8984375,-54.6875
125.03125,-43.9453125,3.90625,-55.17578125,-78.125
125.03515625,-22.94921875,-4.39453125,-51.7578125,-44.921875
125.0390625,-13.671875,-1.46484375,-49.8046875,-15.625
125.04296875,-9.765625,8.30078125,-56.15234375,-34.1796875
125.046875,-30.2734375,1.953125,-47.36328125,-49.31640625
125.05078125,-52.734375,-4.39453125,-44.43359375,-59.08203125
125.0546875,-36.1328125,-6.34765625,-65.91796875,-57.6171875
125.05859375,-34.1796875,-10.7421875,-52.24609375,-49.8046875
125.0625,-37.109375,-12.20703125,-32.71484375,-36.1328125
125.06640625,-37.109375,-8.7890625,-33.203125,-44.43359375
125.0703125,-39.55078125,-8.30078125,-41.015625,-50.29296875
125.07421875,-24.90234375,-11.23046875,-51.7578125,-29.296875
125.078125,-43.9453125,-17.08984375,-38.57421875,-36.62109375
125.08203125,-52.24609375,-19.04296875,-20.01953125,-71.77734375
125.0859375,-43.9453125,-18.5546875,-22.4609375,-56.640625
125.08984375,-37.109375,-22.94921875,-28.80859375,-32.2265625
125.09375,-32.71484375,-25.390625,-29.296875,-26.3671875
125.09765625,-10.7421875,-27.34375,-44.43359375,-39.55078125
125.1015625,-0.48828125,-27.83203125,-38.57421875,-28.3203125
125.10546875,-15.13671875,-26.85546875,-23.92578125,-0.48828125
125.109375,-30.2734375,-19.04296875,-33.203125,-4.39453125
125.11328125,-39.0625,-14.16015625,-46.38671875,4.39453125
125.1171875,-33.69140625,-23.92578125,-38.0859375,-29.78515625
125.12109375,-25.390625,-28.3203125,-23.92578125,-50.29296875
125.125,-30.2734375,-25.390625,-18.06640625,-24.4140625
125.12890625,-32.2265625,-28.80859375,-20.5078125,-23.4375
125.1328125,-40.0390625,-28.80859375,-28.3203125,-26.3671875
125.13671875,-34.1796875,-21.97265625,-29.296875,-22.94921875
125.140625,-21.97265625,-23.92578125,-34.66796875,-17.578125
125.14453125,-29.296875,-25.390625,-36.62109375,-30.2734375
125.1484375,-44.43359375,-26.3671875,-40.0390625,-42.96875
125.15234375,-48.33984375,-31.25,-46.875,-38.0859375
125.15625,-36.1328125,-33.203125,-37.109375,-20.5078125
125.16015625,-35.64453125,-26.85546875,-29.296875,-29.78515625
125.1640625,-38.57421875,-26.85546875,-29.296875,-25.87890625
125.16796875,-35.64453125,-30.76171875,-29.296875,1.46484375
125.171875,-37.109375,-29.78515625,-37.109375,14.6484375
125.17578125,-43.9453125,-24.90234375,-41.50390625,-19.04296875
125.1796875,-27.34375,-27.83203125,-34.1796875,-43.45703125
125.18359375,-18.06640625,-31.25,-23.4375,-27.34375
125.1875,-28.3203125,-26.85546875,-22.94921875,-34.66796875
125.19140625,-31.25,-21.97265625,-25.390625,-54.19921875
125.1953125,-29.78515625,-21.97265625,-30.2734375,-33.203125
125.19921875,-13.18359375,-10.25390625,-40.52734375,2.9296875
125.203125,-12.20703125,-5.37109375,-41.015625,-13.18359375
125.20703125,-25.87890625,-19.04296875,-25.390625,-30.76171875
125.2109375,-29.296875,-23.92578125,-18.06640625,-30.76171875
125.21484375,-27.83203125,-26.3671875,-16.6015625,-28.80859375
125.21875,-12.20703125,-26.85546875,-14.16015625,-34.1796875
125.22265625,-11.71875,-22.94921875,-14.6484375,-15.13671875
125.2265625,-19.04296875,-23.4375,-21.97265625,2.44140625
125.23046875,-28.3203125,-22.94921875,-33.203125,-10.7421875
125.234375,-34.1796875,-21.97265625,-29.78515625,-24.90234375
125.23828125,-26.85546875,-25.87890625,-17.578125,-19.04296875
125.2421875,-24.4140625,-20.99609375,-20.01953125,-3.90625
125.24609375,-26.85546875,-11.23046875,-37.59765625,0.9765625
125.25,-43.45703125,-16.6015625,-31.25,-5.859375
125.25390625,-41.015625,-25.87890625,-16.6015625,0.0
125.2578125,-30.76171875,-21.484375,-13.18359375,-8.30078125
125.26171875,-36.62109375,-23.4375,-10.25390625,-19.04296875
125.265625,-30.76171875,-28.80859375,-13.671875,-28.80859375
125.26953125,-4.8828125,-31.73828125,-10.7421875,-21.484375
125.2734375,4.8828125,-32.2265625,-7.8125,-7.8125
125.27734375,-28.80859375,-20.99609375,-23.4375,-32.2265625
125.28125,-41.50390625,-16.11328125,-29.296875,-31.73828125
125.28515625,-22.94921875,-17.08984375,-26.85546875,-29.78515625
125.2890625,-16.6015625,-11.71875,-29.78515625,-14.6484375
125.29296875,-20.99609375,-13.18359375,-23.92578125,-12.20703125
125.296875,-22.4609375,-17.578125,-15.13671875,-42.48046875
125.30078125,-10.7421875,-17.08984375,-18.5546875,-32.71484375
125.3046875,-4.39453125,-18.5546875,-25.390625,4.39453125
125.30859375,-5.37109375,-18.06640625,-32.2265625,-1.953125
125.3125,-17.08984375,-19.04296875,-30.2734375,-14.6484375
125.31640625,-20.01953125,-22.94921875,-25.390625,-18.5546875
125.3203125,-12.20703125,-23.4375,-25.87890625,-28.3203125
125.32421875,-17.08984375,-22.94921875,-29.296875,-28.80859375
125.328125,-15.625,-23.4375,-29.296875,-8.30078125
125.33203125,-14.6484375,-21.484375,-28.80859375,-5.859375
125.3359375,-21.97265625,-21.484375,-39.55078125,-7.8125
125.33984375,-27.34375,-21.484375,-37.109375,2.9296875
125.34375,-29.78515625,-18.5546875,-22.4609375,-7.32421875
125.34765625,-41.50390625,-14.6484375,-13.671875,-32.71484375
125.3515625,-37.59765625,-15.13671875,-15.13671875,-31.25
125.35546875,-35.64453125,-20.5078125,-8.7890625,-14.16015625
125.359375,-43.45703125,-23.92578125,-13.18359375,-11.23046875
125.36328125,-24.4140625,-23.4375,-41.9921875,-8.30078125
125.3671875,-13.671875,-21.97265625,-41.50390625,-26.3671875
125.37109375,-35.64453125,-24.90234375,-18.06640625,-37.59765625
125.375,-27.83203125,-33.203125,-7.8125,-20.01953125
125.37890625,-23.4375,-27.34375,-3.41796875,0.9765625
125.3828125,-30.2734375,-19.04296875,-9.765625,10.25390625
125.38671875,-26.3671875,-20.5078125,-20.01953125,-5.859375
125.390625,-23.4375,-23.92578125,-19.53125,-2.44140625
125.39453125,-29.296875,-27.83203125,-15.13671875,-4.39453125
125.3984375,-30.76171875,-26.85546875,-20.01953125,-19.53125
125.40234375,-27.83203125,-20.99609375,-23.92578125,-15.13671875
125.40625,-22.94921875,-21.97265625,-24.4140625,-5.859375
125.41015625,-32.71484375,-20.5078125,-41.015625,-22.4609375
125.4140625,-33.69140625,-19.53125,-45.8984375,-29.78515625
125.41796875,-33.69140625,-27.83203125,-22.94921875,-27.34375
125.421875,-35.64453125,-30.2734375,-10.7421875,-25.390625
125.42578125,-32.71484375,-25.390625,-11.23046875,-15.13671875
125.4296875,-28.80859375,-20.01953125,-11.23046875,-7.32421875
125.43359375,-35.64453125,-17.578125,-12.6953125,-15.625
125.4375,-33.69140625,-19.53125,-18.06640625,-18.5546875
125.44140625,-33.69140625,-17.578125,-19.53125,-12.6953125
125.4453125,-30.2734375,-16.11328125,-19.04296875,-27.83203125
125.44921875,-16.6015625,-20.01953125,-20.01953125,-17.08984375
125.453125,-15.13671875,-20.5078125,-14.16015625,9.765625
125.45703125,-22.4609375,-14.6484375,-8.7890625,0.0
125.4609375,-20.99609375,-15.625,-15.625,-6.8359375
125.46484375,-18.5546875,-20.5078125,-15.625,-10.25390625
125.46875,-14.16015625,-23.92578125,-10.7421875,-14.16015625
125.47265625,-2.44140625,-16.11328125,-11.71875,-8.30078125
125.4765625,-15.625,-16.6015625,-18.06640625,-16.11328125
125.48046875,-21.97265625,-23.4375,-24.90234375,-29.296875
125.484375,-17.578125,-21.484375,-28.80859375,-34.66796875
125.48828125,-27.34375,-21.484375,-32.2265625,-31.73828125
125.4921875,-26.3671875,-26.85546875,-45.41015625,-17.578125
125.49609375,-27.34375,-29.78515625,-22.94921875,-19.04296875
125.5,-26.3671875,-24.90234375,9.765625,-24.4140625
125.50390625,-19.53125,-27.83203125,3.41796875,-21.484375
125.5078125,-16.11328125,-27.83203125,0.9765625,-26.3671875
125.51171875,-13.671875,-22.94921875,1.46484375,-12.6953125
125.515625,-26.85546875,-21.97265625,-7.32421875,-16.6015625
125.51953125,-38.57421875,-26.3671875,-12.20703125,-36.1328125
125.5234375,-30.2734375,-20.01953125,-21.97265625,-19.04296875
125.52734375,-15.625,-15.625,-25.87890625,-4.8828125
125.53125,-17.08984375,-27.34375,-18.5546875,-3.90625
125.53515625,-35.64453125,-32.71484375,-9.765625,-4.8828125
125.5390625,-24.4140625,-19.04296875,-23.4375,17.08984375
125.54296875,-0.9765625,-15.625,-19.04296875,2.44140625
125.546875,-13.18359375,-24.4140625,-5.859375,-25.87890625
125.55078125,-24.4140625,-22.4609375,-11.71875,-16.6015625
125.5546875,-24.4140625,-23.4375,-13.671875,-6.34765625
125.55859375,-23.92578125,-27.34375,-18.06640625,-20.99609375
125.5625,-19.53125,-27.83203125,-29.296875,-27.34375
125.56640625,-20.01953125,-28.80859375,-26.3671875,-8.30078125
125.5703125,-36.62109375,-25.87890625,-16.6015625,-3.41796875
125.57421875,-39.55078125,-21.97265625,-16.11328125,-28.3203125
125.578125,-27.34375,-28.80859375,-9.27734375,-39.55078125
125.58203125,-21.484375,-34.1796875,-9.27734375,-37.109375
125.5859375,-39.0625,-35.15625,-18.06640625,-35.15625
125.58984375,-49.31640625,-26.3671875,-20.5078125,-12.20703125
125.59375,-48.33984375,-17.08984375,-20.99609375,-13.18359375
125.59765625,-39.55078125,-13.18359375,-31.73828125,-22.4609375
125.6015625,8.30078125,-5.37109375,-37.59765625,4.39453125
125.60546875,18.5546875,-9.27734375,-24.90234375,20.01953125
125.609375,-30.2734375,-22.4609375,-9.27734375,-12.20703125
125.61328125,-66.89453125,-25.390625,-8.30078125,-43.45703125
125.6171875,-71.77734375,-23.92578125,-9.765625,-70.80078125
125.62109375,-87.40234375,-30.76171875,0.9765625,-91.30859375
125.625,-113.28125,-47.36328125,1.46484375,-79.1015625
125.62890625,-121.09375,-47.8515625,-7.32421875,-67.87109375
125.6328125,-137.6953125,-43.45703125,-4.8828125,-83.984375
125.63671875,-129.8828125,-52.24609375,14.16015625,-94.23828125
125.640625,-117.67578125,-51.26953125,11.23046875,-87.890625
125.64453125,-125.48828125,-43.45703125,-10.25390625,-73.73046875
125.6484375,-113.76953125,-44.43359375,27.83203125,-63.96484375
125.65234375,-115.234375,-60.05859375,67.87109375,-73.2421875
125.65625,-125.48828125,-64.94140625,75.1953125,-49.31640625
125.66015625,-115.72265625,-58.59375,62.5,-31.73828125
125.6640625,-84.9609375,-55.6640625,53.22265625,-26.3671875
125.66796875,-73.2421875,-56.15234375,75.1953125,-29.296875
125.671875,-81.54296875,-62.98828125,77.63671875,-45.8984375
125.67578125,-77.1484375,-59.5703125,61.5234375,-32.71484375
125.6796875,-74.70703125,-50.78125,49.8046875,-21.484375
125.68359375,-56.640625,-47.8515625,45.8984375,-12.6953125
125.6875,-35.15625,-50.29296875,37.109375,10.25390625
125.69140625,-48.828125,-51.7578125,30.76171875,26.3671875
125.6953125,-54.6875,-46.38671875,22.94921875,18.06640625
125.69921875,-42.96875,-39.55078125,5.37109375,5.37109375
125.703125,-19.53125,-39.55078125,5.37109375,24.4140625
125.70703125,-16.11328125,-42.48046875,6.8359375,24.90234375
125.7109375,-33.203125,-43.9453125,0.48828125,2.44140625
125.71484375,-28.80859375,-51.7578125,2.9296875,7.32421875
125.71875,-14.6484375,-52.24609375,-1.46484375,30.76171875
125.72265625,-17.578125,-36.1328125,-17.08984375,34.1796875
125.7265625,-33.69140625,-26.3671875,-18.06640625,12.6953125
125.73046875,-40.0390625,-27.34375,-5.37109375,30.2734375
125.734375,-21.97265625,-30.76171875,-7.32421875,17.08984375
125.73828125,-13.671875,-31.73828125,-18.06640625,-15.625
125.7421875,-13.18359375,-28.3203125,-13.671875,6.34765625
125.74609375,-12.20703125,-19.04296875,-22.4609375,26.85546875
125.75,-14.6484375,-18.06640625,-39.55078125,11.71875
125.75390625,-7.32421875,-32.2265625,-34.66796875,23.92578125
125.7578125,-8.7890625,-41.9921875,-33.203125,37.59765625
125.76171875,-25.390625,-38.57421875,-18.06640625,29.296875
125.765625,-20.5078125,-33.203125,1.46484375,20.5078125
125.76953125,0.0,-33.203125,2.44140625,5.859375
125.7734375,-14.16015625,-35.15625,2.44140625,8.30078125
125.77734375,-19.53125,-30.76171875,-14.6484375,0.9765625
125.78125,-23.92578125,-29.78515625,-33.69140625,-15.625
125.78515625,-59.08203125,-31.25,-26.3671875,-14.16015625
125.7890625,-38.0859375,-28.3203125,-25.87890625,-9.765625
125.79296875,-8.30078125,-27.83203125,-33.69140625,11.23046875
125.796875,-22.94921875,-26.3671875,-27.83203125,10.25390625
125.80078125,-22.94921875,-20.99609375,-25.390625,0.9765625
125.8046875,-18.5546875,-25.87890625,-22.94921875,8.7890625
125.80859375,-17.578125,-26.85546875,-11.71875,-4.8828125
125.8125,-31.73828125,-25.87890625,-5.859375,-18.06640625
125.81640625,-35.64453125,-25.390625,-6.34765625,9.27734375
125.8203125,-21.97265625,-19.04296875,-27.83203125,13.18359375
125.82421875,-12.20703125,-20.5078125,-37.59765625,4.8828125
125.828125,-11.71875,-18.06640625,-18.5546875,1.46484375
125.83203125,-5.859375,-11.71875,-15.13671875,-1.46484375
125.8359375,-8.30078125,-11.23046875,-19.53125,10.7421875
125.83984375,-17.08984375,-15.13671875,-15.13671875,17.578125
125.84375,-9.765625,-23.4375,-19.04296875,13.671875
125.84765625,-7.8125,-21.484375,-29.78515625,-0.9765625
125.8515625,-24.4140625,-18.5546875,-28.80859375,-16.11328125
125.85546875,-28.80859375,-22.4609375,-31.73828125,-20.01953125
125.859375,-19.53125,-20.01953125,-37.109375,-14.16015625
125.86328125,-6.34765625,-14.16015625,-54.19921875,-4.8828125
125.8671875,-15.625,-18.06640625,-49.31640625,0.0
125.87109375,-22.94921875,-14.16015625,-22.4609375,2.9296875
125.875,-14.16015625,-14.16015625,-20.99609375,-21.484375
125.87890625,-13.18359375,-19.53125,-22.4609375,-20.5078125
125.8828125,-28.3203125,-17.578125,-26.3671875,-23.4375
125.88671875,-41.9921875,-17.08984375,-28.3203125,-16.6015625
125.890625,-37.59765625,-11.71875,-25.87890625,-0.9765625
125.89453125,-13.671875,-12.20703125,-30.2734375,-44.921875
125.8984375,-14.16015625,-20.99609375,-30.76171875,-43.9453125
125.90234375,-41.015625,-24.4140625,-33.69140625,-33.203125
125.90625,-28.80859375,-17.578125,-32.2265625,-27.34375
125.91015625,-20.99609375,-10.7421875,-27.83203125,-9.27734375
125.9140625,-34.1796875,-16.11328125,-30.76171875,-20.01953125
125.91796875,-24.4140625,-26.85546875,-31.73828125,-41.50390625
125.921875,-17.08984375,-23.92578125,-23.92578125,-33.203125
125.92578125,-27.83203125,-14.16015625,-34.66796875,-1.46484375
125.9296875,-34.66796875,-17.578125,-61.5234375,-22.94921875
125.93359375,-39.55078125,-21.97265625,-45.41015625,-33.69140625
125.9375,-35.15625,-27.83203125,-15.13671875,-12.6953125
125.94140625,-40.0390625,-27.34375,-11.23046875,-10.7421875
125.9453125,-48.33984375,-27.83203125,-22.4609375,-20.01953125
125.94921875,-34.1796875,-18.5546875,-30.76171875,-5.37109375
125.953125,-26.3671875,-13.671875,-37.109375,-11.23046875
125.95703125,-52.24609375,-21.484375,-37.59765625,-62.01171875
125.9609375,-60.546875,-19.04296875,-31.73828125,-67.3828125
125.96484375,-49.8046875,-18.06640625,-27.83203125,-43.9453125
125.96875,-40.52734375,-19.04296875,-25.87890625,-37.59765625
125.97265625,-37.59765625,-18.5546875,-30.2734375,-38.57421875
125.9765625,-31.73828125,-21.484375,-33.203125,-35.15625
125.98046875,-21.97265625,-16.6015625,-31.73828125,-35.64453125
125.984375,-12.20703125,-9.765625,-31.25,-23.4375
125.98828125,-18.5546875,-9.765625,-33.203125,-25.390625
125.9921875,-21.97265625,-15.13671875,-35.15625,-35.15625
125.99609375,-21.484375,-15.625,-26.3671875,-23.92578125
126.0,-36.62109375,-20.01953125,-15.625,-18.06640625
126.00390625,-37.109375,-28.80859375,-8.30078125,-21.484375
126.0078125,-42.48046875,-25.390625,-18.5546875,-21.97265625
126.01171875,-56.15234375,-13.18359375,-28.3203125,-42.48046875
126.015625,-48.828125,-10.25390625,-22.4609375,-21.97265625
126.01953125,-41.50390625,-7.8125,-14.6484375,-1.46484375
126.0234375,-30.2734375,-10.25390625,-14.16015625,-8.30078125
126.02734375,-22.4609375,-16.6015625,-20.01953125,-14.6484375
126.03125,-28.80859375,-14.16015625,-15.13671875,-7.8125
126.03515625,-28.80859375,-9.27734375,-13.671875,0.9765625
126.0390625,-30.2734375,-15.625,-21.484375,-4.8828125
126.04296875,-37.59765625,-24.4140625,-19.53125,-20.5078125
126.046875,-25.390625,-19.04296875,-14.16015625,-46.875
126.05078125,-23.92578125,-13.18359375,-21.484375,-38.0859375
126.0546875,-30.76171875,-19.04296875,-27.34375,-2.44140625
126.05859375,-35.64453125,-21.484375,-22.4609375,-22.94921875
126.0625,-40.52734375,-19.04296875,-20.01953125,-64.453125
126.06640625,-47.36328125,-15.13671875,-19.53125,-42.96875
126.0703125,-54.19921875,-12.6953125,-25.87890625,-29.296875
126.07421875,-51.26953125,-9.765625,-49.31640625,-31.25
126.078125,-44.43359375,-4.39453125,-42.96875,-26.85546875
126.08203125,-50.29296875,-13.671875,-1.953125,-12.20703125
126.0859375,-61.03515625,-25.390625,11.71875,0.48828125
126.08984375,-68.84765625,-16.11328125,-3.90625,-33.203125
126.09375,-80.56640625,-7.8125,-12.6953125,-56.640625
126.09765625,-105.95703125,-4.8828125,-17.578125,-65.91796875
126.1015625,-87.890625,-9.27734375,-24.4140625,-66.89453125
126.10546875,-66.89453125,-24.90234375,-23.92578125,-62.01171875
126.109375,-60.05859375,-31.25,-22.4609375,-76.66015625
126.11328125,-49.31640625,-35.64453125,-11.71875,-62.01171875
126.1171875,-69.3359375,-38.0859375,-12.20703125,-35.64453125
126.12109375,-72.75390625,-23.92578125,-20.99609375,-22.4609375
126.125,-70.3125,-9.765625,-21.97265625,-41.015625
126.12890625,-88.8671875,-20.99609375,-17.578125,-84.47265625
126.1328125,-112.3046875,-21.484375,-16.11328125,-110.83984375
126.13671875,-136.71875,3.41796875,-28.80859375,-123.53515625
126.140625,-130.37109375,9.765625,-32.71484375,-119.140625
126.14453125,-99.12109375,-24.90234375,-26.85546875,-104.4921875
126.1484375,-91.30859375,-33.69140625,-40.0390625,-116.69921875
126.15234375,-84.9609375,6.34765625,-54.19921875,-118.1640625
126.15625,-104.4921875,30.2734375,-65.4296875,-135.7421875
126.16015625,-124.51171875,29.78515625,-67.3828125,-152.34375
126.1640625,-101.07421875,22.4609375,-67.3828125,-125.9765625
126.16796875,-82.51953125,29.78515625,-79.58984375,-125.9765625
126.171875,-60.05859375,30.2734375,-86.42578125,-120.60546875
126.17578125,-47.36328125,14.6484375,-62.5,-92.7734375
126.1796875,-39.55078125,7.32421875,-45.41015625,-91.796875
126.18359375,-22.94921875,15.625,-49.31640625,-97.16796875
126.1875,-46.875,18.06640625,-56.15234375,-113.76953125
126.19140625,-54.6875,7.8125,-52.734375,-96.6796875
126.1953125,-48.828125,5.37109375,-49.31640625,-80.078125
126.19921875,-37.109375,3.90625,-51.7578125,-75.68359375
126.203125,-29.78515625,-4.39453125,-57.6171875,-66.89453125
126.20703125,-35.15625,1.953125,-54.6875,-61.5234375
126.2109375,-37.59765625,4.8828125,-49.8046875,-61.03515625
126.21484375,-47.8515625,-2.44140625,-40.0390625,-52.734375
126.21875,-42.48046875,-7.32421875,-39.55078125,-49.8046875
126.22265625,-37.109375,-6.8359375,-47.8515625,-82.51953125
126.2265625,-32.71484375,-6.8359375,-48.33984375,-76.66015625
126.23046875,-16.6015625,-8.7890625,-41.015625,-42.48046875
126.234375,-11.71875,-10.7421875,-30.2734375,-41.9921875
126.23828125,-4.39453125,-3.90625,-42.48046875,-39.0625
126.2421875,-8.30078125,-4.39453125,-45.41015625,-28.3203125
126.24609375,-14.16015625,-8.7890625,-24.4140625,-56.640625
126.25,-16.6015625,-1.953125,-14.6484375,-53.7109375
126.25390625,-19.53125,2.9296875,-20.99609375,-62.98828125
126.2578125,-20.5078125,-6.8359375,-25.390625,-58.10546875
126.26171875,-15.13671875,-11.23046875,-37.59765625,-43.45703125
126.265625,-15.13671875,-14.6484375,-38.57421875,-35.15625
126.26953125,-31.73828125,-26.85546875,-20.01953125,-16.6015625
126.2734375,-51.7578125,-25.87890625,-6.34765625,-42.48046875
126.27734375,-41.9921875,-8.7890625,-10.25390625,-54.6875
126.28125,-21.97265625,-4.39453125,-17.08984375,-49.8046875
126.28515625,-13.18359375,-7.8125,-16.6015625,-47.8515625
126.2890625,-16.6015625,-10.25390625,-19.53125,-33.69140625
126.29296875,-21.484375,-15.625,-10.25390625,-19.53125
126.296875,-29.296875,-16.6015625,-8.7890625,-13.18359375
126.30078125,-27.83203125,-9.27734375,-10.7421875,-17.08984375
126.3046875,-11.71875,-6.34765625,-11.71875,-13.671875
126.30859375,-7.8125,-20.5078125,-20.5078125,-13.671875
126.3125,-17.578125,-24.90234375,-17.08984375,-45.8984375
126.31640625,-19.04296875,-13.671875,-16.6015625,-40.52734375
126.3203125,-20.5078125,-8.7890625,-15.13671875,-19.53125
126.32421875,-28.80859375,-8.7890625,-5.37109375,-46.875
126.328125,-32.71484375,-8.7890625,-25.87890625,-57.12890625
126.33203125,-7.8125,-6.8359375,-34.1796875,-36.62109375
126.3359375,-8.30078125,-11.71875,1.953125,-27.83203125
126.33984375,-38.57421875,-15.13671875,16.11328125,-37.109375
126.34375,-44.43359375,-11.71875,8.30078125,-47.8515625
126.34765625,-33.203125,-14.6484375,-0.9765625,-46.38671875
126.3515625,-17.578125,-12.20703125,-11.71875,-30.76171875
126.35546875,6.8359375,-5.37109375,-29.296875,0.48828125
126.359375,-5.37109375,-23.92578125,-13.671875,-0.48828125
126.36328125,-27.34375,-38.57421875,5.37109375,-26.85546875
126.3671875,-42.96875,-32.2265625,-0.48828125,-39.0625
126.37109375,-42.96875,-15.13671875,-4.39453125,-25.390625
126.375,-30.76171875,-4.39453125,-5.859375,-22.4609375
126.37890625,-35.64453125,-10.25390625,-8.7890625,-34.66796875
126.3828125,-59.08203125,-16.6015625,-10.7421875,-34.1796875
126.38671875,-58.59375,-14.6484375,-6.34765625,-22.4609375
126.390625,-42.96875,-21.97265625,-9.27734375,-26.3671875
126.39453125,-44.921875,-25.390625,-10.7421875,-30.76171875
126.3984375,-49.8046875,-20.5078125,-13.18359375,-38.57421875
126.40234375,-45.41015625,-19.04296875,-23.92578125,-40.0390625
126.40625,-36.1328125,-19.53125,-12.20703125,-41.9921875
126.41015625,-28.80859375,-22.4609375,1.953125,-46.875
126.4140625,-35.15625,-18.06640625,-6.8359375,-58.10546875
126.41796875,-27.83203125,-13.18359375,-25.390625,-33.69140625
126.421875,-32.2265625,-9.765625,-18.5546875,-42.48046875
126.42578125,-60.05859375,-8.7890625,-6.34765625,-62.98828125
126.4296875,-58.59375,-9.765625,-4.39453125,-38.57421875
126.43359375,-20.5078125,-12.6953125,-3.41796875,-23.92578125
126.4375,-12.20703125,-20.99609375,-2.44140625,-11.71875
126.44140625,-29.296875,-22.4609375,-14.16015625,11.23046875
126.4453125,-51.7578125,-18.5546875,-24.90234375,-17.08984375
126.44921875,-66.40625,-15.13671875,-18.06640625,-54.19921875
126.453125,-42.96875,-12.6953125,-9.765625,-21.97265625
126.45703125,-25.87890625,-8.7890625,-17.578125,-12.20703125
126.4609375,-20.5078125,-11.23046875,-16.11328125,-29.78515625
126.46484375,-18.06640625,-20.01953125,-11.23046875,-38.57421875
126.46875,-37.59765625,-15.13671875,-12.6953125,-38.0859375
126.47265625,-35.15625,-5.859375,-13.18359375,-49.8046875
126.4765625,-26.85546875,-3.90625,-2.9296875,-16.11328125
126.48046875,-27.83203125,-5.859375,-3.41796875,-1.953125
126.484375,-22.94921875,-6.8359375,-10.7421875,-31.73828125
126.48828125,-18.06640625,-9.27734375,-8.30078125,-16.6015625
126.4921875,-7.32421875,-10.25390625,-19.04296875,-3.90625
126.49609375,-6.8359375,0.0,-31.73828125,-29.78515625
126.5,-17.578125,0.0,-15.13671875,-35.15625
126.50390625,-15.625,-8.7890625,6.34765625,-33.69140625
126.5078125,-9.765625,-7.8125,9.27734375,-25.87890625
126.51171875,-8.30078125,-2.44140625,-5.37109375,-10.7421875
126.515625,-18.06640625,-1.953125,-9.765625,-38.0859375
126.51953125,-15.625,-0.48828125,1.46484375,-50.29296875
126.5234375,-6.34765625,4.39453125,1.953125,-38.0859375
126.52734375,-19.53125,1.953125,-1.46484375,-40.52734375
126.53125,-17.08984375,-6.8359375,-0.9765625,-34.66796875
126.53515625,-8.30078125,-13.18359375,-3.90625,-10.7421875
126.5390625,2.44140625,-11.71875,-7.8125,-23.92578125
126.54296875,21.97265625,-16.11328125,-10.25390625,-11.23046875
126.546875,19.53125,-25.87890625,-7.32421875,12.20703125
126.55078125,20.01953125,-13.671875,-4.39453125,-15.13671875
126.5546875,9.765625,-3.90625,-9.27734375,-19.04296875
126.55859375,-8.30078125,-7.8125,-18.5546875,-42.48046875
126.5625,-1.953125,-4.39453125,-40.0390625,-31.73828125
126.56640625,-6.8359375,-3.41796875,-34.1796875,-16.11328125
126.5703125,-10.25390625,-10.25390625,-9.27734375,-38.0859375
126.57421875,-17.08984375,-16.11328125,-8.30078125,-49.31640625
126.578125,-21.484375,-11.71875,-18.06640625,-38.0859375
126.58203125,-5.37109375,-9.27734375,-22.94921875,-36.1328125
126.5859375,4.8828125,-9.27734375,-20.01953125,-37.109375
126.58984375,0.9765625,-11.71875,-19.04296875,-28.80859375
126.59375,0.0,-15.13671875,-20.01953125,-36.62109375
126.59765625,0.48828125,-16.11328125,-14.6484375,-37.109375
126.6015625,17.08984375,-9.765625,-24.4140625,-14.6484375
126.60546875,33.69140625,-11.23046875,-39.0625,-15.625
126.609375,13.18359375,-14.16015625,-21.97265625,-53.22265625
126.61328125,17.578125,-13.18359375,-7.32421875,-61.03515625
126.6171875,40.0390625,-12.6953125,-2.9296875,-41.015625
126.62109375,44.43359375,-14.6484375,-3.90625,-27.83203125
126.625,46.38671875,-20.99609375,-14.16015625,-28.80859375
126.62890625,43.9453125,-22.4609375,-14.16015625,-18.06640625
126.6328125,68.84765625,-17.578125,-11.23046875,1.953125
126.63671875,81.0546875,-7.32421875,-9.765625,-11.23046875
126.640625,58.10546875,-8.7890625,-11.71875,-19.53125
126.64453125,51.7578125,-13.18359375,-19.53125,-28.3203125
126.6484375,42.96875,-11.71875,-21.97265625,-40.52734375
126.65234375,42.96875,-9.765625,-21.97265625,-46.38671875
126.65625,71.2890625,-10.25390625,-25.87890625,-17.08984375
126.66015625,88.37890625,-16.6015625,-20.5078125,2.44140625
126.6640625,47.36328125,-16.11328125,-14.6484375,-26.3671875
126.66796875,16.11328125,-28.3203125,-9.27734375,-48.828125
126.671875,19.53125,-29.296875,4.8828125,-64.94140625
126.67578125,0.9765625,-16.6015625,3.41796875,-54.19921875
126.6796875,-16.6015625,-27.83203125,1.953125,-40.0390625
126.68359375,-2.9296875,-27.83203125,20.01953125,-38.57421875
126.6875,-6.8359375,-21.97265625,22.94921875,-43.45703125
126.69140625,-20.5078125,-25.390625,13.671875,-23.4375
126.6953125,-18.5546875,-38.0859375,27.34375,-7.8125
126.69921875,-10.25390625,-47.36328125,42.48046875,-29.296875
126.703125,-7.8125,-44.921875,28.3203125,-21.97265625
126.70703125,-39.55078125,-49.8046875,23.92578125,21.484375
126.7109375,-54.19921875,-50.78125,39.0625,-0.9765625
126.71484375,-27.83203125,-54.6875,47.8515625,-24.4140625
126.71875,-18.5546875,-57.12890625,41.50390625,-6.8359375
126.72265625,-18.06640625,-57.12890625,38.57421875,12.20703125
126.7265625,-13.18359375,-53.22265625,38.0859375,5.37109375
126.73046875,-20.5078125,-49.31640625,26.3671875,-4.39453125
126.734375,-3.41796875,-43.45703125,24.90234375,-9.765625
126.73828125,-4.8828125,-42.96875,13.18359375,-9.27734375
126.7421875,-10.25390625,-45.8984375,6.8359375,7.8125
126.74609375,-0.48828125,-40.52734375,14.6484375,13.671875
126.75,-4.8828125,-39.55078125,9.27734375,5.859375
126.75390625,6.34765625,-35.15625,3.90625,10.7421875
126.7578125,24.4140625,-31.25,-14.6484375,8.30078125
126.76171875,15.625,-39.0625,-27.34375,19.04296875
126.765625,9.27734375,-34.1796875,-9.765625,12.6953125
126.76953125,12.6953125,-28.80859375,5.37109375,5.37109375
126.7734375,2.9296875,-28.3203125,11.71875,19.53125
126.77734375,4.8828125,-12.20703125,19.04296875,1.953125
126.78125,13.671875,-7.32421875,4.8828125,2.44140625
126.78515625,-0.48828125,-16.6015625,6.8359375,20.99609375
126.7890625,-11.71875,-15.13671875,7.32421875,8.7890625
126.79296875,-5.859375,-19.04296875,-13.671875,3.90625
126.796875,0.9765625,-27.34375,-8.7890625,0.0
126.80078125,1.953125,-34.66796875,-2.9296875,-5.859375
126.8046875,9.765625,-28.80859375,-10.7421875,-0.9765625
126.80859375,-1.953125,-23.4375,-16.11328125,-13.18359375
126.8125,-13.18359375,-23.4375,-16.11328125,-4.8828125
126.81640625,20.5078125,-12.20703125,-20.99609375,19.53125
126.8203125,18.5546875,-19.53125,-14.16015625,-2.44140625
126.82421875,-17.578125,-30.2734375,-0.9765625,-18.5546875
126.828125,-20.99609375,-32.71484375,-3.90625,-10.7421875
126.83203125,-16.11328125,-34.66796875,-5.859375,-24.4140625
126.8359375,-5.859375,-24.4140625,-8.30078125,-9.27734375
126.83984375,7.32421875,-7.8125,-31.25,10.7421875
126.84375,4.39453125,-13.671875,-37.59765625,-5.859375
126.84765625,-5.859375,-25.87890625,-7.32421875,-22.94921875
126.8515625,-18.5546875,-28.80859375,-0.48828125,-13.671875
126.85546875,-13.18359375,-31.73828125,-4.39453125,-2.44140625
126.859375,-11.71875,-29.296875,-15.625,-6.34765625
126.86328125,-21.484375,-27.83203125,-22.94921875,-15.625
126.8671875,-4.8828125,-31.25,-19.04296875,-26.85546875
126.87109375,-0.48828125,-28.3203125,-19.53125,-20.5078125
126.875,-20.5078125,-27.34375,-20.5078125,-9.765625
126.87890625,-23.4375,-28.80859375,-24.4140625,-26.85546875
126.8828125,-11.23046875,-22.4609375,-20.99609375,-11.23046875
126.88671875,-10.7421875,-18.06640625,-15.13671875,7.8125
126.890625,-25.87890625,-18.5546875,-23.92578125,-8.30078125
126.89453125,-28.80859375,-20.5078125,-34.66796875,-10.7421875
126.8984375,-27.83203125,-21.484375,-31.25,-0.48828125
126.90234375,-36.1328125,-14.6484375,-17.08984375,9.765625
126.90625,-30.76171875,-2.9296875,-31.25,4.8828125
126.91015625,-31.25,-7.8125,-40.0390625,2.44140625
126.9140625,-30.76171875,-21.484375,-28.3203125,-1.46484375
126.91796875,-8.7890625,-11.23046875,-39.0625,-19.04296875
126.921875,-4.8828125,-5.37109375,-31.73828125,-18.06640625
126.92578125,-20.5078125,-18.5546875,-7.32421875,-36.1328125
126.9296875,-21.484375,-20.5078125,-5.37109375,-52.24609375
126.93359375,-17.08984375,-15.625,-13.18359375,-29.78515625
126.9375,-10.7421875,-11.23046875,-14.6484375,-22.4609375
126.94140625,2.44140625,-9.765625,-17.578125,-17.08984375
126.9453125,0.48828125,-17.578125,-19.04296875,14.16015625
126.94921875,-4.8828125,-19.04296875,-11.23046875,8.7890625
126.953125,-12.20703125,-15.625,-14.16015625,-16.11328125
126.95703125,-7.8125,-21.484375,-23.4375,-13.671875
126.9609375,3.90625,-16.11328125,-25.87890625,-6.8359375
126.96484375,2.9296875,-12.20703125,-24.4140625,-1.46484375
126.96875,-4.8828125,-20.99609375,-24.90234375,1.953125
126.97265625,-12.20703125,-23.92578125,-39.55078125,18.5546875
126.9765625,-10.25390625,-21.484375,-26.85546875,29.296875
126.98046875,-5.859375,-19.04296875,-0.9765625,4.8828125
126.984375,0.48828125,-15.13671875,3.90625,-6.34765625
126.98828125,0.9765625,-16.11328125,3.41796875,9.765625
126.9921875,-14.6484375,-24.4140625,-6.34765625,21.97265625
126.99609375,-23.4375,-25.390625,-19.53125,17.578125
127.0,-10.7421875,-26.85546875,-20.01953125,-5.859375
127.00390625,-2.9296875,-36.62109375,-20.5078125,-10.25390625
127.0078125,-17.578125,-31.25,-23.92578125,2.44140625
127.01171875,-18.06640625,-21.484375,-16.6015625,-2.9296875
127.015625,-14.6484375,-22.4609375,-15.625,9.27734375
127.01953125,-12.6953125,-22.4609375,-25.390625,18.06640625
127.0234375,-8.30078125,-21.484375,-25.87890625,14.6484375
127.02734375,-7.32421875,-22.4609375,-19.04296875,15.625
127.03125,-5.37109375,-24.4140625,-16.11328125,13.671875
127.03515625,2.44140625,-27.83203125,-20.99609375,-5.859375
127.0390625,-6.8359375,-22.94921875,-32.2265625,-1.953125
127.04296875,-20.99609375,-20.01953125,-30.2734375,-5.859375
127.046875,-12.20703125,-20.5078125,-23.4375,-26.3671875
127.05078125,-16.11328125,-16.11328125,-22.94921875,-14.6484375
127.0546875,-25.390625,-17.08984375,-24.90234375,-3.90625
127.05859375,-22.94921875,-18.06640625,-37.59765625,-25.390625
127.0625,-15.13671875,-20.5078125,-54.6875,-19.04296875
127.06640625,-14.6484375,-21.97265625,-35.15625,-0.9765625
127.0703125,-21.484375,-18.5546875,-5.37109375,14.16015625
127.07421875,-27.34375,-23.4375,-8.7890625,14.16015625
127.078125,-33.203125,-26.3671875,-12.6953125,-26.3671875
127.08203125,-25.87890625,-19.53125,-9.27734375,-39.55078125
127.0859375,-11.23046875,-17.08984375,-13.671875,-9.765625
127.08984375,1.46484375,-21.97265625,-17.578125,-1.46484375
127.09375,0.0,-22.4609375,-27.34375,-6.34765625
127.09765625,-14.16015625,-19.53125,-38.57421875,3.41796875
127.1015625,-8.7890625,-15.13671875,-24.90234375,10.7421875
127.10546875,0.48828125,-13.18359375,-13.671875,8.30078125
127.109375,2.44140625,-16.11328125,-14.16015625,-7.8125
127.11328125,1.46484375,-17.578125,-10.7421875,8.7890625
127.1171875,5.37109375,-9.765625,-18.06640625,19.04296875
127.12109375,12.6953125,-15.625,-29.296875,19.53125
127.125,-3.41796875,-22.4609375,-22.4609375,22.94921875
127.12890625,-59.08203125,-16.11328125,-5.37109375,-18.06640625
127.1328125,-86.9140625,-14.16015625,5.859375,-41.015625
127.13671875,-63.96484375,-17.578125,-2.44140625,-26.3671875
127.140625,-49.8046875,-24.4140625,-14.16015625,0.9765625
127.14453125,-50.78125,-20.5078125,-10.25390625,-0.9765625
127.1484375,-36.1328125,-20.5078125,-2.44140625,-18.5546875
127.15234375,-38.57421875,-25.390625,-5.859375,-23.4375
127.15625,-20.99609375,-14.6484375,-12.20703125,-8.7890625
127.16015625,20.01953125,-2.44140625,-14.6484375,8.30078125
127.1640625,27.34375,-9.27734375,-20.01953125,9.27734375
127.16796875,-6.8359375,-18.06640625,-13.671875,-3.41796875
127.171875,-22.94921875,-20.5078125,-7.32421875,3.41796875
127.17578125,-11.23046875,-18.06640625,-10.7421875,15.625
127.1796875,6.8359375,-16.11328125,-5.37109375,2.9296875
127.18359375,6.8359375,-14.16015625,-5.37109375,-22.94921875
127.1875,1.46484375,-19.04296875,-15.13671875,-20.01953125
127.19140625,7.8125,-20.5078125,-21.97265625,-22.94921875
127.1953125,2.9296875,-15.13671875,-30.2734375,-19.53125
127.19921875,2.44140625,-20.5078125,-24.90234375,7.8125
127.203125,0.0,-28.80859375,-15.13671875,9.765625
127.20703125,-0.9765625,-22.4609375,-27.34375,7.32421875
127.2109375,11.71875,-16.11328125,-45.8984375,-1.46484375
127.21484375,3.41796875,-20.99609375,-20.99609375,-19.53125
127.21875,7.8125,-21.484375,10.25390625,-6.34765625
127.22265625,10.25390625,-17.578125,7.32421875,6.8359375
127.2265625,17.08984375,-7.32421875,-6.8359375,-8.30078125
127.23046875,32.71484375,-8.7890625,-14.16015625,-30.2734375
127.234375,15.13671875,-19.53125,-13.18359375,-29.296875
127.23828125,13.671875,-16.6015625,-17.578125,0.48828125
127.2421875,27.34375,-5.37109375,-36.62109375,34.66796875
127.24609375,4.8828125,-13.671875,-34.1796875,27.34375
127.25,-13.671875,-26.85546875,-20.01953125,-22.4609375
127.25390625,-15.13671875,-25.390625,-13.18359375,-36.1328125
127.2578125,-12.20703125,-24.4140625,-5.859375,-13.671875
127.26171875,-15.13671875,-29.296875,-6.34765625,-16.6015625
127.265625,-7.8125,-27.83203125,-11.23046875,-7.8125
127.26953125,-0.9765625,-20.99609375,-15.13671875,5.37109375
127.2734375,-23.4375,-21.484375,-41.015625,3.41796875
127.27734375,-25.87890625,-26.85546875,-54.19921875,-5.859375
127.28125,0.0,-24.90234375,-32.2265625,3.90625
127.28515625,-4.8828125,-16.6015625,-14.6484375,-9.765625
127.2890625,-20.01953125,-14.16015625,-5.37109375,-21.97265625
127.29296875,-25.87890625,-15.13671875,-6.34765625,0.48828125
127.296875,-29.78515625,-14.6484375,-20.01953125,5.37109375
127.30078125,-21.97265625,-10.7421875,-20.5078125,3.41796875
127.3046875,-20.01953125,-11.23046875,-20.5078125,-7.32421875
127.30859375,-22.4609375,-20.01953125,-18.06640625,-16.11328125
127.3125,-26.85546875,-20.01953125,-8.30078125,-25.390625
127.31640625,-36.62109375,-15.13671875,-3.41796875,-20.5078125
127.3203125,-23.92578125,-11.23046875,-4.39453125,0.0
127.32421875,-27.34375,-17.578125,-9.27734375,-30.2734375
127.328125,-31.25,-21.97265625,-22.94921875,-29.296875
127.33203125,-25.390625,-15.625,-43.9453125,35.15625
127.3359375,-21.97265625,-15.625,-25.87890625,1.46484375
127.33984375,-21.484375,-27.34375,-2.44140625,-45.41015625
127.34375,-36.1328125,-32.2265625,-1.46484375,-13.671875
127.34765625,-33.203125,-18.5546875,-11.71875,4.39453125
127.3515625,-40.52734375,-14.6484375,-24.90234375,-1.46484375
127.35546875,-60.546875,-17.578125,-20.01953125,-8.7890625
127.359375,-62.5,-16.6015625,-15.13671875,-14.16015625
127.36328125,-63.4765625,-20.99609375,-20.99609375,-22.94921875
127.3671875,-66.40625,-19.53125,-28.3203125,-6.34765625
127.37109375,-55.6640625,-20.5078125,-30.76171875,-10.7421875
127.375,-36.1328125,-25.87890625,-34.1796875,-20.99609375
127.37890625,-37.59765625,-18.06640625,-25.87890625,-11.23046875
127.3828125,-45.41015625,-18.06640625,-19.53125,1.46484375
127.38671875,-37.109375,-23.92578125,-20.01953125,4.8828125
127.390625,-37.59765625,-22.94921875,-21.97265625,1.953125
127.39453125,-39.55078125,-29.78515625,-35.15625,-5.37109375
127.3984375,-30.2734375,-25.87890625,-39.0625,-15.625
127.40234375,-12.20703125,-16.11328125,-23.4375,-18.5546875
127.40625,9.27734375,-15.13671875,-35.15625,7.8125
127.41015625,9.27734375,-20.99609375,-49.8046875,-0.9765625
127.4140625,12.6953125,-28.3203125,-21.97265625,-12.6953125
127.41796875,27.34375,-26.3671875,11.71875,12.20703125
127.421875,18.5546875,-13.671875,-0.48828125,2.44140625
127.42578125,5.37109375,-6.8359375,-33.69140625,-34.1796875
127.4296875,7.8125,-8.7890625,-29.78515625,-36.62109375
127.43359375,-0.48828125,-17.08984375,-20.01953125,-36.1328125
127.4375,-13.18359375,-27.83203125,-32.2265625,-43.9453125
127.44140625,-33.69140625,-22.4609375,-43.45703125,-62.5
127.4453125,-41.9921875,-8.30078125,-46.38671875,-62.01171875
127.44921875,-20.5078125,-6.34765625,-52.734375,-41.015625
127.453125,-12.6953125,-9.765625,-62.01171875,-57.6171875
127.45703125,-28.3203125,-11.71875,-69.82421875,-60.05859375
127.4609375,-41.015625,-11.23046875,-76.66015625,-63.96484375
127.46484375,-23.4375,-6.8359375,-81.0546875,-56.640625
127.46875,-9.765625,-3.90625,-75.1953125,-57.12890625
127.47265625,-15.13671875,7.32421875,-93.26171875,-90.33203125
127.4765625,-19.53125,9.765625,-105.95703125,-68.84765625
127.48046875,-23.4375,-4.39453125,-82.51953125,-73.73046875
127.484375,-35.64453125,-6.8359375,-72.265625,-78.125
127.48828125,-40.0390625,-5.859375,-68.84765625,-51.7578125
127.4921875,-25.87890625,-15.13671875,-69.82421875,-40.52734375
127.49609375,-36.1328125,-7.8125,-62.5,-82.03125
127.5,-41.015625,4.39453125,-63.4765625,-94.7265625
127.50390625,-26.3671875,8.30078125,-80.078125,-61.5234375
127.5078125,-21.484375,-1.46484375,-74.70703125,-53.22265625
127.51171875,-25.390625,-7.8125,-66.89453125,-63.96484375
127.515625,-32.2265625,-10.25390625,-71.77734375,-77.1484375
127.51953125,-15.13671875,-15.625,-57.6171875,-51.7578125
127.5234375,-12.20703125,-21.97265625,-46.875,-26.85546875
127.52734375,-36.1328125,-20.01953125,-52.24609375,-40.0390625
127.53125,-35.15625,-9.765625,-51.26953125,-38.0859375
127.53515625,-27.83203125,-8.7890625,-58.59375,-31.25
127.5390625,-16.11328125,-13.18359375,-64.94140625,-21.484375
127.54296875,-19.04296875,-12.6953125,-50.29296875,-26.3671875
127.546875,-30.2734375,-9.765625,-43.45703125,-45.8984375
127.55078125,-32.71484375,-19.04296875,-46.38671875,-35.15625
127.5546875,-41.50390625,-23.92578125,-53.22265625,-18.5546875
127.55859375,-44.43359375,-23.4375,-44.921875,-7.32421875
127.5625,-27.34375,-19.53125,-35.64453125,-21.484375
127.56640625,-2.44140625,-12.6953125,-43.45703125,-16.6015625
127.5703125,-17.578125,-11.71875,-55.6640625,-20.01953125
127.57421875,-33.69140625,-15.625,-48.828125,-27.83203125
127.578125,-49.8046875,-26.3671875,-41.015625,-44.921875
127.58203125,-68.359375,-30.76171875,-30.76171875,-26.85546875
127.5859375,-55.17578125,-25.87890625,-39.55078125,-13.18359375
127.58984375,-48.828125,-20.5078125,-52.734375,-17.578125
127.59375,-51.26953125,-17.578125,-29.296875,7.8125
127.59765625,-69.3359375,-20.5078125,-20.5078125,-9.765625
127.6015625,-70.3125,-18.5546875,-24.4140625,-32.71484375
127.60546875,-68.84765625,-19.04296875,-34.1796875,-30.2734375
127.609375,-60.05859375,-23.92578125,-33.203125,-30.2734375
127.61328125,-34.1796875,-26.85546875,-30.76171875,-27.83203125
127.6171875,-43.45703125,-28.3203125,-37.109375,-26.3671875
127.62109375,-50.29296875,-18.06640625,-32.2265625,-6.8359375
127.625,-32.71484375,-19.04296875,-44.43359375,-10.7421875
127.62890625,-23.4375,-28.80859375,-47.8515625,-20.01953125
127.6328125,-22.4609375,-27.83203125,-27.34375,-14.6484375
127.63671875,-22.94921875,-20.5078125,-21.484375,-9.27734375
127.640625,-10.7421875,-9.765625,-11.71875,-3.90625
127.64453125,-3.90625,-5.859375,-22.94921875,1.46484375
127.6484375,-18.06640625,-9.27734375,-31.25,0.0
127.65234375,-40.52734375,-13.671875,-16.6015625,-8.7890625
127.65625,-42.96875,-20.01953125,-15.625,-8.30078125
127.66015625,-30.76171875,-19.04296875,-15.625,-1.953125
127.6640625,-14.16015625,-17.08984375,-16.6015625,-3.41796875
127.66796875,0.0,-22.94921875,-27.83203125,-7.8125
127.671875,-2.9296875,-23.4375,-34.1796875,-2.44140625
127.67578125,-11.71875,-16.11328125,-28.3203125,1.953125
127.6796875,-16.11328125,-18.5546875,-25.87890625,-4.39453125
127.68359375,-19.53125,-24.90234375,-22.94921875,-33.203125
127.6875,-15.13671875,-28.80859375,-29.296875,-39.55078125
127.69140625,-19.53125,-28.80859375,-32.2265625,-17.08984375
127.6953125,-32.2265625,-23.4375,-33.203125,-24.90234375
127.69921875,-24.90234375,-24.4140625,-39.55078125,-43.9453125
127.703125,-15.13671875,-29.296875,-35.64453125,-35.64453125
127.70703125,-20.01953125,-24.90234375,-28.3203125,-15.625
127.7109375,-29.296875,-17.08984375,-34.1796875,-19.04296875
127.71484375,-41.50390625,-18.5546875,-46.38671875,-23.92578125
127.71875,-29.78515625,-20.99609375,-40.52734375,-7.32421875
127.72265625,-14.6484375,-17.08984375,-30.76171875,-10.7421875
127.7265625,-29.296875,-13.18359375,-24.90234375,-14.6484375
127.73046875,-29.296875,-18.5546875,-27.83203125,-12.20703125
127.734375,-5.37109375,-29.296875,-36.1328125,-9.765625
127.73828125,-24.4140625,-28.80859375,-35.15625,-14.6484375
127.7421875,-50.29296875,-17.08984375,-33.203125,-39.55078125
127.74609375,-28.3203125,-6.8359375,-38.0859375,-29.78515625
127.75,-18.06640625,-13.18359375,-44.43359375,-24.4140625
127.75390625,-27.34375,-20.99609375,-26.85546875,-24.90234375
127.7578125,-26.3671875,-27.34375,-19.53125,-10.7421875
127.76171875,-30.76171875,-26.3671875,-21.97265625,-9.765625
127.765625,-34.66796875,-23.4375,-16.6015625,-25.390625
127.76953125,-19.53125,-22.4609375,-19.04296875,-27.83203125
127.7734375,-19.04296875,-24.4140625,-22.4609375,-29.296875
127.77734375,-27.83203125,-27.34375,-20.99609375,-24.90234375
127.78125,-32.2265625,-20.01953125,-21.484375,-15.13671875
127.78515625,-25.87890625,-15.13671875,-24.90234375,-30.2734375
127.7890625,-17.578125,-21.484375,-24.4140625,-18.5546875
127.79296875,-3.90625,-21.97265625,-13.671875,14.16015625
127.796875,-19.04296875,-24.90234375,-20.5078125,-21.97265625
127.80078125,-46.38671875,-27.34375,-29.296875,-50.29296875
127.8046875,-49.8046875,-23.92578125,-33.69140625,-40.0390625
127.80859375,-39.0625,-23.92578125,-34.1796875,-38.57421875
127.8125,-24.90234375,-19.04296875,-34.66796875,-22.94921875
127.81640625,-22.94921875,-10.25390625,-49.31640625,-10.25390625
127.8203125,-49.31640625,-16.11328125,-44.43359375,-25.390625
127.82421875,-68.359375,-20.01953125,-23.4375,-49.31640625
127.828125,-48.33984375,-20.99609375,-17.578125,-41.9921875
127.83203125,-43.45703125,-20.99609375,-19.53125,-30.76171875
127.8359375,-40.0390625,-22.94921875,-20.5078125,-27.83203125
127.83984375,-32.2265625,-22.4609375,-25.87890625,-15.13671875
127.84375,-41.50390625,-20.01953125,-20.99609375,-3.41796875
127.84765625,-38.0859375,-15.625,-15.625,-0.48828125
127.8515625,-28.80859375,-13.18359375,-23.4375,-12.6953125
127.85546875,-15.13671875,-13.18359375,-16.11328125,-12.20703125
127.859375,-21.97265625,-15.625,-10.25390625,-6.8359375
127.86328125,-21.97265625,-14.6484375,-10.7421875,-14.16015625
127.8671875,-18.06640625,-12.20703125,-5.37109375,-17.08984375
127.87109375,-37.59765625,-11.71875,-18.06640625,-14.16015625
127.875,-37.109375,-3.90625,-27.83203125,-17.578125
127.87890625,-36.1328125,5.859375,-14.6484375,-25.390625
127.8828125,-56.15234375,-0.9765625,-15.13671875,-42.48046875
127.88671875,-45.41015625,-9.765625,-15.625,-27.34375
127.890625,-27.34375,-16.11328125,-6.34765625,6.8359375
127.89453125,-14.16015625,-18.06640625,-8.30078125,-20.01953125
127.8984375,-20.01953125,-10.25390625,-16.6015625,-15.13671875
127.90234375,-27.34375,-5.37109375,-20.01953125,-8.30078125
127.90625,-26.85546875,-7.32421875,-22.4609375,-21.484375
127.91015625,-25.87890625,-11.71875,-22.4609375,-11.23046875
127.9140625,-34.66796875,-12.6953125,-17.578125,-0.48828125
127.91796875,-30.76171875,0.9765625,-33.69140625,-29.78515625
127.921875,-33.203125,-0.9765625,-43.45703125,-33.69140625
127.92578125,-53.22265625,-19.04296875,-20.01953125,-7.32421875
127.9296875,-52.24609375,-25.390625,-6.34765625,-16.6015625
127.93359375,-50.78125,-26.85546875,-16.6015625,-23.92578125
127.9375,-66.40625,-27.34375,-19.53125,-22.4609375
127.94140625,-75.68359375,-26.3671875,-6.34765625,-28.80859375
127.9453125,-60.05859375,-20.01953125,-5.859375,-20.99609375
127.94921875,-42.96875,-12.20703125,-23.92578125,-2.44140625
127.953125,-40.0390625,-15.13671875,-32.71484375,3.41796875
127.95703125,-49.31640625,-24.4140625,-9.765625,-4.8828125
127.9609375,-58.10546875,-29.78515625,4.39453125,-25.390625
127.96484375,-58.59375,-30.76171875,-2.44140625,-32.2265625
127.96875,-48.828125,-31.25,-2.9296875,-6.34765625
127.97265625,-45.41015625,-31.73828125,1.46484375,12.6953125
127.9765625,-57.12890625,-27.34375,-20.5078125,-15.625
127.98046875,-37.59765625,-20.5078125,-36.1328125,-16.11328125
127.984375,-23.92578125,-18.06640625,-7.32421875,17.578125
127.98828125,-37.109375,-24.90234375,6.8359375,-6.8359375
127.9921875,-29.78515625,-23.4375,-4.39453125,-15.625
127.99609375,-29.296875,-24.4140625,-15.625,-28.80859375
128.0,-36.1328125,-32.2265625,-18.5546875,-27.83203125
128.00390625,-20.01953125,-24.90234375,-20.01953125,0.9765625
128.0078125,-13.18359375,-16.6015625,-24.4140625,-1.46484375
128.01171875,-33.203125,-26.85546875,-22.94921875,-8.7890625
128.015625,-38.57421875,-32.71484375,-21.484375,-23.92578125
128.01953125,-35.15625,-35.64453125,-26.85546875,-31.25
128.0234375,-34.66796875,-31.73828125,-27.34375,-17.08984375
128.02734375,-31.73828125,-26.85546875,-22.4609375,-16.6015625
128.03125,-37.59765625,-39.0625,-26.85546875,-27.83203125
128.03515625,-36.62109375,-34.66796875,-26.85546875,-15.625
128.0390625,-37.59765625,-14.16015625,-22.94921875,0.9765625
128.04296875,-41.015625,-11.23046875,-21.484375,9.765625
128.046875,-31.73828125,-18.06640625,-20.99609375,4.39453125
128.05078125,-18.5546875,-17.578125,-26.85546875,8.7890625
128.0546875,-7.32421875,-13.18359375,-29.78515625,-1.953125
128.05859375,-7.32421875,-16.6015625,-22.4609375,-22.94921875
128.0625,-14.6484375,-18.06640625,-15.625,-15.13671875
128.06640625,-21.484375,-17.578125,-10.7421875,0.9765625
128.0703125,-17.08984375,-20.99609375,-6.34765625,-2.9296875
128.07421875,-21.97265625,-20.01953125,-6.34765625,-10.25390625
128.078125,-27.34375,-24.90234375,-7.32421875,-4.39453125
128.08203125,-32.2265625,-32.2265625,-4.8828125,-17.08984375
128.0859375,-47.8515625,-27.83203125,-7.8125,-26.85546875
128.08984375,-44.921875,-19.53125,-18.5546875,-0.48828125
128.09375,-28.3203125,-18.5546875,-33.69140625,-6.8359375
128.09765625,-20.01953125,-21.97265625,-22.4609375,-25.87890625
128.1015625,-22.4609375,-26.3671875,-5.859375,-12.6953125
128.10546875,-20.5078125,-37.109375,-14.16015625,-7.32421875
128.109375,-17.578125,-37.59765625,-9.765625,-9.27734375
128.11328125,-20.01953125,-22.94921875,-8.7890625,-8.7890625
128.1171875,-1.953125,-9.27734375,-28.80859375,0.48828125
128.12109375,25.87890625,-8.30078125,-19.53125,11.71875
128.125,3.41796875,-27.34375,7.32421875,8.7890625
128.12890625,-31.25,-31.73828125,18.5546875,3.90625
128.1328125,-22.4609375,-23.4375,12.6953125,-5.37109375
128.13671875,-18.5546875,-25.390625,3.90625,-14.16015625
128.140625,-15.625,-34.66796875,0.9765625,-23.4375
128.14453125,-36.1328125,-46.38671875,-6.8359375,-26.85546875
128.1484375,-54.6875,-53.7109375,-1.46484375,-23.92578125
128.15234375,-60.05859375,-57.6171875,8.30078125,-35.15625
128.15625,-62.98828125,-56.15234375,11.71875,-24.4140625
128.16015625,-43.45703125,-59.5703125,17.578125,-0.48828125
128.1640625,-50.29296875,-76.171875,15.625,-33.69140625
128.16796875,-56.15234375,-76.66015625,20.01953125,-27.34375
128.171875,-79.1015625,-67.87109375,39.0625,-38.57421875
128.17578125,-106.93359375,-64.94140625,36.62109375,-48.828125
128.1796875,-85.44921875,-61.03515625,32.71484375,-41.9921875
128.18359375,-83.0078125,-61.5234375,55.17578125,-29.296875
128.1875,-83.49609375,-70.80078125,66.89453125,-21.97265625
128.19140625,-62.98828125,-70.80078125,51.26953125,-17.08984375
128.1953125,-83.984375,-69.3359375,33.69140625,-2.44140625
128.19921875,-77.63671875,-69.3359375,60.05859375,-2.44140625
128.203125,-55.17578125,-66.40625,59.08203125,-11.23046875
128.20703125,-68.359375,-63.4765625,40.0390625,2.44140625
128.2109375,-56.15234375,-67.3828125,42.96875,11.23046875
128.21484375,-42.48046875,-75.1953125,58.10546875,14.16015625
128.21875,-62.98828125,-65.4296875,58.10546875,7.8125
128.22265625,-79.1015625,-59.5703125,39.55078125,-15.13671875
128.2265625,-71.2890625,-58.59375,27.34375,-24.90234375
128.23046875,-52.734375,-47.8515625,39.0625,-17.578125
128.234375,-35.15625,-39.55078125,26.3671875,7.32421875
128.23828125,-20.99609375,-31.73828125,12.6953125,-1.953125
128.2421875,-40.0390625,-29.78515625,39.55078125,8.30078125
128.24609375,-51.26953125,-36.1328125,47.36328125,-0.48828125
128.25,-63.4765625,-40.52734375,30.2734375,-38.57421875
128.25390625,-57.6171875,-39.0625,24.4140625,-33.203125
128.2578125,-46.875,-41.015625,30.76171875,-20.01953125
128.26171875,-31.73828125,-33.203125,21.484375,-8.7890625
128.265625,-20.99609375,-23.92578125,7.32421875,14.16015625
128.26953125,-43.45703125,-36.62109375,24.90234375,8.7890625
128.2734375,-44.921875,-42.96875,39.0625,-6.34765625
128.27734375,-36.1328125,-35.64453125,33.69140625,-21.97265625
128.28125,-36.1328125,-30.2734375,33.69140625,-39.0625
128.28515625,-36.62109375,-31.73828125,32.71484375,-53.7109375
128.2890625,-36.1328125,-32.71484375,22.4609375,-36.1328125
128.29296875,-14.16015625,-30.2734375,17.578125,12.20703125
128.296875,0.9765625,-34.66796875,24.4140625,-0.9765625
128.30078125,-14.16015625,-35.15625,29.78515625,-7.32421875
128.3046875,-25.390625,-36.62109375,35.15625,-3.90625
128.30859375,-22.94921875,-34.1796875,42.96875,-9.765625
128.3125,-33.69140625,-35.15625,44.921875,10.25390625
128.31640625,-41.9921875,-37.59765625,37.59765625,-22.4609375
128.3203125,-26.3671875,-31.25,11.23046875,-32.71484375
128.32421875,-16.11328125,-29.78515625,6.34765625,-22.4609375
128.328125,-20.99609375,-35.64453125,27.34375,-31.25
128.33203125,-22.4609375,-31.25,24.4140625,-27.83203125
128.3359375,-30.76171875,-24.90234375,14.6484375,-23.4375
128.33984375,-27.83203125,-29.78515625,10.7421875,-24.4140625
128.34375,-23.4375,-34.66796875,0.9765625,-25.390625
128.34765625,-30.2734375,-34.1796875,-4.8828125,-22.4609375
128.3515625,-26.3671875,-34.66796875,-5.859375,4.39453125
128.35546875,-34.1796875,-35.15625,-4.8828125,7.32421875
128.359375,-42.96875,-30.76171875,10.25390625,-27.34375
128.36328125,-24.4140625,-16.11328125,18.5546875,-26.3671875
128.3671875,-6.8359375,-13.18359375,3.41796875,-20.01953125
128.37109375,-27.34375,-19.04296875,4.39453125,-35.64453125
128.375,-46.875,-24.4140625,14.16015625,-43.9453125
128.37890625,-47.8515625,-24.90234375,13.18359375,-31.73828125
128.3828125,-47.36328125,-18.5546875,3.41796875,-20.5078125
128.38671875,-30.2734375,-19.04296875,4.39453125,-25.390625
128.390625,-23.92578125,-24.90234375,17.08984375,-38.0859375
128.39453125,-17.08984375,-31.73828125,25.390625,-23.4375
128.3984375,-9.27734375,-29.78515625,28.80859375,-12.6953125
128.40234375,-22.94921875,-20.99609375,22.4609375,-25.87890625
128.40625,-29.296875,-22.4609375,4.39453125,-39.0625
128.41015625,-25.87890625,-22.94921875,0.48828125,-36.62109375
128.4140625,-30.76171875,-23.4375,0.9765625,-22.94921875
128.41796875,-26.3671875,-26.85546875,-0.9765625,-11.71875
128.421875,-26.85546875,-23.4375,3.41796875,-10.7421875
128.42578125,-26.85546875,-24.90234375,11.23046875,-20.01953125
128.4296875,-27.34375,-25.87890625,8.7890625,-22.94921875
128.43359375,-34.66796875,-23.4375,9.27734375,-32.71484375
128.4375,-17.578125,-21.97265625,21.97265625,-30.2734375
128.44140625,-21.484375,-26.3671875,0.0,-32.71484375
128.4453125,-19.53125,-35.64453125,-11.23046875,-7.8125
128.44921875,-21.484375,-27.34375,19.53125,3.41796875
128.453125,-35.64453125,-23.4375,26.3671875,-34.1796875
128.45703125,-41.9921875,-28.3203125,11.23046875,-38.0859375
128.4609375,-48.33984375,-27.83203125,-2.44140625,-28.3203125
128.46484375,-32.2265625,-21.484375,2.44140625,-10.25390625
128.46875,-21.484375,-22.94921875,7.32421875,-23.92578125
128.47265625,-40.0390625,-34.66796875,-1.953125,-27.83203125
128.4765625,-41.50390625,-33.203125,0.9765625,-12.6953125
128.48046875,-15.13671875,-23.4375,0.9765625,-30.76171875
128.484375,-22.4609375,-28.3203125,-14.16015625,-33.69140625
128.48828125,-27.34375,-33.203125,-22.4609375,-34.1796875
128.4921875,-21.97265625,-28.80859375,-32.2265625,-43.45703125
128.49609375,-23.4375,-26.3671875,-34.1796875,-50.78125
128.5,-20.5078125,-24.4140625,-25.87890625,-51.7578125
128.50390625,-32.2265625,-20.5078125,-16.6015625,-18.5546875
128.5078125,-39.0625,-21.484375,-5.859375,-11.71875
128.51171875,-17.08984375,-21.97265625,-4.8828125,-27.83203125
128.515625,-14.6484375,-23.92578125,-6.34765625,-9.765625
128.51953125,-14.6484375,-23.92578125,-2.44140625,-3.41796875
128.5234375,-13.18359375,-20.99609375,2.9296875,-24.4140625
128.52734375,-30.2734375,-18.06640625,-2.44140625,-24.4140625
128.53125,-26.85546875,-20.5078125,-10.7421875,-17.578125
128.53515625,-23.92578125,-23.4375,-20.99609375,-10.7421875
128.5390625,-27.83203125,-24.90234375,-34.1796875,-9.765625
128.54296875,-24.90234375,-25.390625,-14.16015625,-29.296875
128.546875,-29.78515625,-26.85546875,2.44140625,-35.64453125
128.55078125,-21.97265625,-22.4609375,10.25390625,-41.015625
128.5546875,-8.30078125,-15.625,14.6484375,-40.52734375
128.55859375,-10.7421875,-16.6015625,-0.9765625,-32.71484375
128.5625,-5.37109375,-19.04296875,-7.32421875,-29.296875
128.56640625,-6.34765625,-17.08984375,-6.34765625,-21.97265625
128.5703125,-16.11328125,-25.390625,-12.6953125,-7.32421875
128.57421875,-6.34765625,-30.76171875,-14.16015625,-16.6015625
128.578125,-10.25390625,-30.76171875,-24.4140625,-44.921875
128.58203125,-18.06640625,-27.83203125,-20.99609375,-48.33984375
128.5859375,-15.625,-28.3203125,-0.9765625,-41.9921875
128.58984375,-15.625,-28.80859375,-1.46484375,-32.71484375
128.59375,-14.16015625,-23.4375,-7.8125,-36.1328125
128.59765625,-12.20703125,-17.578125,-11.23046875,-49.31640625
128.6015625,-23.92578125,-21.484375,-18.06640625,-31.25
128.60546875,-22.94921875,-25.87890625,-18.06640625,-26.3671875
128.609375,-14.16015625,-22.94921875,-10.25390625,0.48828125
128.61328125,-13.18359375,-16.6015625,-13.18359375,-0.48828125
128.6171875,-20.01953125,-14.16015625,-30.2734375,-44.921875
128.62109375,-29.296875,-14.16015625,-37.109375,-30.2734375
128.625,-3.90625,-13.671875,-17.578125,-36.1328125
128.62890625,-2.9296875,-23.92578125,-10.25390625,-58.59375
128.6328125,-33.203125,-28.80859375,-18.5546875,-35.15625
128.63671875,-44.921875,-22.94921875,-13.671875,-26.3671875
128.640625,-51.7578125,-19.53125,-4.8828125,-32.71484375
128.64453125,-45.41015625,-16.6015625,-4.8828125,-31.25
128.6484375,-44.921875,-18.06640625,-7.32421875,-36.62109375
128.65234375,-47.8515625,-21.484375,-6.34765625,-21.97265625
128.65625,-40.52734375,-22.94921875,-13.671875,-34.1796875
128.66015625,-34.66796875,-24.4140625,-17.578125,-56.640625
128.6640625,-35.64453125,-24.90234375,-16.11328125,-41.9921875
128.66796875,-45.41015625,-24.90234375,-14.6484375,-43.9453125
128.671875,-38.57421875,-22.4609375,-0.9765625,-42.96875
128.67578125,-18.06640625,-20.5078125,4.8828125,-23.4375
128.6796875,-32.71484375,-27.34375,-12.6953125,-23.4375
128.68359375,-32.2265625,-33.203125,-13.18359375,-36.1328125
128.6875,-14.6484375,-34.66796875,4.39453125,-26.85546875
128.69140625,-35.15625,-29.296875,6.34765625,-47.36328125
128.6953125,-46.38671875,-18.06640625,8.7890625,-56.640625
128.69921875,-44.43359375,-24.4140625,20.01953125,-38.57421875
128.703125,-40.0390625,-29.296875,25.87890625,-23.4375
128.70703125,-50.78125,-22.4609375,25.87890625,-20.5078125
128.7109375,-83.49609375,-23.4375,13.18359375,-55.6640625
128.71484375,-112.3046875,-25.390625,-0.9765625,-101.07421875
128.71875,-113.28125,-19.53125,-5.859375,-123.53515625
128.72265625,-122.55859375,-14.16015625,-1.953125,-137.20703125
128.7265625,-127.9296875,-16.11328125,-6.8359375,-143.06640625
128.73046875,-135.25390625,-20.01953125,-23.4375,-144.04296875
128.734375,-164.55078125,-19.53125,-31.73828125,-187.5
128.73828125,-184.08203125,-17.578125,-37.109375,-219.23828125
128.7421875,-170.8984375,-9.27734375,-49.8046875,-197.265625
128.74609375,-171.875,5.37109375,-66.89453125,-185.546875
128.75,-174.8046875,17.578125,-72.75390625,-200.68359375
128.75390625,-161.62109375,19.04296875,-77.1484375,-188.96484375
128.7578125,-120.1171875,8.30078125,-77.63671875,-178.22265625
128.76171875,-123.53515625,-0.9765625,-82.51953125,-205.56640625
128.765625,-148.4375,1.46484375,-95.703125,-192.87109375
128.76953125,-130.37109375,-9.765625,-103.515625,-155.76171875
128.7734375,-117.1875,-2.44140625,-107.91015625,-136.23046875
128.77734375,-133.7890625,25.87890625,-107.91015625,-170.41015625
128.78125,-111.328125,28.3203125,-102.05078125,-188.96484375
128.78515625,-83.984375,11.71875,-87.40234375,-159.1796875
128.7890625,-90.33203125,16.11328125,-83.984375,-133.7890625
128.79296875,-70.3125,32.71484375,-88.8671875,-101.5625
128.796875,-67.3828125,30.76171875,-90.8203125,-122.0703125
128.80078125,-20.5078125,34.66796875,-92.7734375,-84.47265625
128.8046875,7.8125,39.0625,-101.5625,-47.36328125
128.80859375,-15.625,25.87890625,-82.51953125,-89.35546875
128.8125,-21.97265625,13.18359375,-62.01171875,-76.171875
128.81640625,-13.18359375,2.9296875,-62.01171875,-40.0390625
128.8203125,-6.34765625,-1.46484375,-61.03515625,-41.015625
128.82421875,-0.9765625,3.41796875,-59.5703125,-32.71484375
128.828125,3.41796875,5.37109375,-54.6875,-27.83203125
128.83203125,12.20703125,-0.48828125,-53.22265625,-9.27734375
128.8359375,16.6015625,-7.32421875,-59.08203125,4.39453125
128.83984375,30.2734375,-16.11328125,-64.94140625,-3.90625
128.84375,56.15234375,-12.20703125,-63.96484375,10.7421875
128.84765625,50.78125,-7.8125,-56.15234375,9.765625
128.8515625,27.34375,-15.625,-60.546875,8.7890625
128.85546875,21.484375,-9.27734375,-66.40625,-12.6953125
128.859375,13.18359375,-7.32421875,-57.12890625,-28.3203125
128.86328125,13.18359375,-7.32421875,-47.36328125,-8.7890625
128.8671875,19.04296875,-9.27734375,-39.0625,-18.5546875
128.87109375,10.7421875,-16.6015625,-38.57421875,-33.69140625
128.875,14.6484375,-16.11328125,-46.875,-22.94921875
128.87890625,38.0859375,-14.6484375,-43.9453125,-13.18359375
128.8828125,41.9921875,-14.16015625,-35.64453125,35.64453125
128.88671875,29.78515625,-13.18359375,-52.734375,41.50390625
128.890625,23.92578125,-12.6953125,-68.359375,-16.11328125
128.89453125,33.203125,-12.6953125,-46.875,-13.18359375
128.8984375,34.1796875,-10.7421875,-28.3203125,-2.44140625
128.90234375,23.92578125,-13.671875,-29.296875,7.8125
128.90625,27.34375,-19.53125,-29.296875,5.37109375
128.91015625,32.71484375,-19.53125,-26.85546875,-6.34765625
128.9140625,25.87890625,-14.16015625,-27.83203125,20.01953125
128.91796875,19.04296875,-13.671875,-32.71484375,36.1328125
128.921875,18.06640625,-9.27734375,-35.15625,13.18359375
128.92578125,33.69140625,-1.953125,-35.64453125,5.859375
128.9296875,30.2734375,-5.859375,-54.19921875,48.33984375
128.93359375,21.97265625,-17.578125,-47.36328125,30.76171875
128.9375,19.53125,-13.18359375,-24.4140625,-11.23046875
128.94140625,4.8828125,-12.6953125,-23.92578125,8.30078125
128.9453125,9.765625,-17.578125,-20.01953125,4.8828125
128.94921875,11.71875,-13.18359375,-21.97265625,-20.5078125
128.953125,15.625,-16.6015625,-32.71484375,-12.6953125
128.95703125,18.5546875,-14.6484375,-36.1328125,-3.90625
128.9609375,13.671875,-10.25390625,-35.64453125,0.9765625
128.96484375,4.8828125,-10.25390625,-29.78515625,-0.9765625
128.96875,2.9296875,-4.39453125,-26.85546875,9.765625
128.97265625,12.6953125,-10.7421875,-32.71484375,15.625
128.9765625,4.8828125,-29.296875,-48.33984375,-1.953125
128.98046875,10.25390625,-22.4609375,-48.33984375,-1.953125
128.984375,12.6953125,-7.32421875,-36.62109375,10.25390625
128.98828125,-18.5546875,-12.20703125,-40.52734375,-1.46484375
128.9921875,-36.62109375,-12.20703125,-36.62109375,8.30078125
128.99609375,-36.62109375,-11.23046875,-26.3671875,15.625
129.0,-23.92578125,-14.6484375,-29.296875,19.53125
129.00390625,-3.90625,-12.20703125,-36.62109375,2.9296875
129.0078125,-24.4140625,-14.6484375,-36.1328125,-16.11328125
129.01171875,-30.2734375,-16.11328125,-33.69140625,-18.5546875
129.015625,-29.296875,-14.16015625,-36.62109375,-14.6484375
129.01953125,-36.62109375,-14.16015625,-35.15625,-20.5078125
129.0234375,-20.01953125,-11.71875,-46.38671875,-19.53125
129.02734375,-20.01953125,-11.23046875,-54.6875,1.953125
129.03125,-31.73828125,-17.578125,-34.66796875,-2.44140625
129.03515625,-34.66796875,-30.2734375,-22.94921875,-27.83203125
129.0390625,-30.76171875,-34.66796875,-20.01953125,-26.85546875
129.04296875,-24.90234375,-26.85546875,-19.04296875,-19.53125
129.046875,-18.06640625,-22.4609375,-26.3671875,-11.23046875
129.05078125,-7.32421875,-18.06640625,-24.4140625,-3.90625
129.0546875,1.953125,-14.6484375,-32.71484375,-22.94921875
129.05859375,11.71875,-17.578125,-38.0859375,-11.71875
129.0625,5.859375,-26.3671875,-29.296875,6.8359375
129.06640625,9.765625,-17.578125,-27.34375,-15.13671875
129.0703125,18.5546875,-6.34765625,-27.34375,-20.01953125
129.07421875,19.04296875,-8.30078125,-22.4609375,-11.23046875
129.078125,14.6484375,-6.34765625,-25.390625,-18.5546875
129.08203125,24.4140625,-2.9296875,-23.92578125,-2.9296875
129.0859375,27.34375,-9.765625,-20.99609375,-15.13671875
129.08984375,21.484375,-14.6484375,-21.97265625,-27.83203125
129.09375,15.625,-10.25390625,-37.109375,-1.953125
129.09765625,6.8359375,-13.671875,-44.43359375,-1.953125
129.1015625,18.5546875,-22.4609375,-26.85546875,0.9765625
129.10546875,21.484375,-24.4140625,-15.625,-2.9296875
129.109375,14.16015625,-22.94921875,-10.25390625,-16.11328125
129.11328125,21.97265625,-20.5078125,-11.23046875,-16.6015625
129.1171875,23.4375,-20.99609375,-17.08984375,-15.625
129.12109375,1.46484375,-24.4140625,-20.99609375,-23.4375
129.125,-4.8828125,-21.97265625,-22.4609375,-26.3671875
129.12890625,2.44140625,-20.99609375,-19.04296875,-26.3671875
129.1328125,1.953125,-23.92578125,-11.71875,-23.92578125
129.13671875,2.44140625,-22.4609375,-16.11328125,-19.04296875
129.140625,0.48828125,-18.5546875,-24.90234375,-9.27734375
129.14453125,3.41796875,-20.5078125,-25.390625,-16.6015625
129.1484375,4.8828125,-23.4375,-28.80859375,-19.53125
129.15234375,11.71875,-19.53125,-24.90234375,-2.44140625
129.15625,7.32421875,-19.53125,-23.4375,1.46484375
129.16015625,-0.48828125,-22.94921875,-34.66796875,-5.859375
129.1640625,-4.8828125,-19.04296875,-28.3203125,-23.92578125
129.16796875,-22.4609375,-17.578125,-16.11328125,-18.5546875
129.171875,-23.4375,-22.4609375,-15.13671875,-22.4609375
129.17578125,-20.01953125,-23.4375,-9.765625,-25.87890625
129.1796875,-22.4609375,-25.390625,-6.8359375,-4.8828125
129.18359375,-8.7890625,-27.34375,-9.27734375,0.48828125
129.1875,-5.37109375,-23.4375,-17.578125,-25.390625
129.19140625,4.39453125,-7.32421875,-37.109375,-15.13671875
129.1953125,29.296875,-2.44140625,-55.6640625,14.6484375
129.19921875,28.80859375,-18.5546875,-28.3203125,12.20703125
129.203125,-1.953125,-31.25,-2.9296875,-23.92578125
129.20703125,-27.34375,-31.73828125,-5.859375,-36.62109375
129.2109375,-14.6484375,-27.34375,-1.953125,-5.859375
129.21484375,-17.08984375,-33.203125,0.48828125,-19.53125
129.21875,-29.78515625,-42.96875,3.90625,-24.90234375
129.22265625,-19.53125,-41.9921875,13.18359375,0.9765625
129.2265625,-37.59765625,-44.921875,8.7890625,0.48828125
129.23046875,-57.12890625,-55.17578125,8.7890625,-15.13671875
129.234375,-66.89453125,-53.7109375,12.6953125,-36.1328125
129.23828125,-70.80078125,-51.26953125,14.6484375,-40.52734375
129.2421875,-64.94140625,-62.5,25.390625,-40.0390625
129.24609375,-52.734375,-69.3359375,26.3671875,-23.4375
129.25,-49.8046875,-54.6875,24.4140625,-7.8125
129.25390625,-48.828125,-40.52734375,8.30078125,-15.13671875
129.2578125,-43.9453125,-34.1796875,-7.8125,-8.30078125
129.26171875,-44.921875,-36.1328125,20.5078125,18.5546875
129.265625,-40.0390625,-46.38671875,34.66796875,0.48828125
129.26953125,-35.15625,-48.828125,29.296875,-20.99609375
129.2734375,-39.0625,-41.015625,21.484375,-2.9296875
129.27734375,-40.52734375,-36.1328125,18.06640625,-13.671875
129.28125,-37.109375,-41.50390625,9.765625,-22.94921875
129.28515625,-41.015625,-41.015625,1.953125,-2.44140625
129.2890625,-46.38671875,-39.0625,-0.48828125,-4.39453125
129.29296875,-34.1796875,-32.2265625,-7.8125,-14.6484375
129.296875,-29.296875,-34.1796875,-4.8828125,-18.06640625
129.30078125,-34.1796875,-40.0390625,2.44140625,-9.765625
129.3046875,-32.71484375,-35.15625,8.7890625,1.46484375
129.30859375,-15.13671875,-33.69140625,13.18359375,10.7421875
129.3125,-7.8125,-34.1796875,1.953125,22.4609375
129.31640625,-11.71875,-28.3203125,-18.06640625,-2.9296875
129.3203125,-8.30078125,-22.4609375,-4.8828125,-10.25390625
129.32421875,-7.32421875,-21.484375,15.625,7.32421875
129.328125,-3.41796875,-23.4375,18.5546875,10.25390625
129.33203125,4.39453125,-20.99609375,17.08984375,-4.39453125
129.3359375,-4.8828125,-15.625,1.46484375,-11.71875
129.33984375,-9.27734375,-18.06640625,-4.39453125,-9.27734375
129.34375,-38.0859375,-25.390625,-1.46484375,-9.27734375
129.34765625,-138.18359375,-31.25,-9.765625,-13.671875
129.3515625,-167.96875,-25.87890625,-12.6953125,0.0
129.35546875,-139.6484375,-24.4140625,-7.8125,5.37109375
129.359375,-125.0,-23.4375,-11.71875,11.71875
129.36328125,-119.140625,-27.83203125,-19.04296875,13.18359375
129.3671875,-124.0234375,-35.64453125,-6.8359375,7.8125
129.37109375,-129.39453125,-31.25,5.37109375,-26.85546875
129.375,-130.37109375,-20.5078125,2.9296875,-34.1796875
129.37890625,-120.1171875,-20.5078125,-5.859375,-13.18359375
129.3828125,-109.375,-23.4375,-1.46484375,-2.44140625
129.38671875,-102.5390625,-22.94921875,-4.39453125,0.9765625
129.390625,-103.02734375,-30.2734375,-15.625,-4.39453125
129.39453125,-96.19140625,-32.2265625,-9.27734375,-5.859375
129.3984375,-91.30859375,-28.3203125,-14.6484375,-5.859375
129.40234375,-67.87109375,-29.78515625,-24.4140625,-8.30078125
129.40625,-59.5703125,-36.1328125,-11.23046875,-36.1328125
129.41015625,-80.078125,-35.15625,-6.8359375,-36.1328125
129.4140625,-72.75390625,-27.83203125,-8.7890625,-13.18359375
129.41796875,-59.08203125,-18.06640625,1.953125,-13.671875
129.421875,-62.5,-14.6484375,3.41796875,4.8828125
129.42578125,-57.6171875,-26.85546875,-15.625,5.859375
129.4296875,-39.0625,-31.73828125,-3.41796875,-14.6484375
129.43359375,-40.0390625,-19.53125,10.25390625,-3.41796875
129.4375,-59.08203125,-14.16015625,4.8828125,-12.6953125
129.44140625,-61.5234375,-17.578125,5.859375,-38.57421875
129.4453125,-62.98828125,-25.87890625,0.9765625,-20.01953125
129.44921875,-61.5234375,-22.94921875,0.9765625,-11.71875
129.453125,-51.26953125,-20.01953125,1.953125,-43.9453125
129.45703125,-52.734375,-23.92578125,4.39453125,-30.76171875
129.4609375,-43.9453125,-20.99609375,8.7890625,-12.6953125
129.46484375,-33.203125,-18.06640625,-2.9296875,-12.20703125
129.46875,-40.52734375,-31.25,-5.37109375,-8.7890625
129.47265625,-31.73828125,-37.59765625,-11.23046875,-12.6953125
129.4765625,-15.625,-16.6015625,-31.25,-2.9296875
129.48046875,-35.64453125,-17.578125,-30.76171875,-21.97265625
129.484375,-48.828125,-26.3671875,-10.7421875,-34.66796875
129.48828125,-46.875,-21.484375,-2.9296875,-8.7890625
129.4921875,-47.8515625,-19.04296875,-4.39453125,-23.92578125
129.49609375,-34.66796875,-18.06640625,1.953125,-57.6171875
129.5,-23.4375,-18.5546875,-1.46484375,-44.921875
129.50390625,-28.3203125,-14.16015625,-6.8359375,-19.53125
129.5078125,-24.90234375,-9.765625,-12.6953125,-6.8359375
129.51171875,-25.87890625,-12.6953125,-19.53125,-15.13671875
129.515625,-32.71484375,-13.18359375,-16.6015625,-13.18359375
129.51953125,-36.1328125,-13.18359375,-5.859375,-4.8828125
129.5234375,-29.296875,-19.53125,-11.23046875,-27.83203125
129.52734375,-10.25390625,-20.5078125,-13.18359375,-23.92578125
129.53125,-8.30078125,-17.08984375,-11.23046875,6.34765625
129.53515625,-31.25,-15.13671875,-19.04296875,4.39453125
129.5390625,-41.9921875,-16.11328125,-34.1796875,-25.87890625
129.54296875,-25.390625,-12.6953125,-37.109375,-4.8828125
129.546875,-7.32421875,-10.7421875,-20.01953125,-8.7890625
129.55078125,-16.11328125,-14.16015625,-1.46484375,-41.015625
129.5546875,-19.53125,-11.71875,1.46484375,-39.0625
129.55859375,-31.25,-12.6953125,0.9765625,-27.83203125
129.5625,-44.921875,-20.01953125,-0.9765625,-26.85546875
129.56640625,-24.90234375,-25.390625,0.48828125,-29.78515625
129.5703125,-16.11328125,-25.87890625,1.46484375,-32.2265625
129.57421875,-15.625,-26.85546875,2.9296875,-15.625
129.578125,-16.11328125,-23.4375,2.9296875,-4.8828125
129.58203125,-31.25,-8.7890625,-0.48828125,-7.32421875
129.5859375,-29.296875,-11.23046875,-3.41796875,-9.765625
129.58984375,-31.73828125,-18.5546875,-1.953125,-31.25
129.59375,-42.48046875,-16.11328125,-7.32421875,-31.25
129.59765625,-49.8046875,-20.01953125,-13.18359375,-13.671875
129.6015625,-57.12890625,-18.5546875,-26.3671875,-22.4609375
129.60546875,-46.38671875,-16.11328125,-42.96875,-39.0625
129.609375,-41.9921875,-14.16015625,-27.83203125,-58.10546875
129.61328125,-56.640625,-15.13671875,-10.25390625,-42.48046875
129.6171875,-108.88671875,-17.578125,-16.6015625,-20.99609375
129.62109375,-155.2734375,-15.625,-19.04296875,-23.4375
129.625,-158.203125,-24.90234375,-17.578125,-26.85546875
129.62890625,-161.62109375,-29.296875,-12.6953125,-28.3203125
129.6328125,-176.7578125,-27.34375,-8.7890625,-42.48046875
129.63671875,-168.9453125,-30.76171875,-10.7421875,-34.1796875
129.640625,-159.1796875,-33.69140625,-20.99609375,-19.04296875
129.64453125,-162.59765625,-31.73828125,-31.25,-20.99609375
129.6484375,-145.99609375,-24.90234375,-35.15625,-13.671875
129.65234375,-129.8828125,-19.04296875,-44.921875,-16.6015625
129.65625,-144.04296875,-20.99609375,-50.78125,-12.20703125
129.66015625,-143.06640625,-20.5078125,-41.9921875,-14.16015625
129.6640625,-128.41796875,-21.484375,-32.2265625,-29.78515625
129.66796875,-112.3046875,-23.4375,-31.25,-25.390625
129.671875,-104.4921875,-21.97265625,-27.83203125,-25.390625
129.67578125,-113.28125,-21.484375,-28.3203125,-12.6953125
129.6796875,-99.12109375,-25.390625,-41.50390625,-0.9765625
129.68359375,-70.3125,-24.4140625,-44.921875,-8.30078125
129.6875,-74.21875,-23.92578125,-32.71484375,-20.01953125
129.69140625,-88.37890625,-29.78515625,-24.4140625,-39.0625
129.6953125,-84.47265625,-31.73828125,-25.390625,-34.66796875
129.69921875,-90.8203125,-30.76171875,-31.73828125,-23.92578125
129.703125,-87.40234375,-26.85546875,-38.57421875,-17.08984375
129.70703125,-63.96484375,-22.4609375,-42.48046875,0.0
129.7109375,-62.5,-20.01953125,-47.36328125,1.46484375
129.71484375,-64.94140625,-22.94921875,-40.52734375,-9.27734375
129.71875,-63.96484375,-29.78515625,-32.2265625,-3.90625
129.72265625,-68.359375,-30.2734375,-43.9453125,2.9296875
129.7265625,-61.5234375,-24.4140625,-51.26953125,4.39453125
129.73046875,-58.10546875,-25.87890625,-29.78515625,-14.16015625
129.734375,-51.7578125,-24.90234375,-12.20703125,-27.34375
129.73828125,-55.17578125,-18.5546875,-15.625,-36.62109375
129.7421875,-64.453125,-20.01953125,-16.11328125,-24.90234375
129.74609375,-60.546875,-24.90234375,-22.94921875,-9.765625
129.75,-46.875,-30.2734375,-32.2265625,-19.04296875
129.75390625,-32.71484375,-23.92578125,-26.3671875,-13.671875
129.7578125,-45.41015625,-21.484375,-20.99609375,-8.7890625
129.76171875,-46.875,-23.92578125,-30.76171875,-16.11328125
129.765625,-31.73828125,-21.97265625,-37.59765625,-3.90625
129.76953125,-20.99609375,-19.53125,-37.59765625,11.23046875
129.7734375,1.46484375,-15.625,-33.203125,0.0
129.77734375,-3.41796875,-25.390625,-16.11328125,14.6484375
129.78125,-32.2265625,-31.73828125,-3.41796875,30.76171875
129.78515625,-44.921875,-34.1796875,-4.39453125,0.9765625
129.7890625,-53.22265625,-39.0625,-3.41796875,-3.90625
129.79296875,-43.45703125,-31.73828125,-2.44140625,32.2265625
129.796875,-34.66796875,-26.3671875,-18.06640625,44.921875
129.80078125,-28.80859375,-39.0625,-10.25390625,22.94921875
129.8046875,-49.31640625,-47.8515625,4.39453125,-30.2734375
129.80859375,-51.26953125,-49.8046875,11.71875,-18.5546875
129.8125,-41.50390625,-51.26953125,9.27734375,1.46484375
129.81640625,-45.41015625,-45.41015625,-12.6953125,12.20703125
129.8203125,-33.203125,-44.43359375,0.9765625,54.6875
129.82421875,-17.578125,-44.921875,25.390625,25.390625
129.828125,-20.01953125,-47.36328125,21.484375,-17.578125
129.83203125,-41.50390625,-44.921875,22.4609375,-11.23046875
129.8359375,-38.0859375,-41.9921875,13.18359375,6.8359375
129.83984375,-34.66796875,-37.109375,-2.44140625,20.99609375
129.84375,-36.1328125,-32.2265625,-13.671875,20.01953125
129.84765625,-23.4375,-27.83203125,-3.41796875,2.9296875
129.8515625,-41.9921875,-21.97265625,17.08984375,-8.30078125
129.85546875,-49.8046875,-30.2734375,22.94921875,6.34765625
129.859375,-20.01953125,-41.50390625,14.6484375,23.92578125
129.86328125,-5.37109375,-36.62109375,9.27734375,17.578125
129.8671875,0.48828125,-20.5078125,-9.765625,15.625
129.87109375,2.44140625,-18.06640625,-33.203125,39.0625
129.875,-2.44140625,-25.390625,-12.20703125,26.85546875
129.87890625,-7.32421875,-29.78515625,8.30078125,-0.48828125
129.8828125,-16.11328125,-32.71484375,8.7890625,-6.8359375
129.88671875,-20.5078125,-30.76171875,-1.46484375,10.25390625
129.890625,-17.08984375,-27.34375,-7.32421875,6.34765625
129.89453125,-19.04296875,-28.3203125,-7.32421875,0.48828125
129.8984375,-37.109375,-31.73828125,-4.8828125,-8.7890625
129.90234375,-35.64453125,-31.25,3.41796875,-6.8359375
129.90625,-11.23046875,-25.87890625,-3.41796875,21.97265625
129.91015625,-11.71875,-26.3671875,-17.08984375,-9.765625
129.9140625,-22.4609375,-35.15625,-8.30078125,-19.04296875
129.91796875,-22.94921875,-36.62109375,-14.6484375,-10.25390625
129.921875,-6.34765625,-27.34375,-28.80859375,5.859375
129.92578125,-5.859375,-31.25,-18.5546875,1.953125
129.9296875,-16.6015625,-33.203125,-12.6953125,-11.23046875
129.93359375,-23.92578125,-29.296875,-16.6015625,-12.6953125
129.9375,-25.390625,-31.25,-13.671875,-19.04296875
129.94140625,-34.66796875,-31.73828125,-19.53125,-19.04296875
129.9453125,-38.0859375,-30.76171875,-27.83203125,-13.671875
129.94921875,-20.01953125,-30.2734375,-25.390625,-17.578125
129.953125,-19.53125,-32.71484375,-21.97265625,-8.7890625
129.95703125,-32.2265625,-35.64453125,-26.3671875,-13.671875
129.9609375,-16.6015625,-35.15625,-32.2265625,-34.1796875
129.96484375,-18.06640625,-32.71484375,-38.57421875,-32.2265625
129.96875,-38.0859375,-27.83203125,-37.109375,-11.71875
129.97265625,-38.57421875,-22.94921875,-33.203125,20.99609375
129.9765625,-37.109375,-25.87890625,-34.1796875,7.32421875
129.98046875,-37.109375,-27.83203125,-33.69140625,-20.01953125
129.984375,-30.76171875,-27.34375,-48.33984375,-29.296875
129.98828125,-20.01953125,-29.296875,-45.8984375,-22.4609375
129.9921875,-9.27734375,-32.2265625,-42.96875,-12.20703125
129.99609375,-29.296875,-27.83203125,-50.29296875,-18.06640625
130.0,-34.1796875,-26.85546875,-36.62109375,-27.34375
130.00390625,-15.13671875,-26.85546875,-27.83203125,-26.3671875
130.0078125,-20.99609375,-24.4140625,-32.71484375,-11.71875
130.01171875,-41.015625,-23.92578125,-34.66796875,-13.671875
130.015625,-33.69140625,-26.85546875,-34.1796875,-11.71875
130.01953125,-34.66796875,-30.2734375,-37.109375,-12.6953125
130.0234375,-31.73828125,-27.34375,-39.0625,-12.6953125
130.02734375,-26.85546875,-29.78515625,-35.15625,10.7421875
130.03125,-22.4609375,-37.59765625,-30.76171875,-20.01953125
130.03515625,-17.578125,-45.8984375,-23.4375,-33.69140625
130.0390625,-14.16015625,-41.015625,-30.76171875,-15.13671875
130.04296875,-33.203125,-27.83203125,-42.48046875,-43.45703125
130.046875,-73.2421875,-23.92578125,-44.921875,-69.3359375
130.05078125,-80.078125,-31.73828125,-48.33984375,-74.21875
130.0546875,-83.0078125,-44.43359375,-52.734375,-80.56640625
130.05859375,-96.19140625,-34.66796875,-56.640625,-104.00390625
130.0625,-105.95703125,-29.296875,-58.10546875,-123.53515625
130.06640625,-99.12109375,-43.9453125,-59.08203125,-141.6015625
130.0703125,-88.37890625,-46.875,-71.2890625,-133.7890625
130.07421875,-92.7734375,-30.76171875,-92.28515625,-123.046875
130.078125,-86.9140625,-18.06640625,-74.21875,-119.62890625
130.08203125,-67.3828125,-10.25390625,-41.9921875,-103.02734375
130.0859375,-51.7578125,-4.8828125,-40.52734375,-108.88671875
130.08984375,-48.33984375,-14.6484375,-37.109375,-86.9140625
130.09375,-58.10546875,-20.01953125,-33.203125,-77.1484375
130.09765625,-57.12890625,-12.6953125,-32.71484375,-86.9140625
130.1015625,-38.57421875,-12.20703125,-36.62109375,-64.94140625
130.10546875,-40.52734375,-19.53125,-45.8984375,-60.546875
130.109375,-45.41015625,-14.16015625,-27.34375,-65.91796875
130.11328125,-39.0625,-9.765625,-12.6953125,-55.17578125
130.1171875,-40.0390625,-15.625,-18.5546875,-38.0859375
130.12109375,-32.2265625,-21.97265625,-19.04296875,-35.64453125
130.125,-31.25,-23.92578125,-18.5546875,-41.9921875
130.12890625,-32.2265625,-26.85546875,-14.6484375,-38.0859375
130.1328125,-26.3671875,-24.90234375,-13.18359375,-41.015625
130.13671875,-11.23046875,-20.01953125,-13.671875,-24.4140625
130.140625,-3.90625,-22.94921875,-10.25390625,-8.30078125
130.14453125,-16.6015625,-25.390625,-11.71875,-42.96875
130.1484375,-19.53125,-25.87890625,-7.8125,-45.41015625
130.15234375,-16.11328125,-27.34375,-23.4375,-13.18359375
130.15625,-17.578125,-24.4140625,-34.66796875,-22.94921875
130.16015625,-10.7421875,-22.94921875,-5.859375,-10.25390625
130.1640625,-6.34765625,-26.3671875,8.7890625,4.8828125
130.16796875,-9.27734375,-27.83203125,8.30078125,-12.6953125
130.171875,-11.71875,-30.76171875,4.8828125,-15.625
130.17578125,-13.18359375,-29.296875,-1.46484375,-19.53125
130.1796875,-8.30078125,-26.85546875,2.44140625,-22.94921875
130.18359375,-15.625,-27.34375,2.9296875,-10.25390625
130.1875,-27.83203125,-24.90234375,-4.39453125,-20.01953125
130.19140625,-15.625,-16.11328125,-4.8828125,-32.2265625
130.1953125,-23.4375,-17.08984375,-3.41796875,-30.2734375
130.19921875,-25.87890625,-24.4140625,7.32421875,-31.25
130.203125,-37.59765625,-28.3203125,2.9296875,-54.19921875
130.20703125,-65.4296875,-27.34375,-2.9296875,-62.98828125
130.2109375,-69.3359375,-32.71484375,-6.34765625,-63.96484375
130.21484375,-80.078125,-37.109375,-6.34765625,-76.66015625
130.21875,-99.12109375,-31.73828125,-0.48828125,-82.51953125
130.22265625,-101.5625,-31.25,2.9296875,-95.703125
130.2265625,-97.65625,-38.57421875,15.625,-92.7734375
130.23046875,-89.35546875,-41.50390625,25.390625,-90.8203125
130.234375,-102.5390625,-37.59765625,23.4375,-102.05078125
130.23828125,-134.27734375,-26.3671875,9.27734375,-129.8828125
130.2421875,-126.953125,-20.5078125,-6.8359375,-129.8828125
130.24609375,-117.67578125,-17.578125,-14.16015625,-106.4453125
130.25,-141.6015625,-14.16015625,-25.87890625,-136.71875
130.25390625,-130.37109375,-20.01953125,-31.25,-137.6953125
130.2578125,-113.28125,-15.625,-38.57421875,-107.91015625
130.26171875,-116.69921875,-20.01953125,-50.78125,-113.28125
130.265625,-92.28515625,-30.76171875,-52.24609375,-102.5390625
130.26953125,-80.56640625,-20.5078125,-55.17578125,-92.7734375
130.2734375,-83.984375,-12.20703125,-64.94140625,-94.7265625
130.27734375,-66.89453125,-9.27734375,-73.73046875,-81.0546875
130.28125,-29.78515625,-7.8125,-75.1953125,-30.76171875
130.28515625,-29.78515625,-6.8359375,-69.3359375,-39.55078125
130.2890625,-39.55078125,1.46484375,-59.5703125,-57.12890625
130.29296875,-27.34375,3.90625,-54.19921875,-42.96875
130.296875,-30.76171875,-3.90625,-56.15234375,-46.875
130.30078125,-6.8359375,-6.34765625,-61.03515625,-23.4375
130.3046875,17.578125,-8.7890625,-65.91796875,10.7421875
130.30859375,9.765625,-1.46484375,-68.359375,3.90625
130.3125,1.953125,1.46484375,-73.2421875,13.18359375
130.31640625,8.7890625,-5.859375,-51.26953125,18.06640625
130.3203125,11.23046875,-9.765625,-30.2734375,0.0
130.32421875,-1.46484375,-15.13671875,-31.25,10.25390625
130.328125,-5.859375,-18.5546875,-34.66796875,8.7890625
130.33203125,2.44140625,-15.13671875,-38.0859375,7.8125
130.3359375,19.04296875,-14.16015625,-46.38671875,27.34375
130.33984375,29.78515625,-18.06640625,-46.38671875,29.78515625
130.34375,20.5078125,-18.06640625,-32.71484375,41.015625
130.34765625,6.8359375,-12.6953125,-27.34375,49.8046875
130.3515625,9.27734375,-11.23046875,-27.34375,21.97265625
130.35546875,13.18359375,-12.6953125,-29.78515625,5.859375
130.359375,11.71875,-13.18359375,-45.8984375,28.80859375
130.36328125,11.71875,-14.16015625,-44.921875,37.59765625
130.3671875,2.44140625,-15.13671875,-28.80859375,43.9453125
130.37109375,2.9296875,-15.13671875,-27.34375,71.2890625
130.375,15.13671875,-17.578125,-29.78515625,47.36328125
130.37890625,14.6484375,-24.90234375,-29.296875,25.390625
130.3828125,17.578125,-27.83203125,-31.25,42.96875
130.38671875,19.53125,-26.3671875,-37.59765625,35.15625
130.390625,8.7890625,-25.87890625,-42.96875,32.71484375
130.39453125,11.23046875,-12.6953125,-44.921875,26.3671875
130.3984375,20.99609375,-10.25390625,-44.43359375,22.94921875
130.40234375,13.671875,-21.97265625,-46.875,23.4375
130.40625,12.20703125,-21.484375,-40.52734375,29.296875
130.41015625,21.97265625,-20.01953125,-30.2734375,38.57421875
130.4140625,35.15625,-26.3671875,-25.87890625,41.015625
130.41796875,38.57421875,-30.2734375,-12.6953125,72.75390625
130.421875,38.57421875,-23.4375,-10.25390625,73.73046875
130.42578125,5.859375,-15.13671875,-21.97265625,31.73828125
130.4296875,-26.3671875,-11.71875,-30.2734375,17.578125
130.43359375,-28.3203125,-6.34765625,-33.69140625,24.4140625
130.4375,-13.671875,-2.9296875,-41.9921875,27.83203125
130.44140625,-1.46484375,-13.18359375,-56.640625,4.8828125
130.4453125,9.27734375,-19.04296875,-63.96484375,18.06640625
130.44921875,19.53125,-4.8828125,-62.5,24.90234375
130.453125,17.08984375,2.9296875,-61.03515625,10.25390625
130.45703125,15.13671875,1.46484375,-68.359375,1.46484375
130.4609375,10.7421875,-10.7421875,-70.3125,-17.08984375
130.46484375,9.765625,-4.8828125,-70.3125,-22.94921875
130.46875,7.8125,22.94921875,-85.44921875,4.39453125
130.47265625,-8.7890625,34.66796875,-99.609375,21.484375
130.4765625,-5.37109375,30.76171875,-91.796875,6.8359375
130.48046875,7.32421875,24.4140625,-80.56640625,-13.18359375
130.484375,5.859375,18.5546875,-81.0546875,-18.06640625
130.48828125,6.34765625,13.18359375,-77.63671875,-1.953125
130.4921875,22.4609375,12.20703125,-67.3828125,29.78515625
130.49609375,20.01953125,2.44140625,-60.546875,25.390625
130.5,-1.46484375,-1.46484375,-55.17578125,-8.7890625
130.50390625,-1.46484375,10.25390625,-61.5234375,-21.484375
130.5078125,10.25390625,10.25390625,-71.2890625,7.32421875
130.51171875,-5.37109375,0.9765625,-54.6875,12.20703125
130.515625,-20.5078125,-2.44140625,-48.33984375,-9.27734375
130.51953125,-5.859375,-4.8828125,-44.43359375,-3.90625
130.5234375,-3.41796875,0.48828125,-39.0625,-2.44140625
130.52734375,-16.11328125,0.9765625,-44.921875,9.765625
130.53125,-0.9765625,-3.41796875,-45.41015625,14.16015625
130.53515625,7.32421875,-1.46484375,-35.15625,4.39453125
130.5390625,-5.859375,-3.90625,-30.76171875,-6.8359375
130.54296875,-11.71875,-10.7421875,-31.73828125,-8.30078125
130.546875,-20.99609375,-20.5078125,-33.203125,-12.6953125
130.55078125,-31.73828125,-20.5078125,-30.76171875,8.7890625
130.5546875,-21.97265625,-11.71875,-44.921875,20.99609375
130.55859375,-18.5546875,-10.7421875,-41.50390625,-5.859375
130.5625,-35.15625,-17.08984375,-11.23046875,-28.3203125
130.56640625,-35.15625,-19.53125,-7.8125,-39.55078125
130.5703125,-19.04296875,-20.01953125,-10.7421875,-16.6015625
130.57421875,-31.25,-22.4609375,-7.32421875,7.32421875
130.578125,-39.55078125,-20.01953125,-7.8125,-3.90625
130.58203125,-20.5078125,-15.625,-4.39453125,7.8125
130.5859375,-23.92578125,-19.04296875,-1.953125,19.53125
130.58984375,-28.3203125,-28.80859375,-3.41796875,10.7421875
130.59375,-18.06640625,-18.06640625,-0.48828125,19.04296875
130.59765625,-29.78515625,-12.6953125,-0.9765625,10.7421875
130.6015625,-35.64453125,-15.625,0.0,-11.23046875
130.60546875,-34.1796875,-19.04296875,0.48828125,0.9765625
130.609375,-43.45703125,-29.78515625,-3.90625,13.671875
130.61328125,-33.69140625,-30.76171875,-2.44140625,3.41796875
130.6171875,-19.53125,-24.90234375,-0.9765625,-3.90625
130.62109375,-21.484375,-16.6015625,2.44140625,-14.16015625
130.625,-21.484375,-17.578125,7.32421875,-19.04296875
130.62890625,-37.59765625,-21.97265625,1.953125,-29.296875
130.6328125,-44.43359375,-28.80859375,-4.8828125,-16.11328125
130.63671875,-31.73828125,-26.3671875,-1.953125,1.46484375
130.640625,-33.69140625,-15.625,0.0,-8.7890625
130.64453125,-41.50390625,-10.7421875,-0.9765625,-16.6015625
130.6484375,-46.38671875,-8.7890625,-5.859375,-11.71875
130.65234375,-46.38671875,-8.30078125,-9.27734375,-2.9296875
130.65625,-36.1328125,-22.94921875,-11.23046875,12.20703125
130.66015625,-26.3671875,-19.53125,-10.7421875,-1.46484375
130.6640625,-44.921875,-7.8125,-8.7890625,-12.6953125
130.66796875,-56.640625,-15.13671875,-11.71875,3.41796875
130.671875,-38.57421875,-20.5078125,-11.71875,0.0
130.67578125,-37.109375,-22.4609375,-13.18359375,-4.8828125
130.6796875,-35.64453125,-13.18359375,-18.06640625,9.27734375
130.68359375,-33.203125,-6.8359375,-13.671875,3.41796875
130.6875,-27.83203125,-16.6015625,-7.8125,0.48828125
130.69140625,-17.578125,-14.16015625,-5.859375,18.06640625
130.6953125,-20.5078125,-16.6015625,-4.39453125,8.30078125
130.69921875,-20.99609375,-14.6484375,0.48828125,-19.04296875
130.703125,-31.73828125,-13.671875,-13.671875,-24.90234375
130.70703125,-27.34375,-20.01953125,-34.1796875,1.953125
130.7109375,-15.13671875,-17.08984375,-17.08984375,14.16015625
130.71484375,-30.2734375,-19.04296875,-0.48828125,-8.30078125
130.71875,-31.25,-20.01953125,3.90625,-16.11328125
130.72265625,-24.90234375,-17.08984375,-1.46484375,-17.578125
130.7265625,-13.671875,-16.6015625,-7.8125,-2.44140625
130.73046875,-0.9765625,-21.97265625,-1.953125,3.90625
130.734375,-14.6484375,-21.484375,-10.7421875,-8.7890625
130.73828125,-23.92578125,-15.13671875,-20.5078125,-20.5078125
130.7421875,-28.3203125,-9.765625,-12.6953125,-10.7421875
130.74609375,-33.203125,-11.71875,-4.8828125,-5.37109375
130.75,-38.0859375,-10.25390625,-1.46484375,-11.23046875
130.75390625,-28.3203125,-10.25390625,1.46484375,10.25390625
130.7578125,-5.37109375,-15.13671875,-1.953125,2.9296875
130.76171875,-7.8125,-17.08984375,-14.16015625,-22.94921875
130.765625,-7.8125,-17.578125,-18.06640625,-16.6015625
130.76953125,-1.953125,-18.5546875,-12.20703125,-16.11328125
130.7734375,-26.85546875,-21.97265625,-21.97265625,-11.23046875
130.77734375,-35.15625,-17.578125,-23.4375,-17.578125
130.78125,-14.6484375,-12.20703125,-18.06640625,-31.73828125
130.78515625,-20.01953125,-16.11328125,-23.92578125,-29.78515625
130.7890625,-38.57421875,-23.4375,-22.4609375,-30.2734375
130.79296875,-36.62109375,-17.08984375,-18.5546875,-31.25
130.796875,-35.64453125,-8.7890625,-29.296875,-27.34375
130.80078125,-17.08984375,-11.23046875,-31.73828125,-9.27734375
130.8046875,-10.25390625,-18.5546875,-22.4609375,2.9296875
130.80859375,-41.50390625,-29.78515625,-22.4609375,-23.92578125
130.8125,-64.94140625,-29.78515625,-28.3203125,-27.83203125
130.81640625,-76.171875,-33.203125,-19.53125,-35.15625
130.8203125,-99.12109375,-42.48046875,0.9765625,-76.66015625
130.82421875,-111.81640625,-47.8515625,18.5546875,-73.73046875
130.828125,-109.86328125,-54.6875,22.94921875,-79.1015625
130.83203125,-141.11328125,-61.5234375,24.90234375,-103.515625
130.8359375,-161.1328125,-60.05859375,28.80859375,-104.98046875
130.83984375,-145.99609375,-61.5234375,29.296875,-112.3046875
130.84375,-184.5703125,-65.4296875,18.06640625,-108.88671875
130.84765625,-218.26171875,-66.40625,29.296875,-106.4453125
130.8515625,-198.73046875,-71.77734375,49.31640625,-101.5625
130.85546875,-177.734375,-73.2421875,22.4609375,-40.0390625
130.859375,-182.6171875,-79.1015625,18.06640625,-42.48046875
130.86328125,-199.21875,-83.49609375,50.29296875,-83.984375
130.8671875,-187.01171875,-88.8671875,65.91796875,-105.46875
130.87109375,-176.26953125,-84.9609375,76.66015625,-99.12109375
130.875,-185.546875,-73.2421875,79.58984375,-73.73046875
130.87890625,-177.24609375,-65.4296875,73.2421875,-83.0078125
130.8828125,-166.015625,-65.4296875,68.359375,-83.0078125
130.88671875,-166.015625,-69.82421875,70.80078125,-46.38671875
130.890625,-157.2265625,-75.68359375,61.03515625,-33.69140625
130.89453125,-134.27734375,-77.1484375,40.52734375,-36.62109375
130.8984375,-125.48828125,-66.40625,24.90234375,-34.1796875
130.90234375,-118.1640625,-61.5234375,25.87890625,-34.66796875
130.90625,-98.6328125,-63.96484375,29.78515625,-16.11328125
130.91015625,-83.984375,-58.59375,28.3203125,-0.48828125
130.9140625,-69.3359375,-52.24609375,22.94921875,-2.44140625
130.91796875,-81.0546875,-61.03515625,12.20703125,-2.44140625
130.921875,-84.9609375,-61.5234375,-8.7890625,4.39453125
130.92578125,-61.03515625,-48.33984375,-16.11328125,12.6953125
130.9296875,-59.08203125,-50.29296875,-0.48828125,3.90625
130.93359375,-57.12890625,-54.6875,0.48828125,-16.6015625
130.9375,-38.57421875,-48.828125,-4.8828125,-21.484375
130.94140625,-33.203125,-44.43359375,-4.39453125,-25.390625
130.9453125,-45.8984375,-39.0625,-7.32421875,-11.71875
130.94921875,-42.96875,-34.1796875,-9.27734375,0.0
130.953125,-31.73828125,-36.1328125,-9.765625,18.5546875
130.95703125,-47.8515625,-32.2265625,-3.90625,20.01953125
130.9609375,-61.5234375,-24.4140625,-10.7421875,25.390625
130.96484375,-39.55078125,-25.390625,-24.90234375,23.92578125
130.96875,-27.34375,-20.01953125,-29.296875,12.6953125
130.97265625,-18.06640625,-22.4609375,-21.97265625,25.390625
130.9765625,-29.78515625,-33.203125,-12.20703125,9.27734375
130.98046875,-28.80859375,-30.76171875,-17.578125,2.44140625
130.984375,0.48828125,-22.4609375,-39.55078125,23.92578125
130.98828125,-10.25390625,-25.390625,-30.2734375,21.97265625
130.9921875,-27.83203125,-36.62109375,-10.7421875,15.625
130.99609375,-12.6953125,-39.55078125,-4.39453125,9.27734375
131.0,-3.90625,-30.76171875,-11.71875,-9.27734375
131.00390625,-7.32421875,-13.671875,-16.11328125,3.41796875
131.0078125,-16.6015625,-12.6953125,-22.94921875,14.6484375
131.01171875,-16.11328125,-20.99609375,-28.80859375,2.44140625
131.015625,-17.578125,-19.53125,-26.3671875,-8.7890625
131.01953125,-32.71484375,-14.16015625,-29.296875,-15.625
131.0234375,-27.83203125,-20.01953125,-31.73828125,-9.27734375
131.02734375,-38.0859375,-21.97265625,-52.24609375,-5.37109375
131.03125,-34.66796875,-22.94921875,-55.17578125,-9.27734375
131.03515625,-17.08984375,-19.53125,-36.1328125,-11.23046875
131.0390625,-12.20703125,-17.578125,-43.45703125,-0.48828125
131.04296875,-23.4375,-21.484375,-59.5703125,-1.46484375
131.046875,-14.6484375,-25.390625,-45.41015625,-31.73828125
131.05078125,-1.953125,-25.390625,-29.78515625,-25.390625
131.0546875,-6.34765625,-19.04296875,-32.71484375,20.99609375
131.05859375,-29.78515625,-27.34375,-22.94921875,1.953125
131.0625,-35.64453125,-22.4609375,-15.13671875,-15.625
131.06640625,-18.5546875,-16.6015625,-18.5546875,-14.16015625
131.0703125,-25.390625,-22.94921875,-12.20703125,-10.7421875
131.07421875,-28.80859375,-24.4140625,-0.48828125,-3.90625
131.078125,-33.69140625,-20.5078125,-4.8828125,4.39453125
131.08203125,-31.73828125,-17.578125,-12.6953125,13.18359375
131.0859375,-14.16015625,-21.97265625,-16.11328125,3.41796875
131.08984375,-11.71875,-22.94921875,-24.90234375,7.32421875
131.09375,-20.5078125,-17.08984375,-31.25,1.46484375
131.09765625,-23.92578125,-14.16015625,-31.25,-14.6484375
131.1015625,-29.78515625,-10.7421875,-26.3671875,14.16015625
131.10546875,-26.85546875,-14.6484375,-22.94921875,8.30078125
131.109375,-32.71484375,-24.4140625,-28.3203125,-6.34765625
131.11328125,-23.4375,-27.83203125,-39.55078125,-15.13671875
131.1171875,-11.23046875,-24.4140625,-27.83203125,-27.34375
131.12109375,-5.37109375,-18.5546875,-14.6484375,-21.97265625
131.125,-8.30078125,-22.4609375,-6.34765625,-9.27734375
131.12890625,-9.27734375,-23.4375,-3.41796875,-14.16015625
131.1328125,-3.41796875,-14.16015625,-9.27734375,-13.671875
131.13671875,-2.9296875,-11.23046875,-14.6484375,-3.90625
131.140625,-20.01953125,-13.18359375,-18.5546875,-22.4609375
131.14453125,-21.97265625,-20.99609375,-14.6484375,-20.5078125
131.1484375,-1.46484375,-16.6015625,-11.23046875,4.8828125
131.15234375,-3.41796875,-10.7421875,-16.11328125,6.8359375
131.15625,-18.5546875,-15.625,-16.6015625,-0.9765625
131.16015625,-10.7421875,-13.18359375,-13.671875,4.39453125
131.1640625,9.27734375,-7.8125,-18.06640625,20.5078125
131.16796875,6.8359375,-13.671875,-25.390625,14.16015625
131.171875,0.48828125,-20.5078125,-16.11328125,20.99609375
131.17578125,6.34765625,-21.484375,-7.32421875,8.30078125
131.1796875,-5.37109375,-19.04296875,-7.8125,-52.24609375
131.18359375,-10.25390625,-16.11328125,-6.34765625,-32.71484375
131.1875,-9.27734375,-22.94921875,-12.20703125,-14.16015625
131.19140625,-4.8828125,-28.3203125,-6.34765625,-14.16015625
131.1953125,1.46484375,-24.4140625,-3.41796875,-11.71875
131.19921875,-8.7890625,-24.4140625,-7.32421875,-34.1796875
131.203125,-14.16015625,-29.78515625,-4.39453125,-17.578125
131.20703125,-10.25390625,-29.78515625,-1.953125,0.0
131.2109375,-12.20703125,-25.390625,-0.9765625,-18.5546875
131.21484375,-25.390625,-23.92578125,-8.30078125,-20.01953125
131.21875,-32.2265625,-22.4609375,-5.37109375,2.9296875
131.22265625,-30.76171875,-18.5546875,4.39453125,-3.41796875
131.2265625,-15.625,-19.53125,0.48828125,-14.16015625
131.23046875,-8.7890625,-24.4140625,-9.27734375,-17.08984375
131.234375,-23.92578125,-24.90234375,-11.71875,-31.73828125
131.23828125,-32.71484375,-21.484375,-14.16015625,-29.78515625
131.2421875,-24.4140625,-23.92578125,-19.53125,-26.3671875
131.24609375,-17.08984375,-20.99609375,-14.16015625,-10.25390625
131.25,-19.04296875,-12.6953125,-14.6484375,-8.30078125
131.25390625,-28.3203125,-14.16015625,-17.08984375,-18.5546875
131.2578125,-19.53125,-11.23046875,-14.16015625,-14.6484375
131.26171875,-3.41796875,-10.25390625,-21.484375,-20.01953125
131.265625,7.8125,-12.6953125,-34.66796875,-6.34765625
131.26953125,12.6953125,-8.30078125,-19.04296875,11.23046875
131.2734375,5.37109375,-2.44140625,-4.39453125,-7.32421875
131.27734375,-10.25390625,-6.34765625,-10.7421875,-8.30078125
131.28125,-7.8125,-14.6484375,-11.23046875,21.484375
131.28515625,4.39453125,-13.671875,-11.23046875,9.27734375
131.2890625,3.41796875,-13.671875,-19.53125,-11.23046875
131.29296875,-9.765625,-16.11328125,-21.484375,-15.13671875
131.296875,-20.5078125,-17.08984375,-24.4140625,-5.859375
131.30078125,-39.0625,-18.06640625,-32.2265625,-24.4140625
131.3046875,-44.921875,-19.04296875,-34.1796875,-44.43359375
131.30859375,-22.94921875,-18.5546875,-39.55078125,-22.4609375
131.3125,-24.4140625,-17.578125,-37.109375,-11.23046875
131.31640625,-17.578125,-18.06640625,-31.25,-21.97265625
131.3203125,-13.671875,-17.08984375,-32.71484375,-24.4140625
131.32421875,-20.5078125,-22.4609375,-28.3203125,-6.34765625
131.328125,7.8125,-30.76171875,-23.92578125,26.85546875
131.33203125,5.859375,-19.53125,-31.73828125,21.97265625
131.3359375,-32.71484375,-16.6015625,-47.8515625,-33.203125
131.33984375,-45.41015625,-22.94921875,-60.546875,-35.64453125
131.34375,-17.578125,-25.390625,-48.828125,-3.41796875
131.34765625,-20.01953125,-21.97265625,-42.96875,-16.6015625
131.3515625,-46.875,-19.53125,-43.45703125,-44.921875
131.35546875,-36.1328125,-20.01953125,-37.59765625,-32.71484375
131.359375,-26.3671875,-14.16015625,-35.15625,-1.953125
131.36328125,-27.83203125,-5.859375,-33.203125,-21.484375
131.3671875,-11.23046875,-0.9765625,-36.1328125,-34.1796875
131.37109375,-1.953125,-7.32421875,-41.50390625,-13.18359375
131.375,-5.859375,-16.6015625,-30.2734375,-8.30078125
131.37890625,-9.27734375,-15.13671875,-19.53125,-10.25390625
131.3828125,-0.9765625,-11.71875,-20.01953125,-34.66796875
131.38671875,-10.25390625,-16.11328125,-25.390625,-47.36328125
131.390625,-27.83203125,-14.6484375,-29.296875,-22.4609375
131.39453125,-29.78515625,-15.13671875,-32.2265625,-28.80859375
131.3984375,-19.53125,-16.6015625,-36.62109375,-24.90234375
131.40234375,-14.16015625,-25.87890625,-40.0390625,-19.53125
131.40625,-20.5078125,-33.69140625,-45.8984375,-22.4609375
131.41015625,-23.92578125,-25.390625,-42.96875,-5.859375
131.4140625,-18.06640625,-20.5078125,-33.203125,-11.23046875
131.41796875,-17.578125,-18.5546875,-32.71484375,-29.296875
131.421875,-25.390625,-18.06640625,-37.59765625,-19.04296875
131.42578125,-20.01953125,-23.92578125,-35.64453125,-18.06640625
131.4296875,-5.37109375,-20.01953125,-37.59765625,-26.3671875
131.43359375,2.44140625,-10.7421875,-59.5703125,-6.34765625
131.4375,-4.8828125,-17.578125,-50.78125,0.48828125
131.44140625,-20.5078125,-18.06640625,-26.3671875,1.46484375
131.4453125,-20.01953125,-13.18359375,-20.01953125,-9.765625
131.44921875,-19.53125,-13.18359375,-20.01953125,-30.76171875
131.453125,-19.04296875,-13.18359375,-26.3671875,-21.97265625
131.45703125,-18.06640625,-17.578125,-33.69140625,-10.7421875
131.4609375,-20.99609375,-21.97265625,-37.109375,4.39453125
131.46484375,-15.13671875,-17.08984375,-36.1328125,0.9765625
131.46875,-4.8828125,-15.13671875,-37.109375,-5.859375
131.47265625,-15.13671875,-20.99609375,-35.15625,-6.34765625
131.4765625,-31.73828125,-20.01953125,-42.48046875,-18.06640625
131.48046875,-30.76171875,-20.01953125,-45.41015625,-21.484375
131.484375,-21.97265625,-24.90234375,-43.45703125,18.06640625
131.48828125,-24.90234375,-22.4609375,-45.8984375,-5.859375
131.4921875,-25.87890625,-19.53125,-32.2265625,-38.0859375
131.49609375,-38.0859375,-32.2265625,-21.484375,-18.5546875
131.5,-51.7578125,-35.64453125,-23.92578125,-13.18359375
131.50390625,-34.1796875,-23.92578125,-27.83203125,-19.04296875
131.5078125,-22.94921875,-18.5546875,-28.80859375,-12.20703125
131.51171875,-20.99609375,-19.53125,-22.94921875,3.90625
131.515625,-18.5546875,-19.53125,-23.4375,3.41796875
131.51953125,-17.08984375,-21.484375,-31.25,-12.6953125
131.5234375,-14.6484375,-21.97265625,-34.1796875,-17.578125
131.52734375,-20.5078125,-22.4609375,-33.69140625,-15.13671875
131.53125,-33.203125,-25.390625,-32.2265625,-10.7421875
131.53515625,-40.52734375,-24.4140625,-31.25,-5.859375
131.5390625,-38.0859375,-23.4375,-34.1796875,-10.25390625
131.54296875,-34.66796875,-23.92578125,-36.62109375,-20.01953125
131.546875,-43.45703125,-28.80859375,-44.921875,-26.85546875
131.55078125,-50.29296875,-26.85546875,-62.98828125,-26.3671875
131.5546875,-44.43359375,-23.4375,-47.36328125,-8.30078125
131.55859375,-37.59765625,-31.25,-22.94921875,-16.6015625
131.5625,-43.45703125,-33.69140625,-27.34375,-27.34375
131.56640625,-41.015625,-30.76171875,-29.78515625,-20.99609375
131.5703125,-35.64453125,-34.1796875,-26.85546875,-22.94921875
131.57421875,-43.45703125,-36.62109375,-32.71484375,-35.15625
131.578125,-37.59765625,-34.66796875,-38.57421875,-24.4140625
131.58203125,-44.43359375,-29.296875,-37.109375,-24.90234375
131.5859375,-51.26953125,-20.01953125,-32.71484375,-34.66796875
131.58984375,-31.25,-12.20703125,-29.296875,-25.87890625
131.59375,-20.5078125,-14.16015625,-31.25,-9.27734375
131.59765625,-26.3671875,-16.11328125,-30.2734375,-15.13671875
131.6015625,-33.203125,-11.23046875,-23.4375,-10.7421875
131.60546875,-29.296875,-11.71875,-25.390625,-9.27734375
131.609375,-33.69140625,-17.08984375,-31.73828125,-15.625
131.61328125,-31.25,-18.5546875,-31.73828125,-17.08984375
131.6171875,-34.66796875,-20.01953125,-29.296875,-12.6953125
131.62109375,-45.41015625,-22.94921875,-29.296875,4.39453125
131.625,-41.9921875,-22.94921875,-41.50390625,-5.859375
131.62890625,-37.109375,-22.94921875,-51.7578125,-30.2734375
131.6328125,-26.85546875,-18.5546875,-37.59765625,-24.4140625
131.63671875,-31.73828125,-21.97265625,-30.76171875,-14.16015625
131.640625,-40.52734375,-27.34375,-31.73828125,-14.16015625
131.64453125,-35.15625,-25.390625,-24.4140625,-5.859375
131.6484375,-29.78515625,-23.4375,-18.06640625,-11.71875
131.65234375,-23.4375,-22.4609375,-18.06640625,-9.765625
131.65625,-29.296875,-29.296875,-25.87890625,-20.99609375
131.66015625,-34.66796875,-28.80859375,-23.92578125,-26.3671875
131.6640625,-14.16015625,-25.87890625,-24.4140625,-25.390625
131.66796875,-22.4609375,-28.3203125,-30.2734375,-30.2734375
131.671875,-36.1328125,-26.85546875,-29.78515625,-25.390625
131.67578125,-21.484375,-25.87890625,-25.390625,-28.3203125
131.6796875,-35.15625,-28.80859375,-28.80859375,-25.390625
131.68359375,-41.9921875,-23.92578125,-34.1796875,-25.390625
131.6875,-31.25,-21.97265625,-29.296875,-32.2265625
131.69140625,-35.15625,-26.85546875,-28.80859375,-31.25
131.6953125,-31.25,-36.62109375,-37.109375,-34.1796875
131.69921875,-34.1796875,-38.0859375,-41.50390625,-39.55078125
131.703125,-31.25,-27.83203125,-36.1328125,-44.43359375
131.70703125,-20.5078125,-19.53125,-32.71484375,-31.73828125
131.7109375,-27.34375,-24.4140625,-33.69140625,-18.5546875
131.71484375,-28.80859375,-25.87890625,-31.73828125,-21.97265625
131.71875,-35.64453125,-22.4609375,-26.85546875,-26.85546875
131.72265625,-34.1796875,-19.53125,-19.04296875,-37.59765625
131.7265625,-27.34375,-18.06640625,-19.04296875,-29.78515625
131.73046875,-29.296875,-20.99609375,-36.1328125,-22.94921875
131.734375,-40.0390625,-23.92578125,-32.71484375,-20.01953125
131.73828125,-51.7578125,-26.85546875,-12.6953125,-11.23046875
131.7421875,-43.45703125,-29.78515625,-9.765625,-3.41796875
131.74609375,-33.69140625,-29.78515625,-13.671875,-15.625
131.75,-38.0859375,-24.90234375,-20.01953125,-40.52734375
131.75390625,-27.83203125,-21.97265625,-21.484375,-40.52734375
131.7578125,-20.01953125,-23.4375,-16.6015625,-24.4140625
131.76171875,-40.52734375,-27.34375,-17.08984375,-19.53125
131.765625,-51.26953125,-28.3203125,-24.4140625,-28.3203125
131.76953125,-44.43359375,-22.94921875,-26.3671875,-36.62109375
131.7734375,-38.0859375,-25.87890625,-24.90234375,-26.3671875
131.77734375,-35.15625,-26.85546875,-26.3671875,-24.4140625
131.78125,-34.66796875,-24.4140625,-27.34375,-34.1796875
131.78515625,-34.66796875,-26.3671875,-24.4140625,-19.53125
131.7890625,-40.52734375,-24.4140625,-21.97265625,-21.97265625
131.79296875,-32.71484375,-21.484375,-30.2734375,-16.6015625
131.796875,-16.6015625,-21.484375,-40.52734375,-7.8125
131.80078125,-32.71484375,-25.87890625,-38.0859375,-35.64453125
131.8046875,-48.828125,-33.203125,-32.71484375,-50.29296875
131.80859375,-43.45703125,-39.55078125,-29.78515625,-44.43359375
131.8125,-43.45703125,-41.50390625,-26.85546875,-33.203125
131.81640625,-47.36328125,-34.66796875,-26.85546875,-30.76171875
131.8203125,-47.36328125,-21.97265625,-19.53125,-34.1796875
131.82421875,-51.26953125,-18.5546875,-16.6015625,-34.1796875
131.828125,-43.9453125,-15.625,-25.390625,-32.71484375
131.83203125,-27.83203125,-15.625,-27.83203125,-30.76171875
131.8359375,-28.80859375,-15.625,-25.390625,-23.92578125
131.83984375,-25.87890625,-6.34765625,-37.59765625,-8.30078125
131.84375,-34.1796875,-5.859375,-50.29296875,-9.27734375
131.84765625,-39.55078125,-18.5546875,-23.4375,-33.69140625
131.8515625,-34.1796875,-28.80859375,-7.32421875,-34.1796875
131.85546875,-17.578125,-25.390625,-13.671875,-8.7890625
131.859375,-12.6953125,-21.484375,-19.53125,7.32421875
131.86328125,-43.45703125,-18.06640625,-26.3671875,-0.9765625
131.8671875,-47.36328125,-17.08984375,-31.73828125,-30.76171875
131.87109375,-54.19921875,-23.4375,-33.69140625,-47.8515625
131.875,-56.15234375,-28.80859375,-31.25,-38.0859375
131.87890625,-43.45703125,-27.34375,-27.34375,-34.66796875
131.8828125,-43.45703125,-22.4609375,-21.484375,-42.96875
131.88671875,-50.78125,-22.94921875,-28.3203125,-41.9921875
131.890625,-44.921875,-24.4140625,-31.25,-33.69140625
131.89453125,-32.71484375,-25.87890625,-17.578125,-32.2265625
131.8984375,-29.78515625,-28.80859375,-19.04296875,-41.50390625
131.90234375,-30.2734375,-28.3203125,-24.4140625,-51.7578125
131.90625,-28.80859375,-23.4375,-20.99609375,-32.71484375
131.91015625,-28.80859375,-14.6484375,-22.94921875,-20.99609375
131.9140625,-18.06640625,-10.25390625,-21.97265625,-29.78515625
131.91796875,-27.34375,-19.53125,-18.06640625,-32.71484375
131.921875,-41.015625,-16.11328125,-15.13671875,-34.1796875
131.92578125,-40.0390625,-7.32421875,-30.2734375,-34.66796875
131.9296875,-45.8984375,-7.32421875,-40.0390625,-26.3671875
131.93359375,-50.78125,-7.8125,-16.11328125,-28.3203125
131.9375,-50.29296875,-13.671875,-0.48828125,-29.296875
131.94140625,-41.015625,-19.53125,-7.32421875,-27.34375
131.9453125,-35.64453125,-19.04296875,-11.71875,-15.13671875
131.94921875,-28.80859375,-17.578125,-10.7421875,-35.15625
131.953125,-23.4375,-16.11328125,-10.7421875,-40.0390625
131.95703125,-16.6015625,-11.71875,-12.20703125,-13.18359375
131.9609375,-12.20703125,-10.7421875,-12.20703125,-11.23046875
131.96484375,-19.53125,-13.18359375,-16.11328125,-10.7421875
131.96875,-3.90625,-9.765625,-17.578125,-5.859375
131.97265625,0.9765625,-11.23046875,-10.25390625,-0.48828125
131.9765625,-13.18359375,-17.08984375,-14.16015625,-9.765625
131.98046875,-10.25390625,-12.6953125,-14.16015625,-24.4140625
131.984375,-6.34765625,-9.765625,-11.71875,-16.11328125
131.98828125,-16.11328125,-10.25390625,-16.11328125,-20.5078125
131.9921875,-19.53125,-11.23046875,-13.671875,-34.66796875
131.99609375,-11.71875,-15.625,-13.671875,-22.94921875
132.0,-17.578125,-18.06640625,-16.11328125,-12.20703125
132.00390625,-16.11328125,-10.7421875,-13.18359375,-25.87890625
132.0078125,-16.11328125,-14.16015625,-12.20703125,-24.90234375
132.01171875,-17.578125,-25.87890625,-17.578125,-17.578125
132.015625,-21.484375,-27.83203125,-22.4609375,-30.2734375
132.01953125,-20.99609375,-22.4609375,-17.08984375,-41.50390625
132.0234375,-29.296875,-19.53125,-19.04296875,-29.296875
132.02734375,-36.1328125,-23.92578125,-20.5078125,-16.6015625
132.03125,-19.53125,-19.53125,-14.6484375,-18.5546875
132.03515625,-6.34765625,-9.765625,-24.90234375,-16.6015625
132.0390625,-21.484375,-15.13671875,-22.94921875,-23.92578125
132.04296875,-30.2734375,-18.5546875,-4.8828125,-32.71484375
132.046875,-23.92578125,-19.04296875,7.32421875,-31.25
132.05078125,-24.4140625,-20.99609375,7.32421875,-36.62109375
132.0546875,-20.5078125,-15.13671875,3.90625,-34.1796875
132.05859375,-23.4375,-16.11328125,4.39453125,-26.85546875
132.0625,-28.3203125,-17.08984375,-1.46484375,-29.296875
132.06640625,-23.4375,-15.625,-7.8125,-32.71484375
132.0703125,-14.16015625,-17.08984375,-10.25390625,-34.1796875
132.07421875,-12.6953125,-19.53125,-7.32421875,-39.55078125
132.078125,-14.16015625,-16.6015625,-2.44140625,-38.0859375
132.08203125,-21.484375,-17.578125,-4.8828125,-21.484375
132.0859375,-25.390625,-20.99609375,-27.34375,-19.53125
132.08984375,-17.578125,-20.5078125,-20.5078125,-11.71875
132.09375,-8.30078125,-14.6484375,-1.953125,-4.8828125
132.09765625,-34.1796875,-16.11328125,3.41796875,-30.76171875
132.1015625,-42.48046875,-24.4140625,3.41796875,-41.50390625
132.10546875,-27.34375,-27.83203125,-1.953125,-33.69140625
132.109375,-24.4140625,-24.90234375,0.0,-46.38671875
132.11328125,-20.99609375,-24.4140625,4.39453125,-36.62109375
132.1171875,-37.59765625,-30.76171875,2.44140625,-32.71484375
132.12109375,-42.48046875,-31.73828125,-5.859375,-46.875
132.125,-41.9921875,-32.2265625,-10.25390625,-35.15625
132.12890625,-30.2734375,-30.76171875,-5.859375,-41.015625
132.1328125,-30.2734375,-27.34375,-1.953125,-54.19921875
132.13671875,-32.2265625,-21.484375,0.9765625,-31.73828125
132.140625,-42.48046875,-25.87890625,-2.44140625,-24.90234375
132.14453125,-40.52734375,-28.3203125,-1.953125,-34.66796875
132.1484375,-29.78515625,-21.484375,-8.7890625,-27.83203125
132.15234375,-30.2734375,-19.04296875,-10.25390625,-34.1796875
132.15625,-39.55078125,-22.94921875,0.9765625,-44.43359375
132.16015625,-40.0390625,-21.97265625,7.8125,-42.48046875
132.1640625,-23.4375,-20.99609375,5.859375,-46.38671875
132.16796875,-20.5078125,-26.85546875,1.953125,-43.45703125
132.171875,-29.78515625,-27.34375,-2.44140625,-24.90234375
132.17578125,-31.73828125,-20.99609375,-6.34765625,-32.71484375
132.1796875,-34.1796875,-23.4375,-12.6953125,-59.08203125
132.18359375,-42.96875,-27.83203125,-16.6015625,-66.40625
132.1875,-31.25,-24.4140625,-17.578125,-50.29296875
132.19140625,-34.1796875,-20.5078125,-16.11328125,-32.2265625
132.1953125,-47.8515625,-23.92578125,-9.765625,-38.57421875
132.19921875,-45.41015625,-27.34375,-13.671875,-73.2421875
132.203125,-41.50390625,-22.94921875,-10.7421875,-67.87109375
132.20703125,-34.66796875,-13.18359375,-2.9296875,-46.38671875
132.2109375,-34.66796875,-13.671875,-6.8359375,-50.29296875
132.21484375,-36.1328125,-23.4375,-10.25390625,-35.64453125
132.21875,-43.45703125,-24.4140625,-5.859375,-29.296875
132.22265625,-46.875,-19.04296875,-7.32421875,-44.43359375
132.2265625,-35.64453125,-10.7421875,-5.37109375,-35.64453125
132.23046875,-40.52734375,-11.23046875,-5.859375,-38.0859375
132.234375,-41.50390625,-19.53125,-16.11328125,-45.41015625
132.23828125,-47.36328125,-19.04296875,-18.06640625,-27.34375
132.2421875,-50.29296875,-24.4140625,-11.23046875,-22.94921875
132.24609375,-24.4140625,-28.80859375,-13.671875,-40.0390625
132.25,-24.4140625,-21.97265625,-17.578125,-49.31640625
132.25390625,-23.92578125,-15.625,-16.6015625,-48.828125
132.2578125,-17.08984375,-11.71875,-10.7421875,-45.8984375
132.26171875,-29.78515625,-13.671875,-8.7890625,-42.48046875
132.265625,-29.78515625,-20.5078125,-15.625,-38.0859375
132.26953125,-20.99609375,-25.390625,-30.2734375,-47.36328125
132.2734375,-26.3671875,-33.69140625,-28.3203125,-48.828125
132.27734375,-40.0390625,-27.34375,-8.7890625,-49.31640625
132.28125,-39.0625,-14.16015625,-3.90625,-44.43359375
132.28515625,-29.78515625,-7.32421875,0.0,-22.4609375
132.2890625,-26.85546875,-2.9296875,0.48828125,-31.73828125
132.29296875,-30.2734375,-5.859375,-12.20703125,-40.52734375
132.296875,-31.73828125,-14.6484375,-10.7421875,-32.2265625
132.30078125,-30.2734375,-17.08984375,-3.41796875,-40.52734375
132.3046875,-34.1796875,-14.16015625,-14.6484375,-49.31640625
132.30859375,-46.38671875,-17.08984375,-19.04296875,-50.29296875
132.3125,-42.48046875,-16.6015625,-13.18359375,-62.98828125
132.31640625,-29.78515625,-13.671875,-16.6015625,-45.41015625
132.3203125,-37.109375,-16.11328125,-24.90234375,-35.15625
132.32421875,-36.62109375,-21.97265625,-24.4140625,-41.50390625
132.328125,-33.69140625,-26.85546875,-21.97265625,-38.57421875
132.33203125,-35.15625,-18.5546875,-39.55078125,-18.5546875
132.3359375,-30.2734375,-15.13671875,-39.55078125,-34.1796875
132.33984375,-33.203125,-20.99609375,-17.08984375,-72.75390625
132.34375,-52.734375,-18.06640625,-8.30078125,-36.1328125
132.34765625,-64.453125,-16.6015625,-10.25390625,-27.83203125
132.3515625,-49.31640625,-14.6484375,-12.20703125,-49.31640625
132.35546875,-31.25,-17.08984375,-12.20703125,-43.9453125
132.359375,-15.13671875,-24.90234375,-14.16015625,-26.3671875
132.36328125,-1.46484375,-23.4375,-11.23046875,-17.578125
132.3671875,-17.578125,-20.01953125,-10.25390625,-32.2265625
132.37109375,-35.15625,-19.04296875,-14.6484375,-6.8359375
132.375,-9.765625,-22.4609375,-12.6953125,11.71875
132.37890625,6.8359375,-20.5078125,-24.90234375,-7.32421875
132.3828125,7.8125,-12.6953125,-44.921875,-3.90625
132.38671875,-27.34375,-15.625,-24.90234375,-15.13671875
132.390625,-44.921875,-18.06640625,-14.6484375,-29.296875
132.39453125,-7.8125,-12.20703125,-22.4609375,-38.57421875
132.3984375,-8.7890625,-11.23046875,-22.94921875,-61.03515625
132.40234375,-20.99609375,-10.7421875,-30.2734375,-24.90234375
132.40625,-15.13671875,-11.71875,-31.73828125,-11.71875
132.41015625,-21.484375,-22.94921875,-14.16015625,-18.5546875
132.4140625,-6.8359375,-22.4609375,-9.765625,16.6015625
132.41796875,-11.71875,-27.83203125,-34.66796875,11.71875
132.421875,-3.90625,-27.34375,-23.92578125,-22.94921875
132.42578125,16.6015625,-14.16015625,-0.9765625,-23.92578125
132.4296875,6.8359375,-13.18359375,-13.671875,-8.7890625
132.43359375,13.18359375,-9.27734375,-15.13671875,5.859375
132.4375,10.7421875,-5.859375,-16.11328125,-14.6484375
132.44140625,10.25390625,-8.7890625,-12.20703125,-9.765625
132.4453125,11.23046875,-9.27734375,1.953125,4.39453125
132.44921875,33.203125,-8.30078125,-5.859375,28.3203125
132.453125,24.4140625,-12.6953125,-18.5546875,62.01171875
132.45703125,4.8828125,-21.484375,5.859375,27.83203125
132.4609375,32.2265625,-26.85546875,-4.8828125,-23.4375
132.46484375,46.38671875,-31.25,-18.06640625,33.203125
132.46875,25.390625,-34.1796875,-8.7890625,6.8359375
132.47265625,19.04296875,-25.87890625,-14.6484375,-42.96875
132.4765625,7.8125,-16.6015625,-19.53125,-21.484375
132.48046875,-3.41796875,-17.578125,-24.90234375,-16.11328125
132.484375,-2.44140625,-28.3203125,-25.87890625,20.5078125
132.48828125,-5.859375,-30.76171875,-31.25,26.85546875
132.4921875,-9.765625,-34.66796875,-7.32421875,41.9921875
132.49609375,-2.9296875,-48.828125,7.8125,56.15234375
132.5,10.25390625,-35.15625,-8.7890625,-18.06640625
132.50390625,-6.8359375,-0.48828125,-17.578125,-29.78515625
132.5078125,-30.2734375,-2.9296875,-20.99609375,20.5078125
132.51171875,-34.66796875,-16.11328125,-18.06640625,-14.6484375
132.515625,-46.875,-17.578125,-20.99609375,-7.8125
132.51953125,-40.52734375,-15.625,-38.0859375,-2.9296875
132.5234375,-1.953125,-10.25390625,-52.24609375,8.30078125
132.52734375,0.9765625,-7.8125,-39.0625,8.30078125
132.53125,-29.78515625,-18.06640625,-16.6015625,-49.8046875
132.53515625,-38.0859375,-22.4609375,-9.27734375,-37.109375
132.5390625,-41.50390625,-20.01953125,-14.6484375,-27.34375
132.54296875,-37.109375,-24.4140625,-16.6015625,-48.828125
132.546875,-30.2734375,-35.64453125,-15.13671875,-32.71484375
132.55078125,-35.15625,-34.1796875,-16.6015625,-55.6640625
132.5546875,-41.50390625,-21.97265625,-42.96875,-76.66015625
132.55859375,-44.43359375,-26.85546875,-41.50390625,-36.1328125
132.5625,-29.78515625,-34.1796875,-18.06640625,-20.01953125
132.56640625,-30.2734375,-20.99609375,-17.578125,-48.828125
132.5703125,-42.48046875,-20.01953125,-21.97265625,-64.94140625
132.57421875,-54.19921875,-50.78125,-21.97265625,-59.5703125
132.578125,-60.05859375,-53.7109375,-27.83203125,-39.0625
132.58203125,-39.55078125,-38.57421875,-32.71484375,-76.66015625
132.5859375,-35.15625,-27.83203125,-47.8515625,-83.0078125
132.58984375,-48.33984375,-17.578125,-63.4765625,-58.10546875
132.59375,-41.015625,-13.671875,-42.48046875,-67.3828125
132.59765625,-35.64453125,-18.06640625,-35.15625,-66.89453125
132.6015625,-52.734375,-36.62109375,-39.0625,-75.1953125
132.60546875,-64.453125,-25.87890625,-19.53125,-80.56640625
132.609375,-60.546875,-20.5078125,-14.6484375,-74.70703125
132.61328125,-38.0859375,-25.390625,-15.625,-60.546875
132.6171875,-30.2734375,-16.11328125,-16.11328125,-64.453125
132.62109375,-17.578125,-15.13671875,-31.25,-74.21875
132.625,4.39453125,-24.4140625,-29.296875,-55.6640625
132.62890625,7.32421875,-20.99609375,-10.25390625,-40.0390625
132.6328125,27.34375,-21.484375,-14.16015625,7.32421875
132.63671875,8.7890625,-26.3671875,-35.64453125,7.32421875
132.640625,-26.3671875,-10.7421875,-34.66796875,-21.97265625
132.64453125,-39.55078125,0.48828125,-27.34375,-45.41015625
132.6484375,-34.1796875,-12.6953125,-22.4609375,-64.94140625
132.65234375,-3.90625,-22.94921875,-19.04296875,-73.2421875
132.65625,12.20703125,-40.0390625,-24.4140625,-49.31640625
132.66015625,27.83203125,-45.41015625,-24.4140625,-21.97265625
132.6640625,24.90234375,-35.15625,-10.25390625,-17.578125
132.66796875,2.44140625,-21.97265625,-10.7421875,-4.8828125
132.671875,-9.27734375,-12.20703125,-23.4375,-37.59765625
132.67578125,-14.16015625,-7.8125,-26.85546875,-79.58984375
132.6796875,-5.859375,2.9296875,-36.1328125,-64.94140625
132.68359375,-9.765625,-3.90625,-44.43359375,-51.26953125
132.6875,-16.11328125,-23.92578125,-19.04296875,-38.57421875
132.69140625,-30.2734375,-28.80859375,0.0,-26.3671875
132.6953125,-12.6953125,-24.4140625,-18.5546875,-40.0390625
132.69921875,31.73828125,-10.25390625,-28.80859375,-56.15234375
132.703125,3.41796875,-7.8125,-14.6484375,-62.98828125
132.70703125,-30.76171875,-16.11328125,-12.20703125,-50.29296875
132.7109375,-21.97265625,-10.7421875,-15.13671875,-49.8046875
132.71484375,-18.5546875,-23.92578125,-16.6015625,-51.7578125
132.71875,-16.11328125,-39.55078125,-23.92578125,-13.18359375
132.72265625,-8.30078125,-30.2734375,-20.99609375,-43.45703125
132.7265625,-9.765625,-25.390625,-10.25390625,-46.38671875
132.73046875,-8.30078125,-24.4140625,-12.20703125,-60.05859375
132.734375,-7.32421875,-17.08984375,-9.765625,-91.30859375
132.73828125,-9.765625,-16.6015625,-13.18359375,-46.875
132.7421875,1.953125,-21.97265625,-23.92578125,-40.52734375
132.74609375,-27.34375,-27.83203125,-20.99609375,-75.68359375
132.75,-35.15625,-21.97265625,-19.04296875,-60.05859375
132.75390625,-19.04296875,-19.53125,-15.13671875,-48.828125
132.7578125,-28.3203125,-24.90234375,-8.30078125,-52.734375
132.76171875,-27.83203125,-22.94921875,-15.13671875,-44.43359375
132.765625,-35.15625,-18.5546875,-19.53125,-53.7109375
132.76953125,-26.3671875,-17.08984375,-14.6484375,-28.80859375
132.7734375,15.625,-25.390625,-24.90234375,0.9765625
132.77734375,-6.34765625,-34.1796875,-21.97265625,-43.9453125
132.78125,-27.83203125,-29.78515625,-14.16015625,-77.1484375
132.78515625,-18.5546875,-24.90234375,-20.99609375,-62.01171875
132.7890625,-25.87890625,-20.01953125,-18.06640625,-70.80078125
132.79296875,-34.66796875,-18.5546875,-19.53125,-82.03125
132.796875,-19.04296875,-15.625,-20.99609375,-38.0859375
132.80078125,-23.4375,-8.7890625,-19.04296875,-38.0859375
132.8046875,-21.484375,-9.765625,-34.1796875,-41.9921875
132.80859375,-5.859375,-10.25390625,-35.15625,-17.578125
132.8125,-16.11328125,-6.8359375,-12.20703125,-20.99609375
132.81640625,-11.71875,-9.27734375,-13.18359375,-15.625
132.8203125,-34.66796875,-18.06640625,-23.4375,-39.55078125
132.82421875,-60.05859375,-21.97265625,-12.20703125,-91.796875
132.828125,-45.8984375,-18.5546875,-3.90625,-64.453125
132.83203125,-49.31640625,-21.484375,-12.6953125,-36.62109375
132.8359375,-46.875,-17.08984375,-25.390625,-56.640625
132.83984375,-44.921875,-11.71875,-21.484375,-68.359375
132.84375,-47.36328125,-23.4375,-24.4140625,-61.03515625
132.84765625,-46.875,-28.3203125,-23.4375,-67.87109375
132.8515625,-44.921875,-24.4140625,-17.578125,-78.125
132.85546875,-53.22265625,-17.578125,-25.390625,-74.21875
132.859375,-58.59375,-12.20703125,-30.2734375,-55.17578125
132.86328125,-43.9453125,-10.25390625,-20.99609375,-60.05859375
132.8671875,-51.26953125,-14.6484375,-16.11328125,-79.1015625
132.87109375,-55.6640625,-12.20703125,-12.6953125,-73.73046875
132.875,-47.36328125,-1.46484375,-8.30078125,-54.6875
132.87890625,-46.875,-6.34765625,-9.27734375,-39.0625
132.8828125,-41.015625,-7.8125,-14.16015625,-38.0859375
132.88671875,-41.9921875,-5.859375,-32.71484375,-36.1328125
132.890625,-46.875,-17.578125,-33.203125,-51.26953125
132.89453125,-54.6875,-20.99609375,-20.5078125,-58.59375
132.8984375,-62.01171875,-20.01953125,-17.578125,-46.875
132.90234375,-51.26953125,-18.06640625,-11.23046875,-34.66796875
132.90625,-34.1796875,-15.13671875,-19.04296875,-33.203125
132.91015625,-23.92578125,-18.5546875,-27.83203125,-33.203125
132.9140625,-30.2734375,-22.94921875,-23.92578125,-28.80859375
132.91796875,-36.1328125,-20.01953125,-21.97265625,-41.9921875
132.921875,-40.0390625,-19.04296875,-26.85546875,-43.9453125
132.92578125,-33.69140625,-19.53125,-21.97265625,-43.45703125
132.9296875,-38.0859375,-22.94921875,-19.04296875,-53.22265625
132.93359375,-34.66796875,-18.5546875,-20.01953125,-26.3671875
132.9375,-7.8125,-5.37109375,-27.83203125,1.46484375
132.94140625,-14.16015625,-8.7890625,-42.96875,-18.5546875
132.9453125,-33.69140625,-18.5546875,-34.1796875,-37.109375
132.94921875,-34.66796875,-21.97265625,-23.92578125,-47.36328125
132.953125,-20.01953125,-21.97265625,-21.484375,-49.31640625
132.95703125,-8.7890625,-17.578125,-15.625,-44.43359375
132.9609375,-15.13671875,-15.13671875,-17.08984375,-40.0390625
132.96484375,-29.296875,-20.01953125,-25.390625,-19.53125
132.96875,-38.0859375,-28.3203125,-29.296875,-15.13671875
132.97265625,-28.80859375,-28.80859375,-23.92578125,-11.71875
132.9765625,-29.78515625,-18.06640625,-26.3671875,-15.13671875
132.98046875,-21.97265625,-11.23046875,-37.59765625,-28.80859375
132.984375,-29.296875,-16.11328125,-30.76171875,-37.109375
132.98828125,-41.50390625,-15.625,-15.625,-44.43359375
132.9921875,-32.71484375,-15.13671875,-11.71875,-26.85546875
132.99609375,-33.69140625,-16.6015625,-11.23046875,-16.11328125
133.0,-38.0859375,-20.5078125,-14.16015625,-8.7890625
133.00390625,-32.71484375,-21.97265625,-12.6953125,-19.53125
133.0078125,-19.53125,-20.01953125,-17.578125,-37.109375
133.01171875,-20.5078125,-24.90234375,-19.04296875,-7.8125
133.015625,-14.6484375,-30.2734375,-14.6484375,1.953125
133.01953125,-15.13671875,-27.34375,-11.71875,-13.18359375
133.0234375,-2.9296875,-17.578125,-14.6484375,17.08984375
133.02734375,0.48828125,-16.11328125,-28.3203125,6.34765625
133.03125,-25.390625,-21.484375,-24.90234375,-6.34765625
133.03515625,-26.3671875,-24.4140625,-13.18359375,-12.20703125
133.0390625,-20.01953125,-25.390625,-11.23046875,-22.4609375
133.04296875,-10.7421875,-26.3671875,-17.578125,3.41796875
133.046875,-14.6484375,-29.78515625,-24.90234375,2.44140625
133.05078125,-26.85546875,-32.71484375,-14.16015625,-7.8125
133.0546875,-26.85546875,-22.94921875,-2.9296875,-8.7890625
133.05859375,1.953125,-6.34765625,-3.90625,5.37109375
133.0625,20.99609375,0.48828125,-17.578125,27.34375
133.06640625,9.765625,-10.25390625,-4.8828125,13.671875
133.0703125,0.9765625,-16.11328125,14.16015625,-9.765625
133.07421875,-14.16015625,-24.4140625,10.7421875,-20.01953125
133.078125,-6.34765625,-26.3671875,6.8359375,-15.13671875
133.08203125,-13.18359375,-21.97265625,5.859375,6.34765625
133.0859375,-19.53125,-33.203125,4.39453125,20.01953125
133.08984375,-11.71875,-35.64453125,-2.44140625,-0.9765625
133.09375,-14.16015625,-18.5546875,-27.83203125,1.953125
133.09765625,0.0,-8.7890625,-25.87890625,3.90625
133.1015625,0.48828125,-19.53125,1.46484375,-28.80859375
133.10546875,-7.8125,-23.4375,16.11328125,-20.5078125
133.109375,-17.578125,-19.04296875,30.2734375,0.48828125
133.11328125,-12.20703125,-17.578125,20.99609375,11.71875
133.1171875,-2.44140625,-8.7890625,4.8828125,20.01953125
133.12109375,-1.46484375,-12.20703125,15.625,11.71875
133.125,-1.953125,-22.94921875,18.06640625,8.7890625
133.12890625,-14.16015625,-28.80859375,16.11328125,10.25390625
133.1328125,-13.18359375,-20.99609375,17.578125,34.66796875
133.13671875,-18.06640625,-15.625,13.671875,2.9296875
133.140625,-23.4375,-20.01953125,9.27734375,-37.109375
133.14453125,-13.18359375,-14.6484375,15.13671875,-31.25
133.1484375,-6.34765625,-10.7421875,25.390625,-7.8125
133.15234375,-4.39453125,-16.6015625,20.5078125,16.6015625
133.15625,-2.44140625,-16.11328125,12.6953125,0.9765625
133.16015625,-6.34765625,-19.53125,3.41796875,-18.06640625
133.1640625,-30.2734375,-20.01953125,3.90625,-23.92578125
133.16796875,-29.296875,-17.578125,11.71875,-15.13671875
133.171875,-39.55078125,-17.578125,15.13671875,-14.6484375
133.17578125,-45.8984375,-17.578125,6.8359375,-17.578125
133.1796875,-27.83203125,-19.04296875,7.8125,-30.2734375
133.18359375,-26.85546875,-19.04296875,6.34765625,-43.45703125
133.1875,-25.87890625,-19.53125,3.90625,-25.390625
133.19140625,-40.52734375,-18.5546875,28.3203125,-14.6484375
133.1953125,-57.12890625,-18.06640625,37.59765625,-31.73828125
133.19921875,-65.91796875,-22.4609375,29.296875,-19.04296875
133.203125,-55.17578125,-16.6015625,27.34375,1.953125
133.20703125,-48.828125,-12.20703125,27.83203125,-8.30078125
133.2109375,-55.6640625,-14.6484375,24.90234375,-10.25390625
133.21484375,-62.98828125,-17.08984375,11.23046875,-19.04296875
133.21875,-53.22265625,-20.5078125,6.8359375,-20.5078125
133.22265625,-44.921875,-24.90234375,10.25390625,-13.18359375
133.2265625,-54.19921875,-23.4375,-2.44140625,-23.92578125
133.23046875,-58.59375,-22.4609375,-10.7421875,-25.390625
133.234375,-53.7109375,-24.4140625,9.765625,-13.671875
133.23828125,-60.546875,-22.94921875,18.5546875,-26.3671875
133.2421875,-67.3828125,-22.94921875,10.25390625,-43.45703125
133.24609375,-64.453125,-24.90234375,4.39453125,-31.73828125
133.25,-62.5,-23.92578125,5.37109375,-19.04296875
133.25390625,-62.5,-27.83203125,-0.9765625,-29.296875
133.2578125,-55.17578125,-34.1796875,-9.27734375,-27.83203125
133.26171875,-65.4296875,-33.203125,-4.39453125,-17.08984375
133.265625,-59.08203125,-36.1328125,-2.9296875,-17.08984375
133.26953125,-36.1328125,-37.59765625,-2.44140625,-17.578125
133.2734375,-26.3671875,-29.78515625,3.90625,-27.83203125
133.27734375,-30.76171875,-24.4140625,-1.46484375,-36.62109375
133.28125,-44.921875,-26.85546875,-8.7890625,-34.1796875
133.28515625,-48.33984375,-28.3203125,-8.30078125,-40.0390625
133.2890625,-42.96875,-25.87890625,-13.18359375,-44.43359375
133.29296875,-42.96875,-29.78515625,-16.6015625,-41.015625
133.296875,-44.921875,-32.2265625,-16.6015625,-35.64453125
133.30078125,-38.57421875,-21.97265625,-18.06640625,-19.53125
133.3046875,-39.55078125,-17.578125,-11.23046875,-17.08984375
133.30859375,-12.6953125,-25.390625,-2.44140625,-8.7890625
133.3125,10.7421875,-21.97265625,-5.37109375,24.4140625
133.31640625,-21.484375,-16.11328125,-23.4375,-14.16015625
133.3203125,-38.57421875,-19.04296875,-33.203125,-50.78125
133.32421875,-24.4140625,-15.625,-30.76171875,-42.48046875
133.328125,-4.39453125,-12.20703125,-28.3203125,-32.2265625
133.33203125,2.9296875,-14.6484375,-22.4609375,-21.97265625
133.3359375,-14.6484375,-12.6953125,-31.73828125,-30.2734375
133.33984375,-9.27734375,-8.7890625,-41.9921875,-20.5078125
133.34375,-11.71875,-10.7421875,-41.9921875,0.48828125
133.34765625,-49.31640625,-17.578125,-38.0859375,-10.7421875
133.3515625,-47.36328125,-21.484375,-41.50390625,-35.15625
133.35546875,-28.3203125,-12.6953125,-62.01171875,-24.90234375
133.359375,-43.9453125,-20.99609375,-62.5,-28.80859375
133.36328125,-26.3671875,-23.92578125,-36.1328125,-38.57421875
133.3671875,-18.5546875,-19.53125,-23.4375,-42.96875
133.37109375,-32.71484375,-20.99609375,-22.94921875,-15.625
133.375,-23.4375,-13.18359375,-30.2734375,3.41796875
133.37890625,-19.04296875,-12.20703125,-42.48046875,-7.32421875
133.3828125,-31.25,-22.4609375,-42.48046875,-16.11328125
133.38671875,-35.64453125,-20.5078125,-40.52734375,-30.2734375
133.390625,-38.57421875,-13.671875,-45.8984375,-40.52734375
133.39453125,-45.8984375,-10.25390625,-39.0625,-28.3203125
133.3984375,-49.8046875,-6.34765625,-29.78515625,-22.94921875
133.40234375,-51.7578125,-10.25390625,-30.2734375,-41.50390625
133.40625,-38.0859375,-10.7421875,-26.85546875,-50.78125
133.41015625,-44.43359375,-9.27734375,-27.83203125,-32.71484375
133.4140625,-50.29296875,-17.08984375,-41.015625,-31.25
133.41796875,-45.8984375,-19.04296875,-48.828125,-42.48046875
133.421875,-54.6875,-17.578125,-45.41015625,-22.4609375
133.42578125,-53.22265625,-16.11328125,-29.78515625,-18.06640625
133.4296875,-41.9921875,-12.20703125,-24.4140625,-39.55078125
133.43359375,-35.15625,-11.23046875,-28.80859375,-39.0625
133.4375,-41.015625,-13.18359375,-31.73828125,-21.484375
133.44140625,-48.828125,-15.13671875,-31.25,-24.4140625
133.4453125,-46.38671875,-19.53125,-29.78515625,-10.7421875
133.44921875,-52.734375,-22.4609375,-33.69140625,-11.23046875
133.453125,-58.10546875,-22.4609375,-39.0625,-31.25
133.45703125,-55.6640625,-18.5546875,-47.8515625,-20.99609375
133.4609375,-48.828125,-20.5078125,-42.96875,-12.6953125
133.46484375,-39.55078125,-26.85546875,-31.73828125,-17.08984375
133.46875,-49.31640625,-22.94921875,-30.2734375,-9.27734375
133.47265625,-60.05859375,-20.01953125,-32.2265625,-13.671875
133.4765625,-47.8515625,-27.34375,-31.73828125,-4.39453125
133.48046875,-49.31640625,-25.87890625,-34.1796875,-0.9765625
133.484375,-58.59375,-23.92578125,-50.78125,-17.578125
133.48828125,-55.17578125,-20.01953125,-69.82421875,-4.39453125
133.4921875,-60.05859375,-19.04296875,-57.12890625,-7.8125
133.49609375,-62.98828125,-25.390625,-40.0390625,-30.2734375
133.5,-80.078125,-26.85546875,-36.62109375,-36.62109375
133.50390625,-100.09765625,-33.203125,-33.69140625,-29.78515625
133.5078125,-78.125,-39.0625,-33.69140625,-24.90234375
133.51171875,-47.8515625,-34.1796875,-32.2265625,-33.203125
133.515625,-54.6875,-29.296875,-39.55078125,-45.8984375
133.51953125,-64.94140625,-27.34375,-49.31640625,-24.4140625
133.5234375,-60.546875,-27.83203125,-46.38671875,-20.01953125
133.52734375,-59.5703125,-24.4140625,-43.45703125,-45.41015625
133.53125,-54.6875,-18.5546875,-38.57421875,-41.015625
133.53515625,-46.38671875,-17.578125,-33.69140625,-24.4140625
133.5390625,-45.41015625,-21.97265625,-35.64453125,-33.69140625
133.54296875,-44.43359375,-24.4140625,-40.52734375,-29.78515625
133.546875,-43.45703125,-17.08984375,-38.57421875,-13.18359375
133.55078125,-54.6875,-15.13671875,-34.66796875,-36.1328125
133.5546875,-69.82421875,-16.6015625,-30.76171875,-55.6640625
133.55859375,-64.453125,-22.4609375,-28.80859375,-29.296875
133.5625,-38.57421875,-43.9453125,-19.53125,6.34765625
133.56640625,-35.15625,-44.43359375,-20.99609375,3.41796875
133.5703125,-59.08203125,-26.3671875,-31.25,-29.296875
133.57421875,-46.875,-17.578125,-29.296875,-15.13671875
133.578125,-46.875,-15.625,-31.25,-15.13671875
133.58203125,-58.10546875,-18.5546875,-34.66796875,-29.78515625
133.5859375,-53.7109375,-23.4375,-44.921875,-17.578125
133.58984375,-54.19921875,-24.4140625,-41.015625,-9.27734375
133.59375,-41.015625,-24.90234375,-33.203125,-27.83203125
133.59765625,-38.0859375,-21.97265625,-37.59765625,-23.4375
133.6015625,-49.8046875,-18.5546875,-36.1328125,-18.06640625
133.60546875,-46.875,-22.4609375,-34.1796875,-23.92578125
133.609375,-38.0859375,-20.99609375,-41.015625,-20.99609375
133.61328125,-22.4609375,-19.53125,-39.0625,-2.44140625
133.6171875,-28.80859375,-22.4609375,-34.66796875,-5.859375
133.62109375,-26.85546875,-33.203125,-26.3671875,-17.578125
133.625,-3.90625,-44.921875,-31.73828125,20.01953125
133.62890625,-13.671875,-28.80859375,-54.6875,14.16015625
133.6328125,-9.765625,-12.20703125,-49.31640625,-0.48828125
133.63671875,7.8125,-14.6484375,-23.4375,10.7421875
133.640625,-31.73828125,-29.296875,-6.8359375,-5.859375
133.64453125,-65.91796875,-32.71484375,-8.7890625,-24.4140625
133.6484375,-56.640625,-31.25,-13.18359375,-11.71875
133.65234375,-56.640625,-29.296875,-3.90625,-6.34765625
133.65625,-63.96484375,-22.94921875,-4.8828125,-24.4140625
133.66015625,-34.1796875,-23.4375,-20.01953125,-34.1796875
133.6640625,-25.87890625,-27.83203125,-12.6953125,-18.06640625
133.66796875,-24.90234375,-32.71484375,-2.9296875,0.48828125
133.671875,-39.0625,-30.76171875,-9.27734375,-1.953125
133.67578125,-45.41015625,-27.34375,-7.32421875,-2.9296875
133.6796875,-46.875,-28.80859375,-6.8359375,-7.8125
133.68359375,-45.41015625,-31.73828125,-16.6015625,-23.92578125
133.6875,-29.78515625,-40.52734375,-25.87890625,-18.06640625
133.69140625,-27.83203125,-41.50390625,-29.296875,-0.48828125
133.6953125,-21.97265625,-38.57421875,-22.4609375,-2.9296875
133.69921875,-28.80859375,-41.015625,-22.94921875,-20.01953125
133.703125,-33.203125,-33.69140625,-12.6953125,-14.16015625
133.70703125,-31.73828125,-25.390625,2.9296875,11.23046875
133.7109375,-37.109375,-19.53125,-6.34765625,-5.859375
133.71484375,-34.66796875,-27.83203125,-14.6484375,-28.3203125
133.71875,-48.828125,-40.52734375,-21.484375,-4.8828125
133.72265625,-41.9921875,-46.38671875,-25.390625,-5.37109375
133.7265625,-24.4140625,-46.875,-22.94921875,-20.01953125
133.73046875,-28.3203125,-37.109375,-28.80859375,-13.18359375
133.734375,-44.43359375,-28.3203125,-20.5078125,-17.08984375
133.73828125,-51.26953125,-28.80859375,-8.30078125,-31.25
133.7421875,-42.96875,-25.390625,-9.765625,-26.3671875
133.74609375,-32.71484375,-20.99609375,-15.625,-19.53125
133.75,-31.73828125,-28.80859375,-29.78515625,0.9765625
133.75390625,-37.59765625,-23.4375,-24.4140625,16.11328125
133.7578125,-34.1796875,-24.4140625,-8.7890625,-9.765625
133.76171875,-20.01953125,-33.203125,-10.25390625,-24.90234375
133.765625,-34.66796875,-32.71484375,-20.01953125,-20.01953125
133.76953125,-48.828125,-31.73828125,-15.13671875,-29.296875
133.7734375,-20.99609375,-27.34375,-28.3203125,-22.94921875
133.77734375,-26.3671875,-30.76171875,-48.33984375,-9.27734375
133.78125,-48.33984375,-30.76171875,-20.5078125,-12.20703125
133.78515625,-48.33984375,-32.2265625,-1.953125,-13.18359375
133.7890625,-41.50390625,-32.2265625,-5.859375,-5.859375
133.79296875,-44.43359375,-31.25,-9.765625,-7.32421875
133.796875,-38.57421875,-33.203125,-7.32421875,-4.8828125
133.80078125,-31.25,-26.85546875,-7.8125,-10.7421875
133.8046875,-35.64453125,-23.4375,-18.5546875,-15.13671875
133.80859375,-48.828125,-24.4140625,-26.3671875,-4.39453125
133.8125,-55.17578125,-28.3203125,-26.85546875,-18.5546875
133.81640625,-44.921875,-30.76171875,-25.390625,-37.59765625
133.8203125,-37.109375,-35.64453125,-28.80859375,-43.9453125
133.82421875,-41.015625,-33.69140625,-25.87890625,-30.2734375
133.828125,-43.45703125,-27.83203125,-18.06640625,-11.71875
133.83203125,-38.57421875,-30.76171875,-14.6484375,-40.52734375
133.8359375,-46.875,-29.296875,-8.7890625,-28.3203125
133.83984375,-68.359375,-26.3671875,-5.859375,-11.23046875
133.84375,-30.76171875,-38.0859375,-13.671875,-15.13671875
133.84765625,-7.8125,-42.48046875,-22.4609375,6.8359375
133.8515625,-29.78515625,-39.0625,-39.55078125,-10.25390625
133.85546875,-29.296875,-34.66796875,-41.9921875,-22.94921875
133.859375,-30.76171875,-15.13671875,-12.20703125,-7.32421875
133.86328125,-38.0859375,-15.13671875,-3.90625,-35.15625
133.8671875,-31.25,-33.69140625,-4.39453125,-39.55078125
133.87109375,-24.4140625,-36.1328125,-9.27734375,-21.97265625
133.875,-44.921875,-23.4375,-15.625,-26.3671875
133.87890625,-64.453125,-14.16015625,-14.6484375,-46.38671875
133.8828125,-46.38671875,-12.6953125,-19.53125,-29.296875
133.88671875,-32.2265625,-15.625,-20.5078125,-9.765625
133.890625,-48.828125,-24.4140625,-18.5546875,-26.85546875
133.89453125,-41.50390625,-26.85546875,-18.5546875,-19.53125
133.8984375,-22.94921875,-29.78515625,-40.52734375,-3.41796875
133.90234375,-27.34375,-40.0390625,-32.2265625,-26.3671875
133.90625,-48.33984375,-34.1796875,-16.6015625,-33.203125
133.91015625,-80.078125,-30.2734375,-27.83203125,-21.484375
133.9140625,-70.3125,-33.69140625,-22.4609375,-5.37109375
133.91796875,-53.7109375,-36.1328125,-27.34375,-48.828125
133.921875,-50.78125,-35.15625,-54.6875,-85.44921875
133.92578125,-40.52734375,-33.203125,-41.015625,-53.22265625
133.9296875,-34.1796875,-31.25,-22.4609375,-25.87890625
133.93359375,-24.4140625,-33.69140625,-33.203125,-12.6953125
133.9375,-26.85546875,-40.0390625,-25.390625,-16.6015625
133.94140625,-22.94921875,-37.59765625,-9.765625,-13.671875
133.9453125,-16.11328125,-33.203125,-18.06640625,-12.6953125
133.94921875,-12.20703125,-22.94921875,-24.4140625,-14.16015625
133.953125,-6.34765625,-6.34765625,-23.92578125,-4.39453125
133.95703125,-18.06640625,-8.7890625,-28.80859375,-20.5078125
133.9609375,-41.50390625,-24.4140625,-25.87890625,-32.71484375
133.96484375,-35.64453125,-28.80859375,-19.04296875,-32.71484375
133.96875,-28.3203125,-26.3671875,-13.671875,-50.29296875
133.97265625,-34.66796875,-27.34375,-17.08984375,-14.16015625
133.9765625,-30.2734375,-30.76171875,-28.80859375,19.53125
133.98046875,-33.203125,-26.3671875,-34.66796875,0.0
133.984375,-46.875,-30.76171875,-30.76171875,-23.92578125
133.98828125,-29.78515625,-41.015625,-20.99609375,-23.4375
133.9921875,-13.18359375,-38.57421875,-14.16015625,-13.671875
133.99609375,-25.87890625,-29.296875,-15.13671875,-3.41796875
134.0,-34.66796875,-21.484375,-23.92578125,-10.25390625
134.00390625,-39.0625,-21.484375,-32.71484375,-37.59765625
134.0078125,-30.76171875,-20.01953125,-27.83203125,-27.83203125
134.01171875,-24.90234375,-14.6484375,-16.6015625,-23.4375
134.015625,-33.203125,-14.6484375,-6.8359375,-23.4375
134.01953125,-38.57421875,-18.06640625,-11.71875,-3.41796875
134.0234375,-51.7578125,-20.99609375,-32.71484375,-10.25390625
134.02734375,-55.17578125,-21.97265625,-15.625,-37.109375
134.03125,-48.828125,-25.87890625,3.90625,-21.97265625
134.03515625,-42.48046875,-35.15625,2.44140625,0.9765625
134.0390625,-38.57421875,-35.15625,0.0,-14.16015625
134.04296875,-40.52734375,-22.94921875,-12.20703125,-32.71484375
134.046875,-52.24609375,-22.94921875,-18.5546875,-28.3203125
134.05078125,-56.640625,-22.94921875,-15.13671875,-19.04296875
134.0546875,-41.50390625,-18.06640625,-14.6484375,-5.859375
134.05859375,-40.0390625,-18.06640625,-15.625,-3.41796875
134.0625,-39.55078125,-16.6015625,-21.484375,-9.27734375
134.06640625,-40.52734375,-21.97265625,-39.55078125,-20.5078125
134.0703125,-40.0390625,-26.85546875,-31.73828125,-30.76171875
134.07421875,-21.484375,-22.4609375,-10.7421875,-14.16015625
134.078125,-37.59765625,-28.3203125,-1.46484375,-35.64453125
134.08203125,-52.734375,-32.2265625,-3.90625,-33.69140625
134.0859375,-41.015625,-35.15625,-7.32421875,-3.41796875
134.08984375,-49.31640625,-38.57421875,-13.18359375,-12.6953125
134.09375,-42.48046875,-28.80859375,-16.11328125,-6.8359375
134.09765625,-37.59765625,-27.34375,-12.6953125,3.90625
134.1015625,-62.01171875,-31.73828125,-20.01953125,8.7890625
134.10546875,-47.8515625,-22.94921875,-21.484375,-10.7421875
134.109375,-27.34375,-23.4375,-19.04296875,-15.625
134.11328125,-30.2734375,-26.3671875,-23.92578125,-19.04296875
134.1171875,-31.25,-27.83203125,-34.66796875,-20.01953125
134.12109375,-36.1328125,-24.90234375,-28.80859375,-8.7890625
134.125,-44.921875,-22.4609375,-16.6015625,-15.13671875
134.12890625,-32.71484375,-23.92578125,-14.16015625,3.41796875
134.1328125,-26.85546875,-26.85546875,-16.11328125,0.48828125
134.13671875,-29.78515625,-24.90234375,-16.6015625,-10.25390625
134.140625,-40.0390625,-27.34375,-29.78515625,-20.99609375
134.14453125,-31.73828125,-29.78515625,-31.73828125,-37.109375
134.1484375,-57.6171875,-30.76171875,-27.34375,-5.37109375
134.15234375,-72.265625,-18.06640625,-38.57421875,30.76171875
134.15625,-45.41015625,-18.5546875,-31.25,1.46484375
134.16015625,-42.48046875,-34.1796875,-4.8828125,-20.5078125
134.1640625,-44.921875,-35.15625,0.48828125,-28.80859375
134.16796875,-50.29296875,-34.1796875,-8.7890625,-40.52734375
134.171875,-49.8046875,-38.0859375,-14.16015625,-16.6015625
134.17578125,-50.29296875,-35.15625,-18.5546875,0.48828125
134.1796875,-60.05859375,-33.203125,-16.6015625,-18.5546875
134.18359375,-69.3359375,-41.015625,-15.625,-32.2265625
134.1875,-69.82421875,-38.0859375,-20.5078125,-38.57421875
134.19140625,-77.63671875,-31.25,-21.97265625,-25.87890625
134.1953125,-69.3359375,-37.59765625,-22.4609375,-31.25
134.19921875,-52.24609375,-45.41015625,-25.87890625,-48.828125
134.203125,-39.55078125,-43.9453125,-25.87890625,-33.203125
134.20703125,-38.57421875,-34.66796875,-21.484375,0.0
134.2109375,-42.48046875,-32.2265625,-20.5078125,6.34765625
134.21484375,-65.4296875,-39.55078125,-22.4609375,-32.2265625
134.21875,-70.80078125,-41.50390625,-20.01953125,-22.94921875
134.22265625,-64.453125,-35.15625,-18.5546875,-8.30078125
134.2265625,-69.3359375,-32.2265625,-28.3203125,-21.484375
134.23046875,-49.8046875,-30.76171875,-34.1796875,-27.83203125
134.234375,-44.43359375,-23.4375,-24.4140625,-40.0390625
134.23828125,-62.5,-21.97265625,-14.16015625,-55.6640625
134.2421875,-68.359375,-26.3671875,-26.3671875,-54.6875
134.24609375,-47.8515625,-21.97265625,-44.43359375,-33.203125
134.25,-42.96875,-28.80859375,-29.296875,-29.78515625
134.25390625,-44.43359375,-35.15625,4.39453125,-27.83203125
134.2578125,-39.55078125,-33.69140625,9.765625,0.0
134.26171875,-32.2265625,-30.2734375,5.859375,-24.90234375
134.265625,-28.3203125,-26.85546875,0.48828125,-43.9453125
134.26953125,-33.203125,-26.3671875,-10.7421875,-23.4375
134.2734375,-37.109375,-24.90234375,-7.8125,-11.23046875
134.27734375,-42.48046875,-21.97265625,0.9765625,-13.671875
134.28125,-37.109375,-18.06640625,-6.8359375,-17.578125
134.28515625,-35.15625,-22.4609375,-12.20703125,-16.11328125
134.2890625,-41.9921875,-30.76171875,-8.7890625,-12.6953125
134.29296875,-20.5078125,-19.53125,-11.71875,-12.6953125
134.296875,-17.08984375,-26.85546875,-14.16015625,-10.7421875
134.30078125,-37.109375,-34.1796875,-6.8359375,-28.80859375
134.3046875,-24.4140625,-28.3203125,5.37109375,-31.73828125
134.30859375,-16.6015625,-27.34375,14.6484375,-22.94921875
134.3125,-29.296875,-22.94921875,16.6015625,-10.25390625
134.31640625,-26.3671875,-21.97265625,6.8359375,-3.90625
134.3203125,-28.80859375,-26.3671875,1.953125,-13.18359375
134.32421875,-35.15625,-31.25,11.71875,-7.32421875
134.328125,-29.78515625,-35.15625,4.8828125,-12.6953125
134.33203125,-20.01953125,-31.25,-7.8125,-11.71875
134.3359375,-22.4609375,-31.25,-10.25390625,-2.44140625
134.33984375,-29.296875,-33.69140625,-9.27734375,-9.27734375
134.34375,-29.296875,-31.25,-3.41796875,-16.6015625
134.34765625,-38.0859375,-33.203125,11.23046875,-20.01953125
134.3515625,-42.48046875,-32.2265625,18.5546875,-14.16015625
134.35546875,-32.71484375,-24.4140625,8.30078125,-17.08984375
134.359375,-37.109375,-25.87890625,-0.9765625,-27.34375
134.36328125,-39.0625,-25.87890625,6.34765625,-20.99609375
134.3671875,-22.4609375,-19.04296875,1.953125,-4.8828125
134.37109375,-15.13671875,-18.06640625,-11.23046875,-6.8359375
134.375,-28.80859375,-29.296875,-0.9765625,-32.2265625
134.37890625,-38.0859375,-31.25,7.32421875,-41.9921875
134.3828125,-29.78515625,-27.83203125,8.30078125,-19.04296875
134.38671875,-19.04296875,-29.296875,2.44140625,-13.671875
134.390625,-8.7890625,-26.3671875,-4.8828125,-29.78515625
134.39453125,-13.671875,-21.484375,-12.20703125,-20.01953125
134.3984375,-20.99609375,-22.4609375,-25.390625,20.01953125
134.40234375,-13.18359375,-22.94921875,-22.4609375,24.4140625
134.40625,-20.5078125,-28.3203125,0.9765625,-17.08984375
134.41015625,-20.99609375,-25.390625,10.7421875,-20.5078125
134.4140625,-9.27734375,-20.99609375,4.39453125,-8.7890625
134.41796875,-24.4140625,-27.34375,-2.44140625,-20.01953125
134.421875,-28.80859375,-34.1796875,-6.8359375,-24.90234375
134.42578125,-34.1796875,-31.25,-12.6953125,-20.01953125
134.4296875,-32.2265625,-27.83203125,-16.11328125,-19.04296875
134.43359375,-25.87890625,-28.3203125,-8.30078125,-25.390625
134.4375,-25.390625,-27.34375,-4.8828125,-21.484375
134.44140625,-24.4140625,-27.83203125,-9.27734375,-18.06640625
134.4453125,-32.2265625,-30.76171875,-18.06640625,-36.1328125
134.44921875,-21.484375,-30.76171875,-26.85546875,-29.78515625
134.453125,-22.94921875,-24.90234375,-35.15625,-16.6015625
134.45703125,-33.69140625,-26.85546875,-38.0859375,-21.97265625
134.4609375,-18.5546875,-34.1796875,-23.4375,-18.06640625
134.46484375,-28.3203125,-36.1328125,-13.671875,-15.13671875
134.46875,-34.1796875,-36.62109375,-7.32421875,-21.484375
134.47265625,-12.6953125,-37.59765625,5.859375,-13.671875
134.4765625,0.0,-31.73828125,4.8828125,-8.7890625
134.48046875,-10.25390625,-28.80859375,-11.71875,-20.5078125
134.484375,-30.76171875,-30.2734375,-11.23046875,-21.484375
134.48828125,-42.48046875,-19.04296875,-5.859375,-29.296875
134.4921875,-45.8984375,-20.5078125,-8.30078125,-36.1328125
134.49609375,-37.59765625,-25.390625,-8.7890625,-62.5
134.5,-34.1796875,-27.34375,-13.671875,-66.89453125
134.50390625,-45.8984375,-33.203125,-17.08984375,-57.12890625
134.5078125,-51.7578125,-34.66796875,-27.34375,-30.76171875
134.51171875,-54.6875,-34.1796875,-44.921875,5.859375
134.515625,-44.921875,-25.390625,-49.8046875,-32.2265625
134.51953125,-41.015625,-32.2265625,-50.29296875,-34.1796875
134.5234375,-33.69140625,-43.9453125,-42.48046875,-16.11328125
134.52734375,-30.76171875,-44.921875,-35.15625,-30.76171875
134.53125,-29.296875,-41.9921875,-34.1796875,-21.97265625
134.53515625,-30.76171875,-30.2734375,-30.76171875,-26.3671875
134.5390625,-37.109375,-25.87890625,-24.4140625,-19.04296875
134.54296875,-29.296875,-24.90234375,-31.73828125,-14.16015625
134.546875,-43.9453125,-27.34375,-35.64453125,-30.2734375
134.55078125,-80.078125,-29.296875,-37.59765625,-22.4609375
134.5546875,-99.12109375,-32.2265625,-52.734375,-7.32421875
134.55859375,-91.796875,-36.1328125,-39.0625,-4.8828125
134.5625,-83.49609375,-33.203125,-20.99609375,-17.578125
134.56640625,-86.42578125,-28.80859375,-26.85546875,-33.69140625
134.5703125,-84.9609375,-27.34375,-35.15625,-27.83203125
134.57421875,-86.42578125,-30.76171875,-33.203125,-17.08984375
134.578125,-77.63671875,-31.25,-26.3671875,-15.13671875
134.58203125,-78.125,-30.2734375,-28.3203125,-20.99609375
134.5859375,-69.82421875,-26.3671875,-29.78515625,-11.23046875
134.58984375,-63.96484375,-20.5078125,-25.87890625,-13.18359375
134.59375,-66.89453125,-20.99609375,-21.484375,-10.7421875
134.59765625,-64.94140625,-20.99609375,-29.296875,5.37109375
134.6015625,-64.94140625,-27.34375,-41.9921875,-6.34765625
134.60546875,-59.5703125,-28.3203125,-39.55078125,-26.85546875
134.609375,-60.546875,-20.5078125,-39.55078125,-22.4609375
134.61328125,-49.31640625,-21.97265625,-46.875,-1.46484375
134.6171875,-54.6875,-29.78515625,-34.66796875,5.37109375
134.62109375,-66.40625,-28.3203125,-25.87890625,-1.953125
134.625,-51.26953125,-26.85546875,-31.25,-20.01953125
134.62890625,-46.875,-27.83203125,-23.92578125,-14.6484375
134.6328125,-50.29296875,-33.203125,-17.08984375,-0.9765625
134.63671875,-58.59375,-32.2265625,-26.85546875,-27.83203125
134.640625,-62.5,-26.85546875,-28.3203125,-25.390625
134.64453125,-49.31640625,-23.4375,-29.78515625,1.953125
134.6484375,-44.921875,-20.5078125,-36.62109375,-10.25390625
134.65234375,-45.8984375,-20.5078125,-36.1328125,-31.25
134.65625,-39.0625,-20.01953125,-36.1328125,-13.671875
134.66015625,-34.1796875,-22.4609375,-27.83203125,-6.8359375
134.6640625,-34.1796875,-27.83203125,-18.5546875,-9.765625
134.66796875,-45.8984375,-42.48046875,-22.4609375,-4.39453125
134.671875,-47.8515625,-36.1328125,-26.3671875,-7.32421875
134.67578125,-47.36328125,-20.01953125,-39.55078125,-6.8359375
134.6796875,-57.12890625,-23.92578125,-20.01953125,-13.671875
134.68359375,-56.15234375,-27.83203125,6.8359375,-10.7421875
134.6875,-48.33984375,-23.4375,-1.953125,-3.90625
134.69140625,-50.78125,-24.90234375,-12.6953125,-6.8359375
134.6953125,-40.52734375,-28.80859375,-12.20703125,-6.8359375
134.69921875,-33.69140625,-29.78515625,-7.8125,-8.7890625
134.703125,-42.96875,-30.2734375,-9.765625,4.39453125
134.70703125,-45.41015625,-33.203125,-20.99609375,9.27734375
134.7109375,-39.0625,-35.64453125,-22.94921875,-9.27734375
134.71484375,-27.34375,-32.2265625,-14.6484375,-5.37109375
134.71875,-21.484375,-30.76171875,-12.20703125,0.0
134.72265625,-17.578125,-28.3203125,-11.23046875,-15.13671875
134.7265625,-24.4140625,-30.76171875,-9.27734375,-3.90625
134.73046875,-37.59765625,-29.78515625,-11.71875,32.2265625
134.734375,-38.0859375,-28.3203125,-18.5546875,6.8359375
134.73828125,-48.33984375,-32.2265625,-17.578125,-27.83203125
134.7421875,-43.9453125,-31.73828125,-11.71875,-9.765625
134.74609375,-27.83203125,-25.87890625,-2.9296875,0.0
134.75,-34.1796875,-20.99609375,1.46484375,-11.23046875
134.75390625,-35.64453125,-19.04296875,-1.953125,-4.39453125
134.7578125,-27.34375,-20.5078125,-10.25390625,-11.23046875
134.76171875,-27.83203125,-27.34375,-9.27734375,-45.41015625
134.765625,-29.296875,-25.390625,-12.6953125,-22.4609375
134.76953125,-35.64453125,-21.484375,-16.11328125,14.16015625
134.7734375,-46.38671875,-25.87890625,-12.20703125,-0.48828125
134.77734375,-38.0859375,-22.94921875,-10.25390625,8.30078125
134.78125,-12.6953125,-13.18359375,-12.20703125,22.4609375
134.78515625,-5.859375,-13.18359375,-31.73828125,0.48828125
134.7890625,-20.99609375,-24.4140625,-40.0390625,-16.6015625
134.79296875,-27.83203125,-27.34375,-20.99609375,-26.85546875
134.796875,-24.90234375,-23.4375,-10.25390625,-4.39453125
134.80078125,-19.53125,-24.90234375,-3.41796875,8.7890625
134.8046875,-22.94921875,-19.53125,-2.9296875,-10.7421875
134.80859375,-28.3203125,-15.625,-8.30078125,-20.5078125
134.8125,-27.83203125,-17.578125,-9.765625,-19.04296875
134.81640625,-23.92578125,-16.6015625,-3.41796875,-10.25390625
134.8203125,-28.3203125,-15.625,-10.7421875,-17.08984375
134.82421875,-33.69140625,-16.6015625,-13.671875,-29.78515625
134.828125,-36.62109375,-20.99609375,-17.08984375,-25.390625
134.83203125,-30.76171875,-20.5078125,-30.2734375,-23.4375
134.8359375,-28.3203125,-17.08984375,-8.30078125,-17.08984375
134.83984375,-32.2265625,-18.06640625,2.9296875,-23.4375
134.84375,-32.2265625,-19.53125,-8.7890625,-35.64453125
134.84765625,-34.66796875,-21.484375,-13.671875,-20.99609375
134.8515625,-28.3203125,-20.5078125,-8.30078125,-25.390625
134.85546875,-16.6015625,-22.94921875,1.46484375,-26.3671875
134.859375,-29.296875,-30.2734375,-5.859375,-21.484375
134.86328125,-34.66796875,-29.296875,-19.04296875,-37.109375
134.8671875,-22.4609375,-20.99609375,-10.25390625,-37.109375
134.87109375,-21.484375,-20.01953125,-7.8125,-25.87890625
134.875,-20.99609375,-19.53125,-3.41796875,-2.9296875
134.87890625,-19.53125,-17.578125,4.39453125,1.46484375
134.8828125,-13.18359375,-22.94921875,-2.9296875,-1.953125
134.88671875,-13.671875,-26.85546875,-8.30078125,-5.859375
134.890625,-27.83203125,-27.83203125,-15.13671875,-20.01953125
134.89453125,-38.57421875,-26.3671875,-26.3671875,-17.08984375
134.8984375,-36.1328125,-20.99609375,-25.87890625,-13.18359375
134.90234375,-34.66796875,-17.578125,-9.765625,-14.16015625
134.90625,-31.73828125,-23.4375,0.0,-15.625
134.91015625,-13.18359375,-19.04296875,0.9765625,-20.99609375
134.9140625,-15.625,-14.6484375,3.90625,-15.625
134.91796875,-26.85546875,-23.92578125,-8.30078125,-24.90234375
134.921875,-31.73828125,-27.34375,-9.765625,-20.99609375
134.92578125,-41.015625,-27.83203125,-6.8359375,-11.23046875
134.9296875,-37.59765625,-25.390625,-8.30078125,-15.13671875
134.93359375,-39.0625,-22.4609375,-10.25390625,2.44140625
134.9375,-44.43359375,-22.94921875,-14.16015625,-8.30078125
134.94140625,-35.15625,-19.53125,-10.7421875,-19.53125
134.9453125,-31.73828125,-20.5078125,-4.39453125,-5.859375
134.94921875,-24.90234375,-11.71875,-14.16015625,22.4609375
134.953125,-12.20703125,-5.859375,-25.390625,20.5078125
134.95703125,-19.04296875,-17.08984375,-9.765625,-15.625
134.9609375,-29.296875,-21.97265625,2.44140625,-28.3203125
134.96484375,-41.015625,-19.04296875,-7.32421875,-46.38671875
134.96875,-37.59765625,-15.13671875,-17.08984375,-31.73828125
134.97265625,-19.53125,-20.5078125,-22.4609375,-7.32421875
134.9765625,-13.671875,-25.390625,-28.80859375,-13.18359375
134.98046875,-14.6484375,-17.578125,-32.2265625,-14.6484375
134.984375,-17.578125,-13.671875,-30.2734375,4.8828125
134.98828125,-18.5546875,-19.04296875,-23.92578125,16.11328125
134.9921875,-12.20703125,-20.01953125,-25.390625,12.6953125
134.99609375,0.9765625,-18.06640625,-29.296875,-17.578125
135.0,0.9765625,-16.6015625,-29.78515625,-22.4609375
135.00390625,-8.30078125,-20.5078125,-30.2734375,-5.37109375
135.0078125,-18.06640625,-22.94921875,-41.9921875,-0.9765625
135.01171875,-13.18359375,-18.06640625,-41.50390625,-2.44140625
135.015625,-2.44140625,-14.6484375,-29.296875,-15.625
135.01953125,-5.37109375,-15.13671875,-29.296875,-28.3203125
135.0234375,-16.11328125,-19.53125,-27.34375,-7.8125
135.02734375,-26.85546875,-21.484375,-20.01953125,-4.8828125
135.03125,-30.76171875,-24.4140625,-21.97265625,-6.8359375
135.03515625,-18.5546875,-18.5546875,-19.53125,3.41796875
135.0390625,-15.625,-16.6015625,-22.4609375,-10.25390625
135.04296875,-24.90234375,-22.4609375,-28.3203125,0.48828125
135.046875,-29.78515625,-22.4609375,-28.80859375,0.9765625
135.05078125,-30.2734375,-20.5078125,-31.73828125,-7.8125
135.0546875,-30.76171875,-19.04296875,-24.90234375,-0.9765625
135.05859375,-25.87890625,-17.578125,-18.06640625,-13.18359375
135.0625,-16.11328125,-19.53125,-14.16015625,-0.9765625
135.06640625,-15.13671875,-16.6015625,-23.4375,14.16015625
135.0703125,-17.08984375,-12.20703125,-43.45703125,-17.578125
135.07421875,-13.18359375,-17.08984375,-38.57421875,-37.59765625
135.078125,-29.78515625,-21.97265625,-29.296875,-22.94921875
135.08203125,-44.43359375,-23.4375,-23.92578125,-8.7890625
135.0859375,-26.3671875,-20.01953125,-13.18359375,-6.34765625
135.08984375,-16.6015625,-14.16015625,-8.7890625,-0.9765625
135.09375,-21.97265625,-15.13671875,-13.18359375,-2.9296875
135.09765625,-22.94921875,-20.5078125,-11.71875,-9.27734375
135.1015625,-28.80859375,-23.92578125,-9.765625,-10.25390625
135.10546875,-42.96875,-26.85546875,-19.04296875,-10.25390625
135.109375,-47.36328125,-20.01953125,-29.296875,-20.5078125
135.11328125,-43.9453125,-15.625,-31.73828125,-34.1796875
135.1171875,-41.015625,-21.97265625,-41.50390625,-1.953125
135.12109375,-38.57421875,-25.87890625,-46.875,20.5078125
135.125,-28.80859375,-20.01953125,-34.1796875,54.6875
135.12890625,-21.97265625,-20.01953125,-26.3671875,90.33203125
135.1328125,-29.78515625,-23.4375,-23.92578125,98.14453125
135.13671875,-23.4375,-19.04296875,-22.4609375,104.00390625
135.140625,-15.625,-19.53125,-29.296875,87.40234375
135.14453125,-18.5546875,-22.4609375,-29.78515625,98.14453125
135.1484375,-14.16015625,-20.5078125,-18.5546875,132.32421875
135.15234375,-2.44140625,-16.11328125,-23.92578125,155.76171875
135.15625,7.8125,-9.27734375,-34.1796875,136.23046875
135.16015625,-3.41796875,-16.11328125,-16.6015625,83.0078125
135.1640625,-19.04296875,-22.94921875,-2.9296875,14.6484375
135.16796875,-20.5078125,-20.99609375,-9.765625,-10.7421875
135.171875,-15.13671875,-20.01953125,-9.765625,-8.30078125
135.17578125,-11.23046875,-13.18359375,-1.953125,-11.71875
135.1796875,-23.4375,-13.671875,-5.37109375,-16.11328125
135.18359375,-35.64453125,-22.4609375,-19.04296875,-33.69140625
135.1875,-23.92578125,-19.04296875,-17.08984375,-37.59765625
135.19140625,-14.16015625,-17.08984375,-10.7421875,-48.33984375
135.1953125,-2.44140625,-17.578125,-8.7890625,-31.25
135.19921875,1.46484375,-18.5546875,-13.671875,-19.53125
135.203125,-0.9765625,-20.5078125,-20.99609375,-31.73828125
135.20703125,0.9765625,-17.578125,-12.6953125,-0.9765625
135.2109375,-9.27734375,-21.97265625,-8.30078125,-30.2734375
135.21484375,-9.27734375,-29.296875,-15.13671875,-48.828125
135.21875,-8.30078125,-27.83203125,-11.71875,-31.73828125
135.22265625,5.37109375,-20.01953125,-7.8125,-31.73828125
135.2265625,13.671875,-21.97265625,-17.08984375,-23.4375
135.23046875,25.87890625,-21.97265625,-5.37109375,3.90625
135.234375,8.30078125,-15.625,-5.37109375,-8.30078125
135.23828125,-25.87890625,-17.08984375,-11.23046875,-74.70703125
135.2421875,-20.99609375,-13.671875,-7.8125,-89.35546875
135.24609375,-9.27734375,-8.7890625,-1.46484375,-65.91796875
135.25,-20.01953125,-16.6015625,-1.953125,-84.9609375
135.25390625,-26.3671875,-17.578125,-8.7890625,-114.2578125
135.2578125,-40.0390625,-16.6015625,-18.06640625,-111.81640625
135.26171875,-46.875,-17.578125,-30.2734375,-108.3984375
135.265625,-32.2265625,-16.6015625,-32.71484375,-109.86328125
135.26953125,-52.734375,-7.32421875,-26.85546875,-112.3046875
135.2734375,-56.640625,-3.41796875,-23.92578125,-109.375
135.27734375,-39.0625,-4.39453125,-28.3203125,-108.88671875
135.28125,-37.59765625,-4.8828125,-29.296875,-84.9609375
135.28515625,-26.3671875,-7.32421875,-23.92578125,-74.70703125
135.2890625,-27.34375,-3.90625,-24.90234375,-88.37890625
135.29296875,-25.390625,-11.23046875,-23.4375,-69.3359375
135.296875,-15.625,-24.4140625,-18.06640625,-43.45703125
135.30078125,-27.83203125,-20.01953125,-12.6953125,-49.31640625
135.3046875,-27.83203125,-14.6484375,-14.16015625,-72.75390625
135.30859375,-24.4140625,-20.01953125,-24.4140625,-89.35546875
135.3125,-23.4375,-17.578125,-26.3671875,-89.84375
135.31640625,-20.01953125,-3.41796875,-31.73828125,-74.21875
135.3203125,-17.578125,2.9296875,-43.9453125,-60.05859375
135.32421875,-11.23046875,-1.46484375,-29.296875,-63.96484375
135.328125,-29.296875,-9.765625,-15.625,-62.01171875
135.33203125,-38.57421875,-16.6015625,-15.13671875,-34.66796875
135.3359375,-11.23046875,-20.01953125,-20.99609375,-46.875
135.33984375,-11.23046875,-21.484375,-26.3671875,-66.40625
135.34375,-27.34375,-19.04296875,-23.92578125,-59.5703125
135.34765625,-32.2265625,-16.11328125,-28.80859375,-64.453125
135.3515625,-19.04296875,-13.671875,-31.73828125,-63.4765625
135.35546875,-12.20703125,-13.18359375,-29.296875,-55.6640625
135.359375,-25.87890625,-16.11328125,-30.76171875,-43.45703125
135.36328125,-29.296875,-19.04296875,-31.73828125,-27.34375
135.3671875,-39.0625,-21.97265625,-38.0859375,-16.6015625
135.37109375,-32.2265625,-23.4375,-52.24609375,-34.1796875
135.375,-27.34375,-23.4375,-54.19921875,-50.78125
135.37890625,-42.48046875,-28.3203125,-44.921875,-46.875
135.3828125,-36.1328125,-27.83203125,-36.1328125,-36.1328125
135.38671875,-34.1796875,-21.484375,-43.9453125,-25.87890625
135.390625,-39.55078125,-27.83203125,-39.0625,-31.73828125
135.39453125,-41.50390625,-31.73828125,-23.4375,-67.87109375
135.3984375,-40.0390625,-38.0859375,-17.08984375,-47.8515625
135.40234375,-20.01953125,-42.96875,-15.625,-14.16015625
135.40625,-21.97265625,-32.2265625,-30.2734375,-31.25
135.41015625,-45.8984375,-27.34375,-43.45703125,-72.265625
135.4140625,-44.921875,-28.3203125,-53.7109375,-82.03125
135.41796875,-35.64453125,-20.5078125,-60.546875,-72.75390625
135.421875,-50.78125,-20.5078125,-59.08203125,-62.5
135.42578125,-44.43359375,-20.5078125,-56.15234375,-51.7578125
135.4296875,-24.90234375,-13.18359375,-52.734375,-30.2734375
135.43359375,-42.96875,-13.671875,-53.7109375,-36.1328125
135.4375,-36.62109375,-17.08984375,-50.78125,-34.66796875
135.44140625,-26.85546875,-18.06640625,-45.41015625,-41.50390625
135.4453125,-34.1796875,-11.71875,-41.50390625,-49.8046875
135.44921875,-25.390625,-13.18359375,-45.8984375,-31.25
135.453125,-16.11328125,-15.13671875,-42.48046875,-31.73828125
135.45703125,-10.7421875,-11.71875,-36.62109375,-35.64453125
135.4609375,-14.16015625,-13.18359375,-44.43359375,-30.2734375
135.46484375,-25.87890625,-15.625,-49.31640625,-37.59765625
135.46875,-20.99609375,-15.13671875,-52.734375,-33.203125
135.47265625,-19.53125,-14.6484375,-46.875,-30.76171875
135.4765625,-21.97265625,-16.6015625,-28.80859375,-32.71484375
135.48046875,-20.5078125,-15.625,-18.06640625,-30.2734375
135.484375,-26.3671875,-14.6484375,-18.5546875,-25.390625
135.48828125,-26.85546875,-20.5078125,-26.85546875,-30.2734375
135.4921875,-20.01953125,-24.90234375,-31.73828125,-28.3203125
135.49609375,-18.06640625,-20.5078125,-17.08984375,-13.18359375
135.5,-18.5546875,-22.94921875,-10.7421875,-25.390625
135.50390625,-21.484375,-24.90234375,-12.20703125,-39.0625
135.5078125,-8.30078125,-17.578125,-7.8125,-31.25
135.51171875,-5.859375,-15.13671875,-9.27734375,-17.08984375
135.515625,-7.32421875,-18.5546875,-6.8359375,-23.92578125
135.51953125,-11.23046875,-20.5078125,-7.32421875,-31.25
135.5234375,-13.18359375,-15.13671875,-1.953125,-20.01953125
135.52734375,-8.7890625,-14.6484375,3.41796875,-17.08984375
135.53125,-9.765625,-15.13671875,-8.30078125,-28.3203125
135.53515625,-6.8359375,-13.671875,-29.78515625,-17.578125
135.5390625,-10.7421875,-23.92578125,-20.5078125,-3.41796875
135.54296875,-18.5546875,-29.78515625,0.0,-15.13671875
135.546875,-19.04296875,-27.83203125,1.953125,-20.01953125
135.55078125,-26.85546875,-28.3203125,3.90625,-8.7890625
135.5546875,-26.85546875,-23.92578125,3.41796875,-15.13671875
135.55859375,-27.34375,-23.92578125,-3.41796875,-31.73828125
135.5625,-32.2265625,-27.83203125,-4.8828125,-40.52734375
135.56640625,-22.94921875,-35.64453125,-1.953125,-32.2265625
135.5703125,-10.25390625,-30.76171875,-0.48828125,-16.6015625
135.57421875,-10.25390625,-17.08984375,-0.48828125,-5.859375
135.578125,-16.11328125,-21.484375,-1.953125,-7.8125
135.58203125,-23.4375,-26.3671875,-4.39453125,-27.83203125
135.5859375,-29.296875,-22.4609375,-14.6484375,-36.62109375
135.58984375,-15.625,-20.99609375,-9.27734375,-8.30078125
135.59375,-7.32421875,-17.578125,6.34765625,27.34375
135.59765625,-7.32421875,-20.01953125,8.7890625,7.32421875
135.6015625,-7.32421875,-21.97265625,19.04296875,-26.3671875
135.60546875,-10.25390625,-19.04296875,20.99609375,-20.5078125
135.609375,-13.671875,-19.53125,14.16015625,-9.765625
135.61328125,-28.3203125,-21.484375,15.625,-2.44140625
135.6171875,-48.33984375,-20.99609375,10.7421875,0.9765625
135.62109375,-56.640625,-17.08984375,7.8125,-5.859375
135.625,-61.5234375,-21.97265625,11.71875,6.8359375
135.62890625,-75.1953125,-30.76171875,4.8828125,-5.859375
135.6328125,-56.15234375,-27.34375,2.44140625,-18.5546875
135.63671875,-51.26953125,-22.94921875,11.23046875,-1.953125
135.640625,-63.96484375,-23.4375,15.625,5.859375
135.64453125,-25.390625,-25.390625,18.5546875,13.18359375
135.6484375,-3.41796875,-23.4375,12.6953125,26.3671875
135.65234375,-43.9453125,-11.23046875,2.9296875,11.23046875
135.65625,-62.01171875,-7.32421875,-3.90625,-15.625
135.66015625,-55.17578125,-13.18359375,7.8125,-14.6484375
135.6640625,-68.84765625,-24.4140625,16.11328125,-15.13671875
135.66796875,-56.640625,-25.87890625,6.34765625,-32.2265625
135.671875,-69.82421875,-16.11328125,-1.953125,-29.296875
135.67578125,-197.75390625,-18.5546875,-1.46484375,-29.296875
135.6796875,-261.23046875,-22.94921875,0.48828125,-14.16015625
135.68359375,-266.11328125,-16.6015625,-13.18359375,-35.64453125
135.6875,-254.8828125,-10.7421875,-20.01953125,-43.45703125
135.69140625,-237.3046875,-10.7421875,-11.71875,-33.203125
135.6953125,-238.28125,-17.08984375,-9.765625,-25.390625
135.69921875,-233.3984375,-24.4140625,-11.23046875,-23.92578125
135.703125,-215.8203125,-20.5078125,-6.34765625,-26.3671875
135.70703125,-195.80078125,-15.13671875,0.0,-19.04296875
135.7109375,-182.12890625,-19.04296875,2.44140625,-19.53125
135.71484375,-171.38671875,-25.390625,0.0,-39.55078125
135.71875,-156.73828125,-29.296875,-10.7421875,-40.52734375
135.72265625,-149.4140625,-22.94921875,-21.484375,-18.5546875
135.7265625,-151.85546875,-15.13671875,-16.11328125,-21.484375
135.73046875,-147.4609375,-15.13671875,-7.32421875,-20.99609375
135.734375,-146.484375,-22.4609375,-5.859375,-9.27734375
135.73828125,-131.8359375,-19.53125,-4.39453125,-6.8359375
135.7421875,-125.48828125,-12.6953125,1.953125,-7.32421875
135.74609375,-121.09375,-24.4140625,-0.48828125,-13.671875
135.75,-99.12109375,-30.2734375,-11.23046875,-24.90234375
135.75390625,-83.49609375,-27.34375,-4.8828125,-25.87890625
135.7578125,-82.51953125,-27.83203125,-0.9765625,-19.04296875
135.76171875,-81.0546875,-24.90234375,-5.37109375,-20.5078125
135.765625,-75.68359375,-20.01953125,-7.32421875,-8.7890625
135.76953125,-76.171875,-16.11328125,-21.484375,-11.71875
135.7734375,-83.0078125,-17.578125,-17.578125,-21.484375
135.77734375,-79.1015625,-19.53125,-7.32421875,-31.73828125
135.78125,-72.75390625,-22.4609375,-13.671875,-31.73828125
135.78515625,-76.66015625,-26.85546875,-18.5546875,-10.7421875
135.7890625,-83.984375,-20.99609375,-20.01953125,-23.4375
135.79296875,-58.10546875,-20.5078125,-19.53125,-31.25
135.796875,-34.1796875,-24.90234375,-18.06640625,-34.66796875
135.80078125,-47.36328125,-18.5546875,-18.06640625,-26.3671875
135.8046875,-47.36328125,-17.578125,-20.5078125,-7.32421875
135.80859375,-46.875,-18.06640625,-24.90234375,-6.8359375
135.8125,-54.19921875,-14.6484375,-24.90234375,-20.01953125
135.81640625,-46.38671875,-9.765625,-24.90234375,-16.6015625
135.8203125,-45.41015625,-6.8359375,-26.85546875,-11.71875
135.82421875,-52.24609375,-15.625,-28.80859375,-34.66796875
135.828125,-44.43359375,-21.484375,-27.83203125,-41.015625
135.83203125,-33.203125,-19.53125,-22.94921875,-23.92578125
135.8359375,-47.36328125,-18.5546875,-33.69140625,-20.5078125
135.83984375,-51.7578125,-9.765625,-57.12890625,-25.390625
135.84375,-41.50390625,-3.41796875,-40.52734375,-27.34375
135.84765625,-49.31640625,-11.23046875,-17.08984375,-33.203125
135.8515625,-49.8046875,-21.97265625,-24.4140625,-33.203125
135.85546875,-50.78125,-26.3671875,-23.4375,-44.43359375
135.859375,-61.5234375,-15.13671875,-24.90234375,-58.59375
135.86328125,-56.15234375,-7.8125,-34.1796875,-61.5234375
135.8671875,-49.31640625,-5.859375,-27.83203125,-45.8984375
135.87109375,-63.96484375,-11.71875,-7.8125,-57.6171875
135.875,-91.796875,-23.4375,0.48828125,-85.44921875
135.87890625,-119.140625,-28.3203125,-1.953125,-98.6328125
135.8828125,-131.8359375,-31.25,-1.46484375,-107.421875
135.88671875,-141.6015625,-33.203125,-7.32421875,-120.60546875
135.890625,-147.4609375,-35.64453125,-4.39453125,-107.421875
135.89453125,-149.4140625,-33.203125,10.25390625,-109.375
135.8984375,-140.625,-37.59765625,14.16015625,-122.55859375
135.90234375,-130.37109375,-41.50390625,12.6953125,-105.46875
135.90625,-136.23046875,-51.26953125,26.3671875,-109.375
135.91015625,-115.72265625,-60.546875,50.29296875,-93.75
135.9140625,-126.46484375,-63.96484375,62.01171875,-76.171875
135.91796875,-137.6953125,-65.4296875,67.87109375,-75.1953125
135.921875,-119.62890625,-59.5703125,66.40625,-62.5
135.92578125,-83.49609375,-48.33984375,64.94140625,-26.3671875
135.9296875,-67.3828125,-45.41015625,78.61328125,-27.83203125
135.93359375,-75.1953125,-43.9453125,85.9375,-39.0625
135.9375,-47.36328125,-47.36328125,73.73046875,-10.7421875
135.94140625,-42.96875,-53.7109375,51.26953125,-15.625
135.9453125,-32.2265625,-54.19921875,37.109375,-2.9296875
135.94921875,2.44140625,-45.8984375,46.875,38.57421875
135.953125,-12.20703125,-42.96875,43.45703125,18.5546875
135.95703125,-16.6015625,-46.875,32.2265625,-3.41796875
135.9609375,-0.9765625,-44.921875,34.66796875,7.8125
135.96484375,10.25390625,-43.9453125,33.203125,31.73828125
135.96875,8.30078125,-43.9453125,32.2265625,37.109375
135.97265625,-1.953125,-41.015625,36.62109375,22.94921875
135.9765625,-0.48828125,-41.50390625,39.55078125,11.71875
135.98046875,3.90625,-42.96875,36.62109375,7.32421875
135.984375,4.8828125,-40.52734375,32.2265625,-4.8828125
135.98828125,18.5546875,-35.64453125,28.80859375,11.71875
135.9921875,13.18359375,-28.80859375,-3.90625,32.71484375
135.99609375,5.37109375,-28.3203125,5.37109375,20.99609375
136.0,13.18359375,-28.80859375,48.828125,8.30078125
136.00390625,14.16015625,-33.69140625,52.24609375,-3.41796875
136.0078125,3.41796875,-32.71484375,41.015625,-1.46484375
136.01171875,11.71875,-28.3203125,29.78515625,10.7421875
136.015625,30.76171875,-25.390625,20.99609375,30.76171875
136.01953125,27.83203125,-25.390625,15.625,18.5546875
136.0234375,23.92578125,-28.80859375,10.25390625,17.578125
136.02734375,38.57421875,-30.2734375,-0.9765625,22.94921875
136.03125,51.26953125,-27.34375,-6.8359375,16.6015625
136.03515625,50.29296875,-21.97265625,-7.8125,32.71484375
136.0390625,41.50390625,-19.04296875,-31.25,15.13671875
136.04296875,25.87890625,-16.6015625,-51.26953125,0.9765625
136.046875,30.76171875,-16.11328125,-20.5078125,8.30078125
136.05078125,31.73828125,-21.484375,2.9296875,5.37109375
136.0546875,34.66796875,-18.5546875,3.41796875,7.32421875
136.05859375,35.15625,-20.01953125,0.9765625,9.765625
136.0625,24.90234375,-20.99609375,4.39453125,3.41796875
136.06640625,20.5078125,-22.4609375,3.41796875,6.34765625
136.0703125,15.13671875,-23.92578125,-0.9765625,-2.9296875
136.07421875,9.765625,-23.92578125,-6.8359375,-19.04296875
136.078125,14.16015625,-23.4375,-7.32421875,-3.90625
136.08203125,11.71875,-20.01953125,-2.44140625,3.90625
136.0859375,20.99609375,-18.06640625,5.37109375,-8.7890625
136.08984375,21.484375,-19.04296875,8.7890625,-18.06640625
136.09375,7.32421875,-22.94921875,7.8125,-21.97265625
136.09765625,0.48828125,-19.53125,4.39453125,-21.97265625
136.1015625,-3.90625,-16.6015625,1.953125,-23.92578125
136.10546875,-8.7890625,-19.53125,0.0,-28.80859375
136.109375,-19.04296875,-17.08984375,-3.41796875,-27.34375
136.11328125,-14.6484375,-17.578125,2.9296875,-27.34375
136.1171875,4.39453125,-20.01953125,7.32421875,-27.34375
136.12109375,0.48828125,-18.06640625,-3.90625,-25.390625
136.125,-6.8359375,-16.11328125,-18.06640625,-20.99609375
136.12890625,-4.8828125,-18.5546875,-7.32421875,-20.99609375
136.1328125,-4.8828125,-22.94921875,15.625,-27.83203125
136.13671875,-2.9296875,-25.390625,28.80859375,-40.0390625
136.140625,4.39453125,-21.97265625,35.15625,-39.0625
136.14453125,9.27734375,-18.06640625,30.76171875,-20.99609375
136.1484375,18.06640625,-11.71875,19.53125,-13.671875
136.15234375,4.39453125,-17.08984375,17.578125,-24.90234375
136.15625,4.8828125,-24.4140625,9.27734375,-25.87890625
136.16015625,16.6015625,-19.53125,3.90625,-18.06640625
136.1640625,19.04296875,-12.6953125,12.20703125,-22.94921875
136.16796875,-12.6953125,-17.578125,11.23046875,-28.80859375
136.171875,-34.1796875,-21.484375,6.8359375,-41.50390625
136.17578125,-21.97265625,-22.94921875,-1.953125,-44.43359375
136.1796875,-26.3671875,-25.390625,-15.625,-29.296875
136.18359375,-19.53125,-22.4609375,-14.6484375,-23.4375
136.1875,-6.8359375,-16.11328125,-9.27734375,-19.04296875
136.19140625,-11.23046875,-13.671875,-16.11328125,-23.92578125
136.1953125,-12.20703125,-14.16015625,-25.390625,-24.4140625
136.19921875,-18.06640625,-16.11328125,-27.34375,-29.78515625
136.203125,-35.15625,-16.11328125,-29.78515625,-34.1796875
136.20703125,-29.78515625,-14.16015625,-32.71484375,-2.9296875
136.2109375,-6.34765625,-14.16015625,-41.9921875,-19.04296875
136.21484375,10.7421875,-16.11328125,-49.31640625,-33.203125
136.21875,-7.32421875,-13.671875,-60.546875,-23.92578125
136.22265625,-26.85546875,-11.23046875,-68.359375,-12.6953125
136.2265625,-27.34375,-17.578125,-45.41015625,-18.5546875
136.23046875,-28.80859375,-23.4375,-30.2734375,-42.96875
136.234375,-9.765625,-21.484375,-36.1328125,-37.109375
136.23828125,-0.9765625,-19.04296875,-52.24609375,-21.484375
136.2421875,-36.62109375,-24.4140625,-63.4765625,-26.3671875
136.24609375,-52.24609375,-22.4609375,-45.8984375,-53.22265625
136.25,-43.9453125,-16.6015625,-36.1328125,-55.17578125
136.25390625,-22.4609375,-14.16015625,-29.296875,-20.01953125
136.2578125,-16.6015625,-11.23046875,-24.90234375,-10.7421875
136.26171875,-11.71875,-13.18359375,-28.80859375,-7.32421875
136.265625,-21.97265625,-17.08984375,-29.296875,-22.94921875
136.26953125,-27.83203125,-18.06640625,-34.1796875,-26.3671875
136.2734375,-13.18359375,-16.6015625,-43.9453125,-13.18359375
136.27734375,-18.06640625,-19.04296875,-44.921875,-9.765625
136.28125,-20.5078125,-21.97265625,-44.43359375,-20.01953125
136.28515625,-13.18359375,-17.08984375,-53.22265625,-36.1328125
136.2890625,-8.7890625,-14.16015625,-55.17578125,-12.20703125
136.29296875,-4.39453125,-14.16015625,-45.41015625,0.0
136.296875,3.41796875,-15.13671875,-36.62109375,-13.18359375
136.30078125,-7.8125,-13.671875,-39.0625,-5.37109375
136.3046875,-18.06640625,-10.25390625,-36.1328125,15.13671875
136.30859375,-19.04296875,-12.20703125,-38.0859375,-11.23046875
136.3125,-18.06640625,-18.5546875,-43.45703125,-28.80859375
136.31640625,-18.06640625,-20.99609375,-33.203125,-23.4375
136.3203125,-12.6953125,-12.6953125,-28.3203125,-22.4609375
136.32421875,-2.9296875,-6.8359375,-46.875,-13.671875
136.328125,-8.7890625,-14.16015625,-45.8984375,-7.32421875
136.33203125,-10.25390625,-22.4609375,-29.296875,-6.8359375
136.3359375,-1.953125,-18.06640625,-27.83203125,-2.44140625
136.33984375,-7.8125,-17.578125,-36.62109375,-16.11328125
136.34375,-16.6015625,-20.01953125,-39.55078125,-18.06640625
136.34765625,-16.11328125,-16.6015625,-22.94921875,-13.18359375
136.3515625,-16.6015625,-16.11328125,-13.18359375,-27.83203125
136.35546875,-8.30078125,-20.99609375,-14.6484375,-23.4375
136.359375,0.0,-19.53125,-23.92578125,-20.5078125
136.36328125,-10.7421875,-22.94921875,-37.109375,-25.390625
136.3671875,-21.97265625,-23.92578125,-38.0859375,-21.97265625
136.37109375,-36.62109375,-22.94921875,-36.1328125,-28.3203125
136.375,-30.76171875,-25.390625,-28.80859375,-18.5546875
136.37890625,-24.90234375,-24.90234375,-21.484375,-18.06640625
136.3828125,-27.83203125,-25.390625,-24.4140625,-30.76171875
136.38671875,-31.25,-27.83203125,-29.296875,-20.01953125
136.390625,-28.80859375,-30.76171875,-35.64453125,-3.90625
136.39453125,-24.90234375,-29.296875,-34.1796875,-3.90625
136.3984375,-11.71875,-28.80859375,-31.25,-12.6953125
136.40234375,-8.7890625,-25.87890625,-34.1796875,-10.25390625
136.40625,-21.97265625,-20.99609375,-37.59765625,-6.34765625
136.41015625,-16.6015625,-21.97265625,-41.50390625,-14.16015625
136.4140625,-22.94921875,-25.87890625,-55.6640625,-16.6015625
136.41796875,-27.34375,-22.4609375,-50.78125,-11.71875
136.421875,-20.01953125,-27.83203125,-36.62109375,-6.34765625
136.42578125,-10.7421875,-26.85546875,-33.69140625,-7.8125
136.4296875,-7.32421875,-17.578125,-33.69140625,-1.953125
136.43359375,-17.08984375,-19.53125,-34.1796875,-0.48828125
136.4375,-19.04296875,-22.4609375,-26.85546875,-7.32421875
136.44140625,-19.53125,-17.08984375,-40.0390625,-5.859375
136.4453125,-16.6015625,-13.671875,-37.59765625,2.44140625
136.44921875,-27.34375,-21.484375,-20.99609375,-17.08984375
136.453125,-33.69140625,-29.78515625,-23.92578125,-17.578125
136.45703125,-33.69140625,-30.2734375,-36.1328125,-26.85546875
136.4609375,-21.97265625,-25.87890625,-40.52734375,-19.04296875
136.46484375,-20.01953125,-24.4140625,-21.97265625,-1.953125
136.46875,-24.4140625,-33.203125,-16.11328125,-23.4375
136.47265625,-23.92578125,-36.1328125,-16.6015625,-29.296875
136.4765625,-20.01953125,-27.34375,-11.71875,-13.671875
136.48046875,2.9296875,-21.97265625,-19.53125,-24.90234375
136.484375,-2.9296875,-17.578125,-28.80859375,4.39453125
136.48828125,-13.18359375,-8.30078125,-44.43359375,8.7890625
136.4921875,-20.99609375,-13.18359375,-44.921875,-12.20703125
136.49609375,-31.25,-20.01953125,-8.7890625,-15.13671875
136.5,-32.71484375,-18.5546875,2.44140625,-11.71875
136.50390625,-30.2734375,-20.01953125,-3.41796875,-16.6015625
136.5078125,-13.18359375,-32.2265625,0.48828125,-8.7890625
136.51171875,14.16015625,-27.83203125,-2.44140625,34.1796875
136.515625,1.953125,-21.97265625,-17.08984375,12.20703125
136.51953125,-24.4140625,-20.5078125,-27.83203125,-47.36328125
136.5234375,-25.390625,-12.20703125,-29.78515625,-42.48046875
136.52734375,-17.08984375,-18.5546875,-36.1328125,-23.4375
136.53125,-40.52734375,-26.3671875,-47.8515625,-32.2265625
136.53515625,-60.546875,-20.5078125,-47.8515625,-55.17578125
136.5390625,-53.22265625,-15.625,-50.78125,-68.359375
136.54296875,-48.33984375,-12.20703125,-56.15234375,-75.68359375
136.546875,-44.43359375,-16.6015625,-52.24609375,-67.87109375
136.55078125,-48.828125,-15.625,-46.38671875,-72.265625
136.5546875,-52.24609375,-13.671875,-51.7578125,-63.4765625
136.55859375,-62.01171875,-14.6484375,-53.22265625,-45.8984375
136.5625,-43.45703125,-8.7890625,-41.015625,-37.109375
136.56640625,-36.62109375,-16.6015625,-34.66796875,-44.921875
136.5703125,-56.15234375,-24.90234375,-38.0859375,-46.875
136.57421875,-61.03515625,-22.94921875,-41.50390625,-36.1328125
136.578125,-60.546875,-22.4609375,-44.921875,-42.96875
136.58203125,-57.12890625,-16.6015625,-48.828125,-49.8046875
136.5859375,-59.5703125,-11.71875,-50.29296875,-38.57421875
136.58984375,-48.828125,-13.671875,-55.6640625,-29.296875
136.59375,-31.73828125,-17.08984375,-63.96484375,-28.80859375
136.59765625,-31.25,-16.6015625,-55.17578125,-37.109375
136.6015625,-37.109375,-12.6953125,-44.43359375,-30.2734375
136.60546875,-44.43359375,-14.16015625,-57.12890625,-23.4375
136.609375,-60.05859375,-22.4609375,-55.6640625,-37.59765625
136.61328125,-53.22265625,-24.4140625,-34.1796875,-30.76171875
136.6171875,-36.62109375,-18.5546875,-21.97265625,-28.80859375
136.62109375,-40.52734375,-18.5546875,-23.92578125,-40.52734375
136.625,-51.26953125,-20.01953125,-25.390625,-34.1796875
136.62890625,-47.36328125,-20.5078125,-33.203125,-24.90234375
136.6328125,-36.62109375,-20.99609375,-41.9921875,-24.4140625
136.63671875,-30.76171875,-20.01953125,-36.62109375,-27.34375
136.640625,-30.76171875,-21.97265625,-28.3203125,-27.34375
136.64453125,-31.73828125,-24.4140625,-28.80859375,-18.5546875
136.6484375,-32.71484375,-24.4140625,-31.73828125,-19.53125
136.65234375,-22.4609375,-22.94921875,-30.2734375,-21.484375
136.65625,-12.20703125,-23.92578125,-35.15625,-7.32421875
136.66015625,-26.85546875,-21.97265625,-48.33984375,-13.18359375
136.6640625,-32.71484375,-19.04296875,-38.57421875,-44.921875
136.66796875,-35.64453125,-20.99609375,-24.90234375,-48.828125
136.671875,-46.38671875,-21.97265625,-20.01953125,-35.64453125
136.67578125,-47.8515625,-13.18359375,-23.92578125,-34.66796875
136.6796875,-51.7578125,-13.18359375,-34.1796875,-37.59765625
136.68359375,-43.45703125,-19.53125,-41.50390625,-27.83203125
136.6875,-33.203125,-21.97265625,-36.62109375,-20.5078125
136.69140625,-20.01953125,-23.4375,-24.90234375,-17.578125
136.6953125,-16.11328125,-20.01953125,-29.78515625,-24.90234375
136.69921875,-24.90234375,-16.6015625,-33.69140625,-35.15625
136.703125,-48.33984375,-20.99609375,-33.203125,-47.8515625
136.70703125,-65.4296875,-33.69140625,-32.2265625,-51.7578125
136.7109375,-37.59765625,-52.734375,-24.4140625,-27.34375
136.71484375,-17.08984375,-48.828125,-21.97265625,-19.53125
136.71875,-31.25,-32.71484375,-26.85546875,-28.3203125
136.72265625,-58.59375,-17.578125,-33.69140625,-41.9921875
136.7265625,-62.5,-4.39453125,-35.64453125,-41.50390625
136.73046875,-58.59375,-1.953125,-38.0859375,-38.57421875
136.734375,-55.17578125,-9.27734375,-38.0859375,-37.109375
136.73828125,-41.50390625,-15.625,-34.1796875,-32.71484375
136.7421875,-29.296875,-19.53125,-29.296875,-35.15625
136.74609375,-21.484375,-24.90234375,-27.83203125,-23.4375
136.75,-21.484375,-21.484375,-31.73828125,-14.6484375
136.75390625,-25.390625,-19.04296875,-43.9453125,-32.71484375
136.7578125,-20.5078125,-21.97265625,-41.015625,-22.4609375
136.76171875,-20.99609375,-24.4140625,-31.73828125,-1.46484375
136.765625,-24.90234375,-24.4140625,-38.57421875,-2.44140625
136.76953125,-33.203125,-24.90234375,-29.296875,-18.5546875
136.7734375,-35.15625,-30.2734375,-22.94921875,-34.66796875
136.77734375,-16.11328125,-34.1796875,-27.83203125,-35.15625
136.78125,-10.25390625,-32.71484375,-36.1328125,-35.15625
136.78515625,-15.13671875,-27.34375,-34.1796875,-17.578125
136.7890625,-22.4609375,-27.83203125,-26.3671875,-19.53125
136.79296875,-19.53125,-20.99609375,-27.83203125,-32.2265625
136.796875,-6.34765625,-15.625,-25.87890625,-17.08984375
136.80078125,-9.765625,-17.08984375,-29.296875,-14.6484375
136.8046875,-20.5078125,-18.06640625,-36.62109375,-17.578125
136.80859375,-13.671875,-18.06640625,-35.64453125,-1.953125
136.8125,-6.34765625,-19.04296875,-39.0625,-9.27734375
136.81640625,0.9765625,-24.4140625,-33.203125,-9.765625
136.8203125,-3.90625,-22.94921875,-20.5078125,9.765625
136.82421875,-6.8359375,-22.94921875,-27.34375,-14.6484375
136.828125,0.9765625,-31.25,-36.62109375,-25.87890625
136.83203125,-7.8125,-33.203125,-28.3203125,-0.9765625
136.8359375,-3.41796875,-28.3203125,-23.4375,3.90625
136.83984375,-8.30078125,-22.94921875,-28.80859375,2.44140625
136.84375,-18.06640625,-14.16015625,-21.97265625,-7.8125
136.84765625,-9.27734375,-12.20703125,-24.90234375,-16.6015625
136.8515625,-20.99609375,-18.06640625,-41.50390625,-7.8125
136.85546875,-24.90234375,-22.94921875,-30.76171875,0.0
136.859375,-14.16015625,-24.4140625,-14.6484375,-12.20703125
136.86328125,-6.8359375,-27.34375,-20.5078125,-20.99609375
136.8671875,-8.7890625,-37.109375,-32.71484375,-17.08984375
136.87109375,-27.83203125,-28.80859375,-29.296875,-21.484375
136.875,-11.71875,-19.04296875,-21.484375,-13.671875
136.87890625,-3.41796875,-21.484375,-32.71484375,0.0
136.8828125,-11.23046875,-18.5546875,-44.43359375,-20.01953125
136.88671875,-13.18359375,-22.94921875,-27.83203125,-32.71484375
136.890625,-3.90625,-36.62109375,-15.13671875,16.6015625
136.89453125,6.34765625,-40.52734375,-15.13671875,18.06640625
136.8984375,10.25390625,-41.9921875,-7.8125,25.390625
136.90234375,28.3203125,-26.85546875,-9.765625,61.5234375
136.90625,6.34765625,-7.8125,-30.2734375,1.953125
136.91015625,-22.94921875,-3.41796875,-38.0859375,-35.15625
136.9140625,-8.30078125,0.48828125,-39.0625,-5.859375
136.91796875,-24.4140625,1.46484375,-45.8984375,-26.3671875
136.921875,-36.62109375,-5.37109375,-54.6875,-53.22265625
136.92578125,-15.625,-5.37109375,-65.4296875,-37.109375
136.9296875,-14.16015625,-1.46484375,-60.05859375,-32.71484375
136.93359375,-20.01953125,-1.953125,-56.640625,-38.57421875
136.9375,-22.4609375,-9.27734375,-55.17578125,-55.6640625
136.94140625,-29.296875,-8.30078125,-59.5703125,-44.921875
136.9453125,-27.83203125,0.9765625,-72.75390625,-42.48046875
136.94921875,-20.5078125,-2.44140625,-73.73046875,-51.7578125
136.953125,-10.7421875,-1.953125,-69.82421875,-29.296875
136.95703125,-1.46484375,4.39453125,-84.9609375,-33.69140625
136.9609375,2.9296875,1.46484375,-71.2890625,-37.59765625
136.96484375,-12.6953125,-6.8359375,-46.875,-60.546875
136.96875,-24.90234375,-10.7421875,-48.828125,-70.3125
136.97265625,-22.94921875,-6.8359375,-45.41015625,-48.33984375
136.9765625,-22.94921875,-11.71875,-44.921875,-46.38671875
136.98046875,-25.390625,-17.08984375,-54.6875,-67.3828125
136.984375,-24.90234375,-17.578125,-54.19921875,-46.38671875
136.98828125,-6.34765625,-19.04296875,-51.26953125,-35.64453125
136.9921875,0.48828125,-22.4609375,-51.7578125,-45.41015625
136.99609375,2.9296875,-23.92578125,-43.9453125,-21.97265625
137.0,-1.953125,-19.04296875,-47.8515625,-16.6015625
137.00390625,-17.08984375,-17.08984375,-53.7109375,-27.34375
137.0078125,-21.484375,-15.625,-68.84765625,-30.76171875
137.01171875,-13.18359375,-16.11328125,-67.3828125,-17.08984375
137.015625,-11.23046875,-18.5546875,-40.52734375,-18.06640625
137.01953125,-13.18359375,-21.97265625,-30.2734375,-28.80859375
137.0234375,-13.18359375,-25.390625,-33.203125,-34.66796875
137.02734375,-15.625,-25.390625,-41.015625,-26.3671875
137.03125,-17.08984375,-17.08984375,-37.109375,-11.23046875
137.03515625,-20.99609375,-10.7421875,-29.78515625,-20.5078125
137.0390625,-20.5078125,-15.625,-34.1796875,-26.85546875
137.04296875,-12.6953125,-18.5546875,-44.921875,-11.23046875
137.046875,-3.90625,-17.08984375,-37.59765625,-8.30078125
137.05078125,-10.25390625,-18.06640625,-27.83203125,-10.7421875
137.0546875,-11.71875,-21.484375,-27.34375,3.90625
137.05859375,-9.27734375,-20.01953125,-22.94921875,-6.34765625
137.0625,-4.39453125,-19.04296875,-24.4140625,-29.78515625
137.06640625,-7.32421875,-18.5546875,-31.25,-30.76171875
137.0703125,-20.99609375,-24.4140625,-32.2265625,-22.94921875
137.07421875,-17.08984375,-27.83203125,-30.76171875,-29.78515625
137.078125,-17.578125,-29.78515625,-28.80859375,-30.76171875
137.08203125,-23.4375,-31.25,-25.390625,-28.80859375
137.0859375,-21.484375,-28.3203125,-22.4609375,-16.6015625
137.08984375,-16.11328125,-26.85546875,-15.625,-22.4609375
137.09375,-11.71875,-22.4609375,-5.37109375,-34.1796875
137.09765625,-6.34765625,-29.296875,0.48828125,-11.23046875
137.1015625,-1.46484375,-35.15625,-1.953125,-5.37109375
137.10546875,-0.9765625,-26.85546875,-3.90625,-21.484375
137.109375,-0.9765625,-21.97265625,-1.953125,-11.23046875
137.11328125,-7.8125,-22.4609375,-2.44140625,-10.25390625
137.1171875,-11.71875,-21.97265625,-9.27734375,-16.6015625
137.12109375,-13.671875,-20.5078125,-14.16015625,-14.16015625
137.125,-20.01953125,-17.578125,-13.671875,0.48828125
137.12890625,-21.484375,-21.97265625,-13.671875,-11.71875
137.1328125,-18.06640625,-28.80859375,-22.94921875,-24.90234375
137.13671875,-14.16015625,-32.71484375,-31.25,-13.671875
137.140625,-29.78515625,-31.73828125,-24.4140625,-17.08984375
137.14453125,-36.62109375,-28.80859375,-19.04296875,-13.18359375
137.1484375,-28.3203125,-25.87890625,-17.08984375,-11.71875
137.15234375,-23.4375,-24.4140625,-18.5546875,-1.953125
137.15625,-19.04296875,-34.66796875,-25.390625,-6.34765625
137.16015625,-10.25390625,-38.0859375,-21.484375,-17.08984375
137.1640625,-4.8828125,-31.25,-28.80859375,-0.48828125
137.16796875,-13.18359375,-30.2734375,-46.875,-12.6953125
137.171875,-34.66796875,-35.64453125,-31.73828125,-20.01953125
137.17578125,-35.64453125,-40.0390625,-14.16015625,-11.71875
137.1796875,-26.85546875,-41.015625,-12.20703125,-5.859375
137.18359375,-31.25,-34.1796875,-12.20703125,-15.13671875
137.1875,-28.80859375,-35.15625,-18.5546875,-31.25
137.19140625,-26.3671875,-34.66796875,-20.5078125,-12.6953125
137.1953125,-29.296875,-22.94921875,-21.484375,-2.44140625
137.19921875,-29.78515625,-14.6484375,-21.484375,-8.30078125
137.203125,-34.1796875,-17.578125,-20.99609375,-12.20703125
137.20703125,-32.2265625,-26.3671875,-21.97265625,-13.671875
137.2109375,-35.15625,-27.83203125,-25.390625,-21.97265625
137.21484375,-49.8046875,-28.80859375,-37.109375,-11.71875
137.21875,-58.10546875,-31.25,-36.1328125,-33.203125
137.22265625,-49.8046875,-31.25,-23.92578125,-41.50390625
137.2265625,-32.71484375,-25.87890625,-16.6015625,-14.16015625
137.23046875,-27.34375,-18.5546875,-23.92578125,-16.6015625
137.234375,-21.97265625,-18.06640625,-47.36328125,-18.5546875
137.23828125,-38.0859375,-26.85546875,-47.8515625,-35.15625
137.2421875,-61.03515625,-30.76171875,-25.390625,-36.62109375
137.24609375,-57.12890625,-27.83203125,-16.11328125,-32.71484375
137.25,-40.0390625,-31.73828125,-16.6015625,-32.71484375
137.25390625,-38.57421875,-31.25,-18.5546875,-15.13671875
137.2578125,-39.0625,-24.4140625,-21.484375,-17.08984375
137.26171875,-38.0859375,-22.94921875,-24.90234375,-35.15625
137.265625,-29.78515625,-21.97265625,-22.94921875,-28.3203125
137.26953125,-26.3671875,-22.94921875,-21.97265625,-23.4375
137.2734375,-22.94921875,-29.78515625,-31.25,-26.85546875
137.27734375,-15.13671875,-31.73828125,-25.390625,-18.5546875
137.28125,-34.1796875,-28.80859375,-23.92578125,-27.34375
137.28515625,-42.96875,-26.3671875,-34.1796875,-12.6953125
137.2890625,-51.26953125,-23.92578125,-31.73828125,-23.92578125
137.29296875,-55.17578125,-15.625,-30.2734375,-59.5703125
137.296875,-44.921875,-13.18359375,-33.69140625,-53.22265625
137.30078125,-36.1328125,-20.01953125,-30.76171875,-42.48046875
137.3046875,-35.15625,-22.94921875,-25.390625,-41.50390625
137.30859375,-34.66796875,-18.5546875,-42.96875,-24.90234375
137.3125,-36.1328125,-23.4375,-55.6640625,-20.5078125
137.31640625,-40.52734375,-32.71484375,-33.69140625,-30.76171875
137.3203125,-37.109375,-29.78515625,-30.76171875,-33.69140625
137.32421875,-30.2734375,-28.3203125,-34.1796875,-27.34375
137.328125,-14.16015625,-26.85546875,-25.87890625,-0.48828125
137.33203125,-22.4609375,-22.94921875,-25.87890625,-16.6015625
137.3359375,-46.875,-10.7421875,-39.55078125,-59.5703125
137.33984375,-44.43359375,-3.90625,-56.15234375,-50.29296875
137.34375,-48.828125,-14.16015625,-48.33984375,-36.62109375
137.34765625,-60.05859375,-16.6015625,-37.109375,-26.85546875
137.3515625,-59.5703125,-16.11328125,-38.57421875,-36.62109375
137.35546875,-59.5703125,-22.94921875,-39.55078125,-33.69140625
137.359375,-65.4296875,-25.87890625,-37.59765625,-38.57421875
137.36328125,-65.4296875,-22.94921875,-35.15625,-36.1328125
137.3671875,-38.57421875,-24.4140625,-35.64453125,-37.109375
137.37109375,-25.87890625,-26.3671875,-43.45703125,-50.78125
137.375,-59.08203125,-25.87890625,-48.33984375,-40.0390625
137.37890625,-64.453125,-21.97265625,-45.8984375,-32.71484375
137.3828125,-54.6875,-22.4609375,-47.8515625,-25.390625
137.38671875,-68.359375,-31.73828125,-57.12890625,-37.109375
137.390625,-62.01171875,-34.1796875,-62.98828125,-39.55078125
137.39453125,-45.8984375,-31.73828125,-43.9453125,-30.76171875
137.3984375,-47.8515625,-35.64453125,-38.57421875,-26.3671875
137.40234375,-49.8046875,-32.2265625,-43.45703125,-27.34375
137.40625,-61.5234375,-20.01953125,-41.015625,-35.64453125
137.41015625,-62.98828125,-14.6484375,-38.57421875,-62.01171875
137.4140625,-45.41015625,-15.13671875,-47.36328125,-40.0390625
137.41796875,-27.83203125,-18.06640625,-65.91796875,-32.71484375
137.421875,-21.484375,-24.4140625,-50.29296875,-38.0859375
137.42578125,-30.2734375,-26.85546875,-33.203125,-18.5546875
137.4296875,-39.0625,-31.25,-34.66796875,-30.76171875
137.43359375,-43.9453125,-32.2265625,-39.55078125,-44.43359375
137.4375,-48.828125,-33.203125,-45.8984375,-41.9921875
137.44140625,-41.50390625,-29.296875,-45.41015625,-34.66796875
137.4453125,-29.78515625,-25.87890625,-43.45703125,-37.109375
137.44921875,-28.3203125,-26.3671875,-42.96875,-42.48046875
137.453125,-23.4375,-29.78515625,-42.48046875,-30.76171875
137.45703125,-22.4609375,-34.1796875,-32.71484375,-20.5078125
137.4609375,-20.01953125,-30.2734375,-30.76171875,-31.73828125
137.46484375,-19.53125,-18.5546875,-49.8046875,-44.43359375
137.46875,-29.78515625,-18.5546875,-52.734375,-43.9453125
137.47265625,-31.25,-23.4375,-31.73828125,-24.90234375
137.4765625,-34.1796875,-22.4609375,-24.90234375,-21.97265625
137.48046875,-40.52734375,-26.85546875,-27.83203125,-40.0390625
137.484375,-37.59765625,-28.3203125,-31.25,-27.34375
137.48828125,-36.1328125,-25.390625,-32.71484375,-22.94921875
137.4921875,-35.64453125,-23.4375,-30.2734375,-14.6484375
137.49609375,-34.1796875,-25.390625,-29.78515625,-20.5078125
137.5,-34.1796875,-25.87890625,-35.15625,-49.31640625
137.50390625,-40.0390625,-23.4375,-35.64453125,-35.15625
137.5078125,-42.48046875,-25.87890625,-34.66796875,-21.484375
137.51171875,-53.7109375,-27.83203125,-35.64453125,-29.78515625
137.515625,-46.875,-29.296875,-30.2734375,-32.2265625
137.51953125,-30.76171875,-25.87890625,-37.109375,-25.390625
137.5234375,-39.55078125,-23.4375,-37.59765625,-21.97265625
137.52734375,-47.36328125,-27.83203125,-25.390625,-39.0625
137.53125,-46.875,-27.34375,-15.13671875,-44.43359375
137.53515625,-40.52734375,-26.3671875,-5.859375,-36.62109375
137.5390625,-25.390625,-22.4609375,-7.32421875,-31.25
137.54296875,-26.3671875,-24.90234375,-16.6015625,-33.69140625
137.546875,-32.71484375,-30.2734375,-16.11328125,-39.55078125
137.55078125,-25.87890625,-19.53125,-10.25390625,-40.52734375
137.5546875,-40.52734375,-18.06640625,-20.5078125,-60.05859375
137.55859375,-41.9921875,-24.90234375,-25.87890625,-47.8515625
137.5625,-41.9921875,-24.90234375,-27.34375,-30.76171875
137.56640625,-54.6875,-28.3203125,-34.66796875,-28.80859375
137.5703125,-46.875,-29.296875,-32.71484375,-39.55078125
137.57421875,-37.109375,-29.296875,-32.71484375,-51.7578125
137.578125,-38.57421875,-29.78515625,-39.55078125,-17.08984375
137.58203125,-27.34375,-23.92578125,-41.015625,-10.25390625
137.5859375,15.13671875,-14.16015625,-28.3203125,-19.04296875
137.58984375,-7.32421875,-26.3671875,-17.578125,-27.34375
137.59375,-43.9453125,-39.0625,-25.87890625,-27.83203125
137.59765625,-43.9453125,-39.55078125,-23.92578125,-15.625
137.6015625,-54.6875,-46.38671875,-20.99609375,-25.390625
137.60546875,-57.6171875,-47.36328125,-20.5078125,-28.3203125
137.609375,-70.3125,-45.8984375,-9.27734375,-18.06640625
137.61328125,-62.98828125,-49.8046875,-7.32421875,-25.390625
137.6171875,-44.921875,-55.6640625,-7.32421875,-35.64453125
137.62109375,-75.1953125,-59.08203125,8.30078125,-38.57421875
137.625,-72.75390625,-54.19921875,20.01953125,-20.01953125
137.62890625,-65.91796875,-56.640625,31.73828125,-22.4609375
137.6328125,-75.68359375,-60.05859375,34.66796875,-25.390625
137.63671875,-71.77734375,-63.4765625,32.2265625,-2.44140625
137.640625,-82.03125,-67.3828125,23.92578125,-17.578125
137.64453125,-61.5234375,-55.6640625,27.34375,-12.20703125
137.6484375,-34.66796875,-49.31640625,21.97265625,28.3203125
137.65234375,-32.71484375,-51.26953125,17.578125,23.4375
137.65625,-42.48046875,-49.31640625,34.1796875,-14.16015625
137.66015625,-38.57421875,-43.9453125,34.1796875,-3.41796875
137.6640625,-33.69140625,-43.45703125,25.87890625,1.953125
137.66796875,-39.55078125,-37.59765625,19.04296875,0.48828125
137.671875,-32.2265625,-38.57421875,17.578125,13.18359375
137.67578125,-30.2734375,-41.015625,17.08984375,10.7421875
137.6796875,-37.109375,-40.0390625,12.6953125,4.39453125
137.68359375,-42.96875,-38.0859375,0.48828125,1.46484375
137.6875,-32.2265625,-34.1796875,-17.08984375,-19.53125
137.69140625,-27.34375,-31.25,-15.13671875,-22.94921875
137.6953125,-25.87890625,-35.15625,-10.7421875,12.20703125
137.69921875,-24.90234375,-40.0390625,-8.30078125,9.27734375
137.703125,-34.1796875,-36.62109375,-9.27734375,-17.08984375
137.70703125,-34.1796875,-33.203125,-10.7421875,-14.6484375
137.7109375,-24.4140625,-36.62109375,-5.859375,1.46484375
137.71484375,-16.6015625,-38.57421875,-14.6484375,6.34765625
137.71875,-15.13671875,-38.0859375,-25.390625,-1.953125
137.72265625,-19.04296875,-39.0625,-19.04296875,10.25390625
137.7265625,-22.94921875,-41.015625,-26.85546875,8.30078125
137.73046875,-18.06640625,-34.66796875,-23.4375,4.39453125
137.734375,-25.87890625,-31.73828125,-11.23046875,0.0
137.73828125,-35.15625,-34.66796875,-4.8828125,-8.30078125
137.7421875,-10.25390625,-32.71484375,-10.25390625,-11.71875
137.74609375,7.32421875,-23.92578125,-19.53125,0.48828125
137.75,-3.41796875,-22.4609375,-4.8828125,10.7421875
137.75390625,-22.94921875,-30.2734375,5.37109375,-13.671875
137.7578125,-39.55078125,-40.52734375,0.9765625,-41.9921875
137.76171875,-41.015625,-34.1796875,1.953125,-29.296875
137.765625,-26.85546875,-27.83203125,-6.8359375,-19.04296875
137.76953125,-29.78515625,-32.71484375,-20.01953125,-9.765625
137.7734375,-29.78515625,-34.66796875,-27.83203125,9.765625
137.77734375,-19.04296875,-31.25,-20.99609375,29.78515625
137.78125,-15.13671875,-23.4375,-12.6953125,18.5546875
137.78515625,-8.30078125,-20.01953125,-6.34765625,-4.8828125
137.7890625,-13.18359375,-26.3671875,0.9765625,-14.16015625
137.79296875,-22.4609375,-35.64453125,0.9765625,-24.90234375
137.796875,-21.97265625,-30.2734375,0.9765625,-34.1796875
137.80078125,-18.5546875,-22.94921875,-4.8828125,-15.13671875
137.8046875,-18.5546875,-22.94921875,-18.06640625,4.8828125
137.80859375,-31.25,-26.85546875,-15.625,-15.625
137.8125,-34.66796875,-34.1796875,-5.37109375,-20.99609375
137.81640625,-17.08984375,-33.203125,-3.41796875,-14.6484375
137.8203125,-15.625,-31.25,-9.765625,-18.5546875
137.82421875,-27.83203125,-35.64453125,-17.578125,-20.01953125
137.828125,-22.94921875,-32.71484375,-16.11328125,-23.92578125
137.83203125,-17.578125,-21.484375,-3.90625,-8.30078125
137.8359375,-19.04296875,-23.4375,-2.44140625,8.7890625
137.83984375,-17.578125,-30.76171875,-3.90625,-2.9296875
137.84375,-26.85546875,-33.69140625,-14.16015625,-20.99609375
137.84765625,-33.69140625,-30.2734375,-21.97265625,-31.73828125
137.8515625,-32.2265625,-27.83203125,-22.4609375,-32.2265625
137.85546875,-35.64453125,-29.296875,-22.4609375,-33.69140625
137.859375,-40.0390625,-31.73828125,-22.4609375,-29.296875
137.86328125,-46.875,-30.76171875,-25.390625,-29.296875
137.8671875,-49.31640625,-29.78515625,-25.87890625,-17.578125
137.87109375,-37.59765625,-31.73828125,-33.203125,6.34765625
137.875,-27.34375,-30.76171875,-38.57421875,-8.7890625
137.87890625,-25.390625,-34.66796875,-29.296875,-27.83203125
137.8828125,-10.25390625,-34.1796875,-21.97265625,-6.8359375
137.88671875,-13.18359375,-24.4140625,-37.109375,-7.32421875
137.890625,-34.66796875,-23.4375,-27.83203125,-33.203125
137.89453125,-40.52734375,-30.2734375,-8.7890625,-32.2265625
137.8984375,-41.015625,-30.76171875,-12.20703125,-32.2265625
137.90234375,-37.59765625,-22.4609375,-9.765625,-20.5078125
137.90625,-30.2734375,-16.11328125,-10.7421875,-20.01953125
137.91015625,-53.7109375,-20.5078125,-15.625,-47.36328125
137.9140625,-48.828125,-24.90234375,-18.06640625,-51.26953125
137.91796875,-40.0390625,-29.78515625,-30.2734375,-56.640625
137.921875,-78.61328125,-34.1796875,-37.59765625,-62.98828125
137.92578125,-81.0546875,-28.3203125,-24.90234375,-64.453125
137.9296875,-91.796875,-21.97265625,-21.97265625,-85.9375
137.93359375,-120.1171875,-26.85546875,-25.87890625,-105.46875
137.9375,-137.6953125,-32.71484375,-16.6015625,-115.72265625
137.94140625,-137.6953125,-31.73828125,-20.99609375,-125.9765625
137.9453125,-126.953125,-24.4140625,-50.78125,-120.1171875
137.94921875,-143.5546875,-29.296875,-39.55078125,-142.578125
137.953125,-158.203125,-37.109375,1.953125,-160.15625
137.95703125,-169.43359375,-41.50390625,11.71875,-127.9296875
137.9609375,-166.015625,-41.50390625,5.859375,-115.234375
137.96484375,-141.11328125,-44.43359375,-7.8125,-118.1640625
137.96875,-132.32421875,-42.96875,-25.87890625,-102.05078125
137.97265625,-131.34765625,-30.76171875,-23.4375,-106.4453125
137.9765625,-122.0703125,-25.390625,-15.625,-114.74609375
137.98046875,-116.69921875,-31.25,-9.27734375,-102.05078125
137.984375,-107.421875,-25.87890625,0.9765625,-84.47265625
137.98828125,-90.33203125,-19.04296875,1.953125,-70.3125
137.9921875,-90.33203125,-23.92578125,2.9296875,-69.3359375
137.99609375,-80.56640625,-24.4140625,-3.41796875,-57.12890625
138.0,-62.01171875,-26.3671875,-11.23046875,-33.203125
138.00390625,-52.734375,-24.90234375,-6.34765625,-31.73828125
138.0078125,-42.48046875,-15.13671875,-10.25390625,-35.64453125
138.01171875,-29.78515625,-19.04296875,-8.30078125,-13.18359375
138.015625,-29.296875,-29.78515625,-2.9296875,-12.20703125
138.01953125,-34.1796875,-33.69140625,-3.90625,-14.16015625
138.0234375,-29.296875,-29.296875,-6.8359375,-16.6015625
138.02734375,-27.83203125,-20.99609375,-15.13671875,-5.37109375
138.03125,-24.4140625,-15.625,-17.08984375,20.99609375
138.03515625,-14.16015625,-11.71875,-14.6484375,22.94921875
138.0390625,-2.9296875,-10.7421875,-19.04296875,16.11328125
138.04296875,-3.90625,-11.23046875,-28.3203125,18.5546875
138.046875,2.44140625,-6.34765625,-25.390625,16.11328125
138.05078125,12.20703125,-6.8359375,-19.53125,28.3203125
138.0546875,8.7890625,-8.30078125,-20.01953125,34.66796875
138.05859375,-2.44140625,-6.34765625,-17.08984375,4.39453125
138.0625,-16.11328125,-16.6015625,-7.32421875,-13.18359375
138.06640625,-16.6015625,-24.90234375,-4.39453125,1.953125
138.0703125,-10.25390625,-22.4609375,-0.48828125,11.23046875
138.07421875,-9.27734375,-16.6015625,7.8125,4.39453125
138.078125,-11.23046875,-15.625,0.0,12.20703125
138.08203125,-7.32421875,-15.13671875,-8.7890625,10.7421875
138.0859375,-9.765625,-16.6015625,2.9296875,-1.953125
138.08984375,-20.99609375,-16.11328125,12.6953125,19.04296875
138.09375,-13.18359375,-11.71875,12.20703125,29.296875
138.09765625,6.34765625,-9.765625,9.765625,0.48828125
138.1015625,17.08984375,-14.16015625,14.6484375,25.87890625
138.10546875,14.16015625,-20.99609375,20.5078125,30.76171875
138.109375,12.6953125,-18.06640625,14.16015625,18.5546875
138.11328125,15.625,-9.27734375,15.13671875,21.484375
138.1171875,12.6953125,-7.8125,15.625,8.7890625
138.12109375,16.11328125,-6.8359375,11.71875,18.06640625
138.125,8.30078125,-11.71875,9.27734375,3.90625
138.12890625,-7.8125,-18.5546875,7.32421875,-10.25390625
138.1328125,0.0,-20.01953125,5.859375,3.41796875
138.13671875,12.6953125,-18.06640625,13.18359375,0.48828125
138.140625,-7.32421875,-19.04296875,14.16015625,-21.97265625
138.14453125,-2.44140625,-13.671875,14.6484375,-22.94921875
138.1484375,7.32421875,-6.8359375,20.01953125,-30.2734375
138.15234375,-28.3203125,-12.6953125,13.671875,-54.6875
138.15625,-56.15234375,-21.484375,17.08984375,-57.12890625
138.16015625,-65.91796875,-21.484375,22.94921875,-65.4296875
138.1640625,-78.125,-20.99609375,15.625,-77.1484375
138.16796875,-92.28515625,-22.4609375,15.625,-88.8671875
138.171875,-94.7265625,-30.2734375,17.578125,-99.12109375
138.17578125,-106.4453125,-32.71484375,5.859375,-102.05078125
138.1796875,-122.55859375,-28.80859375,-3.90625,-116.69921875
138.18359375,-125.48828125,-28.80859375,1.46484375,-135.7421875
138.1875,-129.8828125,-30.2734375,7.32421875,-139.16015625
138.19140625,-129.8828125,-27.83203125,-1.953125,-125.48828125
138.1953125,-124.0234375,-33.203125,-7.8125,-104.00390625
138.19921875,-119.140625,-31.73828125,-1.953125,-110.3515625
138.203125,-112.79296875,-24.4140625,-0.48828125,-105.95703125
138.20703125,-105.46875,-32.2265625,-10.7421875,-105.95703125
138.2109375,-87.890625,-29.296875,-17.578125,-90.33203125
138.21484375,-77.1484375,-27.34375,-8.30078125,-72.75390625
138.21875,-65.91796875,-24.90234375,-5.859375,-82.51953125
138.22265625,-60.546875,-18.5546875,-6.34765625,-66.40625
138.2265625,-60.05859375,-19.04296875,-10.7421875,-45.8984375
138.23046875,-41.50390625,-24.4140625,-26.85546875,-39.55078125
138.234375,-19.04296875,-35.15625,-33.203125,-33.203125
138.23828125,-19.04296875,-28.80859375,-35.64453125,-37.59765625
138.2421875,-24.90234375,-15.13671875,-37.59765625,-33.69140625
138.24609375,-18.5546875,-15.625,-46.38671875,-18.06640625
138.25,-11.23046875,-11.71875,-58.10546875,-8.30078125
138.25390625,-8.7890625,-6.8359375,-48.33984375,4.8828125
138.2578125,1.46484375,-12.6953125,-40.52734375,11.71875
138.26171875,18.06640625,-16.11328125,-37.109375,12.6953125
138.265625,27.34375,-9.27734375,-36.62109375,35.15625
138.26953125,16.11328125,-6.34765625,-54.19921875,11.71875
138.2734375,2.44140625,-10.7421875,-59.08203125,-1.953125
138.27734375,6.8359375,-13.671875,-51.26953125,28.80859375
138.28125,9.765625,-12.6953125,-50.29296875,22.94921875
138.28515625,14.16015625,-13.18359375,-46.875,18.06640625
138.2890625,16.6015625,-19.53125,-49.8046875,26.85546875
138.29296875,13.18359375,-19.04296875,-50.78125,25.390625
138.296875,24.4140625,-19.04296875,-51.26953125,23.4375
138.30078125,40.0390625,-21.484375,-53.22265625,22.94921875
138.3046875,35.15625,-17.08984375,-54.19921875,16.11328125
138.30859375,27.83203125,-19.53125,-58.10546875,18.06640625
138.3125,31.25,-18.5546875,-51.26953125,26.85546875
138.31640625,32.2265625,-12.6953125,-49.8046875,9.765625
138.3203125,24.4140625,-13.671875,-59.08203125,11.23046875
138.32421875,21.484375,-17.08984375,-49.31640625,25.390625
138.328125,29.78515625,-14.6484375,-43.9453125,36.62109375
138.33203125,30.76171875,-9.27734375,-43.45703125,46.38671875
138.3359375,31.73828125,-11.71875,-43.45703125,41.015625
138.33984375,30.2734375,-12.6953125,-46.875,28.80859375
138.34375,24.90234375,-7.8125,-36.62109375,12.6953125
138.34765625,28.3203125,-9.765625,-29.78515625,17.578125
138.3515625,36.1328125,-12.20703125,-29.78515625,34.66796875
138.35546875,38.0859375,-18.5546875,-38.57421875,34.1796875
138.359375,31.73828125,-20.5078125,-42.48046875,36.1328125
138.36328125,20.01953125,-20.99609375,-42.96875,40.0390625
138.3671875,14.6484375,-20.99609375,-43.45703125,15.625
138.37109375,16.11328125,-17.08984375,-41.015625,9.27734375
138.375,22.94921875,-15.13671875,-41.9921875,15.13671875
138.37890625,23.92578125,-12.20703125,-38.57421875,16.6015625
138.3828125,30.2734375,-12.6953125,-28.3203125,29.78515625
138.38671875,20.5078125,-12.6953125,-32.2265625,30.2734375
138.390625,0.48828125,-10.25390625,-46.38671875,22.4609375
138.39453125,24.4140625,-12.6953125,-36.1328125,34.66796875
138.3984375,46.875,-13.671875,-22.94921875,44.43359375
138.40234375,16.6015625,-14.6484375,-17.08984375,35.15625
138.40625,12.20703125,-13.671875,-8.7890625,27.83203125
138.41015625,19.53125,-17.08984375,-10.25390625,11.23046875
138.4140625,7.8125,-27.83203125,-15.625,-8.30078125
138.41796875,7.8125,-25.87890625,-16.11328125,-2.44140625
138.421875,-0.48828125,-21.484375,-20.99609375,-4.39453125
138.42578125,2.9296875,-20.99609375,-24.90234375,-4.8828125
138.4296875,16.6015625,-24.90234375,-25.87890625,4.39453125
138.43359375,39.55078125,-29.78515625,-29.78515625,27.34375
138.4375,54.19921875,-15.13671875,-26.3671875,60.546875
138.44140625,17.08984375,-6.34765625,-36.62109375,5.859375
138.4453125,-8.30078125,-15.625,-42.48046875,-24.4140625
138.44921875,-21.97265625,-23.4375,-34.1796875,-11.71875
138.453125,-16.11328125,-18.06640625,-35.15625,-30.76171875
138.45703125,-0.48828125,-5.37109375,-39.55078125,-34.66796875
138.4609375,-5.37109375,-1.953125,-44.921875,-25.87890625
138.46484375,15.13671875,-4.8828125,-49.8046875,-13.18359375
138.46875,13.18359375,-8.30078125,-47.8515625,5.859375
138.47265625,-9.765625,-12.6953125,-44.921875,-8.30078125
138.4765625,-15.625,-16.11328125,-47.8515625,-27.34375
138.48046875,-7.32421875,-20.01953125,-47.36328125,-25.390625
138.484375,-8.30078125,-15.13671875,-45.8984375,-28.3203125
138.48828125,-16.6015625,-12.20703125,-48.828125,-25.87890625
138.4921875,-8.30078125,-11.23046875,-44.921875,-22.94921875
138.49609375,4.39453125,-5.37109375,-33.203125,-11.23046875
138.5,-2.44140625,-10.7421875,-30.76171875,-6.34765625
138.50390625,-3.41796875,-13.671875,-30.76171875,-14.16015625
138.5078125,-6.8359375,-10.25390625,-30.2734375,-23.92578125
138.51171875,-13.671875,-12.20703125,-33.69140625,-15.13671875
138.515625,-6.8359375,-18.5546875,-28.80859375,9.765625
138.51953125,-6.34765625,-11.23046875,-15.625,-6.34765625
138.5234375,-9.765625,-8.7890625,-11.71875,-7.8125
138.52734375,-2.9296875,-21.97265625,-22.4609375,-7.8125
138.53125,-2.44140625,-20.01953125,-25.390625,-11.71875
138.53515625,-11.23046875,-15.13671875,-13.671875,-3.90625
138.5390625,-15.625,-20.99609375,-0.9765625,0.48828125
138.54296875,-0.48828125,-17.08984375,3.41796875,3.90625
138.546875,-0.9765625,-14.6484375,1.953125,1.953125
138.55078125,0.48828125,-18.06640625,6.8359375,20.01953125
138.5546875,-11.23046875,-14.6484375,3.90625,3.90625
138.55859375,-26.3671875,-13.671875,-6.34765625,-17.578125
138.5625,-8.7890625,-19.04296875,-9.765625,-16.6015625
138.56640625,-16.11328125,-29.296875,-16.6015625,-17.578125
138.5703125,-20.99609375,-30.2734375,-13.671875,-4.8828125
138.57421875,-20.5078125,-26.3671875,-12.20703125,-0.9765625
138.578125,-27.34375,-32.71484375,-20.5078125,-7.32421875
138.58203125,-17.08984375,-34.66796875,-9.765625,-16.11328125
138.5859375,-29.78515625,-25.87890625,-4.8828125,-18.06640625
138.58984375,-44.43359375,-19.53125,-20.01953125,-16.11328125
138.59375,-49.31640625,-18.06640625,-16.11328125,-15.13671875
138.59765625,-51.7578125,-17.08984375,-6.8359375,-20.99609375
138.6015625,-33.69140625,-20.99609375,-8.30078125,1.46484375
138.60546875,-33.69140625,-26.3671875,-29.78515625,5.859375
138.609375,-31.25,-27.34375,-45.8984375,-17.578125
138.61328125,-27.83203125,-24.4140625,-34.66796875,-23.92578125
138.6171875,-30.76171875,-21.484375,-34.1796875,-36.1328125
138.62109375,-26.85546875,-20.5078125,-40.0390625,-25.390625
138.625,-49.8046875,-19.04296875,-32.2265625,-19.04296875
138.62890625,-40.0390625,-21.484375,-28.3203125,-20.01953125
138.6328125,-25.390625,-22.4609375,-22.94921875,-9.27734375
138.63671875,-44.43359375,-18.06640625,-20.01953125,-9.27734375
138.640625,-44.43359375,-20.5078125,-22.94921875,-11.71875
138.64453125,-42.48046875,-13.671875,-21.484375,-2.44140625
138.6484375,-38.57421875,-16.6015625,-21.484375,-9.765625
138.65234375,-35.64453125,-34.66796875,-16.6015625,-29.78515625
138.65625,-34.66796875,-38.57421875,-12.20703125,-29.78515625
138.66015625,-33.69140625,-30.2734375,-4.39453125,-28.3203125
138.6640625,-62.5,-25.87890625,-3.90625,-31.73828125
138.66796875,-68.359375,-26.3671875,-5.37109375,-33.203125
138.671875,-63.4765625,-27.34375,-8.7890625,-47.36328125
138.67578125,-39.0625,-20.99609375,-13.671875,-39.0625
138.6796875,-27.34375,-18.5546875,-17.08984375,-22.4609375
138.68359375,-42.96875,-24.90234375,-25.390625,-27.34375
138.6875,-29.78515625,-26.85546875,-45.41015625,-29.296875
138.69140625,-8.7890625,-22.94921875,-35.15625,-21.484375
138.6953125,-6.34765625,-16.6015625,-13.18359375,-7.8125
138.69921875,-23.4375,-17.08984375,-11.71875,0.48828125
138.703125,-34.1796875,-15.13671875,-23.4375,-24.4140625
138.70703125,-33.203125,-14.16015625,-39.55078125,-25.87890625
138.7109375,-15.625,-16.6015625,-35.15625,-14.6484375
138.71484375,-0.9765625,-19.53125,-20.01953125,-27.83203125
138.71875,-14.6484375,-26.85546875,-27.34375,-6.8359375
138.72265625,-23.92578125,-22.94921875,-62.98828125,-1.46484375
138.7265625,-28.80859375,-17.08984375,-54.19921875,-15.625
138.73046875,-41.015625,-20.99609375,-23.92578125,-27.83203125
138.734375,-54.19921875,-25.87890625,-22.4609375,-27.83203125
138.73828125,-60.05859375,-28.3203125,-27.34375,-34.1796875
138.7421875,-58.59375,-31.25,-39.55078125,-37.59765625
138.74609375,-36.62109375,-31.25,-37.59765625,-20.01953125
138.75,-35.15625,-28.3203125,-30.2734375,-25.87890625
138.75390625,-41.9921875,-24.4140625,-33.69140625,-23.4375
138.7578125,-36.1328125,-21.97265625,-45.41015625,-18.06640625
138.76171875,-41.9921875,-20.01953125,-45.41015625,-32.2265625
138.765625,-33.69140625,-12.20703125,-39.0625,-27.34375
138.76953125,-41.9921875,-8.7890625,-59.5703125,-6.8359375
138.7734375,-39.55078125,-11.23046875,-41.50390625,-16.11328125
138.77734375,-24.4140625,-13.18359375,-12.20703125,-22.4609375
138.78125,-25.390625,-15.13671875,-17.08984375,-14.16015625
138.78515625,-19.53125,-18.06640625,-32.2265625,-6.8359375
138.7890625,-34.1796875,-20.5078125,-22.4609375,-21.484375
138.79296875,-51.26953125,-21.484375,-8.7890625,-41.9921875
138.796875,-33.69140625,-20.5078125,-15.13671875,-33.69140625
138.80078125,-27.83203125,-19.53125,-25.390625,-8.30078125
138.8046875,-44.921875,-23.92578125,-34.1796875,-12.20703125
138.80859375,-52.734375,-31.25,-38.57421875,-33.69140625
138.8125,-62.5,-42.96875,-36.1328125,-32.2265625
138.81640625,-47.36328125,-41.015625,-30.2734375,-40.0390625
138.8203125,-28.80859375,-28.3203125,-54.6875,-37.109375
138.82421875,-11.23046875,-15.13671875,-56.15234375,-2.44140625
138.828125,2.9296875,-13.671875,-28.80859375,12.20703125
138.83203125,-26.85546875,-20.99609375,-17.08984375,-24.90234375
138.8359375,-54.6875,-19.04296875,-11.23046875,-60.546875
138.83984375,-50.78125,-20.5078125,-14.16015625,-30.76171875
138.84375,-53.7109375,-27.83203125,-18.5546875,-20.5078125
138.84765625,-46.875,-32.2265625,-16.11328125,-31.25
138.8515625,-37.59765625,-36.62109375,-10.25390625,-11.23046875
138.85546875,-42.48046875,-38.57421875,-2.9296875,-9.27734375
138.859375,-41.015625,-41.50390625,6.34765625,-7.8125
138.86328125,-60.05859375,-43.45703125,11.23046875,6.34765625
138.8671875,-66.40625,-44.921875,5.859375,-16.11328125
138.87109375,-56.15234375,-47.36328125,4.39453125,-6.34765625
138.875,-66.89453125,-46.875,4.8828125,-9.27734375
138.87890625,-74.21875,-47.8515625,19.53125,-23.92578125
138.8828125,-46.875,-40.52734375,24.90234375,22.94921875
138.88671875,-18.06640625,-40.52734375,-5.859375,11.71875
138.890625,-21.97265625,-49.31640625,-21.484375,-12.20703125
138.89453125,-26.85546875,-44.43359375,-4.39453125,0.0
138.8984375,-36.62109375,-37.59765625,15.625,1.46484375
138.90234375,-36.1328125,-35.64453125,10.7421875,-1.953125
138.90625,-30.76171875,-33.203125,11.23046875,-1.953125
138.91015625,-39.0625,-33.69140625,25.87890625,5.859375
138.9140625,-35.15625,-41.015625,28.3203125,7.32421875
138.91796875,-16.6015625,-36.1328125,18.06640625,11.71875
138.921875,-19.04296875,-27.83203125,9.765625,3.90625
138.92578125,-25.390625,-33.69140625,5.37109375,-4.8828125
138.9296875,-21.97265625,-32.2265625,7.8125,2.44140625
138.93359375,-6.8359375,-26.3671875,2.9296875,-3.41796875
138.9375,6.34765625,-24.90234375,-13.18359375,-1.46484375
138.94140625,-5.37109375,-28.80859375,-13.18359375,-10.25390625
138.9453125,-22.4609375,-38.57421875,-1.46484375,-23.4375
138.94921875,-11.71875,-35.15625,14.16015625,-13.671875
138.953125,-8.30078125,-27.83203125,7.32421875,-15.625
138.95703125,-21.484375,-32.71484375,-12.6953125,-23.92578125
138.9609375,-24.4140625,-34.66796875,-10.7421875,-14.16015625
138.96484375,-18.5546875,-27.83203125,-15.625,-15.625
138.96875,-4.8828125,-23.4375,-21.97265625,-10.7421875
138.97265625,-5.859375,-28.3203125,0.9765625,4.8828125
138.9765625,-12.6953125,-30.2734375,7.8125,0.48828125
138.98046875,-17.08984375,-25.87890625,1.46484375,-8.7890625
138.984375,-17.578125,-33.69140625,-0.48828125,-13.671875
138.98828125,-14.6484375,-35.15625,-2.9296875,-15.13671875
138.9921875,-6.8359375,-28.3203125,2.44140625,0.0
138.99609375,-9.765625,-26.3671875,-0.48828125,1.46484375
139.0,-27.34375,-21.97265625,-8.7890625,-8.7890625
139.00390625,-30.2734375,-20.01953125,-3.41796875,-15.13671875
139.0078125,-17.578125,-26.3671875,-10.7421875,-14.6484375
139.01171875,-2.9296875,-26.85546875,-22.4609375,-6.8359375
139.015625,-5.859375,-29.296875,-21.484375,-4.8828125
139.01953125,-26.3671875,-31.25,-20.5078125,-6.34765625
139.0234375,-32.71484375,-26.85546875,-11.71875,-28.3203125
139.02734375,-30.2734375,-21.97265625,-0.48828125,-41.015625
139.03125,-27.34375,-16.6015625,3.41796875,-39.55078125
139.03515625,-30.2734375,-17.08984375,-0.48828125,-37.59765625
139.0390625,-39.0625,-21.97265625,-6.34765625,-14.6484375
139.04296875,-35.15625,-24.90234375,-15.13671875,-14.6484375
139.046875,-28.3203125,-30.2734375,-28.80859375,-26.3671875
139.05078125,-20.01953125,-24.90234375,-27.34375,-7.8125
139.0546875,-23.4375,-16.11328125,-31.25,-21.484375
139.05859375,-25.87890625,-17.08984375,-25.390625,-25.87890625
139.0625,-25.390625,-20.99609375,-5.859375,-15.625
139.06640625,-31.25,-18.5546875,2.9296875,-14.6484375
139.0703125,-26.3671875,-20.01953125,0.9765625,-13.671875
139.07421875,-29.296875,-25.87890625,-3.90625,-20.01953125
139.078125,-31.25,-23.92578125,-7.32421875,-25.390625
139.08203125,-45.41015625,-29.78515625,-18.5546875,-30.76171875
139.0859375,-44.921875,-27.34375,-18.06640625,-21.484375
139.08984375,-28.80859375,-22.94921875,-27.34375,-24.4140625
139.09375,-26.85546875,-22.94921875,-51.7578125,-24.4140625
139.09765625,-24.90234375,-24.90234375,-62.98828125,-14.6484375
139.1015625,-23.4375,-29.78515625,-34.66796875,-7.32421875
139.10546875,-26.85546875,-31.25,-5.37109375,-16.11328125
139.109375,-35.15625,-26.3671875,-4.8828125,-35.64453125
139.11328125,-45.41015625,-15.625,-3.90625,-35.15625
139.1171875,-43.45703125,-15.13671875,-14.16015625,-27.83203125
139.12109375,-41.9921875,-16.11328125,-18.5546875,-22.4609375
139.125,-42.48046875,-14.6484375,-10.7421875,-32.71484375
139.12890625,-39.0625,-13.18359375,-14.6484375,-31.73828125
139.1328125,-24.4140625,-11.71875,-15.13671875,-19.53125
139.13671875,-33.69140625,-18.5546875,-15.625,-25.87890625
139.140625,-39.0625,-21.484375,-13.671875,-28.3203125
139.14453125,-34.66796875,-19.53125,-9.765625,-16.6015625
139.1484375,-47.8515625,-18.5546875,-4.8828125,-24.4140625
139.15234375,-47.8515625,-20.01953125,0.9765625,-28.80859375
139.15625,-67.3828125,-29.296875,9.765625,-38.0859375
139.16015625,-94.7265625,-39.55078125,20.01953125,-55.17578125
139.1640625,-72.75390625,-44.921875,15.13671875,-30.2734375
139.16796875,-61.03515625,-41.9921875,-1.953125,-43.45703125
139.171875,-105.46875,-32.71484375,-21.97265625,-100.09765625
139.17578125,-153.3203125,-36.62109375,-22.94921875,-131.34765625
139.1796875,-151.3671875,-40.52734375,-19.53125,-157.2265625
139.18359375,-135.25390625,-33.69140625,-22.4609375,-158.69140625
139.1875,-144.04296875,-25.390625,-20.5078125,-153.3203125
139.19140625,-172.36328125,-24.90234375,-23.4375,-169.921875
139.1953125,-168.9453125,-23.4375,-31.25,-159.66796875
139.19921875,-152.83203125,-23.4375,-45.41015625,-145.99609375
139.203125,-151.85546875,-27.34375,-58.59375,-162.59765625
139.20703125,-150.390625,-18.06640625,-70.3125,-161.1328125
139.2109375,-117.67578125,-21.484375,-63.96484375,-124.0234375
139.21484375,-105.95703125,-20.5078125,-48.33984375,-123.046875
139.21875,-118.1640625,0.0,-63.96484375,-143.06640625
139.22265625,-93.26171875,7.8125,-63.96484375,-112.3046875
139.2265625,-91.796875,7.8125,-52.734375,-105.95703125
139.23046875,-95.21484375,0.48828125,-57.6171875,-121.09375
139.234375,-59.08203125,-5.37109375,-58.59375,-86.42578125
139.23828125,-41.9921875,-5.859375,-57.6171875,-62.98828125
139.2421875,-41.015625,-14.16015625,-58.10546875,-50.78125
139.24609375,-33.203125,-22.94921875,-63.4765625,-50.29296875
139.25,-21.484375,-25.390625,-69.3359375,-50.78125
139.25390625,-10.7421875,-15.13671875,-62.01171875,-33.203125
139.2578125,-9.765625,-10.25390625,-62.98828125,-37.59765625
139.26171875,-6.34765625,-14.6484375,-72.75390625,-39.55078125
139.265625,6.34765625,-14.6484375,-73.73046875,-30.76171875
139.26953125,8.30078125,-17.578125,-60.546875,-17.08984375
139.2734375,-6.34765625,-23.92578125,-52.734375,-15.13671875
139.27734375,4.8828125,-25.87890625,-50.78125,-0.48828125
139.28125,10.7421875,-19.53125,-49.31640625,7.8125
139.28515625,15.625,-13.671875,-48.33984375,-0.48828125
139.2890625,20.5078125,-16.6015625,-42.96875,0.48828125
139.29296875,16.11328125,-16.6015625,-44.43359375,9.27734375
139.296875,28.3203125,-15.625,-53.7109375,21.97265625
139.30078125,37.109375,-14.6484375,-52.734375,11.23046875
139.3046875,33.203125,-14.16015625,-41.50390625,14.16015625
139.30859375,23.92578125,-13.671875,-36.62109375,19.53125
139.3125,27.83203125,-12.20703125,-33.203125,28.3203125
139.31640625,27.83203125,-14.6484375,-29.78515625,31.25
139.3203125,4.39453125,-13.671875,-35.15625,36.62109375
139.32421875,-0.48828125,-11.71875,-37.109375,27.34375
139.328125,5.37109375,-14.16015625,-33.203125,3.41796875
139.33203125,10.25390625,-20.5078125,-32.2265625,10.7421875
139.3359375,22.94921875,-20.01953125,-28.3203125,31.73828125
139.33984375,15.13671875,-14.16015625,-23.4375,25.87890625
139.34375,1.46484375,-9.27734375,-31.73828125,21.97265625
139.34765625,-5.859375,-9.27734375,-46.38671875,34.66796875
139.3515625,-6.34765625,-9.27734375,-34.1796875,27.83203125
139.35546875,-12.20703125,-10.7421875,-7.8125,20.01953125
139.359375,-24.4140625,-13.671875,-6.34765625,7.32421875
139.36328125,-1.46484375,-13.671875,-19.04296875,14.16015625
139.3671875,14.6484375,-18.06640625,-15.625,20.01953125
139.37109375,1.953125,-23.92578125,-15.13671875,12.6953125
139.375,-10.25390625,-19.53125,-15.625,-4.39453125
139.37890625,-10.25390625,-8.7890625,-12.20703125,6.8359375
139.3828125,-0.9765625,-4.8828125,-12.6953125,22.4609375
139.38671875,6.8359375,-3.90625,-13.671875,25.87890625
139.390625,25.87890625,-5.37109375,-15.625,39.55078125
139.39453125,31.73828125,-3.41796875,-30.2734375,44.43359375
139.3984375,16.11328125,-12.20703125,-30.76171875,17.08984375
139.40234375,0.9765625,-20.01953125,-11.71875,0.9765625
139.40625,-9.27734375,-18.5546875,-10.7421875,16.6015625
139.41015625,2.9296875,-22.4609375,-20.5078125,18.5546875
139.4140625,11.23046875,-20.5078125,-19.04296875,-3.90625
139.41796875,3.90625,-11.23046875,-19.53125,-5.859375
139.421875,5.859375,-8.7890625,-25.87890625,11.71875
139.42578125,3.41796875,-5.37109375,-29.78515625,9.27734375
139.4296875,-4.8828125,-3.90625,-35.64453125,-9.27734375
139.43359375,1.46484375,-11.23046875,-31.73828125,1.953125
139.4375,14.16015625,-18.5546875,-32.71484375,20.5078125
139.44140625,16.6015625,-17.578125,-35.64453125,16.6015625
139.4453125,15.13671875,-11.71875,-26.85546875,6.34765625
139.44921875,3.90625,-13.671875,-28.80859375,6.34765625
139.453125,14.16015625,-19.53125,-31.25,8.30078125
139.45703125,23.92578125,-17.08984375,-27.34375,4.8828125
139.4609375,5.37109375,-11.71875,-29.78515625,9.27734375
139.46484375,11.71875,-11.23046875,-30.2734375,19.53125
139.46875,15.13671875,-6.8359375,-30.2734375,-0.48828125
139.47265625,12.6953125,-1.46484375,-32.71484375,7.8125
139.4765625,0.48828125,-6.34765625,-28.80859375,20.01953125
139.48046875,-8.7890625,-14.16015625,-19.53125,-8.7890625
139.484375,-1.953125,-16.6015625,-27.83203125,-8.7890625
139.48828125,-0.48828125,-11.23046875,-56.640625,-11.71875
139.4921875,9.765625,-1.953125,-60.546875,-18.5546875
139.49609375,10.7421875,-3.41796875,-37.109375,-10.7421875
139.5,24.4140625,-13.18359375,-20.99609375,-9.765625
139.50390625,36.1328125,-6.8359375,-24.4140625,-12.6953125
139.5078125,2.9296875,-6.8359375,-25.390625,-12.6953125
139.51171875,-13.671875,-19.53125,-25.390625,-19.53125
139.515625,-15.13671875,-14.16015625,-22.94921875,-25.87890625
139.51953125,-10.7421875,-8.7890625,-14.6484375,-21.97265625
139.5234375,-9.27734375,-15.13671875,-20.01953125,1.46484375
139.52734375,-5.859375,-11.23046875,-36.1328125,-9.27734375
139.53125,-2.44140625,0.9765625,-43.45703125,-38.0859375
139.53515625,-4.8828125,-0.9765625,-46.38671875,-44.43359375
139.5390625,-1.46484375,-8.30078125,-41.9921875,-34.1796875
139.54296875,6.34765625,-7.32421875,-25.390625,-20.01953125
139.546875,5.859375,-11.71875,-23.4375,-18.06640625
139.55078125,7.32421875,-6.8359375,-23.4375,-29.78515625
139.5546875,2.44140625,1.46484375,-25.390625,-22.94921875
139.55859375,6.8359375,4.39453125,-37.109375,12.20703125
139.5625,21.484375,1.953125,-46.38671875,-28.3203125
139.56640625,-6.8359375,-8.30078125,-30.2734375,-62.01171875
139.5703125,-25.390625,-18.06640625,-16.11328125,-45.41015625
139.57421875,-23.4375,-15.625,-22.94921875,-28.3203125
139.578125,-3.90625,-7.32421875,-25.390625,-9.27734375
139.58203125,23.92578125,-9.27734375,-23.92578125,17.578125
139.5859375,31.25,-9.765625,-23.92578125,5.37109375
139.58984375,5.859375,-11.23046875,-18.5546875,-26.85546875
139.59375,-23.4375,-16.6015625,-23.4375,-38.0859375
139.59765625,-22.4609375,-17.08984375,-26.3671875,-15.13671875
139.6015625,-17.578125,-15.625,-25.390625,-4.8828125
139.60546875,-20.99609375,-20.99609375,-33.69140625,-26.3671875
139.609375,-7.8125,-22.4609375,-34.66796875,-28.3203125
139.61328125,-12.20703125,-16.11328125,-26.85546875,-20.99609375
139.6171875,-15.13671875,-13.18359375,-29.296875,-19.53125
139.62109375,1.953125,-20.01953125,-31.25,-18.5546875
139.625,4.39453125,-22.4609375,-35.15625,-21.484375
139.62890625,5.37109375,-12.6953125,-34.1796875,-23.92578125
139.6328125,0.9765625,-14.16015625,-31.25,-34.1796875
139.63671875,-19.53125,-20.5078125,-25.87890625,-39.0625
139.640625,-22.94921875,-20.99609375,-40.52734375,-32.2265625
139.64453125,-6.8359375,-19.53125,-58.10546875,-12.6953125
139.6484375,-8.30078125,-14.6484375,-38.0859375,7.32421875
139.65234375,-21.97265625,-12.20703125,-20.5078125,-12.20703125
139.65625,-15.13671875,-8.30078125,-8.7890625,-26.3671875
139.66015625,0.9765625,-10.7421875,-6.34765625,-31.73828125
139.6640625,0.48828125,-6.8359375,-4.39453125,-31.25
139.66796875,-9.27734375,-2.44140625,-13.18359375,-28.80859375
139.671875,-6.8359375,-15.625,-24.4140625,-25.87890625
139.67578125,-8.30078125,-15.625,-13.18359375,-10.25390625
139.6796875,-10.7421875,-12.20703125,-3.90625,-32.71484375
139.68359375,-1.46484375,-14.16015625,-6.8359375,-27.83203125
139.6875,3.90625,-12.6953125,-9.27734375,-1.46484375
139.69140625,-9.27734375,-15.13671875,-14.6484375,-39.55078125
139.6953125,-12.6953125,-14.16015625,-4.39453125,-36.1328125
139.69921875,-4.39453125,-12.20703125,5.859375,-23.92578125
139.703125,-13.18359375,-14.16015625,8.30078125,-29.296875
139.70703125,-7.32421875,-7.8125,-3.90625,-13.18359375
139.7109375,1.953125,-13.671875,-11.71875,-29.78515625
139.71484375,-21.484375,-19.04296875,11.71875,-52.24609375
139.71875,-26.85546875,-19.53125,14.16015625,-48.33984375
139.72265625,-15.13671875,-21.484375,9.765625,-27.34375
139.7265625,-7.32421875,-17.08984375,8.7890625,-27.83203125
139.73046875,-11.23046875,-16.6015625,2.9296875,-29.78515625
139.734375,-22.4609375,-11.71875,-3.41796875,-41.9921875
139.73828125,-20.99609375,-6.8359375,1.953125,-25.390625
139.7421875,-10.25390625,-1.953125,0.9765625,-27.83203125
139.74609375,-7.32421875,-17.08984375,-14.16015625,-45.8984375
139.75,-32.2265625,-30.76171875,-0.9765625,-33.69140625
139.75390625,-38.0859375,-23.4375,13.671875,-49.8046875
139.7578125,-16.6015625,-25.390625,8.30078125,-48.33984375
139.76171875,-6.34765625,-25.390625,11.71875,-31.25
139.765625,-31.73828125,-17.578125,3.41796875,-28.3203125
139.76953125,-45.41015625,-2.9296875,-20.5078125,-30.2734375
139.7734375,-51.26953125,-1.953125,-15.625,-30.76171875
139.77734375,-56.640625,-7.32421875,-5.859375,-40.0390625
139.78125,-44.43359375,-11.23046875,-14.16015625,-43.45703125
139.78515625,-10.7421875,-15.13671875,-22.94921875,-10.7421875
139.7890625,0.0,-11.71875,-33.69140625,-13.18359375
139.79296875,-20.5078125,-11.71875,-23.92578125,-38.57421875
139.796875,-37.109375,-13.671875,-8.30078125,-38.0859375
139.80078125,-41.50390625,-17.578125,-10.7421875,-32.2265625
139.8046875,-33.69140625,-22.4609375,-15.13671875,-23.92578125
139.80859375,-34.66796875,-26.85546875,-26.85546875,-34.1796875
139.8125,-31.73828125,-24.90234375,-34.1796875,-35.64453125
139.81640625,-33.69140625,-22.94921875,-32.71484375,-24.90234375
139.8203125,-37.59765625,-27.83203125,-35.15625,-39.55078125
139.82421875,-32.71484375,-30.2734375,-37.109375,-42.96875
139.828125,-38.0859375,-28.3203125,-35.15625,-46.38671875
139.83203125,-47.8515625,-25.87890625,-39.55078125,-60.05859375
139.8359375,-50.29296875,-25.87890625,-46.875,-38.57421875
139.83984375,-45.8984375,-26.85546875,-32.71484375,-21.484375
139.84375,-41.9921875,-26.85546875,-24.90234375,-42.96875
139.84765625,-40.0390625,-29.296875,-36.62109375,-53.7109375
139.8515625,-35.15625,-32.71484375,-34.66796875,-47.8515625
139.85546875,-38.0859375,-26.85546875,-33.203125,-27.34375
139.859375,-41.50390625,-22.94921875,-34.66796875,-33.203125
139.86328125,-38.0859375,-17.578125,-34.1796875,-40.0390625
139.8671875,-29.296875,-16.11328125,-36.62109375,-23.92578125
139.87109375,-24.4140625,-21.484375,-36.1328125,-14.6484375
139.875,-13.671875,-23.4375,-31.25,-17.08984375
139.87890625,-9.27734375,-24.4140625,-36.62109375,-20.5078125
139.8828125,-16.6015625,-27.34375,-48.33984375,-25.87890625
139.88671875,-18.5546875,-20.99609375,-44.921875,-42.96875
139.890625,-22.4609375,-8.7890625,-29.78515625,-35.64453125
139.89453125,-30.2734375,-7.32421875,-26.3671875,-27.83203125
139.8984375,-26.85546875,-14.16015625,-31.73828125,-44.43359375
139.90234375,-22.94921875,-16.11328125,-26.85546875,-44.921875
139.90625,-35.15625,-17.08984375,-36.62109375,-34.66796875
139.91015625,-35.15625,-13.671875,-49.8046875,-41.015625
139.9140625,-38.57421875,-10.7421875,-32.2265625,-50.78125
139.91796875,-36.62109375,-15.13671875,-21.97265625,-41.015625
139.921875,-33.203125,-20.01953125,-20.5078125,-35.15625
139.92578125,-32.2265625,-20.5078125,-19.53125,-42.48046875
139.9296875,-27.34375,-20.01953125,-26.3671875,-36.62109375
139.93359375,-22.94921875,-25.390625,-20.5078125,-37.59765625
139.9375,-11.71875,-20.5078125,-27.83203125,-25.87890625
139.94140625,-10.25390625,-6.8359375,-37.59765625,-13.671875
139.9453125,-28.3203125,-11.71875,-19.53125,-31.73828125
139.94921875,-41.9921875,-19.53125,-10.7421875,-58.59375
139.953125,-39.55078125,-19.04296875,-5.37109375,-43.45703125
139.95703125,-25.390625,-15.13671875,-3.41796875,-26.3671875
139.9609375,-20.5078125,-17.08984375,-12.6953125,-36.1328125
139.96484375,-18.06640625,-21.484375,-21.484375,-29.78515625
139.96875,-8.7890625,-21.97265625,-29.78515625,-30.76171875
139.97265625,-6.34765625,-28.80859375,-25.87890625,-55.6640625
139.9765625,-14.16015625,-32.71484375,-28.80859375,-50.29296875
139.98046875,-20.99609375,-31.25,-32.2265625,-23.4375
139.984375,-26.85546875,-27.34375,-23.4375,-12.6953125
139.98828125,-27.34375,-14.6484375,-26.3671875,-14.16015625
139.9921875,-36.62109375,-21.484375,-31.73828125,-32.71484375
139.99609375,-42.96875,-28.80859375,-31.73828125,-43.45703125
140.0,-34.66796875,-16.6015625,-42.48046875,-39.0625
140.00390625,-32.2265625,-21.97265625,-35.64453125,-31.25
140.0078125,-27.83203125,-39.55078125,-13.671875,-11.71875
140.01171875,-40.0390625,-38.0859375,-14.6484375,-31.25
140.015625,-53.7109375,-25.87890625,-22.94921875,-49.31640625
140.01953125,-58.59375,-22.94921875,-23.92578125,-39.55078125
140.0234375,-59.08203125,-24.4140625,-25.390625,-48.828125
140.02734375,-57.6171875,-22.94921875,-23.4375,-47.8515625
140.03125,-51.26953125,-25.87890625,-22.4609375,-30.76171875
140.03515625,-42.96875,-24.90234375,-19.04296875,-28.80859375
140.0390625,-32.71484375,-24.90234375,-17.08984375,-22.4609375
140.04296875,-23.4375,-25.87890625,-24.4140625,-28.80859375
140.046875,-50.78125,-19.53125,-31.73828125,-48.33984375
140.05078125,-45.8984375,-20.5078125,-22.4609375,-43.9453125
140.0546875,-29.296875,-27.34375,-16.6015625,-23.4375
140.05859375,-57.6171875,-28.3203125,-21.97265625,-30.76171875
140.0625,-62.01171875,-27.83203125,-33.203125,-35.64453125
140.06640625,-36.1328125,-29.78515625,-42.96875,-15.625
140.0703125,-26.85546875,-25.390625,-37.109375,-21.484375
140.07421875,-54.19921875,-23.4375,-13.671875,-47.36328125
140.078125,-86.9140625,-26.85546875,-5.859375,-77.1484375
140.08203125,-96.19140625,-33.203125,-13.18359375,-69.3359375
140.0859375,-94.7265625,-37.109375,-8.7890625,-59.5703125
140.08984375,-109.375,-43.9453125,-5.859375,-90.8203125
140.09375,-124.0234375,-51.26953125,-2.44140625,-99.609375
140.09765625,-121.58203125,-52.24609375,0.9765625,-79.58984375
140.1015625,-117.67578125,-48.828125,-8.7890625,-88.8671875
140.10546875,-141.6015625,-45.8984375,1.953125,-128.41796875
140.109375,-173.828125,-47.36328125,15.625,-145.99609375
140.11328125,-161.1328125,-46.875,16.6015625,-127.44140625
140.1171875,-166.50390625,-47.8515625,19.53125,-134.765625
140.12109375,-191.89453125,-50.29296875,13.671875,-155.76171875
140.125,-173.828125,-53.7109375,11.71875,-137.6953125
140.12890625,-169.43359375,-53.22265625,19.04296875,-154.296875
140.1328125,-166.015625,-51.7578125,10.7421875,-170.41015625
140.13671875,-157.2265625,-59.5703125,6.34765625,-144.04296875
140.140625,-158.203125,-58.59375,3.90625,-135.7421875
140.14453125,-165.0390625,-45.8984375,4.8828125,-153.3203125
140.1484375,-178.7109375,-49.31640625,9.765625,-152.34375
140.15234375,-162.109375,-60.05859375,8.30078125,-127.44140625
140.15625,-145.99609375,-59.08203125,7.32421875,-115.234375
140.16015625,-141.6015625,-41.015625,3.41796875,-113.76953125
140.1640625,-122.55859375,-26.85546875,8.30078125,-94.7265625
140.16796875,-111.81640625,-32.71484375,5.37109375,-91.796875
140.171875,-107.421875,-37.109375,6.34765625,-85.44921875
140.17578125,-85.44921875,-37.109375,3.90625,-79.1015625
140.1796875,-69.3359375,-41.50390625,-2.9296875,-89.84375
140.18359375,-69.82421875,-41.015625,1.46484375,-77.63671875
140.1875,-72.75390625,-31.73828125,-11.23046875,-57.6171875
140.19140625,-69.3359375,-22.4609375,-15.13671875,-48.33984375
140.1953125,-60.05859375,-19.53125,-3.41796875,-50.78125
140.19921875,-46.38671875,-24.4140625,-8.30078125,-39.0625
140.203125,-29.78515625,-26.3671875,-19.04296875,-10.25390625
140.20703125,-30.76171875,-20.01953125,-19.04296875,-18.5546875
140.2109375,-31.73828125,-17.08984375,-12.6953125,-16.6015625
140.21484375,-15.13671875,-26.85546875,-13.671875,-5.37109375
140.21875,-12.20703125,-35.64453125,-23.4375,-21.97265625
140.22265625,-25.87890625,-30.2734375,-32.2265625,-26.85546875
140.2265625,-24.90234375,-42.96875,-42.96875,-24.4140625
140.23046875,-13.671875,-52.24609375,-42.96875,-22.94921875
140.234375,-32.71484375,-36.1328125,-34.1796875,-20.01953125
140.23828125,-39.0625,-20.01953125,-25.390625,-27.83203125
140.2421875,-28.80859375,-14.6484375,-23.92578125,-20.99609375
140.24609375,-30.2734375,-16.11328125,-26.3671875,-3.90625
140.25,-17.578125,-17.08984375,-30.2734375,-19.53125
140.25390625,-6.8359375,-20.5078125,-39.0625,-25.87890625
140.2578125,-5.859375,-23.4375,-60.05859375,-11.23046875
140.26171875,-2.9296875,-16.6015625,-58.10546875,8.30078125
140.265625,-12.6953125,-20.01953125,-24.4140625,3.41796875
140.26953125,-5.859375,-26.3671875,-9.27734375,-18.06640625
140.2734375,13.671875,-21.484375,-13.18359375,-14.6484375
140.27734375,13.671875,-12.6953125,-6.8359375,5.859375
140.28125,1.953125,-13.671875,-4.8828125,29.78515625
140.28515625,-1.46484375,-16.6015625,-19.53125,5.37109375
140.2890625,-5.37109375,-18.06640625,-17.08984375,-5.859375
140.29296875,-10.25390625,-21.484375,-15.13671875,-0.9765625
140.296875,-4.39453125,-20.5078125,-20.01953125,-11.23046875
140.30078125,7.8125,-21.484375,-15.625,-10.7421875
140.3046875,3.41796875,-25.87890625,-14.16015625,-20.5078125
140.30859375,-4.8828125,-28.80859375,-18.5546875,-27.83203125
140.3125,-20.99609375,-29.296875,-33.203125,-41.50390625
140.31640625,-30.2734375,-28.80859375,-37.59765625,-53.7109375
140.3203125,-43.9453125,-32.2265625,-22.94921875,-66.40625
140.32421875,-73.2421875,-37.109375,-13.18359375,-74.21875
140.328125,-89.35546875,-32.2265625,-11.71875,-62.5
140.33203125,-104.98046875,-27.83203125,-9.765625,-69.82421875
140.3359375,-118.1640625,-34.1796875,-8.30078125,-86.42578125
140.33984375,-123.53515625,-33.69140625,-15.625,-106.93359375
140.34375,-126.953125,-20.5078125,-21.484375,-129.39453125
140.34765625,-130.859375,-21.97265625,-14.16015625,-134.27734375
140.3515625,-155.76171875,-31.25,-6.34765625,-131.8359375
140.35546875,-152.34375,-30.76171875,-1.953125,-143.5546875
140.359375,-121.09375,-36.1328125,8.30078125,-131.34765625
140.36328125,-124.0234375,-36.1328125,-12.6953125,-129.8828125
140.3671875,-118.65234375,-23.4375,-37.109375,-122.0703125
140.37109375,-104.98046875,-12.20703125,-30.76171875,-105.95703125
140.375,-108.3984375,-13.671875,-30.76171875,-119.140625
140.37890625,-92.7734375,-26.3671875,-27.34375,-97.65625
140.3828125,-84.9609375,-28.3203125,-31.25,-74.21875
140.38671875,-82.51953125,-21.484375,-35.64453125,-67.3828125
140.390625,-68.84765625,-15.625,-28.3203125,-52.24609375
140.39453125,-56.15234375,-12.6953125,-50.29296875,-57.6171875
140.3984375,-43.45703125,-15.13671875,-58.59375,-59.08203125
140.40234375,-36.1328125,-12.6953125,-37.109375,-42.48046875
140.40625,-35.15625,-7.8125,-27.83203125,-18.5546875
140.41015625,-37.109375,-5.859375,-30.2734375,-39.0625
140.4140625,-23.4375,-11.23046875,-28.80859375,-40.0390625
140.41796875,-10.7421875,-23.4375,-26.3671875,-15.625
140.421875,10.25390625,-12.6953125,-26.85546875,-10.25390625
140.42578125,16.11328125,0.0,-27.34375,12.6953125
140.4296875,7.32421875,-7.32421875,-33.69140625,6.8359375
140.43359375,17.578125,-5.37109375,-38.0859375,-9.765625
140.4375,22.4609375,-3.41796875,-42.96875,0.9765625
140.44140625,18.5546875,-7.8125,-43.9453125,-16.6015625
140.4453125,39.55078125,-2.9296875,-43.9453125,0.48828125
140.44921875,44.921875,-5.37109375,-45.8984375,22.4609375
140.453125,37.59765625,-16.6015625,-38.57421875,9.765625
140.45703125,41.50390625,-18.06640625,-35.15625,3.90625
140.4609375,40.52734375,-10.7421875,-39.0625,13.18359375
140.46484375,40.52734375,-4.8828125,-41.50390625,14.6484375
140.46875,22.4609375,-8.30078125,-42.96875,9.765625
140.47265625,20.99609375,-6.34765625,-32.71484375,32.71484375
140.4765625,34.66796875,-1.953125,-22.94921875,36.1328125
140.48046875,30.2734375,-4.39453125,-25.390625,31.25
140.484375,27.34375,-7.32421875,-23.92578125,40.52734375
140.48828125,38.57421875,-6.34765625,-22.94921875,18.06640625
140.4921875,37.59765625,-1.46484375,-21.97265625,29.78515625
140.49609375,24.90234375,3.41796875,-29.296875,38.57421875
140.5,32.2265625,-1.46484375,-46.38671875,10.7421875
140.50390625,34.66796875,-4.39453125,-30.76171875,0.9765625
140.5078125,18.06640625,-14.6484375,-11.23046875,29.78515625
140.51171875,30.2734375,-11.23046875,-20.99609375,29.296875
140.515625,37.109375,-0.48828125,-33.69140625,-3.41796875
140.51953125,29.296875,-7.8125,-16.6015625,15.13671875
140.5234375,23.92578125,-26.3671875,-4.39453125,18.06640625
140.52734375,13.671875,-29.296875,-6.34765625,0.9765625
140.53125,1.953125,-15.625,-9.765625,9.27734375
140.53515625,-8.7890625,-16.11328125,-18.5546875,-2.44140625
140.5390625,-11.23046875,-14.16015625,-25.390625,-6.34765625
140.54296875,-14.16015625,-4.8828125,-50.29296875,10.7421875
140.546875,-18.5546875,-6.34765625,-48.828125,-1.46484375
140.55078125,-16.6015625,-8.7890625,-17.08984375,0.0
140.5546875,-11.23046875,-7.8125,-11.23046875,6.34765625
140.55859375,0.48828125,-8.7890625,-11.71875,11.23046875
140.5625,11.71875,-14.6484375,-14.16015625,26.85546875
140.56640625,-7.8125,-14.6484375,-24.90234375,7.8125
140.5703125,-3.41796875,-5.37109375,-24.4140625,22.94921875
140.57421875,-1.46484375,-5.37109375,-23.4375,33.69140625
140.578125,-21.484375,-8.30078125,-19.53125,-12.20703125
140.58203125,-27.83203125,-7.32421875,-17.08984375,-32.2265625
140.5859375,-29.78515625,-10.7421875,-20.5078125,-10.7421875
140.58984375,-36.62109375,-14.6484375,-19.04296875,-2.44140625
140.59375,-37.59765625,-20.99609375,-24.4140625,-0.48828125
140.59765625,-36.1328125,-24.4140625,-26.85546875,8.30078125
140.6015625,-36.1328125,-22.94921875,-23.4375,0.0
140.60546875,-29.296875,-20.5078125,-26.85546875,-22.94921875
140.609375,-27.83203125,-11.71875,-27.83203125,-23.4375
140.61328125,-15.13671875,-18.5546875,-17.578125,15.625
140.6171875,9.765625,-27.34375,-12.20703125,35.64453125
140.62109375,-17.578125,-21.97265625,-20.5078125,7.32421875
140.625,-46.38671875,-26.85546875,-27.83203125,-5.859375
140.62890625,-44.921875,-18.5546875,-36.62109375,-31.25
140.6328125,-51.26953125,-9.765625,-49.31640625,-47.36328125
140.63671875,-32.71484375,-7.8125,-44.43359375,-25.87890625
140.640625,-31.25,-4.8828125,-34.66796875,-11.71875
140.64453125,-35.64453125,-11.71875,-31.25,-19.53125
140.6484375,-23.4375,-9.765625,-33.69140625,-29.78515625
140.65234375,-11.71875,-13.18359375,-41.50390625,-19.04296875
140.65625,-15.625,-18.06640625,-45.41015625,-30.2734375
140.66015625,-22.4609375,-15.625,-46.38671875,-11.71875
140.6640625,-29.78515625,-18.06640625,-48.828125,-3.41796875
140.66796875,-26.3671875,-14.16015625,-48.828125,-21.484375
140.671875,-21.97265625,-16.11328125,-44.921875,-2.44140625
140.67578125,-25.390625,-20.99609375,-38.57421875,-12.20703125
140.6796875,-19.04296875,-16.6015625,-31.73828125,-42.96875
140.68359375,-17.578125,-10.7421875,-36.62109375,-44.43359375
140.6875,-41.50390625,-17.08984375,-38.0859375,-36.1328125
140.69140625,-76.171875,-21.97265625,-34.1796875,-16.6015625
140.6953125,-71.77734375,-13.671875,-37.59765625,4.39453125
140.69921875,-59.5703125,-9.765625,-41.015625,-11.23046875
140.703125,-59.08203125,-13.671875,-33.203125,-30.2734375
140.70703125,-58.59375,-19.04296875,-27.34375,-30.2734375
140.7109375,-62.5,-20.5078125,-32.71484375,7.8125
140.71484375,-58.10546875,-20.5078125,-33.203125,10.25390625
140.71875,-56.15234375,-21.484375,-32.2265625,-11.23046875
140.72265625,-56.640625,-22.94921875,-35.64453125,-5.859375
140.7265625,-63.96484375,-20.99609375,-33.69140625,-8.30078125
140.73046875,-71.77734375,-20.5078125,-37.109375,-16.6015625
140.734375,-61.03515625,-20.01953125,-41.50390625,-15.13671875
140.73828125,-52.734375,-14.6484375,-33.69140625,-20.01953125
140.7421875,-61.03515625,-12.20703125,-29.78515625,-7.8125
140.74609375,-71.2890625,-15.13671875,-27.34375,-14.6484375
140.75,-64.453125,-19.04296875,-28.80859375,-23.4375
140.75390625,-58.10546875,-14.6484375,-33.203125,-8.30078125
140.7578125,-61.5234375,-9.765625,-29.296875,-31.73828125
140.76171875,-59.5703125,-18.5546875,-25.390625,-44.43359375
140.765625,-51.26953125,-23.4375,-25.390625,-24.90234375
140.76953125,-54.19921875,-21.97265625,-21.484375,-14.16015625
140.7734375,-62.98828125,-21.97265625,-13.18359375,-15.13671875
140.77734375,-61.03515625,-14.6484375,-13.18359375,-26.85546875
140.78125,-48.828125,-13.671875,-16.6015625,-18.06640625
140.78515625,-54.19921875,-14.16015625,-23.4375,-42.48046875
140.7890625,-59.5703125,-16.11328125,-41.9921875,-52.24609375
140.79296875,-60.546875,-24.4140625,-37.59765625,-27.83203125
140.796875,-65.4296875,-20.99609375,-23.4375,5.37109375
140.80078125,-66.40625,-18.5546875,-16.6015625,-6.8359375
140.8046875,-63.96484375,-20.99609375,-13.671875,-42.48046875
140.80859375,-56.15234375,-22.4609375,-16.11328125,-21.484375
140.8125,-49.31640625,-24.4140625,-19.53125,-10.25390625
140.81640625,-34.66796875,-22.4609375,-13.18359375,-22.4609375
140.8203125,-43.9453125,-15.625,-13.18359375,-33.203125
140.82421875,-54.6875,-15.13671875,-22.94921875,-37.109375
140.828125,-47.8515625,-20.5078125,-21.97265625,-28.3203125
140.83203125,-45.41015625,-16.6015625,-16.11328125,-28.3203125
140.8359375,-43.45703125,-15.625,-18.06640625,-39.0625
140.83984375,-55.6640625,-15.13671875,-23.92578125,-30.76171875
140.84375,-50.78125,-13.671875,-21.484375,-12.6953125
140.84765625,-42.96875,-18.06640625,-20.5078125,-6.34765625
140.8515625,-33.69140625,-20.99609375,-27.34375,-17.08984375
140.85546875,-11.71875,-17.578125,-29.78515625,-24.4140625
140.859375,-31.73828125,-17.08984375,-33.69140625,-19.53125
140.86328125,-43.45703125,-21.97265625,-20.99609375,-35.64453125
140.8671875,-27.34375,-22.94921875,-10.7421875,-29.78515625
140.87109375,-24.90234375,-22.94921875,-38.57421875,-19.53125
140.875,-20.99609375,-24.90234375,-38.0859375,-24.90234375
140.87890625,-27.83203125,-18.5546875,-6.8359375,-9.765625
140.8828125,-31.25,-20.5078125,-4.39453125,-22.94921875
140.88671875,-27.83203125,-28.80859375,-10.25390625,-38.57421875
140.890625,-30.76171875,-26.85546875,-17.578125,-34.1796875
140.89453125,-33.69140625,-15.625,-23.4375,-20.01953125
140.8984375,-30.2734375,-11.71875,-24.90234375,-16.6015625
140.90234375,-40.52734375,-20.5078125,-22.94921875,-21.97265625
140.90625,-55.17578125,-26.3671875,-20.99609375,-30.2734375
140.91015625,-46.38671875,-26.3671875,-20.5078125,-48.828125
140.9140625,-28.3203125,-17.08984375,-15.625,-34.66796875
140.91796875,-20.99609375,-10.7421875,-34.1796875,-20.5078125
140.921875,-36.62109375,-14.16015625,-42.96875,-19.53125
140.92578125,-41.9921875,-10.7421875,-12.6953125,-10.25390625
140.9296875,-43.45703125,-10.25390625,-5.37109375,-31.73828125
140.93359375,-36.62109375,-20.5078125,-22.94921875,-52.734375
140.9375,-38.0859375,-27.83203125,-23.4375,-32.71484375
140.94140625,-53.7109375,-19.53125,-18.06640625,-32.71484375
140.9453125,-49.8046875,-20.99609375,-20.01953125,-31.25
140.94921875,-43.45703125,-21.484375,-38.57421875,-24.90234375
140.953125,-47.36328125,-13.18359375,-38.0859375,-17.578125
140.95703125,-51.7578125,-20.01953125,-27.34375,-36.1328125
140.9609375,-46.875,-24.90234375,-23.4375,-50.29296875
140.96484375,-37.59765625,-19.53125,-18.5546875,-24.4140625
140.96875,-31.25,-22.94921875,-16.6015625,-11.71875
140.97265625,-27.34375,-34.66796875,-17.578125,-24.4140625
140.9765625,-35.15625,-36.62109375,-21.484375,-22.4609375
140.98046875,-45.8984375,-27.34375,-22.4609375,-19.53125
140.984375,-35.64453125,-28.3203125,-20.5078125,-28.3203125
140.98828125,-24.4140625,-31.25,-27.34375,-24.4140625
140.9921875,-36.62109375,-24.4140625,-23.92578125,-15.625
140.99609375,-37.59765625,-20.5078125,-33.69140625,-23.4375
141.0,-26.85546875,-21.97265625,-40.0390625,-22.94921875
141.00390625,-33.203125,-25.87890625,-15.13671875,-14.16015625
141.0078125,-53.22265625,-30.2734375,-5.37109375,-27.34375
141.01171875,-57.12890625,-27.34375,-15.13671875,-19.04296875
141.015625,-36.1328125,-23.4375,-19.04296875,-26.85546875
141.01953125,-35.15625,-26.85546875,-20.99609375,-22.94921875
141.0234375,-39.55078125,-28.3203125,-25.87890625,-8.7890625
141.02734375,-32.71484375,-27.83203125,-22.4609375,-13.671875
141.03125,-37.109375,-27.34375,-15.625,-4.8828125
141.03515625,-22.4609375,-16.6015625,-25.87890625,-12.6953125
141.0390625,-12.20703125,-16.11328125,-38.0859375,-23.4375
141.04296875,-20.5078125,-27.34375,-21.484375,-24.90234375
141.046875,-23.92578125,-26.3671875,-8.7890625,-28.80859375
141.05078125,-27.83203125,-20.99609375,-6.8359375,-26.85546875
141.0546875,-20.99609375,-22.4609375,-5.859375,-14.16015625
141.05859375,-7.32421875,-24.4140625,-17.08984375,-15.625
141.0625,-4.8828125,-23.4375,-29.296875,-22.94921875
141.06640625,0.9765625,-20.01953125,-25.87890625,-12.20703125
141.0703125,-1.953125,-17.578125,-25.87890625,-7.8125
141.07421875,-11.23046875,-14.16015625,-26.3671875,-5.859375
141.078125,-4.8828125,-10.25390625,-19.53125,0.9765625
141.08203125,-4.39453125,-21.484375,-15.625,5.859375
141.0859375,-5.859375,-29.78515625,-17.578125,11.23046875
141.08984375,-8.30078125,-21.97265625,-16.11328125,1.46484375
141.09375,-16.6015625,-16.11328125,-17.08984375,-6.8359375
141.09765625,-17.08984375,-14.6484375,-33.69140625,-17.578125
141.1015625,-17.578125,-18.5546875,-41.9921875,-33.69140625
141.10546875,-29.296875,-21.484375,-20.01953125,-24.90234375
141.109375,-37.59765625,-16.6015625,-4.39453125,-24.4140625
141.11328125,-35.15625,-19.53125,-3.90625,-24.90234375
141.1171875,-48.33984375,-26.85546875,-9.27734375,-16.6015625
141.12109375,-57.6171875,-31.73828125,-15.13671875,-9.765625
141.125,-51.26953125,-25.390625,-20.01953125,-6.34765625
141.12890625,-56.640625,-18.06640625,-24.4140625,-26.85546875
141.1328125,-39.0625,-22.94921875,-30.2734375,-29.296875
141.13671875,-32.2265625,-26.85546875,-26.3671875,-27.83203125
141.140625,-44.921875,-24.4140625,-21.484375,-25.87890625
141.14453125,-41.015625,-16.6015625,-23.4375,-8.7890625
141.1484375,-38.0859375,-8.30078125,-22.4609375,-23.4375
141.15234375,-45.41015625,-7.8125,-16.11328125,-31.25
141.15625,-51.26953125,-12.20703125,-13.18359375,-33.203125
141.16015625,-41.015625,-18.5546875,-20.99609375,-16.6015625
141.1640625,-39.0625,-21.484375,-12.20703125,-19.04296875
141.16796875,-49.31640625,-20.5078125,-5.859375,-39.55078125
141.171875,-50.29296875,-19.04296875,-6.8359375,-33.69140625
141.17578125,-43.45703125,-15.13671875,-1.953125,-30.2734375
141.1796875,-41.50390625,-12.20703125,-5.37109375,-14.6484375
141.18359375,-38.57421875,-17.08984375,-17.08984375,-8.7890625
141.1875,-45.41015625,-24.4140625,-20.99609375,-27.83203125
141.19140625,-46.875,-28.80859375,-6.8359375,-35.64453125
141.1953125,-41.50390625,-30.2734375,-9.27734375,-22.94921875
141.19921875,-37.59765625,-23.92578125,-20.5078125,0.48828125
141.203125,-40.0390625,-24.4140625,-8.30078125,5.859375
141.20703125,-39.55078125,-23.92578125,-3.41796875,-22.4609375
141.2109375,-39.55078125,-20.01953125,-4.39453125,-43.45703125
141.21484375,-31.25,-27.34375,1.46484375,-32.2265625
141.21875,-34.66796875,-31.25,-4.8828125,-8.30078125
141.22265625,-59.5703125,-22.94921875,-12.6953125,-19.53125
141.2265625,-68.84765625,-22.94921875,-16.6015625,-12.20703125
141.23046875,-64.94140625,-24.90234375,-19.53125,-15.13671875
141.234375,-60.546875,-23.92578125,-19.04296875,-22.4609375
141.23828125,-44.43359375,-22.94921875,-8.30078125,6.34765625
141.2421875,-32.71484375,-28.80859375,-5.859375,5.859375
141.24609375,-43.9453125,-27.83203125,-15.13671875,-19.53125
141.25,-43.9453125,-17.08984375,-19.04296875,-19.53125
141.25390625,-43.45703125,-14.6484375,-14.6484375,-15.13671875
141.2578125,-49.31640625,-18.06640625,-8.7890625,-19.04296875
141.26171875,-45.8984375,-19.53125,-11.23046875,-17.08984375
141.265625,-41.015625,-20.01953125,-14.6484375,-17.08984375
141.26953125,-29.78515625,-24.90234375,-8.30078125,-2.44140625
141.2734375,-33.69140625,-23.4375,-4.8828125,-6.34765625
141.27734375,-37.109375,-26.3671875,-7.32421875,0.48828125
141.28125,-38.0859375,-29.78515625,-17.08984375,1.953125
141.28515625,-34.1796875,-23.92578125,-28.80859375,-8.30078125
141.2890625,-20.5078125,-16.6015625,-27.34375,0.9765625
141.29296875,-31.73828125,-14.16015625,-23.92578125,-15.625
141.296875,-33.69140625,-15.625,-28.3203125,-19.53125
141.30078125,-27.34375,-15.625,-27.83203125,-14.16015625
141.3046875,-34.66796875,-15.13671875,-24.4140625,-13.671875
141.30859375,-45.8984375,-15.13671875,-27.83203125,-18.5546875
141.3125,-42.48046875,-21.484375,-38.57421875,-17.08984375
141.31640625,-38.57421875,-24.4140625,-37.59765625,-9.765625
141.3203125,-42.96875,-21.484375,-23.92578125,-6.34765625
141.32421875,-23.4375,-21.97265625,-17.08984375,-19.53125
141.328125,-14.16015625,-25.87890625,-24.90234375,-15.13671875
141.33203125,-24.4140625,-23.4375,-31.73828125,10.7421875
141.3359375,-38.57421875,-19.04296875,-27.34375,-7.8125
141.33984375,-41.015625,-21.484375,-16.6015625,-31.25
141.34375,-34.1796875,-23.4375,-12.6953125,-28.80859375
141.34765625,-32.2265625,-19.04296875,-30.76171875,-16.11328125
141.3515625,-38.0859375,-24.4140625,-32.71484375,-1.46484375
141.35546875,-46.38671875,-27.83203125,-20.5078125,9.765625
141.359375,-34.1796875,-28.80859375,-15.13671875,14.16015625
141.36328125,-32.71484375,-26.3671875,-21.484375,-4.39453125
141.3671875,-46.38671875,-18.5546875,-25.87890625,0.9765625
141.37109375,-26.85546875,-13.18359375,-32.71484375,6.34765625
141.375,-9.27734375,-13.671875,-49.8046875,-32.2265625
141.37890625,-23.92578125,-18.5546875,-33.203125,-35.15625
141.3828125,-27.34375,-24.4140625,-5.859375,0.48828125
141.38671875,-25.87890625,-24.4140625,1.46484375,6.34765625
141.390625,-26.85546875,-19.04296875,-12.20703125,-12.20703125
141.39453125,-11.23046875,-13.18359375,-18.06640625,8.7890625
141.3984375,-16.11328125,-13.18359375,-23.92578125,27.83203125
141.40234375,-21.484375,-16.6015625,-31.73828125,8.7890625
141.40625,-22.4609375,-20.5078125,-14.6484375,0.9765625
141.41015625,-26.85546875,-25.390625,-17.08984375,11.71875
141.4140625,0.9765625,-18.06640625,-31.25,0.48828125
141.41796875,15.13671875,-12.6953125,-15.625,30.76171875
141.421875,-8.7890625,-22.4609375,5.37109375,33.69140625
141.42578125,-32.2265625,-24.4140625,14.6484375,-30.2734375
141.4296875,-20.01953125,-26.3671875,9.765625,-22.4609375
141.43359375,-0.48828125,-23.92578125,6.34765625,-4.39453125
141.4375,-17.08984375,-21.484375,8.30078125,-2.9296875
141.44140625,-1.46484375,-26.3671875,11.71875,20.5078125
141.4453125,17.578125,-23.4375,13.671875,18.5546875
141.44921875,0.9765625,-22.4609375,19.04296875,20.01953125
141.453125,-7.32421875,-30.76171875,17.578125,21.97265625
141.45703125,2.9296875,-24.4140625,7.8125,-0.48828125
141.4609375,19.04296875,-15.625,-8.7890625,12.20703125
141.46484375,14.16015625,-29.296875,-2.44140625,23.4375
141.46875,-4.8828125,-35.64453125,10.7421875,11.71875
141.47265625,-14.16015625,-27.83203125,5.859375,8.30078125
141.4765625,-23.4375,-22.4609375,5.859375,-15.13671875
141.48046875,-18.06640625,-19.04296875,2.9296875,-9.27734375
141.484375,-4.8828125,-24.4140625,11.23046875,33.203125
141.48828125,-3.41796875,-31.25,13.18359375,22.4609375
141.4921875,0.0,-31.73828125,-5.859375,8.7890625
141.49609375,3.90625,-25.87890625,-4.39453125,11.23046875
141.5,4.39453125,-22.94921875,3.41796875,5.37109375
141.50390625,-1.953125,-17.578125,4.8828125,-4.39453125
141.5078125,-11.71875,-19.04296875,9.765625,-8.30078125
141.51171875,-9.27734375,-22.4609375,11.71875,2.44140625
141.515625,-3.41796875,-21.97265625,6.8359375,9.765625
141.51953125,-5.859375,-29.78515625,-5.859375,-3.41796875
141.5234375,2.44140625,-22.94921875,-12.20703125,7.32421875
141.52734375,3.90625,-14.6484375,-12.6953125,38.0859375
141.53125,-2.9296875,-29.296875,-2.9296875,23.92578125
141.53515625,-9.765625,-39.0625,-9.27734375,-14.6484375
141.5390625,-5.859375,-37.59765625,-11.71875,-5.859375
141.54296875,1.46484375,-39.55078125,4.39453125,17.578125
141.546875,-7.8125,-41.50390625,7.8125,21.97265625
141.55078125,-5.37109375,-35.15625,-6.34765625,32.71484375
141.5546875,-2.9296875,-28.80859375,-2.9296875,28.80859375
141.55859375,-12.6953125,-30.2734375,13.18359375,21.97265625
141.5625,-1.953125,-33.203125,13.18359375,30.2734375
141.56640625,20.99609375,-42.48046875,11.71875,50.78125
141.5703125,25.390625,-43.45703125,8.30078125,41.9921875
141.57421875,11.23046875,-24.90234375,-10.25390625,26.85546875
141.578125,0.0,-20.99609375,-20.5078125,28.3203125
141.58203125,2.44140625,-15.13671875,-5.37109375,20.99609375
141.5859375,-2.9296875,-14.16015625,-4.39453125,10.25390625
141.58984375,-10.25390625,-22.4609375,-7.32421875,21.484375
141.59375,-7.32421875,-23.92578125,-10.25390625,29.78515625
141.59765625,0.48828125,-18.5546875,-27.34375,27.34375
141.6015625,-7.32421875,-27.34375,-31.73828125,21.97265625
141.60546875,-5.859375,-37.59765625,-18.06640625,1.46484375
141.609375,-4.8828125,-29.78515625,-6.8359375,-20.99609375
141.61328125,-3.41796875,-26.85546875,-3.41796875,-1.46484375
141.6171875,3.41796875,-29.78515625,-4.39453125,3.90625
141.62109375,1.953125,-22.4609375,-2.44140625,-0.48828125
141.625,3.90625,-15.13671875,-6.34765625,12.6953125
141.62890625,-2.44140625,-20.01953125,-17.578125,2.9296875
141.6328125,-9.765625,-21.484375,-25.87890625,-8.30078125
141.63671875,-7.32421875,-22.94921875,-23.4375,-9.765625
141.640625,4.39453125,-20.01953125,-21.484375,1.953125
141.64453125,7.8125,-19.53125,-21.484375,12.20703125
141.6484375,-5.37109375,-34.66796875,-8.7890625,22.94921875
141.65234375,-0.48828125,-36.1328125,-0.9765625,-0.9765625
141.65625,4.8828125,-36.62109375,-9.765625,-12.6953125
141.66015625,-5.37109375,-38.0859375,-20.5078125,-32.2265625
141.6640625,-10.7421875,-28.80859375,-19.04296875,-20.99609375
141.66796875,-14.6484375,-20.99609375,-9.27734375,4.39453125
141.671875,-18.06640625,-20.01953125,-12.20703125,-3.90625
141.67578125,-5.37109375,-17.08984375,-7.8125,7.8125
141.6796875,-4.8828125,-19.04296875,-17.08984375,6.34765625
141.68359375,-10.7421875,-23.92578125,-38.0859375,-2.44140625
141.6875,-12.20703125,-24.90234375,-37.59765625,-7.8125
141.69140625,-16.11328125,-23.92578125,-14.16015625,-0.48828125
141.6953125,-23.4375,-27.83203125,-2.44140625,13.18359375
141.69921875,-22.4609375,-36.1328125,-9.27734375,-6.8359375
141.703125,-15.13671875,-35.64453125,-18.5546875,-11.71875
141.70703125,-18.06640625,-37.59765625,-17.578125,-14.16015625
141.7109375,-17.578125,-40.0390625,-16.6015625,-7.8125
141.71484375,-18.06640625,-30.76171875,-12.20703125,17.08984375
141.71875,-28.3203125,-26.85546875,-23.92578125,13.671875
141.72265625,-18.06640625,-23.4375,-43.9453125,-22.94921875
141.7265625,-23.92578125,-26.3671875,-21.97265625,-31.25
141.73046875,0.0,-25.87890625,-8.30078125,4.8828125
141.734375,26.85546875,-20.99609375,-7.8125,15.625
141.73828125,-11.23046875,-28.3203125,1.46484375,-5.859375
141.7421875,-42.48046875,-36.1328125,-4.8828125,-29.296875
141.74609375,-28.80859375,-34.1796875,-11.23046875,-23.92578125
141.75,-14.6484375,-32.2265625,-13.18359375,-20.01953125
141.75390625,-20.5078125,-28.3203125,-17.08984375,-21.97265625
141.7578125,-20.5078125,-27.83203125,-20.01953125,-13.671875
141.76171875,12.20703125,-30.2734375,-8.7890625,20.01953125
141.765625,20.99609375,-25.87890625,-5.37109375,4.8828125
141.76953125,-29.296875,-20.5078125,-18.5546875,-41.9921875
141.7734375,-38.57421875,-29.78515625,-25.87890625,-18.5546875
141.77734375,-9.765625,-30.2734375,-22.4609375,0.48828125
141.78125,-10.7421875,-26.85546875,-19.04296875,-41.015625
141.78515625,-15.13671875,-30.76171875,-15.13671875,-42.96875
141.7890625,-20.99609375,-31.25,-19.53125,-34.1796875
141.79296875,-23.92578125,-28.3203125,-26.85546875,-15.13671875
141.796875,0.0,-22.4609375,-21.97265625,19.53125
141.80078125,6.34765625,-21.97265625,-22.94921875,1.953125
141.8046875,-3.41796875,-27.34375,-22.94921875,-22.4609375
141.80859375,-8.30078125,-27.83203125,-27.83203125,-24.4140625
141.8125,-13.671875,-26.3671875,-41.50390625,-22.4609375
141.81640625,18.5546875,-20.5078125,-34.66796875,-9.27734375
141.8203125,30.2734375,-22.94921875,-18.06640625,2.9296875
141.82421875,11.71875,-25.87890625,-7.32421875,-9.765625
141.828125,21.484375,-21.97265625,-17.08984375,10.25390625
141.83203125,13.18359375,-20.5078125,-31.73828125,17.578125
141.8359375,-6.8359375,-35.15625,-27.34375,2.9296875
141.83984375,2.9296875,-32.2265625,-18.5546875,-19.04296875
141.84375,5.37109375,-24.90234375,-7.32421875,-30.2734375
141.84765625,11.71875,-28.3203125,1.953125,-26.3671875
141.8515625,17.08984375,-29.296875,-1.46484375,-26.3671875
141.85546875,5.859375,-38.0859375,-7.8125,-21.484375
141.859375,26.3671875,-33.69140625,-14.16015625,18.5546875
141.86328125,35.15625,-19.53125,-31.73828125,20.5078125
141.8671875,37.59765625,-20.99609375,-33.203125,16.6015625
141.87109375,32.2265625,-28.80859375,-39.55078125,11.23046875
141.875,4.8828125,-23.4375,-54.6875,-20.01953125
141.87890625,26.3671875,-35.64453125,-43.9453125,-4.8828125
141.8828125,47.8515625,-40.52734375,-17.08984375,7.32421875
141.88671875,19.53125,-15.13671875,-8.30078125,6.34765625
141.890625,18.5546875,-6.8359375,-5.859375,-16.11328125
141.89453125,66.89453125,-11.71875,4.8828125,-11.71875
141.8984375,72.75390625,-18.06640625,1.46484375,35.64453125
141.90234375,23.4375,-25.87890625,-11.71875,30.2734375
141.90625,14.6484375,-28.3203125,0.48828125,5.37109375
141.91015625,10.7421875,-24.90234375,18.5546875,-12.6953125
141.9140625,13.671875,-20.01953125,20.5078125,-5.37109375
141.91796875,27.34375,-16.11328125,-5.859375,6.8359375
141.921875,28.3203125,-8.30078125,-27.83203125,17.578125
141.92578125,18.06640625,-17.578125,-26.85546875,29.78515625
141.9296875,17.08984375,-28.3203125,-10.25390625,-22.94921875
141.93359375,28.80859375,-22.4609375,-12.6953125,-19.53125
141.9375,40.0390625,-26.85546875,-5.859375,19.53125
141.94140625,37.109375,-21.484375,6.8359375,1.953125
141.9453125,23.4375,-13.671875,-10.25390625,-2.9296875
141.94921875,20.5078125,-18.06640625,-21.484375,6.8359375
141.953125,27.83203125,-23.4375,-7.8125,28.3203125
141.95703125,6.34765625,-20.99609375,-3.41796875,30.2734375
141.9609375,-10.7421875,-17.578125,-4.39453125,7.8125
141.96484375,3.41796875,-15.625,-0.48828125,-14.16015625
141.96875,5.37109375,-16.11328125,2.44140625,-1.46484375
141.97265625,11.23046875,-20.5078125,6.34765625,27.83203125
141.9765625,17.08984375,-17.578125,-13.671875,9.765625
141.98046875,16.11328125,-17.08984375,-17.578125,-19.04296875
141.984375,16.6015625,-15.625,-2.9296875,-6.34765625
141.98828125,3.41796875,-15.625,-8.7890625,16.6015625
141.9921875,-5.37109375,-24.90234375,-15.625,31.25
141.99609375,6.8359375,-25.390625,-17.08984375,-8.30078125
142.0,17.08984375,-15.625,-24.90234375,-10.25390625
142.00390625,-0.48828125,-15.625,-32.71484375,12.20703125
142.0078125,-23.92578125,-19.53125,-28.3203125,5.859375
142.01171875,-13.671875,-14.16015625,-38.57421875,7.8125
142.015625,9.27734375,-18.06640625,-32.71484375,10.7421875
142.01953125,-8.30078125,-19.04296875,-22.94921875,-22.4609375
142.0234375,-24.90234375,-18.06640625,-25.87890625,-25.390625
142.02734375,-21.97265625,-23.92578125,-25.87890625,9.27734375
142.03125,-33.203125,-20.5078125,-19.53125,15.625
142.03515625,-40.0390625,-15.625,-13.18359375,-3.41796875
142.0390625,-42.96875,-17.08984375,-17.08984375,-30.2734375
142.04296875,-52.734375,-25.390625,-30.76171875,-34.66796875
142.046875,-27.34375,-22.4609375,-38.57421875,-6.8359375
142.05078125,-21.484375,-22.94921875,-27.34375,-0.48828125
142.0546875,-49.31640625,-36.62109375,-25.87890625,-36.62109375
142.05859375,-59.08203125,-42.96875,-27.83203125,-41.50390625
142.0625,-60.546875,-39.0625,-20.5078125,-19.04296875
142.06640625,-49.8046875,-33.69140625,-27.34375,-20.99609375
142.0703125,-49.8046875,-31.25,-35.64453125,-27.83203125
142.07421875,-58.10546875,-27.83203125,-26.3671875,-27.83203125
142.078125,-52.24609375,-29.78515625,-20.5078125,-20.99609375
142.08203125,-55.6640625,-36.1328125,-9.27734375,-17.578125
142.0859375,-59.08203125,-38.57421875,0.9765625,-26.85546875
142.08984375,-44.43359375,-28.80859375,5.859375,-39.55078125
142.09375,-51.26953125,-19.04296875,1.46484375,-26.3671875
142.09765625,-35.64453125,-24.4140625,-0.9765625,7.8125
142.1015625,-32.2265625,-26.3671875,-11.23046875,11.23046875
142.10546875,-31.25,-14.6484375,-26.3671875,-32.2265625
142.109375,-55.17578125,-16.6015625,-16.6015625,-46.38671875
142.11328125,-73.2421875,-26.85546875,-3.90625,-55.6640625
142.1171875,-62.5,-34.66796875,-0.48828125,-22.4609375
142.12109375,-68.84765625,-34.66796875,0.9765625,63.96484375
142.125,-57.6171875,-29.296875,-10.25390625,-22.4609375
142.12890625,-41.015625,-22.4609375,-30.2734375,-71.77734375
142.1328125,-41.015625,-18.06640625,-55.6640625,-6.34765625
142.13671875,-47.8515625,-29.296875,-35.64453125,8.7890625
142.140625,-31.73828125,-37.109375,-20.99609375,-28.80859375
142.14453125,-41.015625,-28.80859375,-20.5078125,-24.90234375
142.1484375,-45.41015625,-17.08984375,-24.4140625,-39.0625
142.15234375,-41.50390625,-20.99609375,-30.2734375,-44.921875
142.15625,-61.5234375,-30.2734375,-18.5546875,-30.76171875
142.16015625,-49.8046875,-21.97265625,-18.5546875,-36.62109375
142.1640625,-59.08203125,-20.01953125,-30.2734375,-32.71484375
142.16796875,-76.66015625,-24.90234375,-18.06640625,-12.6953125
142.171875,-64.453125,-28.80859375,-0.9765625,66.89453125
142.17578125,-54.19921875,-22.4609375,-6.8359375,-27.34375
142.1796875,-63.4765625,-20.5078125,-29.296875,-84.47265625
142.18359375,-64.453125,-32.2265625,-30.76171875,-18.06640625
142.1875,-56.640625,-40.52734375,-8.7890625,-7.32421875
142.19140625,-47.8515625,-32.71484375,-12.6953125,-5.859375
142.1953125,-30.76171875,-22.4609375,-32.2265625,10.7421875
142.19921875,-31.73828125,-21.484375,-21.97265625,6.8359375
142.203125,-36.62109375,-16.11328125,-14.16015625,-3.90625
142.20703125,-46.875,-16.11328125,-18.06640625,-13.671875
142.2109375,-52.734375,-22.4609375,-20.01953125,-12.6953125
142.21484375,-36.1328125,-24.90234375,-22.4609375,20.01953125
142.21875,-22.4609375,-24.90234375,-22.4609375,7.8125
142.22265625,-35.64453125,-18.06640625,-29.296875,-41.015625
142.2265625,-38.0859375,-14.6484375,-33.69140625,-15.625
142.23046875,-28.3203125,-31.73828125,-23.4375,20.99609375
142.234375,-22.4609375,-30.76171875,-20.99609375,-12.6953125
142.23828125,-5.37109375,-16.6015625,-18.06640625,-39.55078125
142.2421875,-14.16015625,-19.53125,-33.203125,-1.953125
142.24609375,-26.85546875,-24.90234375,-52.734375,-5.859375
142.25,-34.66796875,-20.01953125,-34.66796875,-48.33984375
142.25390625,-46.38671875,-14.16015625,-23.4375,-36.1328125
142.2578125,-41.015625,-14.6484375,-21.484375,-17.578125
142.26171875,-49.31640625,-20.01953125,-16.6015625,-8.30078125
142.265625,-47.8515625,-32.2265625,-22.4609375,12.20703125
142.26953125,-16.11328125,-35.15625,-30.2734375,22.94921875
142.2734375,-30.76171875,-25.87890625,-23.4375,-1.46484375
142.27734375,-64.453125,-30.2734375,-26.3671875,-31.73828125
142.28125,-59.5703125,-45.41015625,-22.4609375,-25.87890625
142.28515625,-49.8046875,-42.48046875,-11.23046875,-10.7421875
142.2890625,-51.7578125,-31.25,-13.18359375,-21.484375
142.29296875,-44.921875,-32.2265625,-13.671875,-20.99609375
142.296875,-40.52734375,-37.109375,-15.13671875,-12.20703125
142.30078125,-56.640625,-37.109375,-20.99609375,-14.6484375
142.3046875,-53.22265625,-29.78515625,-24.90234375,-57.12890625
142.30859375,-43.45703125,-25.87890625,-24.4140625,-58.10546875
142.3125,-44.921875,-33.203125,-35.64453125,-51.26953125
142.31640625,-31.25,-41.9921875,-45.41015625,-52.734375
142.3203125,-25.87890625,-48.828125,-33.203125,-28.80859375
142.32421875,-31.25,-42.48046875,-24.90234375,-23.4375
142.328125,-37.109375,-34.66796875,-33.203125,-28.3203125
142.33203125,-41.50390625,-33.203125,-34.1796875,-24.90234375
142.3359375,-34.1796875,-31.73828125,-30.76171875,-21.484375
142.33984375,-38.0859375,-28.3203125,-33.203125,-39.55078125
142.34375,-42.48046875,-29.296875,-17.578125,-60.546875
142.34765625,-44.43359375,-33.69140625,-11.23046875,-55.6640625
142.3515625,-40.52734375,-30.2734375,-25.87890625,-52.734375
142.35546875,-40.0390625,-32.2265625,-35.64453125,-52.24609375
142.359375,-49.8046875,-32.71484375,-33.69140625,-39.55078125
142.36328125,-45.41015625,-31.25,-19.53125,-41.9921875
142.3671875,-41.50390625,-29.78515625,-12.6953125,-58.59375
142.37109375,-28.3203125,-20.01953125,-18.5546875,-44.43359375
142.375,-32.71484375,-20.5078125,-28.80859375,-38.0859375
142.37890625,-36.1328125,-21.484375,-22.94921875,-23.92578125
142.3828125,-33.203125,-20.5078125,-16.11328125,-30.2734375
142.38671875,-32.2265625,-23.4375,-27.83203125,-47.8515625
142.390625,-31.73828125,-27.83203125,-24.90234375,-33.69140625
142.39453125,-41.9921875,-29.78515625,-8.7890625,-30.2734375
142.3984375,-44.43359375,-24.4140625,-10.25390625,-37.59765625
142.40234375,-46.875,-26.3671875,-23.92578125,-75.68359375
142.40625,-61.03515625,-36.1328125,-2.44140625,-79.1015625
142.41015625,-71.2890625,-33.69140625,14.16015625,-57.6171875
142.4140625,-75.1953125,-25.87890625,5.37109375,-99.609375
142.41796875,-62.01171875,-28.80859375,6.8359375,-91.30859375
142.421875,-51.7578125,-27.83203125,-3.90625,-20.5078125
142.42578125,-49.8046875,-22.4609375,-9.27734375,-44.43359375
142.4296875,-48.828125,-27.83203125,-10.7421875,-83.49609375
142.43359375,-47.8515625,-27.34375,-15.625,-60.546875
142.4375,-45.8984375,-23.92578125,-3.41796875,-53.7109375
142.44140625,-33.69140625,-28.3203125,9.27734375,-41.9921875
142.4453125,-35.15625,-29.296875,4.8828125,-29.296875
142.44921875,-44.921875,-23.4375,-6.34765625,-57.6171875
142.453125,-38.57421875,-18.06640625,-7.32421875,-62.98828125
142.45703125,-40.52734375,-11.71875,-10.25390625,-47.8515625
142.4609375,-59.5703125,-15.625,-26.85546875,-34.66796875
142.46484375,-32.71484375,-20.5078125,-32.2265625,-54.6875
142.46875,-15.13671875,-16.11328125,-20.99609375,-31.73828125
142.47265625,-18.06640625,-12.20703125,-29.296875,17.08984375
142.4765625,-15.625,-20.99609375,-40.52734375,-36.62109375
142.48046875,-21.484375,-27.83203125,-26.3671875,-69.3359375
142.484375,-42.48046875,-31.25,-8.7890625,-43.9453125
142.48828125,-45.8984375,-23.4375,-12.6953125,-46.875
142.4921875,-38.57421875,-13.671875,-28.80859375,-56.640625
142.49609375,-30.2734375,-15.13671875,-21.484375,-41.9921875
142.5,-37.109375,-19.53125,-18.5546875,-17.08984375
142.50390625,-36.1328125,-28.80859375,-32.71484375,-29.296875
142.5078125,-37.59765625,-38.57421875,-36.1328125,-21.97265625
142.51171875,-37.109375,-31.25,-22.94921875,-28.3203125
142.515625,-24.90234375,-27.83203125,-12.6953125,-56.15234375
142.51953125,-44.921875,-27.83203125,-12.6953125,-56.15234375
142.5234375,-43.45703125,-15.625,-4.39453125,-43.9453125
142.52734375,-25.87890625,-14.16015625,-3.90625,-52.734375
142.53125,-25.390625,-21.484375,-6.8359375,-62.98828125
142.53515625,-36.62109375,-19.04296875,-7.32421875,-16.11328125
142.5390625,-28.80859375,-14.6484375,-19.53125,0.9765625
142.54296875,-19.53125,-21.97265625,-5.859375,-43.9453125
142.546875,-3.41796875,-18.5546875,10.25390625,-45.41015625
142.55078125,-7.32421875,-9.27734375,9.27734375,-38.57421875
142.5546875,-26.85546875,-16.11328125,9.765625,-40.52734375
142.55859375,-20.99609375,-23.92578125,9.27734375,-41.50390625
142.5625,-18.06640625,-20.01953125,-0.48828125,-44.921875
142.56640625,-5.37109375,-17.578125,-6.34765625,-37.109375
142.5703125,-2.9296875,-23.4375,6.34765625,-25.390625
142.57421875,-12.20703125,-26.85546875,4.39453125,9.765625
142.578125,-15.625,-25.87890625,-9.765625,5.859375
142.58203125,-17.08984375,-16.11328125,8.7890625,-25.87890625
142.5859375,-20.5078125,-15.13671875,16.11328125,-31.25
142.58984375,-29.296875,-20.5078125,13.671875,-36.1328125
142.59375,-21.484375,-16.6015625,8.7890625,-11.23046875
142.59765625,-9.27734375,-16.11328125,-8.30078125,-13.18359375
142.6015625,-13.671875,-22.4609375,-6.8359375,-32.2265625
142.60546875,-14.6484375,-24.90234375,-2.9296875,-21.484375
142.609375,1.953125,-20.99609375,0.0,-7.8125
142.61328125,16.6015625,-13.18359375,2.44140625,8.30078125
142.6171875,12.20703125,-11.71875,-20.01953125,-0.9765625
142.62109375,6.34765625,-17.08984375,-24.4140625,-11.23046875
142.625,-1.953125,-20.01953125,-8.30078125,12.20703125
142.62890625,-13.671875,-22.4609375,-7.8125,-4.39453125
142.6328125,-13.671875,-25.390625,-9.765625,-19.04296875
142.63671875,-14.6484375,-22.4609375,-18.5546875,-10.25390625
142.640625,-24.90234375,-22.94921875,-24.4140625,-35.64453125
142.64453125,-28.3203125,-23.4375,-26.85546875,-36.1328125
142.6484375,-24.4140625,-25.390625,-28.3203125,-10.25390625
142.65234375,-22.4609375,-23.92578125,-24.90234375,-7.32421875
142.65625,-9.27734375,-17.578125,-42.48046875,-8.7890625
142.66015625,-5.37109375,-18.06640625,-41.9921875,0.0
142.6640625,-17.578125,-20.01953125,-26.85546875,-15.625
142.66796875,-11.23046875,-20.99609375,-21.97265625,-20.01953125
142.671875,-12.20703125,-26.3671875,-13.671875,-3.90625
142.67578125,-13.671875,-27.83203125,-7.32421875,-15.13671875
142.6796875,-5.859375,-28.80859375,-25.390625,-11.71875
142.68359375,-14.6484375,-22.4609375,-23.92578125,11.23046875
142.6875,-25.87890625,-25.390625,-7.32421875,0.48828125
142.69140625,-14.6484375,-21.484375,-24.90234375,10.7421875
142.6953125,-7.32421875,-13.671875,-36.1328125,11.23046875
142.69921875,-23.92578125,-21.97265625,-20.01953125,-10.25390625
142.703125,-30.2734375,-25.390625,-19.53125,-14.6484375
142.70703125,-5.859375,-21.97265625,-35.64453125,-4.39453125
142.7109375,-11.23046875,-31.25,-31.25,-17.08984375
142.71484375,-31.25,-42.48046875,-19.53125,-29.78515625
142.71875,-27.34375,-36.1328125,-14.16015625,1.46484375
142.72265625,-14.16015625,-25.87890625,-15.13671875,5.37109375
142.7265625,-17.08984375,-21.484375,-18.06640625,-5.37109375
142.73046875,-21.97265625,-20.5078125,-22.94921875,-14.6484375
142.734375,-6.8359375,-17.08984375,-30.2734375,-24.4140625
142.73828125,-9.27734375,-17.578125,-25.87890625,-17.08984375
142.7421875,-21.97265625,-22.94921875,-24.90234375,-12.6953125
142.74609375,-18.06640625,-24.4140625,-26.3671875,-18.5546875
142.75,-23.92578125,-23.92578125,-20.99609375,-13.671875
142.75390625,-21.484375,-21.484375,-22.94921875,-23.4375
142.7578125,-19.04296875,-20.5078125,-25.390625,-27.34375
142.76171875,-18.5546875,-30.2734375,-26.3671875,-9.765625
142.765625,-27.83203125,-34.66796875,-22.4609375,-6.34765625
142.76953125,-29.78515625,-31.73828125,-19.04296875,-21.97265625
142.7734375,-17.578125,-29.78515625,-20.5078125,-33.69140625
142.77734375,-21.484375,-26.3671875,-22.4609375,-20.99609375
142.78125,-25.390625,-28.80859375,-25.87890625,-6.34765625
142.78515625,-14.6484375,-25.390625,-25.390625,-8.7890625
142.7890625,-4.8828125,-26.3671875,-28.80859375,-19.04296875
142.79296875,-5.37109375,-33.203125,-21.484375,-18.06640625
142.796875,-9.765625,-29.296875,-15.625,-20.01953125
142.80078125,-12.20703125,-22.94921875,-16.11328125,-35.15625
142.8046875,-8.7890625,-22.4609375,-16.11328125,-43.9453125
142.80859375,-13.18359375,-16.11328125,-16.11328125,-31.25
142.8125,-8.7890625,-15.625,-21.484375,-5.37109375
142.81640625,20.01953125,-30.2734375,-38.0859375,5.37109375
142.8203125,20.99609375,-28.3203125,-35.64453125,-12.6953125
142.82421875,12.20703125,-17.08984375,-22.94921875,-13.671875
142.828125,7.32421875,-14.16015625,-28.3203125,-0.9765625
142.83203125,13.671875,-17.08984375,-20.99609375,17.578125
142.8359375,4.39453125,-19.53125,-20.01953125,-7.32421875
142.83984375,-13.671875,-14.6484375,-26.3671875,-24.90234375
142.84375,-0.9765625,-10.25390625,-16.11328125,-7.8125
142.84765625,-8.30078125,-15.13671875,-8.7890625,-20.01953125
142.8515625,-24.90234375,-17.578125,-25.390625,-24.90234375
142.85546875,-6.34765625,-12.20703125,-32.2265625,-10.25390625
142.859375,2.44140625,-15.13671875,-50.78125,-10.7421875
142.86328125,1.953125,-19.53125,-42.96875,-16.11328125
142.8671875,3.90625,-15.625,-22.94921875,-5.37109375
142.87109375,-8.30078125,-15.13671875,-25.390625,-12.20703125
142.875,-9.765625,-16.11328125,-21.97265625,-1.953125
142.87890625,3.90625,-17.08984375,-13.18359375,-13.18359375
142.8828125,6.8359375,-13.18359375,-10.25390625,-19.04296875
142.88671875,-5.37109375,-15.625,-5.37109375,0.48828125
142.890625,-6.8359375,-18.06640625,-4.39453125,-5.37109375
142.89453125,11.71875,-22.4609375,-13.671875,-2.9296875
142.8984375,5.859375,-20.5078125,-16.11328125,11.23046875
142.90234375,-11.23046875,-15.625,-34.66796875,-23.92578125
142.90625,-20.01953125,-23.4375,-41.9921875,-33.69140625
142.91015625,-29.78515625,-24.90234375,-21.97265625,-24.90234375
142.9140625,-35.64453125,-25.87890625,-8.30078125,-25.390625
142.91796875,-31.73828125,-23.92578125,-16.11328125,-16.6015625
142.921875,-26.85546875,-19.04296875,-32.2265625,-19.04296875
142.92578125,-25.390625,-14.16015625,-16.6015625,-25.87890625
142.9296875,-40.52734375,-14.16015625,-5.37109375,-33.203125
142.93359375,-51.7578125,-18.5546875,0.9765625,-11.71875
142.9375,-36.62109375,-19.53125,4.8828125,2.44140625
142.94140625,-26.85546875,-20.01953125,-4.39453125,-24.90234375
142.9453125,-23.4375,-26.85546875,-10.25390625,-15.13671875
142.94921875,-17.578125,-21.97265625,-12.20703125,2.44140625
142.953125,-20.01953125,-20.01953125,-20.99609375,-39.0625
142.95703125,-24.90234375,-30.2734375,-12.6953125,-29.78515625
142.9609375,-9.27734375,-23.92578125,-3.90625,0.0
142.96484375,-18.5546875,-5.37109375,-22.4609375,-12.20703125
142.96875,-29.296875,-2.44140625,-16.6015625,-14.6484375
142.97265625,-21.97265625,-9.765625,2.44140625,-9.765625
142.9765625,-24.4140625,-14.6484375,-5.859375,-6.34765625
142.98046875,-24.4140625,-8.7890625,-28.80859375,0.48828125
142.984375,-34.1796875,-11.71875,-19.04296875,-4.8828125
142.98828125,-36.62109375,-14.6484375,-12.20703125,-32.71484375
142.9921875,-37.59765625,-22.94921875,-26.85546875,-49.8046875
142.99609375,-23.4375,-28.3203125,-11.71875,-31.25
143.0,-15.625,-19.53125,2.44140625,-22.4609375
143.00390625,-32.2265625,-25.87890625,-5.859375,-22.94921875
143.0078125,-29.296875,-29.78515625,-13.18359375,-10.7421875
143.01171875,-18.06640625,-19.53125,-14.16015625,-7.32421875
143.015625,-25.87890625,-12.6953125,-16.6015625,-26.3671875
143.01953125,-33.203125,-17.08984375,-16.11328125,-20.01953125
143.0234375,-6.8359375,-24.90234375,-14.16015625,16.6015625
143.02734375,6.8359375,-20.5078125,-21.97265625,-14.16015625
143.03125,-1.953125,-13.18359375,-39.0625,-27.83203125
143.03515625,-3.90625,-16.6015625,-38.0859375,-20.99609375
143.0390625,-6.34765625,-26.85546875,-32.2265625,-42.96875
143.04296875,-16.6015625,-21.97265625,-22.4609375,-26.3671875
143.046875,-32.2265625,-8.7890625,-10.7421875,-9.765625
143.05078125,-29.296875,-14.16015625,-16.11328125,-24.90234375
143.0546875,-21.97265625,-23.92578125,-22.4609375,-22.4609375
143.05859375,-16.11328125,-23.4375,-25.87890625,-10.7421875
143.0625,-8.7890625,-21.97265625,-25.87890625,-15.13671875
143.06640625,-6.34765625,-20.99609375,-22.4609375,-7.32421875
143.0703125,-17.08984375,-20.99609375,-38.57421875,4.39453125
143.07421875,-23.4375,-14.6484375,-38.57421875,-34.66796875
143.078125,-30.76171875,-21.97265625,-21.484375,-68.359375
143.08203125,-32.2265625,-29.296875,-26.3671875,-46.38671875
143.0859375,-29.78515625,-20.5078125,-28.3203125,-26.85546875
143.08984375,-34.1796875,-11.71875,-26.3671875,-29.78515625
143.09375,-35.64453125,-14.16015625,-17.08984375,-7.32421875
143.09765625,-17.08984375,-16.11328125,-9.27734375,6.8359375
143.1015625,-2.44140625,-22.4609375,-19.53125,-12.20703125
143.10546875,-7.32421875,-29.296875,-20.01953125,-39.55078125
143.109375,-14.6484375,-26.3671875,-20.5078125,-51.7578125
143.11328125,-12.6953125,-24.4140625,-23.92578125,-20.99609375
143.1171875,-6.8359375,-17.578125,-23.4375,-13.18359375
143.12109375,-4.39453125,-15.13671875,-24.90234375,-34.1796875
143.125,-11.23046875,-16.11328125,-19.53125,-8.30078125
143.12890625,-20.99609375,-16.6015625,-23.92578125,-11.71875
143.1328125,-19.53125,-30.2734375,-28.3203125,-35.15625
143.13671875,-3.90625,-26.85546875,-13.18359375,1.953125
143.140625,6.34765625,-13.18359375,-12.20703125,8.7890625
143.14453125,-3.90625,-18.5546875,-20.99609375,-14.6484375
143.1484375,-11.71875,-14.6484375,-26.3671875,-15.625
143.15234375,-7.8125,-10.7421875,-26.85546875,10.7421875
143.15625,-0.48828125,-16.6015625,-19.53125,15.13671875
143.16015625,-8.7890625,-20.5078125,-19.04296875,11.23046875
143.1640625,-13.18359375,-21.484375,-30.76171875,-3.90625
143.16796875,-3.90625,-23.92578125,-28.3203125,0.0
143.171875,-4.39453125,-27.34375,-21.484375,4.8828125
143.17578125,-21.484375,-24.90234375,-34.66796875,-8.7890625
143.1796875,-32.2265625,-20.99609375,-40.52734375,3.41796875
143.18359375,-30.76171875,-22.94921875,-21.97265625,-3.41796875
143.1875,-26.85546875,-28.80859375,-11.71875,5.859375
143.19140625,-28.3203125,-29.78515625,-12.6953125,13.671875
143.1953125,-10.7421875,-23.4375,-9.765625,-8.7890625
143.19921875,3.90625,-19.04296875,-28.3203125,4.8828125
143.203125,-1.953125,-23.4375,-44.43359375,10.7421875
143.20703125,-9.765625,-28.80859375,-26.3671875,-8.7890625
143.2109375,-18.5546875,-30.76171875,-20.99609375,-12.6953125
143.21484375,-9.27734375,-29.78515625,-22.94921875,-7.8125
143.21875,3.41796875,-29.78515625,-27.83203125,-17.578125
143.22265625,-12.6953125,-34.1796875,-30.2734375,-23.92578125
143.2265625,-27.83203125,-32.2265625,-19.53125,-12.6953125
143.23046875,-35.64453125,-23.4375,-13.18359375,-17.578125
143.234375,-36.1328125,-13.18359375,-8.30078125,-23.92578125
143.23828125,-24.4140625,-6.34765625,0.0,-14.6484375
143.2421875,-23.4375,-12.6953125,-2.9296875,-7.8125
143.24609375,-31.73828125,-17.578125,-12.6953125,-7.32421875
143.25,-29.296875,-22.4609375,-13.18359375,-12.20703125
143.25390625,-37.59765625,-24.90234375,-9.765625,-1.953125
143.2578125,-40.52734375,-22.94921875,-19.53125,-5.37109375
143.26171875,-40.0390625,-21.97265625,-20.01953125,-26.85546875
143.265625,-45.8984375,-21.97265625,-13.18359375,-32.2265625
143.26953125,-33.203125,-22.94921875,-20.99609375,-26.85546875
143.2734375,-26.3671875,-20.5078125,-19.53125,-17.578125
143.27734375,-19.04296875,-20.5078125,-18.5546875,-4.8828125
143.28125,-1.953125,-24.4140625,-34.66796875,3.41796875
143.28515625,-12.6953125,-28.80859375,-22.4609375,-0.48828125
143.2890625,-40.0390625,-25.390625,-6.8359375,-12.6953125
143.29296875,-23.92578125,-14.16015625,-3.41796875,-23.4375
143.296875,-14.16015625,-18.06640625,-8.30078125,-13.671875
143.30078125,-27.83203125,-19.04296875,-24.4140625,-2.9296875
143.3046875,-36.62109375,-17.578125,-20.99609375,-11.71875
143.30859375,-26.85546875,-14.16015625,-9.27734375,-22.4609375
143.3125,-25.87890625,-14.6484375,-9.27734375,-20.5078125
143.31640625,-26.85546875,-22.94921875,-14.6484375,20.5078125
143.3203125,1.46484375,-26.3671875,-30.2734375,23.92578125
143.32421875,7.32421875,-20.99609375,-24.90234375,-8.7890625
143.328125,-32.71484375,-16.11328125,-11.23046875,-19.53125
143.33203125,-54.6875,-19.53125,-10.25390625,-16.6015625
143.3359375,-43.9453125,-29.296875,-20.99609375,-19.04296875
143.33984375,-20.5078125,-30.76171875,-9.765625,2.44140625
143.34375,-1.953125,-18.06640625,3.90625,27.83203125
143.34765625,-33.203125,-8.30078125,-5.859375,-0.9765625
143.3515625,-60.546875,-13.671875,-13.18359375,-34.66796875
143.35546875,-51.26953125,-18.5546875,-15.13671875,-29.296875
143.359375,-33.203125,-12.6953125,-25.87890625,-32.2265625
143.36328125,-32.2265625,-10.25390625,-36.62109375,-41.50390625
143.3671875,-41.50390625,-8.30078125,-49.31640625,-44.43359375
143.37109375,-40.0390625,-4.8828125,-62.01171875,-38.57421875
143.375,-37.59765625,-6.34765625,-38.57421875,-13.671875
143.37890625,-31.73828125,-13.671875,-19.53125,-27.34375
143.3828125,-27.83203125,-18.06640625,-18.06640625,-47.36328125
143.38671875,-25.87890625,-20.99609375,-18.06640625,-29.78515625
143.390625,-25.390625,-24.4140625,-23.92578125,-27.83203125
143.39453125,-18.06640625,-21.484375,-22.94921875,-21.484375
143.3984375,-15.13671875,-20.01953125,-27.34375,-7.32421875
143.40234375,-12.6953125,-19.04296875,-24.4140625,-31.73828125
143.40625,-8.30078125,-18.06640625,-15.13671875,-35.64453125
143.41015625,-9.765625,-9.765625,-22.94921875,-11.71875
143.4140625,-8.7890625,-14.16015625,-22.94921875,-3.41796875
143.41796875,-27.83203125,-19.04296875,-20.5078125,-15.13671875
143.421875,-40.52734375,-13.18359375,-38.57421875,-28.3203125
143.42578125,-30.76171875,-11.23046875,-28.80859375,-8.7890625
143.4296875,-27.83203125,-13.671875,-7.32421875,-13.671875
143.43359375,-25.87890625,-19.53125,-13.18359375,-31.73828125
143.4375,-29.78515625,-21.484375,-21.97265625,-16.6015625
143.44140625,-30.2734375,-23.4375,-20.99609375,1.46484375
143.4453125,-16.11328125,-23.4375,-27.34375,-22.94921875
143.44921875,-25.390625,-22.4609375,-16.11328125,-14.6484375
143.453125,-38.0859375,-22.94921875,-3.41796875,1.953125
143.45703125,-25.390625,-16.11328125,-9.27734375,-35.64453125
143.4609375,-13.671875,-20.5078125,-13.671875,-24.4140625
143.46484375,-26.3671875,-32.71484375,-14.16015625,-1.953125
143.46875,-26.85546875,-29.78515625,-17.08984375,-24.4140625
143.47265625,-28.3203125,-23.4375,-19.53125,-23.92578125
143.4765625,-31.25,-16.11328125,-17.08984375,-10.7421875
143.48046875,-19.04296875,-13.18359375,-7.8125,1.953125
143.484375,-14.16015625,-17.08984375,1.953125,-11.23046875
143.48828125,-13.671875,-12.20703125,5.37109375,-9.765625
143.4921875,-19.53125,-10.7421875,6.34765625,12.6953125
143.49609375,-20.5078125,-22.4609375,6.8359375,2.9296875
143.5,-25.87890625,-22.4609375,1.953125,-6.8359375
143.50390625,-30.2734375,-16.11328125,1.46484375,-9.27734375
143.5078125,-25.390625,-11.71875,5.859375,6.8359375
143.51171875,-14.16015625,-6.8359375,-6.34765625,14.6484375
143.515625,0.9765625,-15.13671875,-24.90234375,-11.23046875
143.51953125,-2.44140625,-19.04296875,-11.71875,-18.06640625
143.5234375,-15.625,-16.6015625,5.37109375,-26.3671875
143.52734375,-21.97265625,-14.16015625,8.30078125,-24.90234375
143.53125,-28.3203125,-19.04296875,8.7890625,-22.4609375
143.53515625,-30.2734375,-18.5546875,4.39453125,-33.69140625
143.5390625,-33.69140625,-16.6015625,1.46484375,-21.97265625
143.54296875,-20.99609375,-26.3671875,-8.7890625,-27.83203125
143.546875,-6.8359375,-27.83203125,-20.99609375,-22.94921875
143.55078125,-13.18359375,-22.94921875,-9.765625,-21.484375
143.5546875,-21.484375,-24.4140625,-9.27734375,-25.390625
143.55859375,-24.4140625,-20.5078125,-13.671875,-10.25390625
143.5625,-23.92578125,-17.08984375,-10.7421875,-4.8828125
143.56640625,-34.66796875,-16.11328125,-22.4609375,-13.671875
143.5703125,-30.2734375,-14.16015625,-24.90234375,-19.04296875
143.57421875,-24.90234375,-20.99609375,-19.53125,-27.34375
143.578125,-23.92578125,-28.3203125,-18.06640625,-11.23046875
143.58203125,-23.92578125,-29.296875,-8.30078125,4.8828125
143.5859375,-21.97265625,-24.90234375,-13.18359375,-22.94921875
143.58984375,-23.92578125,-20.99609375,-27.83203125,-29.296875
143.59375,-9.27734375,-31.25,-16.6015625,-19.04296875
143.59765625,-3.41796875,-27.34375,-7.8125,-21.97265625
143.6015625,-21.97265625,-22.94921875,-13.671875,-11.23046875
143.60546875,-30.2734375,-26.3671875,-16.11328125,-15.13671875
143.609375,-30.76171875,-26.3671875,-21.97265625,-28.80859375
143.61328125,-19.53125,-20.01953125,-22.94921875,-24.4140625
143.6171875,7.32421875,-17.08984375,-21.484375,2.9296875
143.62109375,9.27734375,-23.4375,-3.41796875,17.578125
143.625,-43.9453125,-25.390625,4.8828125,-15.625
143.62890625,-46.38671875,-24.4140625,-9.27734375,-15.13671875
143.6328125,-24.90234375,-32.71484375,-13.18359375,-25.390625
143.63671875,-41.015625,-43.45703125,2.9296875,-33.203125
143.640625,-58.59375,-46.38671875,6.8359375,-40.52734375
143.64453125,-51.7578125,-41.50390625,5.859375,-41.015625
143.6484375,-50.78125,-34.1796875,-0.48828125,-18.06640625
143.65234375,-44.921875,-32.71484375,-8.7890625,-40.52734375
143.65625,-41.015625,-35.64453125,-9.765625,-41.9921875
143.66015625,-38.57421875,-35.15625,-18.06640625,-18.5546875
143.6640625,-35.64453125,-41.50390625,-23.92578125,-27.34375
143.66796875,-41.9921875,-45.8984375,-18.06640625,-28.3203125
143.671875,-45.8984375,-42.48046875,-13.18359375,-9.765625
143.67578125,-48.33984375,-41.015625,-5.859375,-21.97265625
143.6796875,-30.76171875,-33.69140625,-6.34765625,-27.34375
143.68359375,-32.2265625,-34.66796875,-15.13671875,-12.20703125
143.6875,-40.0390625,-36.62109375,-19.04296875,-37.59765625
143.69140625,-19.53125,-24.4140625,-15.13671875,-36.62109375
143.6953125,-15.625,-22.94921875,-10.7421875,-15.625
143.69921875,-25.390625,-28.80859375,-17.578125,-18.06640625
143.703125,-25.87890625,-25.390625,-24.90234375,-14.6484375
143.70703125,-28.3203125,-28.80859375,-20.5078125,-16.11328125
143.7109375,-33.203125,-31.25,-14.16015625,-22.4609375
143.71484375,-44.921875,-24.90234375,-15.625,-4.8828125
143.71875,-40.0390625,-21.97265625,-18.5546875,-24.90234375
143.72265625,-15.625,-20.5078125,-17.08984375,-36.1328125
143.7265625,-9.765625,-25.390625,-16.11328125,-16.6015625
143.73046875,-16.6015625,-26.3671875,-10.7421875,-0.9765625
143.734375,-19.53125,-19.53125,-19.04296875,13.18359375
143.73828125,-20.5078125,-24.4140625,-27.34375,-5.37109375
143.7421875,-16.11328125,-34.66796875,-12.6953125,-30.2734375
143.74609375,-32.2265625,-41.9921875,-12.20703125,-38.57421875
143.75,-45.41015625,-34.1796875,-20.5078125,-30.76171875
143.75390625,-39.55078125,-31.73828125,-23.92578125,-22.4609375
143.7578125,-36.62109375,-43.9453125,-28.80859375,-23.92578125
143.76171875,-53.7109375,-39.55078125,-24.90234375,-18.06640625
143.765625,-45.8984375,-39.55078125,-21.484375,-11.71875
143.76953125,-34.66796875,-38.57421875,-23.4375,-11.71875
143.7734375,-20.5078125,-36.1328125,-28.80859375,-5.859375
143.77734375,-14.16015625,-40.52734375,-32.2265625,-23.4375
143.78125,-39.55078125,-32.2265625,-25.390625,-41.9921875
143.78515625,-51.7578125,-27.83203125,-25.87890625,-35.64453125
143.7890625,-52.24609375,-24.90234375,-20.99609375,-38.0859375
143.79296875,-41.9921875,-23.92578125,-13.18359375,-27.83203125
143.796875,-31.25,-29.78515625,-12.6953125,-10.7421875
143.80078125,-22.94921875,-26.3671875,-13.671875,-15.625
143.8046875,-16.6015625,-17.08984375,-20.99609375,-4.39453125
143.80859375,-34.1796875,-20.01953125,-32.71484375,-22.94921875
143.8125,-59.5703125,-30.76171875,-16.11328125,-63.96484375
143.81640625,-63.96484375,-30.76171875,3.41796875,-61.03515625
143.8203125,-78.125,-25.87890625,9.27734375,-38.0859375
143.82421875,-76.171875,-24.4140625,9.765625,-60.546875
143.828125,-87.40234375,-21.484375,3.90625,-91.796875
143.83203125,-88.37890625,-19.53125,4.8828125,-81.54296875
143.8359375,-84.47265625,-23.4375,4.39453125,-80.078125
143.83984375,-103.515625,-27.83203125,-4.39453125,-95.21484375
143.84375,-104.4921875,-31.25,-12.20703125,-101.07421875
143.84765625,-121.58203125,-34.66796875,-1.46484375,-145.99609375
143.8515625,-124.0234375,-45.8984375,11.71875,-146.484375
143.85546875,-125.0,-52.734375,6.34765625,-110.3515625
143.859375,-127.44140625,-38.57421875,-2.44140625,-109.86328125
143.86328125,-117.67578125,-44.921875,-2.9296875,-101.5625
143.8671875,-122.0703125,-44.43359375,-11.71875,-109.375
143.87109375,-127.44140625,-24.4140625,-26.85546875,-114.74609375
143.875,-119.140625,-13.671875,-19.53125,-90.33203125
143.87890625,-125.48828125,-20.01953125,-21.97265625,-105.46875
143.8828125,-129.39453125,-30.2734375,-29.78515625,-107.91015625
143.88671875,-117.67578125,-30.2734375,-23.4375,-86.9140625
143.890625,-101.07421875,-24.4140625,-12.6953125,-83.0078125
143.89453125,-82.03125,-21.484375,-3.90625,-79.58984375
143.8984375,-80.56640625,-28.80859375,0.48828125,-62.01171875
143.90234375,-75.1953125,-35.64453125,-0.9765625,-62.01171875
143.90625,-51.7578125,-41.9921875,-6.8359375,-48.33984375
143.91015625,-33.69140625,-42.96875,-7.32421875,-18.06640625
143.9140625,-29.296875,-40.0390625,-10.7421875,-16.6015625
143.91796875,-30.76171875,-29.78515625,-15.625,-21.97265625
143.921875,-40.0390625,-29.296875,-22.94921875,-29.78515625
143.92578125,-36.1328125,-34.1796875,-24.90234375,-38.0859375
143.9296875,-27.34375,-30.2734375,-20.99609375,-24.4140625
143.93359375,-24.4140625,-33.69140625,-34.1796875,-14.16015625
143.9375,-20.01953125,-28.80859375,-34.1796875,-8.30078125
143.94140625,-19.04296875,-24.90234375,-12.20703125,10.7421875
143.9453125,-6.34765625,-30.76171875,-3.90625,17.08984375
143.94921875,-2.44140625,-27.83203125,-10.7421875,12.20703125
143.953125,-20.01953125,-29.78515625,-9.27734375,-7.8125
143.95703125,-20.01953125,-27.34375,-2.9296875,-20.01953125
143.9609375,-15.625,-16.11328125,-5.37109375,-13.671875
143.96484375,-11.23046875,-14.16015625,-7.8125,9.765625
143.96875,10.7421875,-24.4140625,-14.16015625,34.1796875
143.97265625,4.39453125,-30.2734375,-13.671875,10.7421875
143.9765625,23.92578125,-18.06640625,-4.8828125,8.7890625
143.98046875,41.50390625,-6.8359375,-8.30078125,16.11328125
143.984375,31.25,-6.34765625,-14.6484375,5.37109375
143.98828125,39.0625,-10.7421875,-7.32421875,23.4375
143.9921875,33.203125,-15.13671875,-8.30078125,31.73828125
143.99609375,20.99609375,-14.6484375,-6.8359375,12.20703125
144.0,13.671875,-15.13671875,-6.34765625,3.41796875
144.00390625,0.48828125,-20.01953125,-13.671875,12.20703125
144.0078125,5.37109375,-19.53125,-13.18359375,22.94921875
144.01171875,3.90625,-22.4609375,-8.30078125,16.11328125
144.015625,-3.41796875,-23.92578125,-5.37109375,21.97265625
144.01953125,-8.30078125,-15.13671875,-0.9765625,40.52734375
144.0234375,-20.5078125,-10.7421875,-7.8125,5.859375
144.02734375,-9.765625,-10.7421875,-17.578125,6.8359375
144.03125,-8.7890625,-13.18359375,-28.80859375,20.01953125
144.03515625,-15.625,-18.5546875,-29.296875,17.08984375
144.0390625,-6.8359375,-26.3671875,-14.16015625,31.25
144.04296875,1.46484375,-30.2734375,-5.37109375,16.11328125
144.046875,-8.30078125,-33.69140625,-12.6953125,3.90625
144.05078125,-19.04296875,-34.1796875,-24.4140625,-18.06640625
144.0546875,-21.484375,-30.2734375,-24.4140625,-8.30078125
144.05859375,-23.4375,-17.08984375,-20.01953125,13.18359375
144.0625,-31.25,-9.27734375,-26.85546875,-0.9765625
144.06640625,-31.73828125,-14.6484375,-31.25,14.6484375
144.0703125,-43.9453125,-18.5546875,-32.71484375,14.16015625
144.07421875,-42.48046875,-16.6015625,-47.36328125,-12.20703125
144.078125,2.44140625,-18.5546875,-51.7578125,14.16015625
144.08203125,8.30078125,-26.3671875,-38.57421875,19.53125
144.0859375,-13.671875,-26.3671875,-25.390625,-10.7421875
144.08984375,-2.9296875,-24.90234375,-19.53125,-14.6484375
144.09375,-4.8828125,-21.484375,-27.34375,-10.25390625
144.09765625,-13.18359375,-26.3671875,-41.015625,-9.27734375
144.1015625,-1.953125,-25.87890625,-38.57421875,-12.6953125
144.10546875,-8.30078125,-18.06640625,-45.41015625,-15.13671875
144.109375,1.46484375,-14.6484375,-53.7109375,-17.578125
144.11328125,-4.8828125,-20.01953125,-43.45703125,-7.32421875
144.1171875,-22.94921875,-24.4140625,-35.64453125,5.859375
144.12109375,-16.6015625,-20.01953125,-41.015625,4.39453125
144.125,-5.859375,-13.671875,-46.38671875,-15.625
144.12890625,-5.37109375,-13.18359375,-46.875,-31.25
144.1328125,-2.44140625,-14.16015625,-48.828125,-18.06640625
144.13671875,14.16015625,-8.30078125,-62.98828125,0.9765625
144.140625,2.9296875,-17.08984375,-55.6640625,-1.46484375
144.14453125,-8.30078125,-28.80859375,-33.69140625,-14.16015625
144.1484375,-2.9296875,-30.2734375,-33.203125,-0.9765625
144.15234375,-17.08984375,-30.76171875,-46.875,-25.390625
144.15625,-22.4609375,-33.69140625,-48.828125,-48.828125
144.16015625,-17.08984375,-33.203125,-38.57421875,-42.48046875
144.1640625,-19.53125,-28.80859375,-41.50390625,-36.62109375
144.16796875,-7.8125,-19.53125,-52.24609375,-7.8125
144.171875,-10.25390625,-24.4140625,-52.24609375,-1.46484375
144.17578125,-13.18359375,-26.3671875,-46.38671875,2.9296875
144.1796875,0.48828125,-13.671875,-58.10546875,4.39453125
144.18359375,1.953125,-15.625,-56.640625,-4.8828125
144.1875,-13.671875,-22.94921875,-31.25,-13.18359375
144.19140625,-5.859375,-23.92578125,-23.4375,-9.765625
144.1953125,13.18359375,-24.4140625,-23.92578125,-15.13671875
144.19921875,-5.859375,-30.76171875,-33.203125,-5.859375
144.203125,-19.04296875,-27.34375,-36.62109375,12.20703125
144.20703125,-17.08984375,-21.484375,-32.71484375,14.16015625
144.2109375,-14.16015625,-26.85546875,-39.0625,0.48828125
144.21484375,-8.7890625,-30.2734375,-41.9921875,-15.13671875
144.21875,-10.25390625,-21.97265625,-54.6875,-5.37109375
144.22265625,-11.23046875,-21.97265625,-53.7109375,-14.16015625
144.2265625,-12.20703125,-22.94921875,-43.45703125,-40.52734375
144.23046875,-2.44140625,-7.32421875,-50.29296875,-40.0390625
144.234375,-19.04296875,-9.765625,-40.52734375,-29.296875
144.23828125,-20.99609375,-26.85546875,-27.34375,-37.59765625
144.2421875,-19.53125,-28.80859375,-28.80859375,-32.2265625
144.24609375,-23.4375,-20.5078125,-26.3671875,-8.7890625
144.25,-14.16015625,-22.4609375,-27.83203125,-11.71875
144.25390625,-25.87890625,-21.484375,-38.0859375,-15.625
144.2578125,-28.3203125,-17.08984375,-39.55078125,-8.30078125
144.26171875,-21.97265625,-17.08984375,-29.78515625,-22.4609375
144.265625,-19.53125,-8.7890625,-38.57421875,0.48828125
144.26953125,-18.06640625,-12.6953125,-52.24609375,8.7890625
144.2734375,-22.4609375,-28.80859375,-31.25,-29.78515625
144.27734375,-32.2265625,-38.57421875,-17.08984375,-40.0390625
144.28125,-33.69140625,-35.15625,-15.625,-35.15625
144.28515625,-19.04296875,-24.90234375,-12.6953125,-29.296875
144.2890625,1.953125,-15.625,-20.99609375,-9.765625
144.29296875,10.25390625,-13.18359375,-17.578125,14.16015625
144.296875,-12.20703125,-16.6015625,-6.8359375,-5.37109375
144.30078125,-41.015625,-21.484375,-13.18359375,-22.4609375
144.3046875,-46.38671875,-30.76171875,-7.8125,-17.578125
144.30859375,-50.29296875,-35.15625,-10.7421875,-44.43359375
144.3125,-55.17578125,-33.69140625,-19.53125,-33.69140625
144.31640625,-54.6875,-34.1796875,-6.34765625,1.953125
144.3203125,-48.828125,-32.71484375,-10.7421875,-8.7890625
144.32421875,-53.22265625,-40.52734375,-17.578125,-19.53125
144.328125,-63.96484375,-45.8984375,2.44140625,-15.13671875
144.33203125,-48.33984375,-42.48046875,10.7421875,-14.16015625
144.3359375,-33.203125,-43.9453125,1.46484375,-0.48828125
144.33984375,-34.1796875,-46.875,-17.578125,-8.30078125
144.34375,-18.06640625,-41.015625,-24.90234375,-10.25390625
144.34765625,-18.06640625,-35.64453125,-10.7421875,-15.13671875
144.3515625,-35.64453125,-27.34375,5.859375,-2.44140625
144.35546875,-33.203125,-21.97265625,4.8828125,3.41796875
144.359375,-14.16015625,-24.4140625,-7.8125,-7.8125
144.36328125,-7.32421875,-29.78515625,-19.53125,-1.953125
144.3671875,-20.99609375,-31.25,-14.16015625,-2.9296875
144.37109375,-31.25,-26.3671875,-7.32421875,-7.32421875
144.375,-35.15625,-22.4609375,-17.08984375,3.41796875
144.37890625,-22.94921875,-13.671875,-29.78515625,10.7421875
144.3828125,-2.44140625,-12.6953125,-37.109375,2.9296875
144.38671875,-11.71875,-19.53125,-19.53125,-14.6484375
144.390625,-13.18359375,-21.97265625,-3.41796875,-30.76171875
144.39453125,11.71875,-22.94921875,-1.46484375,-21.484375
144.3984375,20.5078125,-24.90234375,-7.32421875,-12.6953125
144.40234375,-3.90625,-17.08984375,-12.6953125,1.953125
144.40625,-12.20703125,-16.11328125,-19.53125,0.48828125
144.41015625,-7.32421875,-21.97265625,-21.97265625,-12.20703125
144.4140625,-14.16015625,-22.4609375,-20.01953125,-10.25390625
144.41796875,-15.13671875,-25.87890625,-41.015625,-20.01953125
144.421875,-24.90234375,-33.203125,-44.43359375,-20.99609375
144.42578125,-26.3671875,-34.66796875,-55.17578125,-13.671875
144.4296875,-4.39453125,-24.90234375,-50.78125,-15.13671875
144.43359375,-10.7421875,-25.390625,-12.20703125,-19.04296875
144.4375,-15.13671875,-32.71484375,1.953125,-26.3671875
144.44140625,-4.8828125,-24.90234375,-0.48828125,-39.0625
144.4453125,-13.671875,-24.4140625,-3.41796875,-32.71484375
144.44921875,-13.18359375,-26.85546875,-15.625,-15.625
144.453125,-17.578125,-24.90234375,-25.390625,-9.27734375
144.45703125,-23.4375,-24.4140625,-25.87890625,-16.6015625
144.4609375,-7.32421875,-24.90234375,-28.80859375,-31.25
144.46484375,-1.46484375,-25.87890625,-26.85546875,-23.92578125
144.46875,-2.9296875,-32.2265625,-16.11328125,-9.27734375
144.47265625,-6.8359375,-33.69140625,-14.16015625,-16.11328125
144.4765625,-20.01953125,-28.80859375,-17.08984375,-21.97265625
144.48046875,-22.4609375,-27.34375,-18.06640625,-5.37109375
144.484375,-20.5078125,-21.97265625,-23.4375,6.8359375
144.48828125,-20.99609375,-18.06640625,-27.83203125,-14.6484375
144.4921875,-25.87890625,-9.765625,-23.4375,-16.6015625
144.49609375,-21.484375,-8.30078125,-17.578125,-8.7890625
144.5,-12.20703125,-10.7421875,-15.625,-27.34375
144.50390625,-15.13671875,-10.25390625,-13.671875,-20.99609375
144.5078125,-11.71875,-9.765625,-12.20703125,-17.578125
144.51171875,-9.765625,-9.765625,-13.671875,-28.3203125
144.515625,-9.765625,-13.671875,-22.4609375,-20.01953125
144.51953125,3.90625,-13.671875,-24.4140625,-3.90625
144.5234375,0.0,-10.25390625,-30.2734375,-3.41796875
144.52734375,5.859375,-5.859375,-43.45703125,-5.859375
144.53125,7.32421875,-9.27734375,-27.34375,-15.625
144.53515625,-9.765625,-15.13671875,-15.13671875,-32.2265625
144.5390625,-8.30078125,-21.97265625,-19.04296875,-21.97265625
144.54296875,1.46484375,-21.97265625,-12.6953125,-1.46484375
144.546875,8.7890625,-19.53125,-8.30078125,-3.90625
144.55078125,6.34765625,-19.04296875,-5.859375,-11.23046875
144.5546875,8.30078125,-18.06640625,-9.765625,0.48828125
144.55859375,-5.37109375,-23.4375,-20.99609375,-3.41796875
144.5625,-11.71875,-27.34375,-33.69140625,-3.90625
144.56640625,-7.8125,-23.92578125,-32.71484375,-2.44140625
144.5703125,-17.578125,-22.94921875,-20.99609375,-18.06640625
144.57421875,-19.04296875,-20.99609375,-21.484375,-30.2734375
144.578125,-10.7421875,-17.08984375,-25.390625,-20.99609375
144.58203125,-17.08984375,-13.18359375,-25.87890625,-11.71875
144.5859375,-16.6015625,-11.23046875,-25.87890625,-11.71875
144.58984375,-2.44140625,-15.13671875,-15.625,0.0
144.59375,-9.27734375,-19.04296875,-16.6015625,13.18359375
144.59765625,-21.97265625,-20.5078125,-21.484375,-7.8125
144.6015625,-13.671875,-19.53125,-31.73828125,-18.5546875
144.60546875,-3.90625,-17.08984375,-50.29296875,-6.34765625
144.609375,-29.296875,-26.3671875,-42.96875,-40.0390625
144.61328125,-30.76171875,-32.2265625,-20.5078125,-45.41015625
144.6171875,-13.18359375,-28.80859375,-4.39453125,-15.625
144.62109375,-14.16015625,-23.92578125,-0.48828125,-3.41796875
144.625,-15.13671875,-25.87890625,-7.32421875,2.44140625
144.62890625,-13.671875,-26.3671875,-10.25390625,-2.44140625
144.6328125,-0.48828125,-19.53125,-23.92578125,-0.9765625
144.63671875,-3.41796875,-23.4375,-28.3203125,-0.9765625
144.640625,-18.06640625,-24.90234375,-7.32421875,-13.18359375
144.64453125,-22.94921875,-23.92578125,-9.765625,-18.5546875
144.6484375,-36.1328125,-20.5078125,-16.11328125,-24.90234375
144.65234375,-26.85546875,-29.296875,-11.71875,-20.5078125
144.65625,-0.48828125,-44.921875,-5.37109375,11.23046875
144.66015625,14.16015625,-32.71484375,-6.34765625,23.92578125
144.6640625,-0.9765625,-14.16015625,-18.06640625,-8.30078125
144.66796875,-23.92578125,-11.23046875,-22.94921875,-27.34375
144.671875,-19.04296875,-11.71875,-27.34375,-19.53125
144.67578125,-23.4375,-11.71875,-27.83203125,-28.3203125
144.6796875,-18.5546875,-1.953125,-42.48046875,-42.96875
144.68359375,-8.7890625,-2.9296875,-49.31640625,-34.66796875
144.6875,-21.97265625,-12.6953125,-31.73828125,-55.17578125
144.69140625,-26.85546875,-11.23046875,-28.3203125,-78.125
144.6953125,-12.20703125,-10.7421875,-33.69140625,-48.33984375
144.69921875,-26.3671875,-13.671875,-41.9921875,-48.33984375
144.703125,-28.3203125,-14.6484375,-48.828125,-55.6640625
144.70703125,-14.6484375,-13.671875,-45.8984375,-55.17578125
144.7109375,-6.34765625,-9.27734375,-37.59765625,-51.26953125
144.71484375,-15.625,-8.7890625,-41.9921875,-42.48046875
144.71875,-23.4375,-14.6484375,-44.921875,-42.48046875
144.72265625,-7.8125,-13.671875,-41.015625,-30.2734375
144.7265625,-6.8359375,-14.6484375,-49.31640625,-19.04296875
144.73046875,-7.32421875,-18.06640625,-50.78125,-34.66796875
144.734375,-6.8359375,-17.578125,-37.109375,-30.76171875
144.73828125,-20.99609375,-13.18359375,-20.99609375,-31.25
144.7421875,-28.3203125,-8.30078125,-16.6015625,-61.03515625
144.74609375,-21.97265625,-5.859375,-17.08984375,-46.38671875
144.75,-17.578125,-4.39453125,-19.53125,-23.4375
144.75390625,-10.7421875,-13.18359375,-21.484375,-17.08984375
144.7578125,-13.671875,-19.04296875,-24.4140625,-37.109375
144.76171875,-17.08984375,-11.23046875,-26.3671875,-37.109375
144.765625,-17.578125,-7.8125,-29.78515625,-28.3203125
144.76953125,-29.78515625,-12.20703125,-30.76171875,-34.66796875
144.7734375,-24.4140625,-7.8125,-29.296875,-23.4375
144.77734375,-26.85546875,-9.27734375,-28.80859375,-17.578125
144.78125,-31.73828125,-12.6953125,-23.92578125,-24.90234375
144.78515625,-16.6015625,-7.32421875,-40.52734375,-9.27734375
144.7890625,-10.25390625,-14.16015625,-47.8515625,-14.16015625
144.79296875,-20.01953125,-23.92578125,-20.01953125,-25.390625
144.796875,-21.484375,-20.5078125,-9.27734375,-17.08984375
144.80078125,-24.4140625,-16.6015625,-12.20703125,-25.390625
144.8046875,-33.203125,-20.01953125,-17.08984375,-38.0859375
144.80859375,-30.2734375,-23.92578125,-22.94921875,-48.33984375
144.8125,-22.4609375,-17.578125,-17.578125,-26.3671875
144.81640625,-13.18359375,-19.53125,-21.97265625,-20.01953125
144.8203125,-20.01953125,-26.85546875,-28.80859375,-53.22265625
144.82421875,-14.16015625,-27.83203125,-24.90234375,-42.48046875
144.828125,8.30078125,-20.99609375,-22.4609375,-10.7421875
144.83203125,-21.97265625,-9.765625,-21.97265625,-20.99609375
144.8359375,-49.31640625,-12.6953125,-19.53125,-53.22265625
144.83984375,-32.71484375,-21.484375,-28.80859375,-53.7109375
144.84375,-20.01953125,-16.6015625,-31.73828125,-22.94921875
144.84765625,-18.5546875,-12.6953125,-21.97265625,-25.390625
144.8515625,-18.06640625,-16.6015625,-21.484375,-44.43359375
144.85546875,-19.53125,-19.04296875,-20.01953125,-36.1328125
144.859375,-10.25390625,-19.04296875,-13.671875,-12.20703125
144.86328125,-1.953125,-13.671875,-13.18359375,-0.9765625
144.8671875,-13.671875,-12.20703125,-5.859375,-10.25390625
144.87109375,-12.20703125,-20.01953125,-4.39453125,-21.97265625
144.875,-6.34765625,-13.671875,-17.578125,-16.6015625
144.87890625,-7.32421875,-19.04296875,-21.484375,-28.80859375
144.8828125,-11.23046875,-36.62109375,-13.671875,-43.9453125
144.88671875,-24.90234375,-33.203125,-11.71875,-28.3203125
144.890625,-29.78515625,-27.83203125,-20.01953125,-28.80859375
144.89453125,-23.4375,-19.04296875,-18.06640625,-34.1796875
144.8984375,-14.16015625,-11.71875,-10.7421875,-22.94921875
144.90234375,-11.71875,-10.25390625,-8.7890625,-23.92578125
144.90625,-9.27734375,-12.6953125,-9.765625,-36.62109375
144.91015625,-10.7421875,-18.5546875,-12.6953125,-37.109375
144.9140625,-16.11328125,-19.53125,-14.16015625,-31.73828125
144.91796875,-5.859375,-15.13671875,-13.671875,-31.73828125
144.921875,-15.13671875,-16.6015625,-19.04296875,-21.484375
144.92578125,-24.4140625,-15.625,-25.87890625,-28.3203125
144.9296875,-19.04296875,-18.06640625,-21.484375,-21.97265625
144.93359375,-3.41796875,-20.5078125,-11.71875,3.90625
144.9375,4.39453125,-11.71875,-22.94921875,1.953125
144.94140625,0.48828125,-17.578125,-29.78515625,-7.8125
144.9453125,-7.32421875,-27.34375,-14.6484375,-18.06640625
144.94921875,-11.71875,-24.4140625,-5.37109375,-32.2265625
144.953125,-9.765625,-20.01953125,-0.48828125,-15.625
144.95703125,-8.7890625,-14.16015625,2.44140625,-16.11328125
144.9609375,-0.48828125,-10.7421875,-0.48828125,-40.52734375
144.96484375,-3.41796875,-18.06640625,0.48828125,-40.52734375
144.96875,-3.41796875,-21.97265625,-5.859375,-19.53125
144.97265625,-9.765625,-19.04296875,-14.6484375,1.46484375
144.9765625,-13.18359375,-16.11328125,-11.71875,-4.8828125
144.98046875,-2.9296875,-16.6015625,-13.671875,-8.7890625
144.984375,-11.71875,-19.53125,-15.625,-9.765625
144.98828125,-13.18359375,-18.5546875,-16.11328125,-19.53125
144.9921875,-5.37109375,-21.97265625,-22.4609375,-19.04296875
144.99609375,-4.39453125,-20.5078125,-20.99609375,-11.23046875
145.0,-6.8359375,-17.578125,-18.5546875,-9.27734375
145.00390625,-5.859375,-15.625,-21.484375,-20.5078125
145.0078125,-3.41796875,-16.6015625,-25.390625,-18.5546875
145.01171875,-8.7890625,-22.94921875,-32.2265625,-20.5078125
145.015625,-11.71875,-23.4375,-32.71484375,-27.83203125
145.01953125,-9.765625,-20.01953125,-27.34375,-16.6015625
145.0234375,-7.32421875,-14.6484375,-24.4140625,2.44140625
145.02734375,-3.41796875,-10.25390625,-26.85546875,0.48828125
145.03125,-7.32421875,-7.8125,-27.34375,-17.578125
145.03515625,-20.5078125,-12.20703125,-24.4140625,-14.16015625
145.0390625,-15.13671875,-12.6953125,-32.2265625,-7.8125
145.04296875,-10.25390625,-14.16015625,-49.31640625,-16.11328125
145.046875,-26.85546875,-24.4140625,-34.66796875,-28.3203125
145.05078125,-31.25,-25.390625,-14.6484375,-38.0859375
145.0546875,-19.53125,-23.92578125,-8.7890625,-31.25
145.05859375,-2.9296875,-20.99609375,-9.765625,-22.94921875
145.0625,-11.71875,-17.578125,-18.06640625,-12.20703125
145.06640625,-23.92578125,-20.01953125,-25.390625,-34.1796875
145.0703125,-39.55078125,-27.83203125,-33.203125,-56.640625
145.07421875,-47.36328125,-33.203125,-37.59765625,-30.76171875
145.078125,-30.2734375,-25.390625,-42.96875,-20.99609375
145.08203125,-37.109375,-17.08984375,-36.1328125,-40.52734375
145.0859375,-28.80859375,-17.578125,-29.78515625,-29.296875
145.08984375,-19.04296875,-13.671875,-32.2265625,-4.8828125
145.09375,-11.71875,-7.32421875,-41.50390625,-4.8828125
145.09765625,-6.8359375,-10.25390625,-40.52734375,-11.71875
145.1015625,-9.765625,-12.6953125,-35.64453125,-20.5078125
145.10546875,0.9765625,-8.30078125,-39.0625,-30.76171875
145.109375,0.0,-8.7890625,-33.203125,-29.78515625
145.11328125,-4.39453125,-13.18359375,-21.484375,-25.87890625
145.1171875,7.8125,-13.671875,-15.625,-17.08984375
145.12109375,5.859375,-9.765625,-24.90234375,-15.625
145.125,-15.625,-3.41796875,-32.2265625,-25.390625
145.12890625,-5.37109375,-3.90625,-30.2734375,-27.34375
145.1328125,9.765625,-5.859375,-33.203125,-13.18359375
145.13671875,-9.27734375,-13.671875,-30.2734375,-12.20703125
145.140625,-19.04296875,-12.6953125,-24.90234375,-20.5078125
145.14453125,-15.625,-8.7890625,-20.99609375,-17.578125
145.1484375,-17.08984375,-11.71875,-36.1328125,-10.25390625
145.15234375,-23.4375,-12.20703125,-47.36328125,-8.30078125
145.15625,-18.5546875,-13.18359375,-22.94921875,-7.8125
145.16015625,-21.484375,-12.20703125,-9.765625,-12.6953125
145.1640625,-21.484375,-15.13671875,-5.859375,-25.390625
145.16796875,-14.16015625,-15.13671875,-15.13671875,-24.90234375
145.171875,-8.7890625,-13.671875,-27.34375,-9.27734375
145.17578125,-14.16015625,-29.78515625,-18.5546875,0.9765625
145.1796875,-23.4375,-32.2265625,-14.6484375,-6.8359375
145.18359375,-23.4375,-16.6015625,-7.32421875,-15.625
145.1875,2.9296875,-14.16015625,-13.18359375,-8.7890625
145.19140625,12.6953125,-20.01953125,-5.859375,12.20703125
145.1953125,-27.34375,-21.97265625,2.9296875,-12.20703125
145.19921875,-51.7578125,-23.4375,-6.8359375,-42.48046875
145.203125,-39.55078125,-25.390625,-9.27734375,-13.671875
145.20703125,-40.52734375,-28.80859375,1.46484375,2.44140625
145.2109375,-60.546875,-33.203125,13.671875,0.9765625
145.21484375,-79.58984375,-31.73828125,15.13671875,-30.2734375
145.21875,-77.63671875,-34.66796875,16.11328125,-64.453125
145.22265625,-85.44921875,-45.8984375,17.578125,-35.15625
145.2265625,-94.7265625,-49.8046875,14.16015625,-44.43359375
145.23046875,-71.77734375,-44.921875,15.625,-59.5703125
145.234375,-79.1015625,-45.8984375,13.671875,-55.6640625
145.23828125,-77.63671875,-46.38671875,18.5546875,-27.34375
145.2421875,-54.6875,-48.33984375,-2.44140625,3.41796875
145.24609375,-54.19921875,-49.31640625,-10.7421875,-13.18359375
145.25,-62.01171875,-45.8984375,23.4375,-26.3671875
145.25390625,-67.87109375,-40.52734375,38.57421875,-42.48046875
145.2578125,-59.08203125,-33.203125,49.31640625,-34.1796875
145.26171875,-43.45703125,-40.52734375,48.828125,-12.20703125
145.265625,-49.31640625,-37.59765625,35.15625,-14.6484375
145.26953125,-49.31640625,-25.87890625,30.2734375,-10.25390625
145.2734375,-47.8515625,-24.90234375,19.04296875,-13.18359375
145.27734375,-52.24609375,-27.34375,21.97265625,-4.8828125
145.28125,-28.80859375,-29.296875,22.4609375,21.484375
145.28515625,-9.27734375,-26.85546875,7.32421875,5.859375
145.2890625,-21.484375,-24.90234375,5.859375,-27.34375
145.29296875,-30.2734375,-23.4375,14.6484375,-18.5546875
145.296875,-23.4375,-24.4140625,17.578125,-18.06640625
145.30078125,-26.3671875,-25.87890625,18.06640625,-18.5546875
145.3046875,-33.69140625,-21.97265625,18.06640625,-4.39453125
145.30859375,-30.2734375,-27.83203125,10.7421875,-10.25390625
145.3125,-13.671875,-36.1328125,6.34765625,-9.765625
145.31640625,-22.4609375,-24.90234375,-15.13671875,-9.765625
145.3203125,-24.90234375,-14.6484375,-28.80859375,-10.7421875
145.32421875,-16.11328125,-16.6015625,-0.9765625,6.8359375
145.328125,-16.6015625,-17.08984375,16.11328125,-4.39453125
145.33203125,-11.71875,-22.94921875,10.7421875,-28.3203125
145.3359375,-23.92578125,-27.83203125,10.25390625,-27.34375
145.33984375,-25.390625,-16.6015625,13.671875,-9.765625
145.34375,-24.4140625,-9.765625,18.06640625,2.44140625
145.34765625,-33.69140625,-13.18359375,27.83203125,-18.5546875
145.3515625,-51.7578125,-14.6484375,18.5546875,-20.99609375
145.35546875,-55.17578125,-12.6953125,-1.46484375,-20.01953125
145.359375,-38.57421875,-12.6953125,-1.953125,-18.5546875
145.36328125,-19.04296875,-12.6953125,6.8359375,20.5078125
145.3671875,-14.6484375,-19.04296875,2.9296875,-11.23046875
145.37109375,-32.71484375,-30.2734375,-0.48828125,-6.8359375
145.375,-10.25390625,-24.4140625,-19.04296875,28.3203125
145.37890625,-24.4140625,-12.6953125,-16.11328125,11.23046875
145.3828125,-42.96875,-17.08984375,-1.953125,-25.390625
145.38671875,-38.57421875,-23.4375,-3.90625,-31.25
145.390625,-33.203125,-25.87890625,0.0,-32.2265625
145.39453125,-22.4609375,-26.3671875,-0.48828125,-35.64453125
145.3984375,-34.1796875,-18.5546875,-25.390625,-23.4375
145.40234375,-37.109375,-20.5078125,-33.203125,-21.484375
145.40625,-44.43359375,-25.390625,-17.578125,-49.31640625
145.41015625,-46.38671875,-24.4140625,-10.7421875,-58.10546875
145.4140625,-30.76171875,-21.97265625,-3.90625,-35.15625
145.41796875,-26.3671875,-20.99609375,3.90625,-20.01953125
145.421875,-28.80859375,-19.04296875,-1.46484375,-25.390625
145.42578125,-18.06640625,-11.23046875,-10.7421875,-27.83203125
145.4296875,10.7421875,-9.765625,-16.6015625,19.04296875
145.43359375,19.04296875,-18.5546875,-11.71875,4.8828125
145.4375,-26.3671875,-29.78515625,-16.6015625,-47.36328125
145.44140625,-60.05859375,-27.34375,-45.41015625,-47.36328125
145.4453125,-48.33984375,-21.97265625,-43.9453125,-30.2734375
145.44921875,-65.4296875,-33.69140625,-15.13671875,-42.48046875
145.453125,-83.984375,-37.109375,11.23046875,-41.50390625
145.45703125,-55.17578125,-37.109375,10.7421875,-2.9296875
145.4609375,-39.0625,-41.9921875,-13.18359375,-1.46484375
145.46484375,-27.34375,-33.69140625,-13.671875,-28.80859375
145.46875,-26.85546875,-26.85546875,4.39453125,-18.06640625
145.47265625,-44.921875,-24.90234375,-13.671875,-13.671875
145.4765625,-44.43359375,-29.78515625,-35.15625,-49.31640625
145.48046875,-39.55078125,-25.87890625,-28.80859375,-38.57421875
145.484375,-32.2265625,-18.5546875,-26.3671875,-6.34765625
145.48828125,-25.87890625,-14.6484375,-13.18359375,-20.99609375
145.4921875,-29.296875,-14.16015625,0.9765625,-2.44140625
145.49609375,-29.78515625,-20.5078125,-12.20703125,-13.18359375
145.5,-20.5078125,-19.53125,-29.296875,-42.48046875
145.50390625,-13.18359375,-20.99609375,-31.73828125,-15.625
145.5078125,-6.34765625,-29.78515625,-35.15625,-3.90625
145.51171875,-13.671875,-25.390625,-47.36328125,-5.37109375
145.515625,-18.5546875,-12.6953125,-69.82421875,4.8828125
145.51953125,-3.90625,-11.71875,-79.1015625,-9.27734375
145.5234375,-4.39453125,-12.6953125,-74.21875,9.27734375
145.52734375,-0.9765625,-15.13671875,-71.77734375,39.0625
145.53125,-8.7890625,-18.06640625,-51.26953125,25.87890625
145.53515625,-24.4140625,-14.16015625,-36.62109375,-18.5546875
145.5390625,-26.3671875,-16.11328125,-62.5,-33.203125
145.54296875,-23.4375,-11.71875,-84.47265625,-20.01953125
145.546875,-31.73828125,-19.04296875,-47.36328125,-26.3671875
145.55078125,-58.59375,-31.73828125,-9.27734375,-45.41015625
145.5546875,-59.5703125,-31.73828125,-2.9296875,-31.25
145.55859375,-44.43359375,-36.1328125,-18.06640625,-5.859375
145.5625,-15.13671875,-35.64453125,-40.52734375,-20.5078125
145.56640625,-4.8828125,-30.76171875,-56.640625,-32.2265625
145.5703125,-25.390625,-28.3203125,-47.36328125,-50.29296875
145.57421875,-39.0625,-26.3671875,-35.15625,-39.0625
145.578125,-18.5546875,-27.83203125,-44.921875,-3.90625
145.58203125,-3.90625,-27.83203125,-55.17578125,-10.7421875
145.5859375,-37.59765625,-24.90234375,-59.5703125,-29.78515625
145.58984375,-70.3125,-25.87890625,-56.640625,-31.25
145.59375,-59.08203125,-30.76171875,-47.36328125,-24.90234375
145.59765625,-39.0625,-24.4140625,-44.921875,-20.01953125
145.6015625,-24.4140625,-10.7421875,-53.7109375,-9.27734375
145.60546875,-30.76171875,-15.625,-41.50390625,4.39453125
145.609375,-40.0390625,-28.80859375,-23.4375,6.8359375
145.61328125,-35.15625,-27.34375,-12.20703125,-7.8125
145.6171875,-41.015625,-24.4140625,-19.53125,-12.6953125
145.62109375,-41.9921875,-23.92578125,-33.69140625,-22.94921875
145.625,-24.4140625,-25.390625,-28.3203125,-32.71484375
145.62890625,-27.34375,-27.34375,-25.390625,-39.0625
145.6328125,-30.76171875,-19.53125,-10.25390625,-46.875
145.63671875,-20.5078125,-20.01953125,2.44140625,-35.15625
145.640625,-22.4609375,-25.390625,0.48828125,-15.13671875
145.64453125,-36.1328125,-28.3203125,11.23046875,-36.62109375
145.6484375,-32.2265625,-28.3203125,-0.9765625,-64.453125
145.65234375,-26.85546875,-21.484375,-12.20703125,-25.87890625
145.65625,-18.06640625,-7.8125,-36.1328125,-0.9765625
145.66015625,-16.6015625,-9.27734375,-41.9921875,-16.11328125
145.6640625,-21.97265625,-16.6015625,-19.53125,5.859375
145.66796875,-8.7890625,-5.859375,-38.57421875,-20.5078125
145.671875,-23.4375,-5.37109375,-23.4375,-44.43359375
145.67578125,-31.25,-14.16015625,17.08984375,-16.11328125
145.6796875,-20.01953125,-20.5078125,20.5078125,-34.1796875
145.68359375,-17.08984375,-28.3203125,5.859375,-43.9453125
145.6875,-14.6484375,-24.4140625,-6.8359375,-29.296875
145.69140625,-17.578125,-22.4609375,-9.27734375,-19.04296875
145.6953125,-33.203125,-28.3203125,-19.04296875,-10.25390625
145.69921875,-24.90234375,-23.4375,-40.0390625,-12.6953125
145.703125,-15.13671875,-17.08984375,-58.59375,-20.99609375
145.70703125,-28.80859375,-22.94921875,-39.0625,-31.25
145.7109375,-32.71484375,-29.78515625,-21.484375,-38.0859375
145.71484375,-29.296875,-27.34375,-37.109375,-10.25390625
145.71875,-32.2265625,-27.34375,-36.1328125,-13.671875
145.72265625,-17.578125,-29.296875,-21.97265625,-29.78515625
145.7265625,-3.90625,-23.4375,-14.6484375,-37.109375
145.73046875,-11.23046875,-23.4375,-14.6484375,-32.2265625
145.734375,-20.5078125,-29.296875,-18.06640625,-14.6484375
145.73828125,-23.92578125,-30.2734375,-22.94921875,-19.04296875
145.7421875,-25.87890625,-26.3671875,-29.78515625,-30.2734375
145.74609375,-30.76171875,-19.53125,-19.53125,-34.66796875
145.75,-32.2265625,-17.08984375,-18.5546875,-37.109375
145.75390625,-36.1328125,-15.625,-23.4375,-32.71484375
145.7578125,-28.80859375,-24.4140625,-21.484375,-28.80859375
145.76171875,-19.04296875,-24.4140625,-25.87890625,-16.6015625
145.765625,-27.83203125,-20.99609375,-25.390625,-17.08984375
145.76953125,-36.62109375,-27.83203125,-25.390625,-23.4375
145.7734375,-40.0390625,-28.3203125,-26.3671875,-13.18359375
145.77734375,-46.38671875,-30.2734375,-26.3671875,8.30078125
145.78125,-34.66796875,-30.76171875,-44.43359375,-15.625
145.78515625,-40.0390625,-27.34375,-54.19921875,-37.109375
145.7890625,-46.875,-22.94921875,-34.66796875,-15.13671875
145.79296875,-29.296875,-20.01953125,-15.13671875,-18.06640625
145.796875,-21.484375,-20.01953125,-7.8125,-31.25
145.80078125,-15.625,-17.08984375,-6.8359375,-24.4140625
145.8046875,-17.08984375,-17.08984375,-12.20703125,-29.296875
145.80859375,-22.94921875,-17.08984375,-10.7421875,-19.53125
145.8125,-38.57421875,-23.92578125,-20.5078125,-10.7421875
145.81640625,-61.5234375,-29.296875,-23.92578125,-30.76171875
145.8203125,-64.94140625,-22.94921875,-4.39453125,-53.22265625
145.82421875,-48.828125,-19.53125,0.9765625,-42.96875
145.828125,-47.8515625,-16.6015625,4.39453125,-10.7421875
145.83203125,-52.24609375,-17.08984375,2.9296875,-34.1796875
145.8359375,-51.26953125,-23.92578125,-8.30078125,-22.94921875
145.83984375,-38.57421875,-28.3203125,-10.7421875,17.578125
145.84375,-42.48046875,-26.85546875,-31.25,0.0
145.84765625,-70.3125,-27.34375,-32.2265625,-17.578125
145.8515625,-66.40625,-31.25,-9.765625,-18.5546875
145.85546875,-64.453125,-30.76171875,-7.8125,-37.109375
145.859375,-71.77734375,-25.390625,-1.46484375,-39.0625
145.86328125,-60.05859375,-29.78515625,1.953125,-40.52734375
145.8671875,-38.0859375,-30.2734375,2.44140625,-46.875
145.87109375,-36.62109375,-24.90234375,5.37109375,-25.87890625
145.875,-46.875,-18.5546875,-18.06640625,-0.9765625
145.87890625,-41.9921875,-18.06640625,-25.87890625,-12.6953125
145.8828125,-36.62109375,-26.85546875,-10.25390625,-11.23046875
145.88671875,-28.3203125,-27.83203125,-6.34765625,0.9765625
145.890625,-11.71875,-25.390625,-13.18359375,-24.90234375
145.89453125,-9.765625,-26.85546875,-10.7421875,-21.484375
145.8984375,-17.08984375,-24.90234375,-1.953125,0.48828125
145.90234375,-23.4375,-18.06640625,-14.6484375,-14.6484375
145.90625,-19.04296875,-19.53125,-22.94921875,-30.2734375
145.91015625,-25.390625,-20.99609375,-7.32421875,-26.3671875
145.9140625,-29.78515625,-22.4609375,1.46484375,-23.4375
145.91796875,-22.94921875,-25.87890625,-3.90625,-31.73828125
145.921875,-24.4140625,-28.80859375,-2.9296875,-29.78515625
145.92578125,-11.71875,-32.2265625,10.25390625,-7.32421875
145.9296875,2.44140625,-20.01953125,10.25390625,1.46484375
145.93359375,-31.25,-18.5546875,-19.04296875,-37.59765625
145.9375,-59.08203125,-22.94921875,-26.3671875,-59.5703125
145.94140625,-48.33984375,-18.06640625,-0.48828125,-83.0078125
145.9453125,-56.640625,-25.87890625,2.9296875,-121.58203125
145.94921875,-73.2421875,-21.484375,-5.859375,-101.5625
145.953125,-89.35546875,-17.08984375,-21.484375,-111.81640625
145.95703125,-94.23828125,-14.6484375,-23.4375,-119.62890625
145.9609375,-85.44921875,-8.30078125,-22.4609375,-92.28515625
145.96484375,-81.54296875,-5.859375,-44.43359375,-86.9140625
145.96875,-66.89453125,3.41796875,-62.01171875,-96.6796875
145.97265625,-76.66015625,16.6015625,-46.875,-119.62890625
145.9765625,-85.44921875,28.80859375,-31.25,-128.90625
145.98046875,-110.3515625,31.73828125,-37.109375,-150.390625
145.984375,-96.6796875,24.90234375,-45.41015625,-151.85546875
145.98828125,-48.33984375,18.5546875,-51.26953125,-124.51171875
145.9921875,-35.15625,10.25390625,-54.6875,-115.234375
145.99609375,-36.1328125,7.8125,-58.10546875,-107.91015625
146.0,-54.6875,2.44140625,-61.03515625,-101.5625
146.00390625,-65.91796875,3.90625,-58.10546875,-88.8671875
146.0078125,-41.50390625,16.11328125,-50.29296875,-67.3828125
146.01171875,-14.16015625,18.06640625,-45.41015625,-67.87109375
146.015625,-19.04296875,14.16015625,-42.96875,-79.1015625
146.01953125,-27.83203125,9.27734375,-47.8515625,-76.66015625
146.0234375,-21.484375,2.9296875,-45.8984375,-62.01171875
146.02734375,-12.20703125,3.90625,-38.57421875,-34.66796875
146.03125,-12.20703125,1.46484375,-45.8984375,-54.19921875
146.03515625,-19.04296875,2.44140625,-46.38671875,-65.91796875
146.0390625,-5.859375,11.23046875,-59.5703125,-39.0625
146.04296875,2.44140625,5.37109375,-54.6875,-41.015625
146.046875,0.9765625,-5.859375,-35.15625,-49.8046875
146.05078125,0.9765625,-4.39453125,-32.2265625,-41.50390625
146.0546875,9.765625,-7.8125,-32.2265625,-27.34375
146.05859375,11.23046875,-15.625,-32.2265625,-9.765625
146.0625,-2.44140625,-11.71875,-34.1796875,-4.8828125
146.06640625,-1.953125,-4.8828125,-32.71484375,-22.94921875
146.0703125,-14.16015625,-7.8125,-29.296875,-32.71484375
146.07421875,-6.8359375,-9.27734375,-26.3671875,-38.57421875
146.078125,-9.765625,-7.8125,-20.99609375,-30.76171875
146.08203125,-0.9765625,-14.16015625,-25.390625,-11.71875
146.0859375,9.765625,-22.4609375,-35.64453125,-16.11328125
146.08984375,-2.9296875,-18.5546875,-41.50390625,-11.23046875
146.09375,-4.39453125,-13.18359375,-34.66796875,-15.625
146.09765625,8.30078125,-10.7421875,-30.76171875,-27.83203125
146.1015625,3.90625,-10.25390625,-26.85546875,-17.08984375
146.10546875,4.8828125,-21.97265625,-36.1328125,-14.16015625
146.109375,16.11328125,-27.34375,-47.8515625,-3.90625
146.11328125,-1.46484375,-19.04296875,-33.203125,3.41796875
146.1171875,-12.20703125,-12.6953125,-15.625,-52.24609375
146.12109375,-2.44140625,-4.39453125,-14.6484375,-49.8046875
146.125,15.625,-0.48828125,-27.34375,-20.99609375
146.12890625,7.8125,-4.8828125,-15.13671875,-20.99609375
146.1328125,4.39453125,-5.37109375,-8.7890625,-20.5078125
146.13671875,4.39453125,-3.90625,-23.4375,-24.4140625
146.140625,-22.94921875,-12.6953125,-20.5078125,-25.390625
146.14453125,-34.66796875,-16.11328125,-11.23046875,-27.83203125
146.1484375,-22.4609375,-22.94921875,2.44140625,-32.2265625
146.15234375,-10.25390625,-42.96875,9.765625,-13.18359375
146.15625,-10.7421875,-32.2265625,4.8828125,-23.4375
146.16015625,-37.109375,-5.859375,-13.671875,-34.66796875
146.1640625,-50.29296875,13.18359375,-15.13671875,-7.32421875
146.16796875,-25.87890625,12.20703125,-16.11328125,-24.4140625
146.171875,3.41796875,11.71875,-32.2265625,-13.18359375
146.17578125,-5.37109375,8.7890625,-29.296875,2.44140625
146.1796875,-42.96875,-13.18359375,-23.92578125,-51.26953125
146.18359375,-39.0625,-24.4140625,-16.11328125,-70.3125
146.1875,-41.50390625,-27.83203125,-8.7890625,-47.8515625
146.19140625,-41.015625,-27.34375,-13.671875,-30.76171875
146.1953125,-15.625,-27.83203125,-16.11328125,6.34765625
146.19921875,-26.85546875,-20.01953125,-20.5078125,-11.23046875
146.203125,-33.69140625,-13.18359375,-39.55078125,-36.62109375
146.20703125,-29.296875,-20.99609375,-19.53125,-24.90234375
146.2109375,-30.76171875,-27.83203125,6.34765625,-30.76171875
146.21484375,-27.34375,-22.94921875,3.41796875,-28.3203125
146.21875,-19.53125,-16.11328125,-6.34765625,-15.13671875
146.22265625,-16.6015625,-20.01953125,-18.06640625,-22.4609375
146.2265625,-21.484375,-19.04296875,-13.671875,-28.80859375
146.23046875,-16.11328125,-25.390625,-12.20703125,-24.90234375
146.234375,-9.27734375,-32.71484375,-14.6484375,-33.69140625
146.23828125,-14.16015625,-29.296875,-12.6953125,-40.52734375
146.2421875,-20.99609375,-21.97265625,-7.8125,-39.55078125
146.24609375,-19.53125,-24.90234375,-11.23046875,-13.18359375
146.25,-16.11328125,-26.3671875,-15.13671875,-8.30078125
146.25390625,1.46484375,-13.671875,-12.6953125,-39.0625
146.2578125,4.8828125,-5.859375,-12.20703125,-35.15625
146.26171875,-19.04296875,-15.13671875,-10.25390625,-13.18359375
146.265625,-19.53125,-32.71484375,-4.39453125,5.859375
146.26953125,-12.6953125,-37.59765625,-5.37109375,-13.671875
146.2734375,-10.7421875,-27.34375,-16.11328125,-20.5078125
146.27734375,-12.20703125,-23.92578125,-24.4140625,-6.34765625
146.28125,-13.671875,-25.87890625,-23.4375,-7.32421875
146.28515625,-13.671875,-18.5546875,-27.83203125,-9.765625
146.2890625,-14.16015625,-12.20703125,-18.06640625,-28.80859375
146.29296875,-19.04296875,-20.01953125,-10.7421875,-32.71484375
146.296875,-21.97265625,-25.87890625,-19.53125,-13.18359375
146.30078125,-11.71875,-18.5546875,-9.765625,-2.9296875
146.3046875,-11.71875,-14.6484375,0.0,-6.8359375
146.30859375,-15.13671875,-19.53125,-7.32421875,-22.94921875
146.3125,-12.20703125,-23.92578125,-8.30078125,-20.99609375
146.31640625,-28.3203125,-22.4609375,-11.23046875,-41.015625
146.3203125,-18.5546875,-20.99609375,-20.5078125,-63.4765625
146.32421875,-6.8359375,-24.4140625,-15.625,-46.38671875
146.328125,-18.5546875,-22.4609375,-13.671875,-38.57421875
146.33203125,-13.671875,-17.08984375,-14.6484375,-24.4140625
146.3359375,7.32421875,-11.71875,-6.8359375,-10.7421875
146.33984375,0.0,-20.01953125,-10.25390625,-26.85546875
146.34375,-16.6015625,-30.2734375,-16.11328125,-37.109375
146.34765625,-18.5546875,-22.94921875,-19.53125,-48.33984375
146.3515625,-17.08984375,-20.01953125,-16.6015625,-33.203125
146.35546875,-25.87890625,-19.53125,-24.4140625,-10.25390625
146.359375,-30.2734375,-10.7421875,-25.87890625,-28.80859375
146.36328125,-17.578125,-12.20703125,-1.953125,-37.59765625
146.3671875,-35.15625,-20.99609375,-0.48828125,-44.43359375
146.37109375,-47.36328125,-24.4140625,-6.8359375,-48.828125
146.375,-33.69140625,-21.484375,-5.37109375,-37.59765625
146.37890625,-29.296875,-17.08984375,-2.9296875,-45.41015625
146.3828125,-34.1796875,-12.6953125,-2.9296875,-41.50390625
146.38671875,-41.9921875,-8.30078125,-14.16015625,-47.36328125
146.390625,-39.55078125,-12.6953125,-15.13671875,-53.22265625
146.39453125,-52.24609375,-16.11328125,-14.6484375,-46.875
146.3984375,-74.21875,-13.18359375,-22.4609375,-79.1015625
146.40234375,-101.5625,-15.13671875,-27.83203125,-91.30859375
146.40625,-117.1875,-20.01953125,-18.5546875,-113.28125
146.41015625,-109.86328125,-15.13671875,-19.04296875,-142.578125
146.4140625,-87.890625,-7.8125,-25.87890625,-119.62890625
146.41796875,-89.35546875,-10.7421875,-9.27734375,-104.00390625
146.421875,-141.11328125,-14.16015625,-1.953125,-138.18359375
146.42578125,-159.66796875,-16.11328125,-13.671875,-155.2734375
146.4296875,-138.671875,-19.04296875,-18.06640625,-147.4609375
146.43359375,-122.55859375,-22.4609375,3.90625,-146.97265625
146.4375,-134.27734375,-36.1328125,12.6953125,-156.73828125
146.44140625,-135.25390625,-41.015625,22.4609375,-140.625
146.4453125,-113.76953125,-49.31640625,25.390625,-132.32421875
146.44921875,-109.375,-55.17578125,17.578125,-118.65234375
146.453125,-145.5078125,-40.52734375,25.390625,-101.5625
146.45703125,-169.43359375,-37.59765625,29.296875,-105.95703125
146.4609375,-174.8046875,-46.875,30.2734375,-106.93359375
146.46484375,-162.109375,-43.45703125,29.78515625,-87.40234375
146.46875,-161.62109375,-45.41015625,21.97265625,-72.265625
146.47265625,-145.99609375,-51.7578125,20.5078125,-74.21875
146.4765625,-131.34765625,-44.921875,27.34375,-83.0078125
146.48046875,-143.5546875,-42.96875,37.109375,-89.84375
146.484375,-124.0234375,-47.8515625,60.546875,-63.96484375
146.48828125,-114.2578125,-48.828125,68.84765625,-35.15625
146.4921875,-88.8671875,-52.734375,46.875,-22.94921875
146.49609375,-57.6171875,-56.15234375,34.66796875,-14.16015625
146.5,-63.4765625,-57.12890625,42.48046875,-17.578125
146.50390625,-50.78125,-54.6875,37.109375,3.90625
146.5078125,-27.34375,-49.31640625,17.08984375,10.7421875
146.51171875,-25.87890625,-48.33984375,18.5546875,-1.46484375
146.515625,-31.25,-53.7109375,27.34375,-2.9296875
146.51953125,-36.1328125,-52.734375,31.73828125,-5.37109375
146.5234375,-26.3671875,-52.24609375,20.5078125,-6.34765625
146.52734375,-13.671875,-50.29296875,19.53125,14.6484375
146.53125,-24.4140625,-45.41015625,21.484375,11.71875
146.53515625,-29.296875,-44.921875,11.71875,-3.41796875
146.5390625,-25.390625,-41.9921875,14.16015625,16.6015625
146.54296875,-21.97265625,-39.55078125,6.34765625,26.3671875
146.546875,-8.7890625,-33.69140625,-7.32421875,31.25
146.55078125,-4.39453125,-31.73828125,-7.8125,21.484375
146.5546875,-5.859375,-27.83203125,-0.9765625,20.01953125
146.55859375,1.46484375,-25.390625,3.41796875,40.0390625
146.5625,-16.6015625,-30.76171875,16.11328125,34.66796875
146.56640625,-25.390625,-30.2734375,40.0390625,6.8359375
146.5703125,-17.08984375,-32.2265625,36.62109375,-3.90625
146.57421875,-12.20703125,-32.71484375,11.71875,11.71875
146.578125,9.27734375,-25.390625,6.8359375,30.2734375
146.58203125,16.11328125,-22.94921875,14.6484375,31.25
146.5859375,6.34765625,-26.85546875,9.765625,31.73828125
146.58984375,6.8359375,-23.92578125,-8.7890625,18.5546875
146.59375,0.48828125,-20.99609375,-4.39453125,11.23046875
146.59765625,-10.25390625,-23.4375,11.71875,-3.90625
146.6015625,-24.4140625,-25.390625,6.34765625,-15.625
146.60546875,-24.90234375,-25.390625,-12.6953125,-0.9765625
146.609375,-2.9296875,-21.97265625,-20.5078125,-2.9296875
146.61328125,-18.5546875,-28.3203125,-22.4609375,-9.765625
146.6171875,-16.11328125,-25.390625,-18.5546875,-13.18359375
146.62109375,-14.16015625,-23.92578125,-15.13671875,-6.8359375
146.625,-21.97265625,-28.3203125,-29.78515625,8.7890625
146.62890625,-8.30078125,-20.99609375,-44.43359375,39.55078125
146.6328125,-6.8359375,-22.94921875,-18.5546875,35.64453125
146.63671875,-12.20703125,-24.4140625,9.765625,32.71484375
146.640625,-10.25390625,-22.94921875,1.46484375,26.3671875
146.64453125,1.46484375,-26.3671875,-12.20703125,-1.953125
146.6484375,-1.46484375,-29.296875,-24.90234375,9.765625
146.65234375,-9.765625,-21.484375,-30.76171875,0.0
146.65625,-10.25390625,-12.20703125,-31.25,-11.71875
146.66015625,-12.20703125,-17.578125,-21.97265625,-3.41796875
146.6640625,-34.1796875,-17.578125,-10.7421875,-9.27734375
146.66796875,-33.69140625,-22.4609375,-7.32421875,0.0
146.671875,-17.08984375,-27.83203125,-15.625,9.27734375
146.67578125,-16.11328125,-20.99609375,-18.5546875,4.8828125
146.6796875,-20.5078125,-17.578125,-10.7421875,6.34765625
146.68359375,-18.06640625,-18.06640625,-14.16015625,3.90625
146.6875,-6.8359375,-20.5078125,-25.390625,7.32421875
146.69140625,-18.06640625,-20.5078125,-23.4375,-10.7421875
146.6953125,-30.2734375,-19.53125,-17.578125,-5.37109375
146.69921875,-37.59765625,-21.484375,-15.625,6.34765625
146.703125,-38.0859375,-31.73828125,-21.484375,-1.46484375
146.70703125,-35.15625,-30.2734375,-26.85546875,-4.39453125
146.7109375,-32.71484375,-20.01953125,-43.45703125,0.9765625
146.71484375,-33.203125,-30.2734375,-43.9453125,28.3203125
146.71875,-37.109375,-41.50390625,-21.484375,-22.4609375
146.72265625,-54.19921875,-39.55078125,-19.53125,-73.73046875
146.7265625,-60.546875,-37.109375,-19.53125,-34.66796875
146.73046875,-56.15234375,-31.73828125,-21.97265625,-12.6953125
146.734375,-58.10546875,-31.73828125,-35.15625,-8.7890625
146.73828125,-53.7109375,-28.80859375,-32.2265625,-13.18359375
146.7421875,-53.22265625,-22.4609375,-34.66796875,-32.2265625
146.74609375,-53.7109375,-25.390625,-31.73828125,-30.2734375
146.75,-63.4765625,-39.55078125,-14.6484375,-18.06640625
146.75390625,-66.40625,-38.0859375,-16.11328125,-24.90234375
146.7578125,-57.12890625,-28.80859375,-23.4375,-26.3671875
146.76171875,-59.08203125,-26.3671875,-19.53125,-5.37109375
146.765625,-56.15234375,-29.296875,-16.11328125,-19.04296875
146.76953125,-56.15234375,-35.64453125,-20.01953125,-39.55078125
146.7734375,-53.7109375,-39.55078125,-27.83203125,-39.55078125
146.77734375,-49.31640625,-41.9921875,-28.80859375,-35.15625
146.78125,-60.546875,-37.109375,-27.34375,-43.9453125
146.78515625,-77.1484375,-29.296875,-23.92578125,-41.50390625
146.7890625,-66.40625,-26.85546875,-16.6015625,-27.34375
146.79296875,-62.01171875,-25.390625,-14.16015625,-38.57421875
146.796875,-56.15234375,-28.3203125,-18.06640625,-22.4609375
146.80078125,-51.26953125,-25.87890625,-26.3671875,-8.30078125
146.8046875,-65.4296875,-27.83203125,-28.80859375,-34.66796875
146.80859375,-86.9140625,-33.69140625,-32.71484375,-12.6953125
146.8125,-71.77734375,-25.390625,-36.62109375,20.5078125
146.81640625,-36.1328125,-24.4140625,-37.59765625,-3.90625
146.8203125,-26.3671875,-43.45703125,-23.92578125,-18.5546875
146.82421875,-7.8125,-41.50390625,-19.53125,-4.8828125
146.828125,-8.7890625,-18.5546875,-16.11328125,-4.8828125
146.83203125,-46.875,-9.27734375,-17.08984375,-51.26953125
146.8359375,-47.8515625,-8.30078125,-23.4375,-70.3125
146.83984375,-40.0390625,-11.23046875,-14.16015625,-47.8515625
146.84375,-62.98828125,-16.11328125,-20.99609375,-46.38671875
146.84765625,-63.96484375,-12.20703125,-26.85546875,-32.71484375
146.8515625,-60.546875,-13.18359375,-33.69140625,-44.43359375
146.85546875,-72.75390625,-18.06640625,-49.31640625,-69.3359375
146.859375,-62.01171875,-8.7890625,-62.01171875,-63.4765625
146.86328125,-55.17578125,3.90625,-63.4765625,-57.6171875
146.8671875,-60.546875,5.859375,-57.12890625,-60.05859375
146.87109375,-46.38671875,0.9765625,-61.03515625,-59.08203125
146.875,-30.76171875,0.9765625,-64.453125,-42.48046875
146.87890625,-55.6640625,-2.44140625,-70.80078125,-43.45703125
146.8828125,-72.75390625,0.0,-75.68359375,-61.03515625
146.88671875,-59.08203125,0.0,-83.49609375,-87.40234375
146.890625,-45.8984375,4.39453125,-80.078125,-76.171875
146.89453125,-26.85546875,1.46484375,-67.87109375,-54.19921875
146.8984375,-40.52734375,3.41796875,-66.40625,-60.546875
146.90234375,-63.4765625,10.7421875,-60.05859375,-61.03515625
146.90625,-54.19921875,2.9296875,-51.7578125,-62.01171875
146.91015625,-42.96875,1.46484375,-59.08203125,-43.45703125
146.9140625,-31.73828125,-1.46484375,-79.1015625,-32.2265625
146.91796875,-35.15625,-8.30078125,-68.359375,-45.41015625
146.921875,-44.43359375,-3.90625,-51.26953125,-49.31640625
146.92578125,-58.59375,0.48828125,-46.38671875,-47.36328125
146.9296875,-65.91796875,0.0,-41.50390625,-62.98828125
146.93359375,-41.9921875,-4.8828125,-41.9921875,-40.0390625
146.9375,-36.1328125,-11.23046875,-39.0625,-19.53125
146.94140625,-43.45703125,-11.23046875,-43.45703125,-37.59765625
146.9453125,-47.36328125,-11.23046875,-46.875,-39.0625
146.94921875,-35.64453125,-10.7421875,-65.91796875,-47.36328125
146.953125,-28.80859375,-14.6484375,-73.2421875,-46.875
146.95703125,-29.296875,-10.7421875,-53.22265625,-11.71875
146.9609375,-27.83203125,-13.18359375,-43.9453125,-14.6484375
146.96484375,-28.3203125,-25.87890625,-37.109375,-40.52734375
146.96875,-20.99609375,-21.484375,-25.390625,-51.7578125
146.97265625,-18.06640625,-10.7421875,-18.06640625,-36.62109375
146.9765625,-33.69140625,-10.7421875,-26.3671875,-30.2734375
146.98046875,-38.0859375,-9.765625,-34.1796875,-40.0390625
146.984375,-27.83203125,-13.671875,-28.3203125,-41.50390625
146.98828125,-25.87890625,-21.484375,-22.94921875,-19.53125
146.9921875,-32.71484375,-15.13671875,-22.4609375,-17.08984375
146.99609375,-30.76171875,-4.8828125,-30.2734375,-42.96875
147.0,-15.625,-6.34765625,-41.015625,-31.73828125
147.00390625,-17.578125,-16.6015625,-32.2265625,-16.6015625
147.0078125,-20.01953125,-11.71875,-19.53125,-16.11328125
147.01171875,-17.08984375,-6.8359375,-19.53125,-20.5078125
147.015625,-27.83203125,-20.99609375,-21.484375,-34.1796875
147.01953125,-30.2734375,-20.5078125,-21.484375,-51.7578125
147.0234375,-34.1796875,-18.5546875,-27.34375,-46.38671875
147.02734375,-37.109375,-12.6953125,-34.66796875,-36.62109375
147.03125,-35.15625,-11.71875,-23.92578125,-46.875
147.03515625,-41.9921875,-20.01953125,-19.53125,-35.64453125
147.0390625,-35.15625,-18.5546875,-31.73828125,-25.87890625
147.04296875,-29.78515625,-20.01953125,-24.4140625,-36.62109375
147.046875,-48.828125,-21.484375,-15.625,-23.92578125
147.05078125,-42.48046875,-29.296875,-17.08984375,-7.32421875
147.0546875,-23.92578125,-31.25,-24.90234375,-17.578125
147.05859375,-26.3671875,-21.97265625,-24.90234375,-36.62109375
147.0625,-37.59765625,-21.484375,-12.20703125,-47.8515625
147.06640625,-31.73828125,-23.4375,-2.9296875,-41.015625
147.0703125,-32.2265625,-20.01953125,-8.7890625,-29.296875
147.07421875,-38.57421875,-16.6015625,-25.87890625,-31.73828125
147.078125,-33.69140625,-22.4609375,-15.625,-32.71484375
147.08203125,-15.625,-36.1328125,-7.8125,-54.19921875
147.0859375,-16.6015625,-24.4140625,-21.484375,-50.29296875
147.08984375,-28.3203125,-9.765625,-20.5078125,-39.0625
147.09375,-28.80859375,-20.01953125,-7.8125,-47.36328125
147.09765625,-27.83203125,-25.87890625,-9.27734375,-37.109375
147.1015625,-20.5078125,-26.3671875,-25.390625,-40.52734375
147.10546875,-19.04296875,-30.76171875,-24.90234375,-23.92578125
147.109375,-33.203125,-32.71484375,-27.83203125,-32.71484375
147.11328125,-35.64453125,-33.203125,-24.4140625,-41.9921875
147.1171875,-32.2265625,-31.25,-10.7421875,-33.69140625
147.12109375,-39.0625,-34.1796875,-24.4140625,-35.15625
147.125,-53.22265625,-29.78515625,-28.3203125,-44.43359375
147.12890625,-60.05859375,-18.06640625,-9.27734375,-35.64453125
147.1328125,-52.24609375,-21.484375,-0.9765625,-12.6953125
147.13671875,-45.41015625,-22.4609375,-12.6953125,-14.16015625
147.140625,-24.4140625,-20.01953125,-30.2734375,-5.37109375
147.14453125,-25.390625,-23.4375,-24.4140625,-23.92578125
147.1484375,-31.73828125,-19.04296875,-9.27734375,-28.80859375
147.15234375,-32.2265625,-17.08984375,-8.7890625,-11.71875
147.15625,-44.43359375,-24.90234375,-3.90625,-41.50390625
147.16015625,-38.0859375,-23.92578125,0.9765625,-45.41015625
147.1640625,-40.0390625,-28.3203125,-7.8125,-33.69140625
147.16796875,-30.76171875,-27.83203125,-19.04296875,-14.6484375
147.171875,-21.97265625,-19.53125,-23.92578125,-2.44140625
147.17578125,-21.484375,-23.92578125,-4.39453125,6.34765625
147.1796875,-33.203125,-30.76171875,4.39453125,-1.46484375
147.18359375,-36.62109375,-29.78515625,-16.11328125,-36.62109375
147.1875,-40.52734375,-20.99609375,-14.6484375,-31.73828125
147.19140625,-36.1328125,-21.484375,-10.7421875,-24.4140625
147.1953125,-24.90234375,-26.85546875,-9.27734375,-30.2734375
147.19921875,-20.01953125,-27.34375,-2.44140625,-19.04296875
147.203125,-38.57421875,-23.92578125,-17.578125,-10.25390625
147.20703125,-58.59375,-25.390625,-16.6015625,2.9296875
147.2109375,-40.52734375,-30.76171875,-14.6484375,-24.90234375
147.21484375,-25.390625,-29.296875,-26.3671875,-50.78125
147.21875,-31.73828125,-29.296875,-26.3671875,-31.25
147.22265625,-48.33984375,-31.73828125,-25.87890625,-22.94921875
147.2265625,-41.015625,-31.73828125,-16.6015625,-25.390625
147.23046875,-9.765625,-22.4609375,-31.25,-14.6484375
147.234375,3.41796875,-22.94921875,-42.96875,2.9296875
147.23828125,-13.671875,-25.390625,-13.671875,-16.6015625
147.2421875,-30.76171875,-27.34375,-4.8828125,-28.3203125
147.24609375,-16.11328125,-28.80859375,-4.39453125,-14.16015625
147.25,-19.04296875,-22.94921875,-6.34765625,-17.08984375
147.25390625,-35.64453125,-14.16015625,-18.06640625,-24.4140625
147.2578125,-6.8359375,-11.71875,-11.23046875,-5.859375
147.26171875,-0.9765625,-20.99609375,-13.18359375,1.953125
147.265625,-37.109375,-25.87890625,-24.4140625,-38.0859375
147.26953125,-45.8984375,-21.484375,-30.2734375,-63.96484375
147.2734375,-57.12890625,-11.71875,-35.64453125,-53.22265625
147.27734375,-43.45703125,-9.765625,-37.59765625,-37.59765625
147.28125,-28.3203125,-13.18359375,-39.55078125,-24.4140625
147.28515625,-58.59375,-17.578125,-38.0859375,-34.66796875
147.2890625,-36.1328125,-7.8125,-40.0390625,-15.13671875
147.29296875,-10.7421875,-3.41796875,-47.8515625,-13.18359375
147.296875,-29.296875,-18.5546875,-30.2734375,-51.26953125
147.30078125,-12.20703125,-24.4140625,-18.06640625,-35.15625
147.3046875,-12.20703125,-13.671875,-19.53125,-10.25390625
147.30859375,-38.0859375,-5.37109375,-21.97265625,-31.25
147.3125,-25.390625,-14.6484375,-28.80859375,-30.76171875
147.31640625,-11.23046875,-25.87890625,-22.4609375,-12.6953125
147.3203125,-14.6484375,-12.6953125,-14.16015625,-26.3671875
147.32421875,-24.4140625,0.9765625,-17.08984375,-19.04296875
147.328125,-44.921875,-0.48828125,-25.87890625,-11.23046875
147.33203125,-36.62109375,-2.9296875,-35.64453125,-37.59765625
147.3359375,-11.23046875,-5.859375,-33.69140625,-43.45703125
147.33984375,-33.69140625,-10.7421875,-24.90234375,-30.76171875
147.34375,-28.3203125,-16.6015625,-18.06640625,-5.37109375
147.34765625,-15.13671875,-31.73828125,-15.13671875,-32.2265625
147.3515625,-34.66796875,-27.83203125,-12.20703125,-51.26953125
147.35546875,-37.109375,-11.71875,-14.16015625,-38.57421875
147.359375,-26.85546875,-5.37109375,-12.20703125,-21.97265625
147.36328125,-23.92578125,-7.8125,-1.953125,-18.06640625
147.3671875,-24.4140625,-6.34765625,-22.4609375,-24.4140625
147.37109375,-28.3203125,0.48828125,-47.8515625,-14.6484375
147.375,-25.390625,-7.32421875,-27.34375,-37.109375
147.37890625,-27.83203125,-14.6484375,-14.16015625,-42.96875
147.3828125,-22.4609375,-16.11328125,-34.66796875,-34.66796875
147.38671875,-11.71875,-22.94921875,-41.9921875,-46.875
147.390625,-14.6484375,-29.78515625,-19.04296875,-47.8515625
147.39453125,-16.11328125,-29.296875,-8.7890625,-27.83203125
147.3984375,-28.80859375,-29.78515625,-20.5078125,-30.2734375
147.40234375,-34.1796875,-23.92578125,-24.4140625,-24.4140625
147.40625,-28.80859375,-23.92578125,-18.5546875,-14.6484375
147.41015625,-33.203125,-30.2734375,-21.484375,-35.64453125
147.4140625,-31.25,-35.15625,-15.625,-24.90234375
147.41796875,-25.87890625,-28.80859375,-11.23046875,2.44140625
147.421875,-45.41015625,-22.94921875,-28.80859375,-47.8515625
147.42578125,-39.55078125,-18.5546875,-38.57421875,-52.24609375
147.4296875,-31.73828125,-28.80859375,-31.25,-34.66796875
147.43359375,-44.921875,-35.15625,-15.625,-36.62109375
147.4375,-38.0859375,-18.06640625,-8.7890625,-20.5078125
147.44140625,-32.2265625,-19.04296875,-12.6953125,-29.78515625
147.4453125,-38.0859375,-28.80859375,-12.6953125,-43.9453125
147.44921875,-35.15625,-17.578125,-21.97265625,-10.25390625
147.453125,-28.3203125,-13.18359375,-18.5546875,-3.41796875
147.45703125,-41.50390625,-16.11328125,-10.7421875,-25.390625
147.4609375,-46.38671875,-19.04296875,-10.25390625,-16.11328125
147.46484375,-43.45703125,-37.59765625,-16.6015625,-19.53125
147.46875,-43.45703125,-41.50390625,-20.5078125,-18.5546875
147.47265625,-39.0625,-36.1328125,-26.3671875,-14.6484375
147.4765625,-46.38671875,-41.015625,-26.85546875,-30.2734375
147.48046875,-65.91796875,-28.80859375,-16.6015625,-24.90234375
147.484375,-67.87109375,-14.16015625,-13.671875,-23.4375
147.48828125,-43.45703125,-14.6484375,-11.71875,-31.73828125
147.4921875,-36.1328125,-15.625,-16.11328125,-1.953125
147.49609375,-39.0625,-7.32421875,-25.87890625,6.34765625
147.5,-48.828125,-20.01953125,-31.73828125,-18.5546875
147.50390625,-65.4296875,-37.59765625,-15.625,-22.94921875
147.5078125,-50.78125,-36.62109375,-4.39453125,-29.78515625
147.51171875,-43.9453125,-26.3671875,-5.859375,-26.3671875
147.515625,-45.41015625,-23.4375,-4.39453125,-13.671875
147.51953125,-45.8984375,-26.85546875,-2.44140625,-9.765625
147.5234375,-54.19921875,-25.390625,-0.48828125,-18.06640625
147.52734375,-54.19921875,-28.80859375,-8.7890625,-16.6015625
147.53125,-58.59375,-26.85546875,-30.76171875,-13.18359375
147.53515625,-54.6875,-20.01953125,-26.85546875,-33.69140625
147.5390625,-68.359375,-18.06640625,-5.859375,-38.0859375
147.54296875,-86.42578125,-20.01953125,-6.34765625,-42.48046875
147.546875,-56.640625,-22.94921875,-8.30078125,-29.296875
147.55078125,-34.1796875,-29.78515625,-6.34765625,-34.1796875
147.5546875,-31.73828125,-30.2734375,-18.06640625,-25.87890625
147.55859375,-34.66796875,-28.80859375,-13.671875,2.44140625
147.5625,-44.921875,-32.2265625,-12.20703125,-16.6015625
147.56640625,-41.9921875,-20.99609375,-13.18359375,-31.73828125
147.5703125,-51.26953125,-16.6015625,-6.34765625,-21.97265625
147.57421875,-58.59375,-23.4375,-3.90625,-23.4375
147.578125,-45.41015625,-24.4140625,-5.859375,-19.53125
147.58203125,-48.33984375,-26.85546875,-8.7890625,-22.4609375
147.5859375,-43.45703125,-23.4375,-18.06640625,-20.01953125
147.58984375,-40.52734375,-18.06640625,-25.87890625,-10.25390625
147.59375,-47.8515625,-18.5546875,-13.18359375,-37.109375
147.59765625,-46.875,-24.90234375,2.44140625,-40.52734375
147.6015625,-24.4140625,-29.78515625,4.8828125,-33.203125
147.60546875,-27.83203125,-22.4609375,-2.9296875,-30.76171875
147.609375,-41.9921875,-16.6015625,-9.27734375,-36.1328125
147.61328125,-48.828125,-18.06640625,-10.7421875,-47.8515625
147.6171875,-56.640625,-16.6015625,-4.8828125,-36.62109375
147.62109375,-62.98828125,-18.5546875,-0.9765625,-47.8515625
147.625,-55.17578125,-19.04296875,-5.37109375,-45.41015625
147.62890625,-57.6171875,-19.53125,-12.6953125,-41.015625
147.6328125,-79.1015625,-25.390625,-18.06640625,-56.640625
147.63671875,-88.8671875,-25.390625,-14.16015625,-81.54296875
147.640625,-77.1484375,-20.99609375,-11.23046875,-94.7265625
147.64453125,-84.47265625,-20.01953125,-22.4609375,-97.16796875
147.6484375,-83.0078125,-18.5546875,-30.76171875,-93.75
147.65234375,-92.7734375,-19.04296875,-18.06640625,-113.76953125
147.65625,-139.6484375,-30.2734375,-10.25390625,-141.11328125
147.66015625,-172.36328125,-32.2265625,-21.97265625,-116.2109375
147.6640625,-163.57421875,-26.85546875,-17.578125,-118.1640625
147.66796875,-157.71484375,-28.80859375,-3.90625,-159.1796875
147.671875,-178.7109375,-34.66796875,12.6953125,-153.80859375
147.67578125,-184.08203125,-36.1328125,31.25,-151.3671875
147.6796875,-165.52734375,-41.9921875,34.1796875,-143.06640625
147.68359375,-151.85546875,-47.8515625,21.97265625,-120.60546875
147.6875,-155.76171875,-45.8984375,11.23046875,-102.5390625
147.69140625,-145.99609375,-29.78515625,22.94921875,-114.2578125
147.6953125,-154.296875,-32.71484375,43.9453125,-125.9765625
147.69921875,-152.83203125,-48.33984375,54.19921875,-124.0234375
147.703125,-127.9296875,-50.29296875,51.7578125,-99.609375
147.70703125,-123.046875,-55.6640625,46.875,-63.96484375
147.7109375,-104.00390625,-61.03515625,50.78125,-58.10546875
147.71484375,-97.16796875,-63.96484375,42.48046875,-50.29296875
147.71875,-98.6328125,-48.33984375,41.50390625,-30.2734375
147.72265625,-90.33203125,-36.1328125,54.19921875,-53.7109375
147.7265625,-71.2890625,-33.203125,52.24609375,-36.1328125
147.73046875,-34.1796875,-31.73828125,46.875,-0.48828125
147.734375,-10.7421875,-38.0859375,37.59765625,3.90625
147.73828125,-7.8125,-34.66796875,17.08984375,-6.34765625
147.7421875,-32.2265625,-41.50390625,22.94921875,-8.7890625
147.74609375,-31.73828125,-48.33984375,36.62109375,10.25390625
147.75,-36.1328125,-39.55078125,40.0390625,9.27734375
147.75390625,-44.921875,-38.57421875,38.57421875,2.9296875
147.7578125,-36.1328125,-43.45703125,36.1328125,18.06640625
147.76171875,-22.4609375,-39.0625,30.2734375,25.390625
147.765625,-2.9296875,-36.1328125,21.97265625,36.1328125
147.76953125,26.3671875,-38.57421875,16.6015625,38.0859375
147.7734375,12.6953125,-36.62109375,16.11328125,16.6015625
147.77734375,-2.9296875,-30.2734375,3.41796875,49.31640625
147.78125,5.37109375,-21.97265625,-18.5546875,63.4765625
147.78515625,-3.90625,-27.34375,-3.90625,14.6484375
147.7890625,-11.23046875,-34.1796875,22.4609375,9.765625
147.79296875,-2.44140625,-35.64453125,24.90234375,26.3671875
147.796875,5.859375,-41.50390625,11.71875,24.4140625
147.80078125,2.9296875,-44.43359375,5.859375,25.87890625
147.8046875,-1.46484375,-36.1328125,14.6484375,32.2265625
147.80859375,-0.48828125,-21.97265625,9.27734375,29.296875
147.8125,-2.44140625,-17.578125,0.48828125,26.3671875
147.81640625,-14.16015625,-26.85546875,0.0,2.9296875
147.8203125,-20.99609375,-31.73828125,-1.953125,0.48828125
147.82421875,-9.27734375,-31.25,-3.90625,36.62109375
147.828125,6.8359375,-31.25,-4.8828125,26.3671875
147.83203125,5.37109375,-33.69140625,-2.44140625,-0.9765625
147.8359375,11.23046875,-24.90234375,0.9765625,27.83203125
147.83984375,11.23046875,-19.04296875,0.9765625,60.546875
147.84375,-4.8828125,-22.94921875,0.9765625,55.6640625
147.84765625,3.41796875,-18.06640625,-11.23046875,41.015625
147.8515625,-3.90625,-19.53125,-13.18359375,37.59765625
147.85546875,-22.94921875,-26.85546875,5.859375,43.9453125
147.859375,-2.44140625,-24.4140625,10.7421875,31.73828125
147.86328125,11.71875,-28.3203125,15.13671875,30.2734375
147.8671875,0.9765625,-36.62109375,1.953125,15.13671875
147.87109375,-8.30078125,-28.80859375,-10.7421875,12.20703125
147.875,3.41796875,-29.296875,-13.18359375,10.25390625
147.87890625,-10.25390625,-34.66796875,-22.4609375,10.7421875
147.8828125,-33.69140625,-25.390625,-12.20703125,26.3671875
147.88671875,-30.76171875,-19.53125,0.48828125,5.37109375
147.890625,-29.78515625,-22.4609375,-3.41796875,5.859375
147.89453125,-10.7421875,-20.5078125,-23.92578125,-1.46484375
147.8984375,-19.53125,-27.83203125,-26.3671875,-15.13671875
147.90234375,-25.390625,-30.76171875,-15.625,4.39453125
147.90625,-8.7890625,-38.57421875,-24.90234375,23.92578125
147.91015625,0.9765625,-47.8515625,-9.765625,19.53125
147.9140625,0.48828125,-32.71484375,4.8828125,15.625
147.91796875,-6.34765625,-19.04296875,-7.8125,-8.7890625
147.921875,-20.01953125,-15.625,-10.7421875,-23.4375
147.92578125,-26.85546875,-16.6015625,-11.71875,-5.37109375
147.9296875,-16.11328125,-14.6484375,-20.01953125,8.30078125
147.93359375,0.0,-11.23046875,-36.1328125,0.48828125
147.9375,-7.32421875,-24.4140625,-30.76171875,-19.53125
147.94140625,-18.5546875,-30.2734375,-14.6484375,-22.4609375
147.9453125,-13.18359375,-34.1796875,-6.8359375,-10.7421875
147.94921875,-12.6953125,-37.59765625,-6.8359375,-7.8125
147.953125,-16.11328125,-31.25,-26.85546875,-23.4375
147.95703125,-13.18359375,-17.578125,-29.78515625,-10.7421875
147.9609375,-13.671875,-9.765625,-11.23046875,0.48828125
147.96484375,-13.671875,-15.13671875,-3.41796875,2.9296875
147.96875,-6.8359375,-21.484375,-2.9296875,5.37109375
147.97265625,6.34765625,-28.80859375,-7.8125,1.46484375
147.9765625,-2.44140625,-26.3671875,-11.71875,1.46484375
147.98046875,-17.08984375,-18.06640625,-17.08984375,1.953125
147.984375,-22.94921875,-14.6484375,-19.04296875,-9.765625
147.98828125,-23.92578125,-16.6015625,-25.87890625,-0.9765625
147.9921875,-20.99609375,-17.578125,-45.8984375,33.203125
147.99609375,-12.6953125,-27.34375,-39.0625,-3.41796875
148.0,-13.18359375,-34.66796875,-16.6015625,-11.71875
148.00390625,-28.80859375,-28.3203125,-11.71875,5.859375
148.0078125,-28.80859375,-29.78515625,-16.11328125,-8.30078125
148.01171875,-20.5078125,-33.69140625,-21.484375,-16.6015625
148.015625,-15.13671875,-29.296875,-20.99609375,4.39453125
148.01953125,-18.5546875,-28.3203125,-21.97265625,5.859375
148.0234375,-32.2265625,-35.64453125,-11.23046875,-8.7890625
148.02734375,-28.80859375,-35.64453125,-12.20703125,11.23046875
148.03125,-26.3671875,-30.76171875,-36.1328125,4.8828125
148.03515625,-13.671875,-37.109375,-11.71875,3.41796875
148.0390625,8.30078125,-37.59765625,8.30078125,23.92578125
148.04296875,-23.92578125,-24.90234375,-22.4609375,-4.39453125
148.046875,-67.3828125,-16.6015625,-41.50390625,-33.203125
148.05078125,-62.5,-13.671875,-32.71484375,-34.1796875
148.0546875,-56.15234375,-14.6484375,-17.578125,-20.01953125
148.05859375,-37.109375,-3.90625,-30.76171875,-17.08984375
148.0625,-34.1796875,0.48828125,-55.6640625,-33.203125
148.06640625,-38.0859375,-12.20703125,-46.38671875,-39.0625
148.0703125,-55.6640625,-12.20703125,-39.0625,-78.125
148.07421875,-60.05859375,-7.8125,-37.109375,-61.5234375
148.078125,-55.6640625,-5.37109375,-42.96875,-42.96875
148.08203125,-61.03515625,-7.8125,-54.6875,-53.7109375
148.0859375,-37.59765625,-2.9296875,-54.6875,-56.640625
148.08984375,-29.296875,1.46484375,-52.734375,-48.828125
148.09375,-5.859375,-6.8359375,-42.96875,-40.0390625
148.09765625,-14.6484375,-13.18359375,-35.64453125,-35.64453125
148.1015625,-17.578125,-8.30078125,-39.0625,-23.92578125
148.10546875,-5.37109375,-0.9765625,-39.55078125,-15.13671875
148.109375,-27.34375,-5.37109375,-40.0390625,-15.625
148.11328125,-30.2734375,-4.8828125,-38.0859375,-29.78515625
148.1171875,-22.94921875,1.46484375,-38.0859375,-37.59765625
148.12109375,-15.13671875,1.46484375,-42.48046875,-27.83203125
148.125,0.9765625,3.90625,-44.43359375,-5.859375
148.12890625,16.6015625,10.25390625,-45.41015625,-31.25
148.1328125,13.18359375,1.46484375,-36.62109375,-37.109375
148.13671875,-2.44140625,-13.671875,-33.203125,-30.2734375
148.140625,-22.4609375,-15.625,-36.1328125,-25.390625
148.14453125,-11.71875,-9.765625,-22.4609375,-8.7890625
148.1484375,-2.44140625,-8.30078125,-12.20703125,-8.7890625
148.15234375,3.90625,-11.71875,-25.390625,-4.39453125
148.15625,6.34765625,-7.8125,-35.15625,8.30078125
148.16015625,0.9765625,-6.34765625,-25.390625,-1.953125
148.1640625,9.765625,0.9765625,-40.0390625,-2.44140625
148.16796875,19.04296875,-2.44140625,-56.15234375,14.6484375
148.171875,15.13671875,-15.625,-31.25,15.13671875
148.17578125,7.8125,-20.5078125,-14.16015625,-5.859375
148.1796875,14.16015625,-28.3203125,-9.27734375,2.44140625
148.18359375,18.06640625,-16.6015625,-18.5546875,1.953125
148.1875,4.8828125,0.48828125,-21.97265625,0.0
148.19140625,-4.8828125,-6.34765625,-8.7890625,18.5546875
148.1953125,4.39453125,-5.859375,-18.5546875,11.71875
148.19921875,-11.23046875,-5.37109375,-40.0390625,-12.6953125
148.203125,-23.92578125,-8.7890625,-26.3671875,-4.8828125
148.20703125,-17.578125,-7.32421875,-4.8828125,-2.44140625
148.2109375,-15.13671875,-11.71875,-8.30078125,-7.8125
148.21484375,-8.30078125,-15.13671875,-15.13671875,-9.27734375
148.21875,-8.7890625,-16.6015625,-16.6015625,-12.20703125
148.22265625,-9.765625,-24.90234375,-14.16015625,-16.6015625
148.2265625,4.39453125,-22.4609375,-10.25390625,-9.765625
148.23046875,-24.4140625,-14.16015625,-7.8125,-5.37109375
148.234375,-48.828125,-12.20703125,-25.390625,-17.578125
148.23828125,-23.4375,-13.18359375,-41.50390625,-20.01953125
148.2421875,-33.69140625,-14.16015625,-29.78515625,-23.92578125
148.24609375,-50.78125,-15.625,-11.23046875,-21.97265625
148.25,-52.734375,-18.06640625,-12.20703125,-32.71484375
148.25390625,-69.3359375,-19.53125,-5.37109375,-55.17578125
148.2578125,-77.1484375,-18.5546875,-8.7890625,-83.984375
148.26171875,-79.1015625,-14.16015625,-21.484375,-90.33203125
148.265625,-98.14453125,-18.5546875,-12.20703125,-90.8203125
148.26953125,-110.3515625,-21.97265625,-10.25390625,-93.26171875
148.2734375,-97.16796875,-7.8125,-19.04296875,-98.14453125
148.27734375,-126.46484375,-6.8359375,-26.85546875,-138.18359375
148.28125,-149.90234375,-18.5546875,-25.87890625,-146.97265625
148.28515625,-158.203125,-16.11328125,-22.4609375,-156.25
148.2890625,-171.38671875,-12.20703125,-17.578125,-193.359375
148.29296875,-175.78125,-21.484375,-20.01953125,-171.875
148.296875,-168.45703125,-35.64453125,-27.83203125,-157.71484375
148.30078125,-157.71484375,-38.0859375,-25.390625,-169.43359375
148.3046875,-174.31640625,-35.15625,-29.296875,-150.87890625
148.30859375,-171.875,-38.0859375,-44.43359375,-167.48046875
148.3125,-138.18359375,-42.96875,-26.3671875,-147.4609375
148.31640625,-136.23046875,-35.15625,-13.671875,-103.515625
148.3203125,-151.85546875,-31.25,-57.6171875,-124.51171875
148.32421875,-127.44140625,-32.71484375,-59.5703125,-111.328125
148.328125,-122.55859375,-18.5546875,-16.6015625,-87.890625
148.33203125,-139.16015625,-11.23046875,-4.39453125,-96.6796875
148.3359375,-129.39453125,-24.90234375,-13.18359375,-88.8671875
148.33984375,-111.328125,-27.34375,-18.06640625,-80.56640625
148.34375,-94.7265625,-25.87890625,-27.83203125,-66.89453125
148.34765625,-80.56640625,-31.73828125,-28.3203125,-47.8515625
148.3515625,-78.61328125,-31.73828125,-20.5078125,-36.62109375
148.35546875,-60.546875,-29.78515625,-22.94921875,-27.34375
148.359375,-36.1328125,-37.109375,-21.484375,-13.671875
148.36328125,-36.62109375,-39.55078125,-24.4140625,-21.97265625
148.3671875,-51.26953125,-31.25,-28.3203125,-33.203125
148.37109375,-50.29296875,-21.97265625,-23.4375,-26.85546875
148.375,-28.3203125,-13.671875,-26.85546875,-7.8125
148.37890625,-19.04296875,-27.83203125,-8.30078125,23.4375
148.3828125,-21.97265625,-50.29296875,3.41796875,-12.20703125
148.38671875,-21.97265625,-44.43359375,0.9765625,-26.3671875
148.390625,-29.78515625,-26.3671875,-0.9765625,-8.7890625
148.39453125,-34.1796875,-21.97265625,-15.13671875,-9.765625
148.3984375,-20.01953125,-29.78515625,-16.6015625,-5.37109375
148.40234375,0.0,-34.66796875,-15.13671875,14.6484375
148.40625,0.0,-30.2734375,-13.18359375,26.3671875
148.41015625,-22.4609375,-23.4375,-11.71875,38.0859375
148.4140625,-20.99609375,-24.90234375,-21.484375,41.50390625
148.41796875,3.41796875,-28.3203125,-24.4140625,19.53125
148.421875,2.9296875,-31.25,-2.44140625,1.46484375
148.42578125,-15.625,-37.59765625,4.8828125,-6.8359375
148.4296875,-17.578125,-35.64453125,-12.20703125,12.20703125
148.43359375,-2.9296875,-36.62109375,-19.04296875,27.83203125
148.4375,11.23046875,-40.0390625,-19.04296875,33.69140625
148.44140625,7.8125,-27.83203125,-14.16015625,25.390625
148.4453125,-10.25390625,-23.92578125,-10.25390625,13.18359375
148.44921875,-0.9765625,-27.83203125,-11.71875,22.94921875
148.453125,13.671875,-27.34375,-21.484375,20.5078125
148.45703125,4.39453125,-20.99609375,-26.3671875,15.625
148.4609375,-5.859375,-25.390625,-17.578125,29.296875
148.46484375,14.6484375,-36.1328125,-4.8828125,35.64453125
148.46875,33.203125,-26.85546875,-6.8359375,28.3203125
148.47265625,25.390625,-20.99609375,-21.97265625,21.97265625
148.4765625,24.90234375,-29.296875,-17.578125,48.33984375
148.48046875,22.4609375,-33.69140625,-5.859375,61.03515625
148.484375,6.8359375,-33.69140625,-5.859375,33.69140625
148.48828125,5.37109375,-27.34375,-1.46484375,32.2265625
148.4921875,6.34765625,-21.484375,-12.20703125,29.296875
148.49609375,19.53125,-19.04296875,-28.3203125,9.27734375
148.5,23.4375,-20.99609375,-21.97265625,15.13671875
148.50390625,27.34375,-21.97265625,-14.6484375,31.25
148.5078125,46.875,-19.53125,-22.94921875,34.1796875
148.51171875,25.87890625,-24.4140625,-14.6484375,3.90625
148.515625,-14.16015625,-35.15625,-9.765625,-3.41796875
148.51953125,-13.671875,-41.015625,-23.4375,8.7890625
148.5234375,17.08984375,-43.45703125,-29.296875,1.46484375
148.52734375,18.06640625,-37.59765625,-11.71875,7.8125
148.53125,13.18359375,-22.4609375,-2.44140625,24.90234375
148.53515625,22.94921875,-23.92578125,-4.39453125,12.6953125
148.5390625,10.7421875,-33.203125,-6.34765625,25.87890625
148.54296875,-4.39453125,-36.1328125,-15.13671875,8.30078125
148.546875,-1.953125,-36.1328125,-11.71875,-9.27734375
148.55078125,17.08984375,-24.90234375,-8.7890625,-2.44140625
148.5546875,2.44140625,-18.06640625,-20.99609375,-7.8125
148.55859375,-5.37109375,-20.01953125,-17.578125,0.0
148.5625,-8.7890625,-21.97265625,-1.953125,7.32421875
148.56640625,-20.5078125,-25.87890625,-2.44140625,5.859375
148.5703125,-12.20703125,-31.73828125,-2.9296875,2.44140625
148.57421875,-2.44140625,-26.3671875,-3.41796875,-6.34765625
148.578125,-0.9765625,-34.1796875,-15.13671875,-10.7421875
148.58203125,2.9296875,-47.36328125,-12.6953125,-13.671875
148.5859375,8.7890625,-32.71484375,-4.39453125,7.8125
148.58984375,-0.48828125,-21.97265625,-24.90234375,17.08984375
148.59375,-10.7421875,-22.94921875,-49.31640625,-20.5078125
148.59765625,-14.16015625,-19.53125,-27.34375,-14.6484375
148.6015625,-17.578125,-22.4609375,-5.859375,-3.41796875
148.60546875,-6.8359375,-20.99609375,-14.16015625,-3.41796875
148.609375,3.90625,-9.765625,-26.85546875,-10.25390625
148.61328125,-17.578125,-16.6015625,-18.5546875,-24.90234375
148.6171875,-26.3671875,-24.4140625,-11.71875,-24.4140625
148.62109375,-32.71484375,-26.85546875,-13.671875,-26.3671875
148.625,-23.4375,-26.3671875,-13.671875,-22.4609375
148.62890625,-14.6484375,-20.5078125,-21.484375,-10.7421875
148.6328125,-18.5546875,-26.3671875,-27.83203125,0.9765625
148.63671875,0.48828125,-26.85546875,-20.5078125,7.32421875
148.640625,-5.859375,-17.578125,-13.18359375,3.90625
148.64453125,-22.94921875,-17.08984375,-13.671875,-1.46484375
148.6484375,-13.18359375,-21.97265625,-9.27734375,6.34765625
148.65234375,-5.859375,-24.90234375,-13.18359375,6.34765625
148.65625,-8.30078125,-26.3671875,-12.20703125,-4.39453125
148.66015625,10.25390625,-25.87890625,-19.53125,4.8828125
148.6640625,-2.9296875,-24.90234375,-40.52734375,0.48828125
148.66796875,-39.55078125,-26.3671875,-20.5078125,-0.9765625
148.671875,-44.921875,-24.4140625,-1.953125,2.44140625
148.67578125,-33.69140625,-18.5546875,-12.6953125,-33.203125
148.6796875,-27.83203125,-17.578125,-25.87890625,-24.90234375
148.68359375,-28.80859375,-27.34375,-29.296875,0.9765625
148.6875,-20.99609375,-29.78515625,-23.4375,-6.8359375
148.69140625,-5.37109375,-20.5078125,-15.625,-7.8125
148.6953125,-19.53125,-20.5078125,-16.11328125,-16.11328125
148.69921875,-34.1796875,-24.4140625,-15.13671875,-15.13671875
148.703125,-28.80859375,-23.4375,-26.3671875,-20.01953125
148.70703125,-36.62109375,-29.296875,-31.25,-39.55078125
148.7109375,-30.2734375,-34.1796875,-21.484375,-35.15625
148.71484375,-22.4609375,-29.78515625,-12.6953125,-14.16015625
148.71875,-13.18359375,-25.390625,-15.13671875,-1.46484375
148.72265625,-19.04296875,-28.3203125,-23.92578125,-21.484375
148.7265625,-30.2734375,-25.87890625,-14.6484375,-20.99609375
148.73046875,-23.4375,-25.87890625,-11.23046875,-4.8828125
148.734375,-14.16015625,-35.15625,-20.99609375,-11.23046875
148.73828125,-10.25390625,-31.73828125,-15.13671875,-1.953125
148.7421875,3.41796875,-30.76171875,-24.90234375,6.34765625
148.74609375,3.41796875,-22.94921875,-34.66796875,-19.04296875
148.75,-4.39453125,-14.16015625,-12.20703125,-24.4140625
148.75390625,-14.6484375,-24.4140625,-5.37109375,-8.7890625
148.7578125,-20.99609375,-35.64453125,-4.8828125,4.8828125
148.76171875,-3.41796875,-29.296875,-3.90625,5.37109375
148.765625,11.71875,-21.484375,-21.97265625,-13.671875
148.76953125,-5.859375,-20.01953125,-25.87890625,-12.20703125
148.7734375,-10.25390625,-21.484375,-19.53125,-13.18359375
148.77734375,-6.8359375,-24.90234375,-19.53125,-19.04296875
148.78125,-1.46484375,-27.83203125,-21.97265625,4.8828125
148.78515625,-3.90625,-26.85546875,-20.99609375,9.765625
148.7890625,0.0,-23.4375,-31.25,-45.41015625
148.79296875,-11.23046875,-31.73828125,-40.52734375,-40.0390625
148.796875,-21.484375,-36.1328125,-20.01953125,-27.83203125
148.80078125,-20.01953125,-30.2734375,-6.34765625,-41.50390625
148.8046875,-18.5546875,-27.83203125,-10.25390625,-44.43359375
148.80859375,-6.34765625,-27.34375,-10.25390625,-11.71875
148.8125,-7.32421875,-25.390625,-16.11328125,3.41796875
148.81640625,-3.90625,-28.80859375,-22.94921875,-8.7890625
148.8203125,1.953125,-35.15625,-4.39453125,-4.8828125
148.82421875,-6.34765625,-33.69140625,0.9765625,-13.18359375
148.828125,-4.39453125,-23.4375,-18.06640625,-1.953125
148.83203125,-14.6484375,-17.08984375,-26.85546875,-8.7890625
148.8359375,-30.76171875,-18.5546875,-14.16015625,-19.53125
148.83984375,-20.5078125,-25.87890625,-4.8828125,-4.8828125
148.84375,-16.11328125,-26.85546875,-4.8828125,-24.90234375
148.84765625,-28.3203125,-31.73828125,-13.671875,-38.57421875
148.8515625,-13.671875,-26.3671875,-36.62109375,-18.5546875
148.85546875,0.9765625,-10.7421875,-29.296875,-17.08984375
148.859375,-17.08984375,-19.04296875,-11.71875,-34.66796875
148.86328125,-27.34375,-44.43359375,-11.23046875,-31.25
148.8671875,-21.97265625,-53.22265625,-2.44140625,5.37109375
148.87109375,-20.99609375,-33.203125,0.0,0.9765625
148.875,-25.390625,-23.92578125,-8.7890625,-43.45703125
148.87890625,-29.78515625,-32.71484375,-14.6484375,-30.76171875
148.8828125,-18.5546875,-31.73828125,-35.15625,17.08984375
148.88671875,-16.11328125,-29.296875,-44.43359375,8.30078125
148.890625,-23.92578125,-39.0625,-28.3203125,-29.78515625
148.89453125,-31.73828125,-37.109375,-20.5078125,-27.34375
148.8984375,-33.203125,-34.66796875,-17.08984375,-11.71875
148.90234375,-20.99609375,-31.73828125,-18.5546875,-39.0625
148.90625,-36.1328125,-26.3671875,-24.4140625,-34.66796875
148.91015625,-49.31640625,-29.296875,-21.484375,-24.4140625
148.9140625,-39.55078125,-30.76171875,-18.5546875,-19.04296875
148.91796875,-17.578125,-23.4375,-21.97265625,-7.8125
148.921875,-0.9765625,-26.3671875,-21.484375,-11.71875
148.92578125,0.48828125,-34.66796875,-23.92578125,-7.8125
148.9296875,-13.18359375,-29.296875,-20.5078125,-16.6015625
148.93359375,-24.90234375,-25.87890625,-14.16015625,-27.83203125
148.9375,-31.73828125,-29.296875,-39.55078125,-15.625
148.94140625,-28.3203125,-29.78515625,-48.33984375,-24.4140625
148.9453125,-5.859375,-24.90234375,-26.85546875,-14.6484375
148.94921875,4.8828125,-18.5546875,-21.484375,-4.8828125
148.953125,-22.94921875,-20.5078125,-10.7421875,-8.30078125
148.95703125,-46.875,-23.4375,-2.44140625,-17.578125
148.9609375,-41.50390625,-25.87890625,-9.765625,-19.53125
148.96484375,-7.32421875,-28.80859375,-17.578125,0.48828125
148.96875,-3.90625,-29.78515625,-23.92578125,-14.6484375
148.97265625,-17.08984375,-29.296875,-25.390625,-20.99609375
148.9765625,-30.76171875,-24.90234375,-15.625,-22.4609375
148.98046875,-29.78515625,-22.94921875,-14.6484375,-9.27734375
148.984375,-19.53125,-28.3203125,-21.97265625,-9.27734375
148.98828125,-18.06640625,-28.80859375,-20.99609375,-7.32421875
148.9921875,-5.859375,-23.4375,-21.97265625,-12.20703125
148.99609375,-18.06640625,-28.3203125,-21.97265625,-21.97265625
149.0,-24.4140625,-29.296875,-26.85546875,-10.7421875
149.00390625,-4.8828125,-35.64453125,-36.62109375,-18.06640625
149.0078125,-21.97265625,-34.66796875,-24.4140625,-20.01953125
149.01171875,-40.0390625,-20.5078125,-10.7421875,-13.18359375
149.015625,-24.90234375,-14.16015625,-8.30078125,-36.1328125
149.01953125,-25.390625,-3.41796875,-19.04296875,-27.34375
149.0234375,-46.875,-6.8359375,-25.390625,-22.4609375
149.02734375,-36.1328125,-19.53125,-18.06640625,-24.90234375
149.03125,-14.6484375,-17.578125,-15.625,-8.7890625
149.03515625,-8.30078125,-18.06640625,-27.34375,-7.8125
149.0390625,-13.18359375,-26.85546875,-19.04296875,-11.23046875
149.04296875,-34.66796875,-30.2734375,-9.765625,2.44140625
149.046875,-38.57421875,-22.4609375,-8.7890625,-37.109375
149.05078125,-46.38671875,-19.53125,0.48828125,-49.8046875
149.0546875,-39.0625,-21.484375,-2.9296875,-15.13671875
149.05859375,-30.2734375,-24.4140625,-7.32421875,-9.27734375
149.0625,-32.71484375,-30.76171875,-7.8125,-26.85546875
149.06640625,-27.34375,-17.08984375,-10.7421875,-26.85546875
149.0703125,-26.3671875,-2.9296875,-16.11328125,-12.20703125
149.07421875,-32.71484375,-8.7890625,-24.90234375,-19.04296875
149.078125,-24.90234375,-13.18359375,-30.76171875,-5.859375
149.08203125,-22.94921875,-21.97265625,-27.34375,-5.859375
149.0859375,-19.04296875,-28.3203125,-16.6015625,-23.4375
149.08984375,-14.16015625,-23.92578125,-24.90234375,-11.23046875
149.09375,2.9296875,-24.90234375,-19.04296875,25.87890625
149.09765625,9.765625,-36.1328125,3.90625,25.87890625
149.1015625,-8.30078125,-39.55078125,-5.859375,-27.34375
149.10546875,-20.01953125,-24.90234375,-15.13671875,-33.69140625
149.109375,-17.578125,-20.5078125,-9.765625,-9.27734375
149.11328125,-13.671875,-19.53125,-10.7421875,-15.625
149.1171875,-20.99609375,-21.484375,-23.4375,-12.6953125
149.12109375,-31.73828125,-25.390625,-39.0625,-23.4375
149.125,-31.73828125,-25.87890625,-22.94921875,-8.7890625
149.12890625,-22.94921875,-30.2734375,-2.44140625,-17.578125
149.1328125,-13.18359375,-30.76171875,-2.9296875,-14.6484375
149.13671875,-6.34765625,-35.64453125,-18.5546875,-7.8125
149.140625,-22.94921875,-33.203125,-28.3203125,-31.73828125
149.14453125,-48.33984375,-32.2265625,-14.6484375,-41.50390625
149.1484375,-34.66796875,-34.1796875,-12.20703125,-28.3203125
149.15234375,-33.69140625,-31.25,-28.80859375,-50.29296875
149.15625,-18.5546875,-29.78515625,-19.04296875,-33.203125
149.16015625,5.37109375,-27.83203125,-11.23046875,-14.16015625
149.1640625,-14.16015625,-32.71484375,-28.3203125,-12.6953125
149.16796875,-23.4375,-46.38671875,-27.83203125,-5.859375
149.171875,-24.90234375,-28.3203125,-9.27734375,-27.83203125
149.17578125,-16.11328125,-2.44140625,-7.32421875,-16.6015625
149.1796875,-13.671875,-5.859375,-5.859375,-33.69140625
149.18359375,-37.59765625,-18.5546875,-1.46484375,-40.52734375
149.1875,-47.36328125,-23.4375,-8.7890625,-35.64453125
149.19140625,-45.41015625,-20.99609375,-13.671875,-46.38671875
149.1953125,-27.83203125,-21.97265625,-10.7421875,-31.73828125
149.19921875,1.953125,-26.3671875,-5.37109375,31.25
149.203125,4.8828125,-22.94921875,-14.16015625,8.30078125
149.20703125,-21.484375,-16.6015625,-22.94921875,-13.18359375
149.2109375,-43.45703125,-14.16015625,-31.73828125,-9.27734375
149.21484375,-33.203125,-20.99609375,-55.17578125,-35.64453125
149.21875,-26.85546875,-27.34375,-44.43359375,-50.29296875
149.22265625,-16.6015625,-19.04296875,-28.3203125,-28.80859375
149.2265625,4.8828125,-5.859375,-24.4140625,41.50390625
149.23046875,40.0390625,-4.8828125,-34.1796875,21.484375
149.234375,12.6953125,-5.37109375,-43.9453125,-31.25
149.23828125,-22.94921875,-4.8828125,-40.52734375,-35.15625
149.2421875,-8.7890625,-3.41796875,-38.0859375,-27.34375
149.24609375,-3.41796875,1.46484375,-41.9921875,-10.25390625
149.25,-4.8828125,4.8828125,-49.31640625,-15.625
149.25390625,-10.7421875,2.44140625,-42.96875,-11.71875
149.2578125,8.30078125,4.39453125,-35.15625,-1.46484375
149.26171875,20.01953125,3.90625,-33.69140625,-4.39453125
149.265625,20.5078125,5.859375,-38.57421875,7.32421875
149.26953125,18.5546875,6.8359375,-54.6875,0.0
149.2734375,-1.46484375,-10.25390625,-47.8515625,-22.94921875
149.27734375,0.9765625,-16.11328125,-28.80859375,-1.953125
149.28125,2.9296875,-8.7890625,-20.99609375,-8.7890625
149.28515625,7.8125,-2.44140625,-24.90234375,-13.671875
149.2890625,9.765625,-3.41796875,-40.0390625,-32.2265625
149.29296875,-0.48828125,-3.90625,-41.9921875,-42.96875
149.296875,-6.8359375,-2.44140625,-40.52734375,-24.90234375
149.30078125,-15.625,-7.8125,-32.71484375,-22.4609375
149.3046875,-10.25390625,-13.18359375,-33.203125,-24.4140625
149.30859375,7.8125,-12.20703125,-48.33984375,-20.01953125
149.3125,9.27734375,-9.765625,-34.66796875,-8.30078125
149.31640625,0.0,-4.8828125,-13.18359375,-31.73828125
149.3203125,0.48828125,-6.8359375,-11.71875,-46.38671875
149.32421875,-7.8125,-9.765625,-14.16015625,-29.296875
149.328125,-8.30078125,-12.20703125,-15.13671875,-27.34375
149.33203125,-15.625,-16.11328125,-22.4609375,-30.76171875
149.3359375,-21.97265625,-13.671875,-20.01953125,-13.18359375
149.33984375,-10.25390625,-20.5078125,-16.6015625,-14.16015625
149.34375,-21.97265625,-24.90234375,-20.99609375,-33.203125
149.34765625,-15.625,-16.11328125,-18.06640625,-34.1796875
149.3515625,-1.953125,-22.94921875,-19.04296875,-33.69140625
149.35546875,1.953125,-28.80859375,-20.01953125,-24.4140625
149.359375,5.859375,-16.6015625,-18.5546875,-13.18359375
149.36328125,-2.44140625,-14.6484375,-17.08984375,-16.11328125
149.3671875,-11.71875,-17.08984375,-17.578125,-28.80859375
149.37109375,-26.3671875,-14.6484375,-14.6484375,-5.37109375
149.375,-30.76171875,-11.23046875,-23.92578125,14.16015625
149.37890625,-39.0625,-16.6015625,-19.53125,-28.3203125
149.3828125,-23.92578125,-26.85546875,0.48828125,-49.8046875
149.38671875,-14.16015625,-25.87890625,-10.25390625,-39.0625
149.390625,-7.8125,-15.625,-19.53125,-27.83203125
149.39453125,-17.08984375,-28.3203125,-2.44140625,-8.7890625
149.3984375,-10.7421875,-34.66796875,6.8359375,-1.46484375
149.40234375,2.44140625,-23.4375,-0.48828125,-15.13671875
149.40625,-37.109375,-19.04296875,-6.34765625,-32.2265625
149.41015625,-55.17578125,-15.13671875,-6.34765625,-37.59765625
149.4140625,-34.1796875,-5.859375,-8.7890625,-40.0390625
149.41796875,-20.5078125,-4.8828125,-9.765625,-40.0390625
149.421875,-32.2265625,-18.5546875,-8.7890625,-20.01953125
149.42578125,-19.04296875,-21.484375,-12.20703125,-0.9765625
149.4296875,-13.671875,-21.97265625,-27.83203125,-38.57421875
149.43359375,-12.6953125,-25.390625,-20.99609375,-50.78125
149.4375,-14.6484375,-21.484375,-10.7421875,-33.69140625
149.44140625,-24.4140625,-13.671875,-15.625,-18.5546875
149.4453125,-19.04296875,-10.25390625,-24.90234375,3.41796875
149.44921875,-0.48828125,-7.8125,-22.94921875,-4.39453125
149.453125,-3.90625,-18.5546875,-14.16015625,-49.8046875
149.45703125,-19.04296875,-21.97265625,-25.87890625,-42.48046875
149.4609375,-14.16015625,-8.30078125,-37.59765625,-17.08984375
149.46484375,-17.578125,-11.23046875,-17.578125,-29.78515625
149.46875,-21.97265625,-17.578125,2.9296875,-27.34375
149.47265625,-10.7421875,-22.94921875,-0.48828125,-28.80859375
149.4765625,-24.90234375,-25.390625,-13.18359375,-16.6015625
149.48046875,-44.43359375,-25.87890625,-25.87890625,-38.57421875
149.484375,-49.8046875,-27.34375,-19.04296875,-50.29296875
149.48828125,-57.12890625,-26.85546875,-16.6015625,-31.73828125
149.4921875,-40.0390625,-14.6484375,-20.5078125,-46.875
149.49609375,-18.06640625,-11.23046875,-14.16015625,-37.59765625
149.5,-24.4140625,-18.5546875,-14.16015625,-15.13671875
149.50390625,-18.06640625,-21.484375,-11.23046875,-9.765625
149.5078125,-14.6484375,-22.94921875,-15.13671875,-44.921875
149.51171875,-22.4609375,-19.53125,-17.08984375,-29.78515625
149.515625,-9.27734375,-16.11328125,-13.18359375,-0.48828125
149.51953125,-0.9765625,-25.390625,-13.671875,-20.99609375
149.5234375,-14.16015625,-28.3203125,-17.08984375,-24.90234375
149.52734375,-27.83203125,-23.4375,-19.53125,-35.15625
149.53125,-37.109375,-20.5078125,-21.484375,-38.57421875
149.53515625,-47.8515625,-21.97265625,-20.99609375,-24.90234375
149.5390625,-21.97265625,-14.16015625,-33.203125,-7.32421875
149.54296875,-20.99609375,-14.16015625,-44.43359375,-31.73828125
149.546875,-40.52734375,-23.4375,-25.390625,-64.453125
149.55078125,-24.4140625,-20.5078125,-14.16015625,-39.0625
149.5546875,-15.625,-20.5078125,-14.6484375,-25.87890625
149.55859375,1.953125,-28.3203125,-14.16015625,-17.578125
149.5625,-5.859375,-18.06640625,-18.06640625,8.30078125
149.56640625,-26.3671875,-16.6015625,-22.94921875,-6.8359375
149.5703125,-27.34375,-32.71484375,-13.671875,-14.6484375
149.57421875,-25.390625,-28.3203125,-14.16015625,-38.57421875
149.578125,-16.11328125,-11.23046875,-20.01953125,-35.64453125
149.58203125,-16.6015625,-15.13671875,-16.11328125,-10.25390625
149.5859375,-37.59765625,-16.11328125,-16.6015625,-21.97265625
149.58984375,-34.1796875,-12.20703125,-28.80859375,-36.62109375
149.59375,14.6484375,-11.23046875,-20.5078125,-14.6484375
149.59765625,-16.6015625,-18.5546875,-0.9765625,-9.27734375
149.6015625,-63.96484375,-29.296875,0.48828125,-41.50390625
149.60546875,-59.08203125,-33.203125,-9.765625,-41.015625
149.609375,-52.24609375,-40.0390625,-22.94921875,-53.22265625
149.61328125,-71.77734375,-54.19921875,2.44140625,-69.82421875
149.6171875,-104.4921875,-59.08203125,26.85546875,-76.66015625
149.62109375,-129.8828125,-51.26953125,21.484375,-99.12109375
149.625,-131.34765625,-53.7109375,9.27734375,-108.3984375
149.62890625,-121.09375,-56.15234375,6.8359375,-107.421875
149.6328125,-126.46484375,-54.19921875,21.97265625,-100.09765625
149.63671875,-132.8125,-67.3828125,29.78515625,-69.3359375
149.640625,-125.0,-63.4765625,19.04296875,-66.89453125
149.64453125,-104.00390625,-52.734375,17.578125,-79.58984375
149.6484375,-97.65625,-55.6640625,18.06640625,-86.42578125
149.65234375,-103.02734375,-55.6640625,16.11328125,-76.66015625
149.65625,-105.46875,-48.828125,20.99609375,-76.171875
149.66015625,-103.515625,-41.9921875,23.4375,-75.1953125
149.6640625,-86.42578125,-31.73828125,22.94921875,-49.31640625
149.66796875,-65.91796875,-27.34375,9.765625,-41.9921875
149.671875,-69.82421875,-33.69140625,1.46484375,-56.640625
149.67578125,-59.08203125,-37.59765625,17.578125,-47.36328125
149.6796875,-48.33984375,-33.69140625,20.99609375,-41.9921875
149.68359375,-66.89453125,-35.15625,5.859375,-42.96875
149.6875,-49.8046875,-39.55078125,-3.41796875,-41.50390625
149.69140625,-28.80859375,-37.109375,1.953125,-49.31640625
149.6953125,-30.76171875,-32.71484375,7.8125,-45.41015625
149.69921875,-33.203125,-36.1328125,12.20703125,-15.13671875
149.703125,-24.4140625,-41.50390625,5.859375,-8.30078125
149.70703125,-20.99609375,-37.59765625,2.9296875,-29.78515625
149.7109375,-33.203125,-34.66796875,-3.90625,-36.62109375
149.71484375,-36.1328125,-32.2265625,-19.53125,-28.3203125
149.71875,-33.203125,-29.78515625,-7.32421875,-14.6484375
149.72265625,-23.4375,-34.1796875,3.41796875,-4.39453125
149.7265625,-25.390625,-30.2734375,-1.46484375,-10.7421875
149.73046875,-22.94921875,-29.78515625,-0.48828125,-9.27734375
149.734375,-12.6953125,-37.109375,2.9296875,0.9765625
149.73828125,-9.765625,-31.25,-3.41796875,8.30078125
149.7421875,-25.87890625,-24.90234375,-0.48828125,-17.08984375
149.74609375,-41.015625,-19.04296875,3.41796875,-21.484375
149.75,-42.96875,-17.08984375,-7.8125,-38.57421875
149.75390625,-41.9921875,-20.99609375,-6.8359375,-41.015625
149.7578125,-42.48046875,-17.08984375,4.39453125,-11.23046875
149.76171875,-44.921875,-19.53125,13.671875,-11.23046875
149.765625,-45.8984375,-26.3671875,15.13671875,-41.015625
149.76953125,-41.50390625,-20.99609375,0.9765625,-26.3671875
149.7734375,-48.33984375,-19.04296875,-4.39453125,-28.3203125
149.77734375,-72.265625,-27.34375,-3.41796875,-77.63671875
149.78125,-68.84765625,-26.3671875,2.44140625,-83.49609375
149.78515625,-88.8671875,-26.85546875,-0.9765625,-74.21875
149.7890625,-109.86328125,-33.69140625,-6.34765625,-90.33203125
149.79296875,-109.86328125,-39.55078125,-3.90625,-128.90625
149.796875,-129.39453125,-36.62109375,-9.765625,-137.6953125
149.80078125,-142.08984375,-25.390625,-21.484375,-119.62890625
149.8046875,-146.97265625,-22.4609375,-32.2265625,-120.1171875
149.80859375,-124.0234375,-29.78515625,-17.578125,-130.37109375
149.8125,-119.140625,-31.25,10.7421875,-126.46484375
149.81640625,-158.203125,-34.66796875,20.01953125,-137.6953125
149.8203125,-153.3203125,-39.0625,20.01953125,-153.3203125
149.82421875,-133.7890625,-35.15625,-11.23046875,-147.4609375
149.828125,-142.08984375,-23.4375,-44.43359375,-135.25390625
149.83203125,-135.7421875,-30.2734375,-19.53125,-105.95703125
149.8359375,-127.44140625,-34.1796875,18.06640625,-96.19140625
149.83984375,-114.74609375,-27.83203125,35.64453125,-88.37890625
149.84375,-115.72265625,-33.69140625,27.83203125,-90.8203125
149.84765625,-101.07421875,-26.85546875,5.859375,-86.42578125
149.8515625,-49.8046875,-5.37109375,-11.71875,-48.828125
149.85546875,-56.640625,-10.7421875,-1.46484375,-28.80859375
149.859375,-62.5,-28.80859375,9.27734375,-23.92578125
149.86328125,-14.6484375,-26.85546875,-8.30078125,-31.25
149.8671875,-20.01953125,-20.5078125,-10.7421875,-25.390625
149.87109375,-39.55078125,-27.83203125,-3.90625,-25.87890625
149.875,-47.36328125,-36.62109375,-5.859375,-24.90234375
149.87890625,-48.33984375,-32.71484375,0.48828125,-16.11328125
149.8828125,-16.11328125,-31.25,1.953125,-6.8359375
149.88671875,-17.08984375,-21.97265625,-1.46484375,-5.37109375
149.890625,-7.8125,-6.8359375,-12.6953125,8.30078125
149.89453125,3.41796875,-16.11328125,-28.80859375,7.8125
149.8984375,-0.9765625,-33.69140625,-14.6484375,0.0
149.90234375,-7.8125,-30.2734375,-1.953125,-2.9296875
149.90625,0.0,-18.06640625,-1.953125,7.32421875
149.91015625,23.92578125,-16.11328125,-11.71875,27.34375
149.9140625,19.04296875,-20.01953125,-15.625,14.16015625
149.91796875,1.46484375,-18.5546875,-17.08984375,0.0
149.921875,-4.8828125,-15.13671875,-17.578125,19.04296875
149.92578125,-0.48828125,-18.06640625,-1.953125,43.45703125
149.9296875,10.7421875,-14.6484375,-7.8125,31.25
149.93359375,15.625,-6.8359375,-20.99609375,20.99609375
149.9375,8.30078125,-12.6953125,-10.7421875,23.4375
149.94140625,0.0,-19.53125,-8.30078125,-0.48828125
149.9453125,19.04296875,-20.01953125,-14.16015625,0.9765625
149.94921875,31.25,-17.578125,-20.01953125,17.578125
149.953125,17.08984375,-12.6953125,-21.484375,23.4375
149.95703125,14.6484375,-7.32421875,-23.4375,21.97265625
149.9609375,27.34375,-11.23046875,-25.390625,28.3203125
149.96484375,31.73828125,-11.23046875,-20.01953125,22.4609375
149.96875,1.953125,-12.20703125,-19.53125,21.484375
149.97265625,-10.25390625,-13.671875,-29.78515625,13.671875
149.9765625,7.32421875,-11.23046875,-17.578125,-0.48828125
149.98046875,13.671875,-4.39453125,-20.01953125,16.11328125
149.984375,30.76171875,-5.37109375,-33.203125,36.1328125
149.98828125,16.6015625,-17.578125,-15.13671875,7.32421875
149.9921875,0.9765625,-20.99609375,-0.9765625,-9.765625
149.99609375,-2.44140625,-18.06640625,0.0,-0.9765625
150.0,-7.32421875,-15.13671875,-9.27734375,-3.90625
150.00390625,-12.20703125,-16.11328125,-14.16015625,-1.46484375
150.0078125,-9.27734375,-15.625,-12.20703125,5.37109375
150.01171875,-2.9296875,-17.08984375,-15.13671875,1.953125
150.015625,-8.30078125,-21.97265625,-23.92578125,-15.13671875
150.01953125,-25.390625,-21.484375,-21.97265625,-37.59765625
150.0234375,-31.25,-16.11328125,-8.7890625,-45.41015625
150.02734375,-26.3671875,-16.6015625,-7.8125,-43.45703125
150.03125,-45.8984375,-22.4609375,-19.53125,-65.4296875
150.03515625,-68.84765625,-25.390625,-30.76171875,-60.05859375
150.0390625,-86.9140625,-20.99609375,-23.92578125,-72.265625
150.04296875,-104.00390625,-22.94921875,-7.8125,-119.62890625
150.046875,-111.81640625,-32.2265625,-7.32421875,-122.0703125
150.05078125,-113.76953125,-34.66796875,-5.859375,-136.71875
150.0546875,-112.3046875,-31.25,-4.8828125,-135.7421875
150.05859375,-125.48828125,-24.90234375,-11.71875,-128.90625
150.0625,-149.4140625,-20.5078125,-20.99609375,-154.78515625
150.06640625,-172.36328125,-24.4140625,-9.765625,-187.5
150.0703125,-162.109375,-25.390625,-4.8828125,-185.05859375
150.07421875,-135.25390625,-20.5078125,-22.94921875,-163.0859375
150.078125,-132.32421875,-9.765625,-34.1796875,-156.25
150.08203125,-130.859375,-12.6953125,-8.30078125,-146.484375
150.0859375,-139.6484375,-31.25,17.578125,-136.23046875
150.08984375,-116.2109375,-49.31640625,20.5078125,-138.671875
150.09375,-77.63671875,-43.9453125,16.6015625,-109.375
150.09765625,-82.51953125,-27.83203125,-0.48828125,-87.890625
150.1015625,-72.75390625,-20.5078125,-21.97265625,-96.6796875
150.10546875,-57.6171875,-9.765625,-23.4375,-91.30859375
150.109375,-53.22265625,-9.765625,-10.7421875,-81.0546875
150.11328125,-37.59765625,-18.5546875,-10.7421875,-49.8046875
150.1171875,-48.828125,-9.27734375,-7.32421875,-36.62109375
150.12109375,-52.734375,0.48828125,-4.8828125,-26.85546875
150.125,-24.90234375,-3.90625,-16.11328125,-16.11328125
150.12890625,-14.16015625,-11.71875,-19.53125,-17.08984375
150.1328125,3.41796875,-13.671875,-11.71875,-2.9296875
150.13671875,2.9296875,-19.53125,-8.30078125,-1.46484375
150.140625,-6.34765625,-32.71484375,-0.9765625,-12.6953125
150.14453125,1.953125,-35.64453125,3.41796875,-33.69140625
150.1484375,-10.25390625,-27.83203125,-17.08984375,-38.0859375
150.15234375,-2.9296875,-13.671875,-36.1328125,-6.34765625
150.15625,8.7890625,-6.8359375,-28.80859375,-7.32421875
150.16015625,5.859375,-5.859375,-19.04296875,-11.71875
150.1640625,3.90625,-8.7890625,-25.87890625,-9.27734375
150.16796875,14.6484375,-14.6484375,-10.7421875,22.4609375
150.171875,15.625,-20.01953125,6.8359375,44.921875
150.17578125,21.97265625,-25.87890625,6.8359375,23.4375
150.1796875,42.96875,-26.85546875,-4.39453125,25.390625
150.18359375,51.26953125,-21.97265625,-37.109375,25.390625
150.1875,26.85546875,-20.5078125,-37.59765625,-1.953125
150.19140625,-0.9765625,-21.484375,-4.39453125,4.39453125
150.1953125,1.46484375,-14.6484375,1.46484375,32.2265625
150.19921875,13.18359375,-15.13671875,-4.8828125,17.08984375
150.203125,37.59765625,-24.4140625,-2.44140625,29.296875
150.20703125,40.52734375,-26.3671875,6.34765625,39.0625
150.2109375,50.29296875,-12.6953125,-3.41796875,26.3671875
150.21484375,42.48046875,-10.25390625,-22.94921875,21.484375
150.21875,30.76171875,-11.71875,-16.6015625,35.15625
150.22265625,39.0625,-5.859375,-10.7421875,22.94921875
150.2265625,46.38671875,-4.39453125,-15.625,22.4609375
150.23046875,36.62109375,-9.27734375,3.41796875,23.4375
150.234375,16.11328125,-12.20703125,1.953125,-3.90625
150.23828125,21.97265625,-13.671875,-16.11328125,13.671875
150.2421875,35.15625,-12.20703125,-21.484375,36.62109375
150.24609375,29.78515625,-14.6484375,-16.6015625,31.25
150.25,41.9921875,-17.578125,-6.8359375,35.15625
150.25390625,67.87109375,-9.765625,-16.11328125,52.734375
150.2578125,67.3828125,-11.71875,-20.01953125,47.36328125
150.26171875,37.109375,-15.625,-4.8828125,20.5078125
150.265625,26.85546875,-11.71875,0.9765625,17.578125
150.26953125,28.80859375,-8.7890625,-6.8359375,25.390625
150.2734375,5.37109375,-8.30078125,-20.99609375,5.859375
150.27734375,-5.37109375,-5.859375,-11.23046875,1.46484375
150.28125,13.18359375,-19.53125,2.44140625,16.6015625
150.28515625,23.4375,-34.66796875,4.39453125,-6.8359375
150.2890625,16.6015625,-33.203125,-4.39453125,-7.32421875
150.29296875,-14.6484375,-27.83203125,-24.4140625,-3.90625
150.296875,-10.7421875,-21.484375,-33.203125,-5.859375
150.30078125,6.8359375,-18.06640625,-24.4140625,-3.41796875
150.3046875,-15.13671875,-32.71484375,-17.08984375,-29.78515625
150.30859375,0.0,-32.71484375,-16.6015625,-30.2734375
150.3125,36.1328125,-10.7421875,-37.109375,18.5546875
150.31640625,34.66796875,-6.34765625,-31.25,47.36328125
150.3203125,24.4140625,-17.08984375,-1.953125,21.97265625
150.32421875,18.5546875,-28.80859375,13.671875,-4.8828125
150.328125,25.390625,-24.90234375,14.16015625,12.20703125
150.33203125,26.3671875,-7.8125,-10.7421875,15.625
150.3359375,-14.16015625,-17.08984375,-9.27734375,-12.20703125
150.33984375,2.9296875,-23.92578125,-5.859375,-10.25390625
150.34375,9.765625,-25.390625,-22.94921875,-6.34765625
150.34765625,-7.8125,-26.3671875,-12.20703125,23.92578125
150.3515625,0.0,-21.484375,-1.953125,20.5078125
150.35546875,-17.578125,-28.80859375,1.46484375,-26.85546875
150.359375,-19.53125,-29.296875,5.37109375,-11.23046875
150.36328125,-4.8828125,-20.99609375,0.48828125,3.90625
150.3671875,2.9296875,-18.06640625,3.90625,-15.625
150.37109375,0.48828125,-11.71875,0.0,1.46484375
150.375,-6.8359375,-13.18359375,-20.5078125,24.4140625
150.37890625,-13.18359375,-16.11328125,-15.625,-2.44140625
150.3828125,-13.18359375,-19.53125,3.90625,-14.16015625
150.38671875,-16.6015625,-26.85546875,4.39453125,17.08984375
150.390625,-28.3203125,-25.87890625,-22.94921875,4.8828125
150.39453125,-7.32421875,-24.90234375,-18.5546875,-21.484375
150.3984375,-4.8828125,-25.390625,-5.37109375,0.9765625
150.40234375,-6.8359375,-28.3203125,-2.44140625,-3.90625
150.40625,-15.625,-31.73828125,0.48828125,3.41796875
150.41015625,-15.13671875,-37.59765625,-13.18359375,0.9765625
150.4140625,17.578125,-46.38671875,-11.71875,-1.953125
150.41796875,27.83203125,-37.59765625,-4.39453125,8.7890625
150.421875,3.90625,-26.3671875,2.44140625,-0.48828125
150.42578125,-33.203125,-20.01953125,4.8828125,-4.8828125
150.4296875,-28.3203125,-11.23046875,-12.6953125,-30.2734375
150.43359375,-12.20703125,-12.6953125,-27.83203125,-9.765625
150.4375,8.7890625,-9.27734375,-28.80859375,28.3203125
150.44140625,0.9765625,-23.92578125,-12.20703125,20.5078125
150.4453125,-6.8359375,-43.45703125,-11.71875,-7.32421875
150.44921875,4.8828125,-37.59765625,-28.3203125,-3.41796875
150.453125,2.9296875,-26.85546875,-20.99609375,-14.16015625
150.45703125,-1.46484375,-28.80859375,-11.23046875,-43.9453125
150.4609375,4.39453125,-34.1796875,-13.18359375,-14.6484375
150.46484375,-16.11328125,-35.64453125,-10.25390625,-29.78515625
150.46875,-29.78515625,-31.73828125,-15.625,-37.109375
150.47265625,-15.13671875,-23.92578125,-16.6015625,-41.50390625
150.4765625,-13.18359375,-20.99609375,-8.7890625,-50.78125
150.48046875,-3.90625,-26.3671875,-6.34765625,-10.7421875
150.484375,6.8359375,-26.3671875,-16.11328125,-0.48828125
150.48828125,-31.73828125,-18.5546875,-13.18359375,-31.25
150.4921875,-29.78515625,-19.04296875,-5.37109375,-27.34375
150.49609375,-1.953125,-31.73828125,-3.90625,-12.6953125
150.5,-17.08984375,-30.2734375,-10.7421875,-19.04296875
150.50390625,-5.37109375,-21.97265625,-18.06640625,-19.04296875
150.5078125,-8.30078125,-16.6015625,-6.8359375,-25.87890625
150.51171875,-20.99609375,-15.13671875,15.13671875,-43.9453125
150.515625,-7.8125,-19.04296875,10.25390625,-40.52734375
150.51953125,-0.9765625,-12.20703125,-8.7890625,-0.48828125
150.5234375,-10.7421875,-15.13671875,-13.671875,5.37109375
150.52734375,-3.90625,-32.2265625,-10.7421875,-15.13671875
150.53125,-13.671875,-34.66796875,-6.8359375,-23.92578125
150.53515625,-18.5546875,-24.4140625,-1.953125,-37.109375
150.5390625,-20.99609375,-22.94921875,3.90625,-38.0859375
150.54296875,-8.30078125,-30.2734375,-17.08984375,-4.39453125
150.546875,-2.44140625,-27.83203125,-23.4375,-21.97265625
150.55078125,-24.90234375,-20.01953125,22.94921875,-33.203125
150.5546875,-18.5546875,-21.484375,30.2734375,-11.23046875
150.55859375,-9.765625,-29.78515625,-10.7421875,-6.8359375
150.5625,9.765625,-23.92578125,-20.99609375,33.69140625
150.56640625,0.9765625,-16.6015625,-20.01953125,2.9296875
150.5703125,-41.9921875,-17.08984375,-25.390625,-53.22265625
150.57421875,-12.20703125,-8.7890625,-13.671875,-25.390625
150.578125,2.9296875,-14.6484375,10.25390625,-13.18359375
150.58203125,-7.8125,-28.3203125,-5.37109375,-22.4609375
150.5859375,-17.08984375,-32.2265625,-13.671875,-33.69140625
150.58984375,-22.94921875,-38.0859375,-22.94921875,-41.015625
150.59375,-3.90625,-39.0625,-46.875,-19.04296875
150.59765625,0.48828125,-39.0625,-46.875,-25.390625
150.6015625,-39.0625,-40.0390625,-41.015625,-41.50390625
150.60546875,-31.25,-27.34375,-25.87890625,-26.3671875
150.609375,-22.94921875,-20.5078125,-21.484375,-51.26953125
150.61328125,-24.90234375,-24.90234375,-58.10546875,-60.05859375
150.6171875,-7.32421875,-39.55078125,-85.44921875,-45.8984375
150.62109375,-15.13671875,-41.015625,-75.1953125,-52.734375
150.625,-42.96875,-47.36328125,-67.87109375,-32.2265625
150.62890625,-59.08203125,-47.8515625,-71.2890625,-63.96484375
150.6328125,-37.109375,-17.08984375,-56.640625,-95.703125
150.63671875,-46.875,-13.18359375,-61.5234375,-42.48046875
150.640625,-33.69140625,-30.2734375,-61.03515625,-39.55078125
150.64453125,-24.4140625,-30.2734375,-50.29296875,-47.36328125
150.6484375,-28.80859375,-18.06640625,-56.640625,-40.0390625
150.65234375,-1.953125,-4.39453125,-30.2734375,-34.1796875
150.65625,7.32421875,10.25390625,-7.32421875,5.37109375
150.66015625,3.90625,14.16015625,-7.32421875,6.34765625
150.6640625,-16.6015625,5.37109375,-6.34765625,-42.96875
150.66796875,-14.16015625,4.8828125,-4.8828125,-30.76171875
150.671875,-0.9765625,6.34765625,12.6953125,-47.36328125
150.67578125,-1.953125,2.44140625,1.953125,-58.10546875
150.6796875,7.8125,-2.9296875,-36.62109375,-33.203125
150.68359375,-11.23046875,-15.13671875,-58.10546875,-49.8046875
150.6875,-29.296875,-8.30078125,-55.6640625,-65.91796875
150.69140625,-32.2265625,0.9765625,-18.5546875,-57.12890625
150.6953125,-44.921875,-0.9765625,-40.52734375,-62.5
150.69921875,-57.12890625,-3.90625,-91.796875,-91.30859375
150.703125,-62.98828125,-13.671875,-73.2421875,-104.98046875
150.70703125,-94.23828125,-14.16015625,-61.03515625,-131.8359375
150.7109375,-112.3046875,-13.18359375,-83.984375,-168.9453125
150.71484375,-149.90234375,-9.765625,-78.61328125,-174.31640625
150.71875,-190.91796875,-11.23046875,-31.73828125,-231.93359375
150.72265625,-170.41015625,-12.6953125,-27.83203125,-224.609375
150.7265625,-168.45703125,14.16015625,-35.15625,-184.5703125
150.73046875,-179.19921875,29.78515625,3.90625,-210.44921875
150.734375,-162.109375,17.08984375,0.48828125,-198.2421875
150.73828125,-147.4609375,17.08984375,-54.6875,-176.26953125
150.7421875,-141.6015625,27.34375,-54.6875,-181.640625
150.74609375,-154.78515625,33.203125,-27.34375,-178.7109375
150.75,-186.5234375,25.390625,3.41796875,-215.8203125
150.75390625,-167.96875,12.6953125,20.99609375,-235.3515625
150.7578125,-140.13671875,9.765625,32.2265625,-202.1484375
150.76171875,-181.15234375,1.46484375,64.453125,-209.9609375
150.765625,-173.33984375,16.6015625,79.1015625,-210.9375
150.76953125,-141.6015625,22.94921875,46.38671875,-226.07421875
150.7734375,-160.15625,-4.39453125,33.69140625,-244.62890625
150.77734375,-162.59765625,-16.6015625,41.50390625,-241.2109375
150.78125,-146.97265625,-17.08984375,87.40234375,-239.74609375
150.78515625,-118.1640625,-18.5546875,117.67578125,-205.56640625
150.7890625,-92.28515625,-14.6484375,43.9453125,-162.109375
150.79296875,-97.16796875,-21.97265625,-21.484375,-167.96875
150.796875,-81.0546875,-29.78515625,-21.97265625,-177.734375
150.80078125,-74.70703125,-35.15625,-4.39453125,-165.0390625
150.8046875,-106.93359375,-32.71484375,5.859375,-155.2734375
150.80859375,-107.421875,-20.01953125,35.15625,-162.109375
150.8125,-101.5625,-23.92578125,34.1796875,-166.015625
150.81640625,-103.02734375,-50.78125,16.11328125,-181.640625
150.8203125,-79.58984375,-40.0390625,26.85546875,-170.41015625
150.82421875,-70.3125,-22.4609375,38.0859375,-133.30078125
150.828125,-72.75390625,-41.9921875,12.20703125,-120.60546875
150.83203125,-80.078125,-46.38671875,-17.08984375,-133.30078125
150.8359375,-83.49609375,-52.734375,-35.64453125,-130.37109375
150.83984375,-106.93359375,-65.4296875,-41.015625,-117.1875
150.84375,-94.23828125,-56.640625,-36.1328125,-123.53515625
150.84765625,-50.78125,-52.24609375,-35.15625,-115.72265625
150.8515625,-51.26953125,-57.12890625,-55.17578125,-93.75
150.85546875,-43.9453125,-46.875,-50.29296875,-96.19140625
150.859375,-48.33984375,-30.2734375,-25.390625,-113.28125
150.86328125,-66.89453125,-17.578125,-18.06640625,-99.609375
150.8671875,-62.5,-22.94921875,-23.92578125,-87.890625
150.87109375,-42.48046875,-27.83203125,-30.2734375,-91.796875
150.875,-47.8515625,-26.85546875,-25.390625,-79.1015625
150.87890625,-52.24609375,-36.62109375,-45.8984375,-68.359375
150.8828125,-32.2265625,-38.57421875,-85.44921875,-36.1328125
150.88671875,-29.296875,-40.52734375,-71.2890625,-16.11328125
150.890625,-34.66796875,-44.43359375,-33.203125,-41.015625
150.89453125,-30.2734375,-46.38671875,-28.3203125,-50.29296875
150.8984375,-12.20703125,-42.96875,-61.5234375,-28.3203125
150.90234375,19.04296875,-31.25,-100.5859375,-7.32421875
150.90625,14.16015625,-39.0625,-77.63671875,-21.97265625
150.91015625,-15.625,-57.12890625,-41.9921875,-39.55078125
150.9140625,-4.39453125,-52.734375,-29.296875,-35.64453125
150.91796875,34.66796875,-44.43359375,-32.71484375,2.44140625
150.921875,47.8515625,-38.57421875,-42.48046875,32.2265625
150.92578125,54.19921875,-34.1796875,-37.109375,16.6015625
150.9296875,37.109375,-38.57421875,-55.6640625,-26.85546875
150.93359375,55.6640625,-37.109375,-74.21875,-11.23046875
150.9375,55.17578125,-30.76171875,-73.2421875,57.12890625
150.94140625,4.8828125,-33.69140625,-89.84375,49.8046875
150.9453125,28.3203125,-40.52734375,-100.09765625,38.0859375
150.94921875,92.7734375,-26.85546875,-141.6015625,56.640625
150.953125,94.23828125,-13.671875,-156.73828125,74.21875
150.95703125,68.359375,-23.92578125,-119.140625,100.5859375
150.9609375,86.42578125,-31.73828125,-106.93359375,46.875
150.96484375,108.88671875,-38.57421875,-116.2109375,14.16015625
150.96875,90.8203125,-54.19921875,-155.2734375,33.203125
150.97265625,68.359375,-51.26953125,-172.36328125,45.8984375
150.9765625,72.265625,-42.96875,-162.59765625,55.6640625
150.98046875,103.02734375,-38.57421875,-159.1796875,41.50390625
150.984375,81.54296875,-35.64453125,-152.34375,22.94921875
150.98828125,49.8046875,-45.8984375,-144.04296875,32.71484375
150.9921875,73.2421875,-54.6875,-137.6953125,51.26953125
150.99609375,101.07421875,-43.45703125,-136.71875,53.22265625
151.0,98.14453125,-41.015625,-136.71875,29.78515625
151.00390625,83.0078125,-41.9921875,-125.48828125,42.96875
151.0078125,85.44921875,-42.96875,-96.19140625,50.78125
151.01171875,76.171875,-48.828125,-66.89453125,36.62109375
151.015625,65.91796875,-43.9453125,-60.546875,23.92578125
151.01953125,42.96875,-35.15625,-57.6171875,15.625
151.0234375,13.671875,-36.1328125,-63.4765625,25.390625
151.02734375,36.1328125,-42.96875,-80.56640625,40.0390625
151.03125,48.33984375,-40.52734375,-84.47265625,-14.6484375
151.03515625,51.26953125,-43.9453125,-82.03125,-17.578125
151.0390625,62.01171875,-48.33984375,-89.35546875,35.15625
151.04296875,68.84765625,-52.734375,-75.1953125,15.625
151.046875,46.875,-50.78125,-56.640625,32.71484375
151.05078125,17.578125,-41.015625,-70.3125,44.43359375
151.0546875,12.6953125,-37.59765625,-81.0546875,-12.6953125
151.05859375,5.859375,-31.25,-83.49609375,-13.671875
151.0625,13.671875,-29.296875,-84.9609375,15.625
151.06640625,20.5078125,-27.34375,-74.70703125,54.19921875
151.0703125,46.38671875,-22.94921875,-73.73046875,38.57421875
151.07421875,50.78125,-23.4375,-95.703125,4.8828125
151.078125,35.64453125,-33.203125,-110.83984375,4.8828125
151.08203125,46.875,-32.71484375,-111.81640625,-0.9765625
151.0859375,47.36328125,-28.3203125,-114.74609375,7.32421875
151.08984375,45.8984375,-28.80859375,-123.53515625,-25.390625
151.09375,40.0390625,-30.76171875,-117.1875,-7.32421875
151.09765625,22.94921875,-36.1328125,-110.83984375,30.2734375
151.1015625,46.38671875,-39.55078125,-115.72265625,11.71875
151.10546875,72.265625,-36.1328125,-116.2109375,6.34765625
151.109375,58.59375,-29.78515625,-113.76953125,5.37109375
151.11328125,51.7578125,-28.80859375,-116.2109375,19.04296875
151.1171875,57.6171875,-26.3671875,-118.65234375,54.19921875
151.12109375,44.921875,-20.99609375,-126.46484375,4.8828125
151.125,20.99609375,-19.04296875,-122.55859375,-13.18359375
151.12890625,29.78515625,-26.3671875,-117.67578125,3.90625
151.1328125,63.4765625,-29.78515625,-119.140625,-3.90625
151.13671875,67.87109375,-12.6953125,-122.0703125,31.73828125
151.140625,52.24609375,-9.765625,-130.859375,16.11328125
151.14453125,15.13671875,-17.578125,-135.7421875,-25.87890625
151.1484375,-2.44140625,-15.625,-129.39453125,17.08984375
151.15234375,-18.06640625,-21.484375,-103.515625,-13.671875
151.15625,3.90625,-25.87890625,-92.28515625,-20.01953125
151.16015625,32.71484375,-24.90234375,-101.07421875,8.30078125
151.1640625,4.8828125,-31.25,-119.62890625,-24.90234375
151.16796875,19.53125,-23.4375,-129.8828125,-36.1328125
151.171875,20.5078125,-20.99609375,-128.41796875,-1.953125
151.17578125,-9.27734375,-22.4609375,-125.9765625,41.015625
151.1796875,-4.8828125,-11.71875,-121.58203125,-5.859375
151.18359375,5.859375,-15.625,-115.234375,16.6015625
151.1875,5.37109375,-23.4375,-122.55859375,27.34375
151.19140625,-2.9296875,-28.80859375,-129.39453125,26.85546875
151.1953125,-23.4375,-24.90234375,-126.46484375,-18.5546875
151.19921875,-10.25390625,-14.16015625,-114.2578125,-28.3203125
151.203125,19.04296875,-3.41796875,-107.91015625,16.6015625
151.20703125,-44.43359375,-2.44140625,-113.28125,-3.41796875
151.2109375,-56.15234375,-6.34765625,-119.140625,-20.5078125
151.21484375,-1.953125,-8.30078125,-128.41796875,-30.76171875
151.21875,-4.8828125,-15.13671875,-128.41796875,-5.37109375
151.22265625,-20.5078125,-18.5546875,-104.4921875,-0.9765625
151.2265625,0.48828125,-10.25390625,-104.98046875,-45.8984375
151.23046875,0.0,-7.32421875,-111.81640625,-12.20703125
151.234375,-6.34765625,-10.7421875,-111.81640625,106.93359375
151.23828125,-23.92578125,-12.20703125,-125.9765625,47.8515625
151.2421875,-24.90234375,-16.11328125,-132.32421875,-32.2265625
151.24609375,-26.3671875,-17.08984375,-115.72265625,-7.32421875
151.25,-22.4609375,-12.6953125,-103.515625,0.48828125
151.25390625,1.46484375,-1.46484375,-103.02734375,-4.8828125
151.2578125,1.46484375,8.30078125,-112.79296875,-1.953125
151.26171875,-5.37109375,-13.671875,-109.375,22.4609375
151.265625,3.41796875,-24.90234375,-107.91015625,12.20703125
151.26953125,4.39453125,-11.23046875,-127.44140625,-1.953125
151.2734375,-7.8125,-10.7421875,-118.65234375,-6.8359375
151.27734375,-6.8359375,-15.625,-104.98046875,-17.578125
151.28125,-1.46484375,-13.18359375,-101.07421875,-11.71875
151.28515625,2.44140625,-13.18359375,-100.5859375,-8.30078125
151.2890625,-1.46484375,-16.6015625,-105.46875,-14.6484375
151.29296875,-15.13671875,-15.625,-107.91015625,-4.8828125
151.296875,-12.20703125,-24.90234375,-112.79296875,7.8125
151.30078125,-1.46484375,-25.390625,-122.55859375,-3.90625
151.3046875,-21.97265625,-20.5078125,-134.27734375,16.6015625
151.30859375,-39.55078125,-32.71484375,-122.0703125,46.38671875
151.3125,-7.32421875,-30.76171875,-104.00390625,10.7421875
151.31640625,2.9296875,-27.83203125,-114.2578125,-30.2734375
151.3203125,-4.8828125,-33.69140625,-128.41796875,-28.3203125
151.32421875,1.46484375,-43.45703125,-103.02734375,-2.9296875
151.328125,30.2734375,-37.59765625,-89.84375,-0.48828125
151.33203125,-22.94921875,-30.2734375,-111.81640625,40.0390625
151.3359375,-59.5703125,-23.4375,-122.0703125,35.15625
151.33984375,-44.921875,-18.5546875,-112.3046875,-32.2265625
151.34375,-21.484375,-27.83203125,-98.14453125,65.91796875
151.34765625,14.16015625,-22.4609375,-99.12109375,82.51953125
151.3515625,-25.390625,-19.53125,-107.421875,-33.203125
151.35546875,-12.6953125,-22.4609375,-102.05078125,-38.57421875
151.359375,11.23046875,-30.2734375,-86.42578125,-25.390625
151.36328125,-3.90625,-27.34375,-79.58984375,-8.7890625
151.3671875,3.90625,-10.25390625,-87.40234375,-2.44140625
151.37109375,17.578125,-2.9296875,-94.7265625,34.66796875
151.375,-10.7421875,-6.8359375,-107.421875,103.02734375
151.37890625,-14.16015625,-2.9296875,-96.6796875,22.94921875
151.3828125,26.85546875,-1.953125,-83.49609375,-16.11328125
151.38671875,33.203125,-18.06640625,-89.84375,-20.01953125
151.390625,17.578125,-27.83203125,-91.30859375,-51.7578125
151.39453125,-7.8125,-19.53125,-83.984375,11.71875
151.3984375,-1.953125,-19.04296875,-71.2890625,31.25
151.40234375,7.8125,-22.94921875,-66.40625,14.6484375
151.40625,-12.20703125,-20.5078125,-61.5234375,42.48046875
151.41015625,-24.90234375,-14.16015625,-49.8046875,37.109375
151.4140625,-12.20703125,-14.6484375,-57.12890625,-1.46484375
151.41796875,-8.30078125,-23.4375,-68.84765625,1.953125
151.421875,-33.69140625,-17.578125,-53.7109375,37.109375
151.42578125,-74.70703125,-10.25390625,-56.15234375,20.99609375
151.4296875,-80.078125,-12.6953125,-72.265625,-22.4609375
151.43359375,-63.96484375,-6.34765625,-66.40625,-0.48828125
151.4375,-38.57421875,-3.90625,-58.59375,24.4140625
151.44140625,-42.96875,-15.625,-58.10546875,14.6484375
151.4453125,-64.94140625,-30.2734375,-56.15234375,-11.71875
151.44921875,-44.921875,-35.64453125,-58.10546875,-20.01953125
151.453125,-55.6640625,-27.34375,-63.4765625,-11.71875
151.45703125,-65.4296875,-16.11328125,-64.94140625,0.48828125
151.4609375,-34.66796875,-19.04296875,-63.96484375,19.53125
151.46484375,-42.96875,-20.5078125,-68.84765625,44.43359375
151.46875,-31.73828125,-12.20703125,-72.75390625,60.546875
151.47265625,-5.37109375,-7.8125,-72.265625,36.1328125
151.4765625,-36.1328125,-12.6953125,-73.73046875,23.92578125
151.48046875,-45.8984375,-23.4375,-57.12890625,27.83203125
151.484375,-35.64453125,-15.13671875,-44.43359375,37.59765625
151.48828125,-18.06640625,-6.8359375,-59.5703125,10.7421875
151.4921875,-54.6875,-16.11328125,-55.17578125,2.9296875
151.49609375,-59.08203125,-14.16015625,-40.52734375,27.83203125
151.5,-37.109375,-13.18359375,-48.828125,40.0390625
151.50390625,-42.96875,-18.06640625,-58.10546875,21.484375
151.5078125,-43.45703125,-10.25390625,-48.33984375,17.08984375
151.51171875,-11.23046875,-5.37109375,-43.45703125,21.97265625
151.515625,-26.3671875,-7.8125,-44.43359375,0.0
151.51953125,-57.12890625,-9.765625,-43.9453125,21.97265625
151.5234375,-39.55078125,-20.5078125,-52.734375,31.73828125
151.52734375,-21.484375,-24.90234375,-61.03515625,17.578125
151.53125,-6.8359375,-20.5078125,-53.7109375,35.15625
151.53515625,-13.18359375,-23.4375,-51.7578125,-7.8125
151.5390625,-29.78515625,-25.390625,-48.33984375,-18.06640625
151.54296875,-52.24609375,-22.94921875,-40.52734375,15.13671875
151.546875,-41.50390625,-27.83203125,-40.0390625,20.5078125
151.55078125,-24.90234375,-28.3203125,-42.48046875,9.27734375
151.5546875,-39.55078125,-26.3671875,-42.96875,-19.04296875
151.55859375,-74.21875,-27.34375,-38.0859375,0.9765625
151.5625,-79.58984375,-18.5546875,-29.78515625,35.15625
151.56640625,-32.2265625,-2.9296875,-35.64453125,-8.7890625
151.5703125,-18.06640625,-4.8828125,-38.0859375,5.37109375
151.57421875,-32.2265625,-7.8125,-14.16015625,34.66796875
151.578125,-20.99609375,-1.46484375,-9.27734375,-16.6015625
151.58203125,-30.76171875,-8.30078125,-17.578125,-8.30078125
151.5859375,-39.0625,-16.6015625,-21.97265625,21.484375
151.58984375,-38.0859375,-16.6015625,-20.99609375,12.20703125
151.59375,-33.203125,-24.90234375,-22.4609375,-11.23046875
151.59765625,-33.69140625,-21.97265625,-18.5546875,25.87890625
151.6015625,-32.2265625,-5.37109375,-20.99609375,69.3359375
151.60546875,-50.29296875,-7.32421875,-37.59765625,-3.90625
151.609375,-50.78125,-16.6015625,-24.4140625,-0.48828125
151.61328125,-27.34375,-20.99609375,-12.20703125,-14.6484375
151.6171875,-67.3828125,-30.2734375,-16.6015625,-41.50390625
151.62109375,-50.78125,-24.90234375,-21.484375,10.7421875
151.625,-45.41015625,-14.16015625,-25.390625,-10.7421875
151.62890625,-64.94140625,-15.13671875,-11.23046875,-29.78515625
151.6328125,-52.734375,-14.16015625,-3.90625,-10.7421875
151.63671875,-57.12890625,-11.23046875,-13.18359375,2.9296875
151.640625,-41.50390625,-11.23046875,-23.4375,9.765625
151.64453125,-66.40625,-20.01953125,-25.87890625,25.87890625
151.6484375,-68.84765625,-22.4609375,-28.80859375,60.546875
151.65234375,-30.2734375,-21.484375,-42.48046875,11.23046875
151.65625,-45.8984375,-43.9453125,-26.3671875,-48.828125
151.66015625,-60.05859375,-31.25,-4.39453125,-39.55078125
151.6640625,-76.171875,-9.765625,-7.32421875,-25.87890625
151.66796875,-64.94140625,-10.25390625,-9.765625,-13.671875
151.671875,-54.6875,-8.7890625,-23.4375,14.6484375
151.67578125,-46.38671875,-17.578125,-21.97265625,-6.34765625
151.6796875,-44.43359375,-28.3203125,-4.39453125,-15.625
151.68359375,-57.6171875,-26.85546875,5.37109375,24.90234375
151.6875,-47.8515625,-33.69140625,6.34765625,51.26953125
151.69140625,-43.45703125,-40.0390625,4.8828125,61.5234375
151.6953125,-21.484375,-23.4375,-6.34765625,5.37109375
151.69921875,-30.2734375,-22.4609375,-17.578125,-12.20703125
151.703125,-53.7109375,-27.83203125,-15.625,-15.625
151.70703125,-57.12890625,-21.97265625,-11.23046875,-38.57421875
151.7109375,-47.36328125,-19.53125,0.0,13.18359375
151.71484375,-43.9453125,-18.5546875,8.7890625,56.15234375
151.71875,-42.48046875,-27.34375,14.6484375,11.71875
151.72265625,-50.78125,-35.64453125,9.765625,11.71875
151.7265625,-60.546875,-25.390625,-7.32421875,28.3203125
151.73046875,-35.64453125,-14.16015625,-5.859375,2.44140625
151.734375,-48.33984375,-21.484375,15.13671875,18.06640625
151.73828125,-86.9140625,-26.85546875,16.11328125,-9.765625
151.7421875,-62.01171875,-22.4609375,-2.9296875,-10.25390625
151.74609375,-18.5546875,-19.53125,8.30078125,33.69140625
151.75,-26.3671875,-19.53125,32.71484375,18.5546875
151.75390625,-56.640625,-22.4609375,28.3203125,-1.46484375
151.7578125,-91.796875,-29.296875,20.5078125,20.99609375
151.76171875,-119.140625,-24.90234375,15.625,1.46484375
151.765625,-66.89453125,-29.296875,5.859375,15.625
151.76953125,-46.875,-28.80859375,-8.30078125,28.80859375
151.7734375,-65.91796875,-20.99609375,1.46484375,2.44140625
151.77734375,-62.98828125,-25.390625,15.625,17.578125
151.78125,-73.2421875,-35.64453125,14.16015625,-2.44140625
151.78515625,-59.08203125,-25.87890625,21.484375,-39.55078125
151.7890625,-62.98828125,-13.18359375,11.23046875,-42.48046875
151.79296875,-84.47265625,-9.27734375,-5.37109375,-16.11328125
151.796875,-74.21875,1.46484375,-7.32421875,-10.7421875
151.80078125,-66.89453125,-1.46484375,-19.04296875,-16.6015625
151.8046875,-59.5703125,-14.16015625,-16.6015625,-9.765625
151.80859375,-59.5703125,-22.94921875,-4.8828125,-7.8125
151.8125,-79.58984375,-31.25,-26.85546875,-9.765625
151.81640625,-57.12890625,-34.1796875,-24.4140625,-28.80859375
151.8203125,-46.875,-32.71484375,-3.41796875,-28.3203125
151.82421875,-86.9140625,-30.76171875,6.34765625,-28.3203125
151.828125,-100.5859375,-25.87890625,1.953125,-24.90234375
151.83203125,-90.33203125,-20.99609375,-19.53125,-6.8359375
151.8359375,-112.3046875,-25.87890625,-5.859375,-8.7890625
151.83984375,-110.83984375,-42.96875,9.27734375,-18.5546875
151.84375,-50.29296875,-28.3203125,4.39453125,-26.3671875
151.84765625,-50.78125,-13.18359375,0.48828125,2.9296875
151.8515625,-81.54296875,-18.5546875,-6.8359375,-9.765625
151.85546875,-72.75390625,-23.92578125,-10.25390625,-48.33984375
151.859375,-67.3828125,-24.4140625,-17.08984375,-42.96875
151.86328125,-96.6796875,-23.4375,-22.94921875,-28.3203125
151.8671875,-111.328125,-28.80859375,-21.97265625,-4.8828125
151.87109375,-73.73046875,-27.83203125,-12.20703125,4.8828125
151.875,-37.109375,-29.78515625,-3.41796875,-0.48828125
151.87890625,-85.9375,-28.80859375,-12.6953125,4.39453125
151.8828125,-87.40234375,-20.01953125,-2.9296875,20.5078125
151.88671875,-89.35546875,-17.08984375,1.46484375,-14.6484375
151.890625,-109.375,-11.23046875,-8.7890625,-25.390625
151.89453125,-86.42578125,-11.23046875,-3.41796875,-2.9296875
151.8984375,-80.56640625,-15.13671875,-0.48828125,3.41796875
151.90234375,-95.703125,-12.6953125,-4.39453125,34.1796875
151.90625,-101.5625,-29.296875,-3.90625,-19.53125
151.91015625,-88.37890625,-44.43359375,-14.6484375,-72.75390625
151.9140625,-85.9375,-27.83203125,-31.73828125,-58.10546875
151.91796875,-119.140625,-12.20703125,-32.2265625,-60.05859375
151.921875,-109.375,-9.27734375,-19.04296875,4.8828125
151.92578125,-82.03125,-7.8125,-23.4375,18.06640625
151.9296875,-83.984375,-2.9296875,-31.73828125,-60.05859375
151.93359375,-81.0546875,-9.27734375,-9.765625,-84.47265625
151.9375,-92.7734375,-15.13671875,-10.7421875,-42.48046875
151.94140625,-71.77734375,-6.34765625,-29.78515625,-1.953125
151.9453125,-47.36328125,-12.6953125,-35.15625,-21.97265625
151.94921875,-55.17578125,-34.66796875,-32.2265625,-54.6875
151.953125,-55.17578125,-42.96875,-25.87890625,-34.1796875
151.95703125,-59.5703125,-29.296875,-28.3203125,-30.2734375
151.9609375,-68.359375,-19.53125,-30.2734375,-15.625
151.96484375,-77.63671875,-17.08984375,-27.34375,49.31640625
151.96875,-72.265625,-10.25390625,-32.2265625,-24.4140625
151.97265625,-62.5,-15.13671875,-35.64453125,-86.9140625
151.9765625,-52.734375,-22.4609375,-17.578125,-53.7109375
151.98046875,-54.19921875,-20.01953125,-12.6953125,-52.24609375
151.984375,-52.24609375,-24.4140625,-13.671875,-24.4140625
151.98828125,-33.69140625,-33.69140625,-13.671875,-10.25390625
151.9921875,-66.40625,-39.0625,-32.71484375,-71.2890625
151.99609375,-53.22265625,-28.80859375,-31.25,-68.84765625
152.0,-35.15625,-24.4140625,-32.2265625,-13.18359375
152.00390625,-46.875,-28.80859375,-41.015625,5.859375
152.0078125,-42.96875,-20.99609375,-39.55078125,-17.578125
152.01171875,-36.1328125,-20.01953125,-32.2265625,-12.20703125
152.015625,-46.38671875,-19.04296875,-16.6015625,-26.3671875
152.01953125,-57.6171875,-26.3671875,-20.5078125,-83.49609375
152.0234375,-67.3828125,-27.83203125,-46.38671875,-77.63671875
152.02734375,-61.5234375,-16.11328125,-50.29296875,-52.734375
152.03125,-58.10546875,-21.97265625,-41.50390625,-51.7578125
152.03515625,-50.29296875,-33.69140625,-34.66796875,-12.6953125
152.0390625,-25.87890625,-35.15625,-25.87890625,-16.6015625
152.04296875,-45.8984375,-28.3203125,-31.25,-37.109375
152.046875,-46.875,-19.04296875,-41.9921875,-39.55078125
152.05078125,-37.109375,-11.23046875,-42.48046875,-29.78515625
152.0546875,-39.55078125,-14.16015625,-36.1328125,21.484375
152.05859375,-43.9453125,-38.57421875,-27.83203125,4.39453125
152.0625,-58.10546875,-38.0859375,-23.92578125,-82.51953125
152.06640625,-72.265625,-17.08984375,-10.7421875,-83.49609375
152.0703125,-31.73828125,-17.578125,-0.48828125,-45.8984375
152.07421875,-29.78515625,-16.11328125,-28.3203125,-69.3359375
152.078125,-63.96484375,-10.25390625,-54.19921875,-62.98828125
152.08203125,-35.64453125,-19.04296875,-39.0625,-43.9453125
152.0859375,-31.25,-22.4609375,-18.5546875,-41.50390625
152.08984375,-46.875,-19.53125,-13.18359375,-27.34375
152.09375,-37.109375,-28.80859375,-23.92578125,-45.41015625
152.09765625,-41.015625,-32.71484375,-39.0625,-56.15234375
152.1015625,-36.1328125,-22.4609375,-55.6640625,-43.45703125
152.10546875,-12.20703125,-22.4609375,-40.0390625,-48.33984375
152.109375,-15.625,-24.4140625,-13.18359375,-24.90234375
152.11328125,-18.06640625,-20.5078125,-10.25390625,-1.46484375
152.1171875,8.30078125,-29.78515625,-13.671875,-6.8359375
152.12109375,-21.97265625,-46.875,-30.76171875,-37.109375
152.125,-52.734375,-44.43359375,-38.0859375,-64.94140625
152.12890625,-38.57421875,-30.76171875,-17.578125,-16.6015625
152.1328125,-34.66796875,-23.4375,-25.87890625,21.97265625
152.13671875,-18.5546875,-37.59765625,-35.15625,-38.57421875
152.140625,-33.69140625,-37.59765625,-13.671875,-75.1953125
152.14453125,-46.38671875,-19.53125,-11.23046875,-41.50390625
152.1484375,-31.73828125,-16.6015625,-21.484375,-50.78125
152.15234375,-46.875,-21.97265625,-15.625,-41.9921875
152.15625,-60.546875,-24.90234375,-4.39453125,-56.15234375
152.16015625,-40.52734375,-29.296875,-1.953125,-62.5
152.1640625,-38.57421875,-37.59765625,-0.9765625,-37.59765625
152.16796875,-39.55078125,-37.109375,-6.34765625,-19.53125
152.171875,-21.484375,-40.52734375,-11.23046875,-25.87890625
152.17578125,-55.6640625,-54.6875,-10.7421875,-40.52734375
152.1796875,-40.0390625,-57.12890625,-35.15625,-14.16015625
152.18359375,-12.6953125,-46.38671875,-43.45703125,-16.6015625
152.1875,-22.4609375,-38.57421875,-30.2734375,-44.921875
152.19140625,-15.13671875,-21.484375,-26.3671875,-64.94140625
152.1953125,-32.71484375,-22.4609375,-22.4609375,-63.96484375
152.19921875,-40.0390625,-33.69140625,-18.5546875,-33.203125
152.203125,-23.4375,-33.69140625,-19.53125,-27.34375
152.20703125,-19.04296875,-29.78515625,-31.73828125,-30.2734375
152.2109375,-34.1796875,-28.3203125,-32.71484375,-41.015625
152.21484375,-18.5546875,-39.0625,-26.3671875,-41.50390625
152.21875,-0.9765625,-37.109375,-20.01953125,-2.9296875
152.22265625,-19.53125,-40.52734375,-27.83203125,-20.5078125
152.2265625,-16.6015625,-53.22265625,-25.390625,-37.59765625
152.23046875,-7.8125,-42.96875,-16.6015625,-24.90234375
152.234375,-28.3203125,-24.4140625,-15.13671875,-42.96875
152.23828125,-26.85546875,-15.625,-18.5546875,-48.828125
152.2421875,-13.18359375,-18.06640625,-34.66796875,-30.2734375
152.24609375,-23.4375,-26.85546875,-32.2265625,-46.875
152.25,-27.34375,-27.83203125,-38.57421875,-59.08203125
152.25390625,-20.99609375,-24.4140625,-41.015625,-45.8984375
152.2578125,-39.55078125,-25.390625,-18.06640625,-35.64453125
152.26171875,-36.62109375,-26.3671875,-12.6953125,-31.25
152.265625,-41.9921875,-28.80859375,-27.34375,-51.26953125
152.26953125,-38.57421875,-30.2734375,-21.484375,-34.1796875
152.2734375,-20.01953125,-22.4609375,-25.87890625,6.8359375
152.27734375,-16.6015625,-22.94921875,-41.9921875,-32.71484375
152.28125,-42.96875,-28.80859375,-20.01953125,-58.10546875
152.28515625,-49.31640625,-34.1796875,-10.7421875,-59.08203125
152.2890625,-45.41015625,-32.71484375,-21.97265625,-90.33203125
152.29296875,-27.83203125,-23.92578125,-25.87890625,-84.9609375
152.296875,-37.59765625,-28.80859375,-35.15625,-51.26953125
152.30078125,-47.8515625,-35.64453125,-42.96875,-33.69140625
152.3046875,-33.203125,-34.1796875,-38.0859375,-47.36328125
152.30859375,-59.08203125,-33.203125,-36.62109375,-70.80078125
152.3125,-80.56640625,-39.55078125,-34.66796875,-96.19140625
152.31640625,-53.22265625,-36.1328125,-41.9921875,-52.734375
152.3203125,-50.78125,-32.71484375,-49.31640625,-26.3671875
152.32421875,-62.5,-34.1796875,-46.38671875,-75.1953125
152.328125,-35.15625,-27.83203125,-40.52734375,-54.19921875
152.33203125,-24.4140625,-33.203125,-37.59765625,-16.6015625
152.3359375,-20.5078125,-36.1328125,-31.73828125,-30.2734375
152.33984375,-36.62109375,-35.15625,-26.85546875,-58.10546875
152.34375,-61.03515625,-43.45703125,-19.53125,-67.3828125
152.34765625,-43.9453125,-35.64453125,-22.94921875,-42.96875
152.3515625,-34.66796875,-29.78515625,-30.76171875,-34.1796875
152.35546875,-65.4296875,-43.45703125,-31.73828125,-39.0625
152.359375,-95.21484375,-38.57421875,-24.90234375,-34.1796875
152.36328125,-52.24609375,-23.4375,-24.90234375,-48.33984375
152.3671875,-31.25,-23.92578125,-39.55078125,-49.31640625
152.37109375,-44.921875,-30.76171875,-59.08203125,-41.9921875
152.375,-6.8359375,-23.92578125,-48.828125,-9.27734375
152.37890625,-24.90234375,-25.87890625,-29.296875,-34.1796875
152.3828125,-53.7109375,-37.109375,-25.87890625,-88.8671875
152.38671875,-25.87890625,-31.25,-27.34375,-49.31640625
152.390625,-18.06640625,-25.390625,-26.3671875,-19.53125
152.39453125,3.41796875,-20.01953125,-29.78515625,-16.11328125
152.3984375,9.765625,-19.53125,-39.0625,-2.9296875
152.40234375,-33.69140625,-17.08984375,-38.57421875,0.0
152.40625,-29.296875,-19.53125,-41.9921875,-19.04296875
152.41015625,-34.66796875,-22.94921875,-29.296875,-11.71875
152.4140625,-46.875,-25.87890625,-18.06640625,-30.76171875
152.41796875,-16.6015625,-33.203125,-22.4609375,-17.578125
152.421875,10.25390625,-23.92578125,-23.92578125,-8.30078125
152.42578125,-4.8828125,-13.18359375,-23.92578125,-2.44140625
152.4296875,-15.13671875,-17.08984375,-27.83203125,15.13671875
152.43359375,1.953125,-19.04296875,-40.52734375,-21.484375
152.4375,17.578125,-14.6484375,-41.015625,-51.7578125
152.44140625,1.46484375,-21.484375,-25.87890625,-37.59765625
152.4453125,-12.6953125,-31.25,-21.484375,-7.32421875
152.44921875,25.390625,-42.96875,-18.06640625,13.18359375
152.453125,43.9453125,-41.9921875,-21.484375,15.625
152.45703125,7.32421875,-21.484375,-37.109375,56.15234375
152.4609375,23.4375,-4.39453125,-28.80859375,93.75
152.46484375,40.52734375,-5.859375,-11.71875,-20.01953125
152.46875,39.0625,-22.94921875,-10.7421875,-37.59765625
152.47265625,55.17578125,-29.78515625,-13.671875,10.25390625
152.4765625,66.40625,-25.87890625,-27.34375,5.37109375
152.48046875,68.359375,-30.76171875,-27.83203125,25.390625
152.484375,69.82421875,-21.484375,-32.71484375,31.25
152.48828125,61.5234375,-17.578125,-38.0859375,-3.90625
152.4921875,46.875,-22.4609375,-27.83203125,0.0
152.49609375,27.34375,-17.578125,-17.08984375,-0.48828125
152.5,13.18359375,-15.625,-23.92578125,18.5546875
152.50390625,12.6953125,-16.11328125,-39.0625,18.5546875
152.5078125,57.6171875,-18.5546875,-44.921875,-25.390625
152.51171875,20.01953125,-24.90234375,-40.0390625,-16.6015625
152.515625,13.18359375,-28.3203125,-29.78515625,-12.6953125
152.51953125,48.33984375,-37.59765625,-15.625,-10.25390625
152.5234375,0.0,-42.96875,-19.04296875,-12.20703125
152.52734375,-10.7421875,-27.34375,-31.73828125,-1.953125
152.53125,1.953125,-20.5078125,-26.85546875,5.859375
152.53515625,-9.27734375,-23.4375,-18.5546875,12.6953125
152.5390625,-16.6015625,-20.99609375,-19.53125,1.46484375
152.54296875,-8.7890625,-23.92578125,-21.97265625,-20.5078125
152.546875,14.6484375,-28.3203125,-22.94921875,-21.484375
152.55078125,-11.71875,-32.71484375,-27.34375,-16.6015625
152.5546875,-24.4140625,-35.15625,-29.78515625,-0.9765625
152.55859375,3.90625,-19.04296875,-39.55078125,17.08984375
152.5625,7.32421875,-20.01953125,-40.52734375,15.13671875
152.56640625,-5.37109375,-39.0625,-16.6015625,-4.39453125
152.5703125,-7.32421875,-42.96875,-5.37109375,-15.625
152.57421875,-25.390625,-35.64453125,-27.83203125,-37.109375
152.578125,-22.4609375,-30.76171875,-24.4140625,-18.5546875
152.58203125,-9.27734375,-24.90234375,4.39453125,-4.8828125
152.5859375,-20.99609375,-26.85546875,5.37109375,-8.7890625
152.58984375,-39.0625,-32.71484375,-6.8359375,-23.4375
152.59375,-29.78515625,-28.80859375,-15.625,-25.87890625
152.59765625,-8.7890625,-22.94921875,-28.80859375,-32.71484375
152.6015625,-25.390625,-20.01953125,-18.06640625,-31.73828125
152.60546875,-41.50390625,-18.5546875,-15.13671875,-20.5078125
152.609375,-27.83203125,-21.97265625,-32.71484375,-3.41796875
152.61328125,-25.390625,-22.4609375,-14.16015625,-0.9765625
152.6171875,-23.4375,-26.85546875,5.37109375,-25.87890625
152.62109375,-17.578125,-26.3671875,-3.90625,-19.04296875
152.625,-28.80859375,-21.97265625,-10.25390625,-19.53125
152.62890625,-27.34375,-14.6484375,-26.85546875,-17.08984375
152.6328125,-17.08984375,-8.7890625,-39.55078125,-25.87890625
152.63671875,-15.625,-10.7421875,-26.85546875,-28.80859375
152.640625,-26.3671875,-16.11328125,-16.11328125,-37.59765625
152.64453125,-33.69140625,-19.53125,-12.20703125,-37.59765625
152.6484375,-38.57421875,-16.6015625,-26.85546875,-0.9765625
152.65234375,-36.62109375,-17.578125,-45.8984375,-25.87890625
152.65625,-38.0859375,-25.390625,-27.83203125,-76.171875
152.66015625,-53.22265625,-26.85546875,-12.6953125,-63.4765625
152.6640625,-45.41015625,-21.97265625,-24.90234375,-40.0390625
152.66796875,-59.5703125,-27.83203125,-34.1796875,-69.3359375
152.671875,-69.3359375,-36.62109375,-46.38671875,-95.703125
152.67578125,-66.89453125,-40.52734375,-49.31640625,-97.65625
152.6796875,-78.125,-35.64453125,-43.9453125,-92.7734375
152.68359375,-50.29296875,-24.90234375,-23.4375,-72.75390625
152.6875,-30.2734375,-16.6015625,-29.78515625,-45.8984375
152.69140625,-54.6875,-20.5078125,-43.45703125,-62.98828125
152.6953125,-64.453125,-27.83203125,-28.80859375,-46.875
152.69921875,-64.453125,-31.73828125,-27.83203125,-27.83203125
152.703125,-61.5234375,-38.0859375,-33.69140625,-82.51953125
152.70703125,-12.6953125,-39.55078125,-37.109375,-99.609375
152.7109375,-8.7890625,-33.69140625,-37.109375,-65.91796875
152.71484375,-23.92578125,-27.83203125,-29.78515625,-37.59765625
152.71875,14.6484375,-26.3671875,-44.43359375,-5.37109375
152.72265625,-32.71484375,-20.01953125,-57.6171875,-59.08203125
152.7265625,-66.89453125,-12.6953125,-50.78125,-104.4921875
152.73046875,-60.05859375,-16.11328125,-50.78125,-82.03125
152.734375,-47.8515625,-19.04296875,-41.015625,-74.21875
152.73828125,-27.83203125,-14.16015625,-39.55078125,-80.078125
152.7421875,-44.43359375,-16.6015625,-62.01171875,-69.3359375
152.74609375,-54.19921875,-20.99609375,-49.8046875,-66.40625
152.75,-59.08203125,-28.3203125,-36.62109375,-87.40234375
152.75390625,-52.734375,-28.80859375,-41.015625,-90.8203125
152.7578125,-33.69140625,-16.6015625,-36.1328125,-75.68359375
152.76171875,-18.5546875,-17.578125,-40.0390625,-67.87109375
152.765625,-13.671875,-25.87890625,-57.12890625,-34.66796875
152.76953125,-15.13671875,-21.484375,-47.8515625,-33.69140625
152.7734375,-17.578125,-26.3671875,-34.1796875,-87.40234375
152.77734375,-30.2734375,-39.55078125,-35.15625,-80.078125
152.78125,-47.36328125,-31.25,-31.25,-59.5703125
152.78515625,-40.52734375,-20.5078125,-24.90234375,-67.87109375
152.7890625,-42.48046875,-22.4609375,-17.578125,-72.265625
152.79296875,-35.15625,-27.34375,-30.76171875,-77.1484375
152.796875,-13.671875,-29.78515625,-44.43359375,-57.12890625
152.80078125,-38.0859375,-33.203125,-38.0859375,-50.78125
152.8046875,-31.73828125,-31.25,-48.828125,-57.6171875
152.80859375,-13.671875,-28.3203125,-41.50390625,-27.34375
152.8125,-18.06640625,-34.66796875,-27.34375,-6.34765625
152.81640625,-35.64453125,-36.1328125,-30.76171875,-47.8515625
152.8203125,-43.45703125,-24.90234375,-37.59765625,-76.171875
152.82421875,-30.2734375,-18.06640625,-41.50390625,-53.22265625
152.828125,-47.36328125,-17.08984375,-43.9453125,-45.41015625
152.83203125,-38.0859375,-22.4609375,-48.828125,-21.484375
152.8359375,-0.48828125,-16.11328125,-46.38671875,-11.71875
152.83984375,0.9765625,-17.578125,-37.109375,-4.8828125
152.84375,-7.8125,-26.85546875,-19.04296875,21.97265625
152.84765625,-16.6015625,-19.53125,-8.30078125,-41.9921875
152.8515625,-18.06640625,-19.04296875,-17.08984375,-66.89453125
152.85546875,-18.06640625,-26.85546875,-31.25,-13.671875
152.859375,-15.625,-29.296875,-40.0390625,1.953125
152.86328125,-8.30078125,-16.11328125,-37.109375,27.34375
152.8671875,-12.20703125,-12.6953125,-33.203125,-30.2734375
152.87109375,-36.1328125,-17.578125,-23.4375,-73.73046875
152.875,-36.62109375,-13.18359375,-15.13671875,-29.78515625
152.87890625,-34.66796875,-16.6015625,-22.94921875,-20.01953125
152.8828125,-23.4375,-20.5078125,-28.80859375,-26.85546875
152.88671875,2.44140625,-5.859375,-42.48046875,-4.8828125
152.890625,-18.06640625,-13.18359375,-45.41015625,-17.08984375
152.89453125,-42.96875,-34.66796875,-25.390625,-54.19921875
152.8984375,-25.87890625,-31.25,-24.90234375,-52.24609375
152.90234375,-7.8125,-21.97265625,-29.78515625,-42.96875
152.90625,-9.27734375,-30.2734375,-33.69140625,-20.5078125
152.91015625,-18.06640625,-33.69140625,-35.15625,-27.34375
152.9140625,-26.85546875,-26.3671875,-37.59765625,-42.96875
152.91796875,-32.71484375,-28.80859375,-41.9921875,-51.26953125
152.921875,-36.1328125,-33.69140625,-42.96875,-46.38671875
152.92578125,-26.85546875,-26.85546875,-54.19921875,-7.8125
152.9296875,-23.92578125,-21.484375,-75.68359375,11.71875
152.93359375,-27.34375,-19.04296875,-54.6875,-28.80859375
152.9375,-31.25,-19.04296875,-33.69140625,-40.0390625
152.94140625,-10.7421875,-13.18359375,-41.015625,-15.13671875
152.9453125,22.94921875,-3.41796875,-38.57421875,10.25390625
152.94921875,26.85546875,-19.04296875,-21.484375,5.37109375
152.953125,0.9765625,-27.34375,-8.30078125,-34.1796875
152.95703125,-36.62109375,-20.5078125,-12.20703125,-45.41015625
152.9609375,-46.38671875,-25.390625,-11.71875,-39.55078125
152.96484375,-24.90234375,-26.3671875,-3.41796875,-27.83203125
152.96875,-26.85546875,-27.83203125,1.46484375,-35.64453125
152.97265625,-24.90234375,-28.80859375,-17.08984375,-30.76171875
152.9765625,-26.3671875,-28.3203125,-20.99609375,-22.4609375
152.98046875,-38.57421875,-36.1328125,0.0,-20.01953125
152.984375,-43.45703125,-43.45703125,-1.46484375,-23.4375
152.98828125,-39.55078125,-35.64453125,-10.7421875,-27.83203125
152.9921875,-42.48046875,-29.296875,-10.25390625,-14.6484375
152.99609375,-36.1328125,-28.3203125,-18.5546875,-5.37109375
153.0,-13.671875,-24.4140625,-38.0859375,1.46484375
153.00390625,5.37109375,-31.73828125,-27.34375,2.9296875
153.0078125,4.8828125,-41.015625,-5.37109375,-5.37109375
153.01171875,-2.9296875,-34.66796875,-11.23046875,-17.08984375
153.015625,-6.34765625,-30.2734375,-13.18359375,-9.27734375
153.01953125,-29.296875,-36.1328125,0.0,-10.25390625
153.0234375,-26.3671875,-36.1328125,6.34765625,0.0
153.02734375,-17.08984375,-31.73828125,10.25390625,-10.25390625
153.03125,-2.44140625,-25.87890625,-1.953125,-41.9921875
153.03515625,2.9296875,-25.87890625,-14.16015625,-38.0859375
153.0390625,-9.27734375,-32.71484375,-10.7421875,-13.671875
153.04296875,-9.27734375,-27.83203125,-2.9296875,-6.8359375
153.046875,-8.7890625,-32.71484375,-25.87890625,-10.7421875
153.05078125,-2.44140625,-24.4140625,-43.9453125,0.0
153.0546875,-14.16015625,-9.27734375,-7.8125,-11.23046875
153.05859375,-19.04296875,-17.08984375,8.7890625,-11.23046875
153.0625,-20.5078125,-30.76171875,-3.90625,-13.18359375
153.06640625,-15.13671875,-24.90234375,-4.8828125,-23.92578125
153.0703125,-9.27734375,-24.4140625,-5.37109375,1.46484375
153.07421875,-10.25390625,-29.78515625,-11.71875,-0.48828125
153.078125,3.41796875,-18.06640625,-29.78515625,-14.6484375
153.08203125,7.32421875,-12.20703125,-29.78515625,21.484375
153.0859375,0.0,-17.578125,-33.69140625,-1.46484375
153.08984375,-31.25,-26.85546875,-35.64453125,-51.7578125
153.09375,-36.62109375,-26.85546875,-25.390625,-39.0625
153.09765625,-25.87890625,-20.99609375,-19.53125,-35.15625
153.1015625,-15.13671875,-23.4375,-23.92578125,-28.80859375
153.10546875,-4.39453125,-25.87890625,-31.73828125,-18.06640625
153.109375,-8.30078125,-24.90234375,-33.203125,-7.32421875
153.11328125,-26.85546875,-22.4609375,-28.80859375,21.484375
153.1171875,-29.296875,-23.92578125,-39.55078125,-18.5546875
153.12109375,-21.484375,-22.4609375,-48.33984375,-39.55078125
153.125,-10.7421875,-16.6015625,-26.85546875,7.8125
153.12890625,-17.08984375,-20.01953125,-11.71875,-11.71875
153.1328125,-22.4609375,-32.71484375,-22.4609375,-29.78515625
153.13671875,-20.5078125,-41.9921875,-31.25,4.39453125
153.140625,-21.97265625,-35.64453125,-17.578125,-24.4140625
153.14453125,-9.27734375,-25.87890625,-17.08984375,-62.98828125
153.1484375,-13.671875,-24.90234375,-29.78515625,-55.17578125
153.15234375,-24.4140625,-25.87890625,-26.3671875,-40.52734375
153.15625,-17.08984375,-21.484375,-25.390625,-20.99609375
153.16015625,-16.6015625,-21.97265625,-39.0625,-34.1796875
153.1640625,-46.38671875,-23.4375,-38.57421875,-24.90234375
153.16796875,-44.43359375,-9.765625,-22.4609375,3.41796875
153.171875,-15.625,-3.90625,-20.01953125,-14.16015625
153.17578125,-4.8828125,-15.13671875,-10.25390625,-45.41015625
153.1796875,-21.97265625,-23.4375,3.41796875,-44.43359375
153.18359375,-18.06640625,-29.78515625,2.44140625,-15.625
153.1875,-10.7421875,-27.83203125,-12.6953125,-40.0390625
153.19140625,-20.01953125,-22.94921875,-28.80859375,-37.109375
153.1953125,-15.13671875,-17.578125,-30.76171875,-16.11328125
153.19921875,-14.16015625,-20.5078125,-32.71484375,-3.90625
153.203125,-2.44140625,-23.92578125,-45.41015625,-9.27734375
153.20703125,-3.41796875,-25.87890625,-41.50390625,-10.25390625
153.2109375,-1.953125,-33.203125,-40.52734375,-18.5546875
153.21484375,12.20703125,-22.94921875,-21.484375,-2.9296875
153.21875,-13.18359375,-18.5546875,-8.30078125,-2.9296875
153.22265625,-35.15625,-21.97265625,-20.99609375,-36.1328125
153.2265625,-19.53125,-8.7890625,-22.4609375,-20.99609375
153.23046875,-13.671875,-16.11328125,-15.13671875,-6.34765625
153.234375,-18.5546875,-28.80859375,-5.859375,-25.390625
153.23828125,-17.08984375,-24.4140625,-6.8359375,-26.3671875
153.2421875,-20.5078125,-21.484375,-11.71875,-20.5078125
153.24609375,-20.01953125,-24.90234375,-16.6015625,-5.37109375
153.25,-21.97265625,-23.92578125,-19.53125,-2.44140625
153.25390625,-9.765625,-17.578125,-24.4140625,1.46484375
153.2578125,-16.11328125,-17.08984375,-38.0859375,3.90625
153.26171875,-27.83203125,-15.625,-47.36328125,3.90625
153.265625,-15.625,-21.97265625,-49.8046875,-27.34375
153.26953125,-20.99609375,-27.83203125,-23.92578125,-29.296875
153.2734375,-32.71484375,-29.296875,-4.8828125,-37.59765625
153.27734375,-36.1328125,-27.34375,-12.6953125,-61.03515625
153.28125,-36.1328125,-29.296875,-28.3203125,-51.26953125
153.28515625,-30.2734375,-32.2265625,-37.59765625,-17.578125
153.2890625,-36.62109375,-25.390625,-39.55078125,-32.71484375
153.29296875,-33.203125,-21.484375,-19.04296875,-30.2734375
153.296875,-36.1328125,-21.97265625,-10.7421875,21.97265625
153.30078125,-28.80859375,-27.34375,-19.53125,-13.671875
153.3046875,-18.06640625,-29.296875,-9.765625,-48.828125
153.30859375,-40.0390625,-14.16015625,-10.7421875,-22.94921875
153.3125,-41.015625,-9.765625,-16.11328125,-5.859375
153.31640625,-29.296875,-13.671875,-15.13671875,-35.15625
153.3203125,-37.109375,-15.13671875,-28.3203125,-37.59765625
153.32421875,-43.45703125,-17.08984375,-37.59765625,-21.484375
153.328125,-36.1328125,-18.5546875,-25.390625,-46.875
153.33203125,-25.87890625,-22.94921875,-19.53125,-32.2265625
153.3359375,-23.92578125,-27.34375,-31.25,-6.8359375
153.33984375,-22.94921875,-27.34375,-48.33984375,-11.71875
153.34375,-23.92578125,-24.4140625,-53.22265625,-32.71484375
153.34765625,-17.08984375,-20.99609375,-33.69140625,-28.3203125
153.3515625,-16.11328125,-16.6015625,-28.3203125,-10.25390625
153.35546875,-31.25,-26.85546875,-35.15625,-12.6953125
153.359375,-22.4609375,-37.109375,-27.83203125,-12.6953125
153.36328125,-13.18359375,-34.66796875,-25.87890625,-18.06640625
153.3671875,-31.73828125,-28.80859375,-38.0859375,-19.53125
153.37109375,-31.25,-28.80859375,-25.87890625,-6.8359375
153.375,1.46484375,-26.85546875,-12.20703125,33.203125
153.37890625,-19.53125,-14.16015625,-45.8984375,-4.39453125
153.3828125,-38.0859375,-11.71875,-56.640625,-54.6875
153.38671875,-11.23046875,-16.11328125,-33.203125,-41.9921875
153.390625,-15.13671875,-18.5546875,-29.78515625,-20.01953125
153.39453125,-25.390625,-23.92578125,-31.73828125,-15.13671875
153.3984375,-28.80859375,-19.53125,-33.69140625,-28.80859375
153.40234375,-40.52734375,-16.11328125,-40.0390625,-14.6484375
153.40625,-34.66796875,-19.53125,-32.2265625,-16.6015625
153.41015625,-19.04296875,-26.3671875,-29.78515625,-16.6015625
153.4140625,-31.25,-26.85546875,-38.57421875,-21.484375
153.41796875,-41.50390625,-31.73828125,-54.6875,-48.33984375
153.421875,-29.296875,-26.85546875,-50.29296875,-36.62109375
153.42578125,-35.15625,-14.6484375,-31.25,-25.87890625
153.4296875,-25.87890625,-16.11328125,-45.41015625,-34.66796875
153.43359375,-9.765625,-23.92578125,-54.19921875,-37.59765625
153.4375,-20.5078125,-30.2734375,-33.203125,-41.9921875
153.44140625,-34.1796875,-21.97265625,-18.5546875,-33.69140625
153.4453125,-41.9921875,-15.13671875,-25.87890625,-14.6484375
153.44921875,-34.66796875,-10.7421875,-45.8984375,-11.23046875
153.453125,-40.0390625,-17.578125,-49.8046875,-30.76171875
153.45703125,-34.66796875,-26.3671875,-21.484375,-35.15625
153.4609375,-36.1328125,-26.85546875,-15.13671875,-33.203125
153.46484375,-20.5078125,-23.92578125,-21.97265625,-11.23046875
153.46875,6.34765625,-21.97265625,-32.2265625,20.5078125
153.47265625,-4.8828125,-17.578125,-47.8515625,3.90625
153.4765625,-28.3203125,-24.4140625,-44.921875,-27.83203125
153.48046875,-26.85546875,-26.85546875,-19.53125,-30.76171875
153.484375,-20.5078125,-24.4140625,-8.7890625,-17.08984375
153.48828125,-38.0859375,-21.97265625,-10.7421875,-22.4609375
153.4921875,-39.0625,-23.92578125,-17.08984375,-44.43359375
153.49609375,-34.1796875,-23.92578125,-32.71484375,-55.17578125
153.5,-18.5546875,-14.16015625,-41.9921875,-22.4609375
153.50390625,-1.46484375,-18.5546875,-34.1796875,-2.44140625
153.5078125,-4.8828125,-28.80859375,-12.20703125,-20.5078125
153.51171875,-23.92578125,-35.64453125,-9.27734375,-46.875
153.515625,-26.3671875,-33.203125,-27.34375,-3.90625
153.51953125,-17.08984375,-25.87890625,-41.9921875,1.953125
153.5234375,-15.625,-25.390625,-30.76171875,-21.97265625
153.52734375,-26.85546875,-32.71484375,-29.296875,-0.48828125
153.53125,-11.23046875,-36.62109375,-44.43359375,-27.34375
153.53515625,7.8125,-32.71484375,-29.78515625,-23.92578125
153.5390625,-13.671875,-27.34375,-13.671875,-22.4609375
153.54296875,-12.6953125,-17.08984375,-14.6484375,-10.7421875
153.546875,-22.4609375,-26.3671875,-25.87890625,-6.8359375
153.55078125,-25.87890625,-35.64453125,-27.83203125,-28.3203125
153.5546875,-7.8125,-26.85546875,-27.34375,-24.90234375
153.55859375,-4.8828125,-24.90234375,-15.625,-8.30078125
153.5625,5.37109375,-31.73828125,0.9765625,0.9765625
153.56640625,25.390625,-24.4140625,-12.6953125,1.953125
153.5703125,4.39453125,-9.765625,-23.92578125,-11.23046875
153.57421875,-29.78515625,-17.08984375,-24.90234375,-29.78515625
153.578125,-9.765625,-28.80859375,-28.80859375,-7.8125
153.58203125,0.0,-12.20703125,-48.828125,-22.4609375
153.5859375,-31.73828125,-11.23046875,-68.84765625,-60.05859375
153.58984375,-41.015625,-16.6015625,-54.6875,-66.89453125
153.59375,-49.31640625,-12.20703125,-42.96875,-66.89453125
153.59765625,-42.96875,-10.25390625,-52.24609375,-49.31640625
153.6015625,-19.04296875,-9.27734375,-67.3828125,-53.7109375
153.60546875,-20.99609375,-16.11328125,-50.29296875,-67.87109375
153.609375,-32.2265625,-26.85546875,-45.41015625,-62.5
153.61328125,-18.5546875,-26.3671875,-60.546875,-67.87109375
153.6171875,-5.859375,-22.94921875,-54.19921875,-55.6640625
153.62109375,-17.08984375,-22.94921875,-48.828125,-18.06640625
153.625,-8.30078125,-20.01953125,-41.015625,-24.90234375
153.62890625,-11.23046875,-22.94921875,-27.34375,-39.55078125
153.6328125,-21.484375,-17.578125,-32.2265625,-27.83203125
153.63671875,-12.20703125,-18.5546875,-49.31640625,-13.671875
153.640625,-6.8359375,-30.2734375,-33.69140625,-20.99609375
153.64453125,-17.08984375,-22.94921875,-11.71875,-49.8046875
153.6484375,-28.3203125,-18.5546875,-13.671875,-34.66796875
153.65234375,-29.296875,-22.94921875,-22.4609375,-4.39453125
153.65625,-28.3203125,-21.97265625,-23.92578125,3.41796875
153.66015625,-31.73828125,-24.90234375,-16.11328125,-17.578125
153.6640625,-17.578125,-19.04296875,-33.69140625,-28.3203125
153.66796875,-24.4140625,-21.484375,-33.69140625,-25.87890625
153.671875,-46.875,-28.80859375,-13.671875,-35.64453125
153.67578125,-41.015625,-22.4609375,-11.23046875,-28.3203125
153.6796875,-24.90234375,-22.94921875,-10.7421875,-15.625
153.68359375,-12.20703125,-25.390625,-20.01953125,-6.8359375
153.6875,0.48828125,-25.390625,-41.9921875,-9.765625
153.69140625,-9.765625,-30.2734375,-32.2265625,-14.6484375
153.6953125,-18.5546875,-19.04296875,-24.4140625,24.4140625
153.69921875,-11.23046875,-6.34765625,-54.6875,-5.859375
153.703125,-38.57421875,-12.20703125,-42.48046875,-76.66015625
153.70703125,-49.31640625,-18.06640625,-11.23046875,-70.3125
153.7109375,-37.109375,-22.94921875,-4.39453125,-51.7578125
153.71484375,-13.18359375,-19.53125,-8.30078125,-25.87890625
153.71875,-24.90234375,-17.578125,-15.625,-11.71875
153.72265625,-46.875,-20.5078125,-15.625,-31.25
153.7265625,-26.3671875,-10.25390625,-22.94921875,-22.4609375
153.73046875,-20.99609375,-12.6953125,-21.97265625,-13.671875
153.734375,-31.73828125,-19.53125,-13.671875,-20.99609375
153.73828125,-35.64453125,-21.97265625,-7.8125,-13.671875
153.7421875,-28.80859375,-22.94921875,-25.87890625,-28.3203125
153.74609375,-29.296875,-22.94921875,-49.8046875,-43.45703125
153.75,-39.0625,-27.83203125,-46.875,-41.50390625
153.75390625,-38.0859375,-20.99609375,-37.59765625,-41.50390625
153.7578125,-32.2265625,-17.08984375,-39.0625,-39.55078125
153.76171875,-41.50390625,-22.94921875,-41.015625,-14.6484375
153.765625,-45.41015625,-30.76171875,-37.109375,-27.83203125
153.76953125,-38.57421875,-25.87890625,-24.90234375,-32.71484375
153.7734375,-35.64453125,-22.4609375,-26.3671875,-32.71484375
153.77734375,-27.83203125,-20.01953125,-37.109375,-39.55078125
153.78125,-21.97265625,-15.625,-37.59765625,-20.99609375
153.78515625,-18.5546875,-14.6484375,-31.25,-34.1796875
153.7890625,-11.23046875,-19.04296875,-55.6640625,-38.57421875
153.79296875,-11.71875,-21.484375,-66.40625,-20.5078125
153.796875,-12.6953125,-19.53125,-31.25,-27.83203125
153.80078125,-18.5546875,-22.4609375,-15.625,-12.6953125
153.8046875,-22.4609375,-24.4140625,-15.13671875,-2.9296875
153.80859375,-14.16015625,-26.85546875,-15.13671875,-11.23046875
153.8125,-14.6484375,-19.04296875,-20.99609375,-21.484375
153.81640625,7.32421875,-6.8359375,-37.59765625,-21.484375
153.8203125,4.39453125,-13.671875,-35.64453125,-31.73828125
153.82421875,-26.3671875,-20.01953125,-15.625,-29.78515625
153.828125,-14.6484375,-30.2734375,-6.34765625,-2.44140625
153.83203125,3.41796875,-26.85546875,-12.20703125,-19.04296875
153.8359375,18.5546875,-1.46484375,-36.1328125,-29.78515625
153.83984375,1.953125,-4.39453125,-46.38671875,-31.73828125
153.84375,-11.71875,-14.6484375,-26.3671875,-44.921875
153.84765625,-19.53125,-20.5078125,-11.23046875,-35.15625
153.8515625,-17.08984375,-22.4609375,-9.765625,-27.83203125
153.85546875,-14.16015625,-12.6953125,-15.625,-12.20703125
153.859375,-16.6015625,-14.16015625,-26.3671875,-22.94921875
153.86328125,-3.41796875,-20.99609375,-22.4609375,-13.671875
153.8671875,-6.8359375,-11.23046875,-28.3203125,-1.46484375
153.87109375,-40.0390625,-12.20703125,-30.2734375,-32.2265625
153.875,-25.390625,-19.53125,-27.83203125,-45.8984375
153.87890625,-18.06640625,-18.06640625,-25.390625,-44.921875
153.8828125,-27.83203125,-22.4609375,-23.4375,-37.59765625
153.88671875,-19.53125,-28.80859375,-23.92578125,-33.203125
153.890625,-34.66796875,-38.57421875,-30.2734375,-36.62109375
153.89453125,-24.4140625,-38.0859375,-17.08984375,-16.11328125
153.8984375,-5.37109375,-27.34375,-15.625,0.0
153.90234375,-34.66796875,-22.4609375,-37.109375,-16.6015625
153.90625,-57.12890625,-12.20703125,-16.11328125,-35.64453125
153.91015625,-39.55078125,-3.41796875,-1.953125,-46.875
153.9140625,-23.92578125,-16.11328125,2.44140625,-53.7109375
153.91796875,-35.15625,-18.5546875,-4.39453125,-43.9453125
153.921875,-50.29296875,-11.23046875,-28.80859375,-50.78125
153.92578125,-44.43359375,-19.53125,-8.7890625,-58.59375
153.9296875,-32.71484375,-23.92578125,12.20703125,-26.85546875
153.93359375,-14.6484375,-18.5546875,9.27734375,-26.3671875
153.9375,-12.20703125,-15.13671875,21.97265625,-0.9765625
153.94140625,-47.8515625,-20.01953125,19.53125,2.9296875
153.9453125,-41.015625,-14.6484375,4.39453125,-27.83203125
153.94921875,-43.45703125,-13.18359375,22.4609375,-17.578125
153.953125,-57.6171875,-21.97265625,20.01953125,0.48828125
153.95703125,-54.6875,-22.4609375,15.13671875,4.39453125
153.9609375,-57.12890625,-31.73828125,21.97265625,-14.6484375
153.96484375,-41.50390625,-38.0859375,26.85546875,-26.85546875
153.96875,-45.8984375,-35.64453125,30.2734375,-40.0390625
153.97265625,-43.9453125,-40.52734375,18.5546875,-41.015625
153.9765625,-54.6875,-49.8046875,17.578125,-50.78125
153.98046875,-48.828125,-47.36328125,32.71484375,-19.04296875
153.984375,-38.0859375,-40.52734375,32.2265625,-7.8125
153.98828125,-53.22265625,-34.1796875,24.4140625,-9.27734375
153.9921875,-56.640625,-33.69140625,28.3203125,6.8359375
153.99609375,-39.55078125,-32.71484375,32.71484375,-25.390625
154.0,-38.57421875,-29.78515625,15.13671875,-32.2265625
154.00390625,-41.015625,-35.15625,-5.859375,-1.953125
154.0078125,-24.90234375,-33.69140625,6.34765625,-22.4609375
154.01171875,-26.85546875,-31.25,33.203125,-21.484375
154.015625,-50.29296875,-26.85546875,44.43359375,4.39453125
154.01953125,-60.546875,-20.99609375,44.43359375,-29.296875
154.0234375,-42.48046875,-28.3203125,41.015625,-41.50390625
154.02734375,-25.87890625,-29.78515625,14.6484375,-17.578125
154.03125,-26.85546875,-23.4375,-18.06640625,-3.90625
154.03515625,-52.24609375,-22.94921875,-9.27734375,-1.46484375
154.0390625,-65.91796875,-20.5078125,1.953125,-16.11328125
154.04296875,-42.48046875,-26.85546875,0.0,-31.25
154.046875,-38.57421875,-29.78515625,5.859375,-26.3671875
154.05078125,-41.015625,-26.3671875,2.9296875,-12.6953125
154.0546875,-38.0859375,-29.296875,-23.92578125,-33.69140625
154.05859375,-37.109375,-29.78515625,-22.94921875,-32.71484375
154.0625,-44.43359375,-32.71484375,-10.25390625,-29.78515625
154.06640625,-49.8046875,-33.69140625,-14.6484375,-23.4375
154.0703125,-35.15625,-24.90234375,-19.04296875,-19.04296875
154.07421875,-42.48046875,-35.64453125,-21.484375,-37.59765625
154.078125,-55.17578125,-35.64453125,-20.99609375,-28.80859375
154.08203125,-59.08203125,-26.3671875,-13.671875,-33.69140625
154.0859375,-69.3359375,-24.90234375,-9.765625,-47.36328125
154.08984375,-58.59375,-20.5078125,-0.48828125,-36.1328125
154.09375,-49.31640625,-9.765625,-14.6484375,-20.99609375
154.09765625,-43.9453125,-14.16015625,-37.109375,-25.390625
154.1015625,-41.9921875,-25.390625,-7.8125,-31.25
154.10546875,-41.9921875,-25.87890625,16.6015625,-27.34375
154.109375,-30.76171875,-23.92578125,16.6015625,-25.390625
154.11328125,-17.08984375,-23.4375,12.20703125,-27.34375
154.1171875,-39.55078125,-21.97265625,7.32421875,-42.96875
154.12109375,-51.26953125,-19.04296875,5.37109375,-57.12890625
154.125,-47.8515625,-21.97265625,-2.44140625,-42.96875
154.12890625,-43.9453125,-23.4375,-2.44140625,-32.2265625
154.1328125,-35.64453125,-21.484375,0.9765625,-32.2265625
154.13671875,-38.57421875,-19.04296875,-2.44140625,-28.80859375
154.140625,-40.52734375,-22.4609375,-13.18359375,-22.94921875
154.14453125,-39.55078125,-15.625,-36.62109375,-22.94921875
154.1484375,-28.80859375,-12.20703125,-26.85546875,-33.69140625
154.15234375,-28.80859375,-20.5078125,6.8359375,-36.62109375
154.15625,-26.85546875,-25.390625,19.53125,-12.6953125
154.16015625,-23.92578125,-29.78515625,9.765625,-35.64453125
154.1640625,-42.96875,-32.2265625,-6.34765625,-59.5703125
154.16796875,-52.734375,-36.1328125,-24.4140625,-45.41015625
154.171875,-30.2734375,-32.71484375,-23.92578125,-22.4609375
154.17578125,-36.1328125,-30.76171875,-13.671875,-26.85546875
154.1796875,-45.8984375,-28.80859375,-3.41796875,-46.875
154.18359375,-22.4609375,-20.5078125,-12.20703125,-20.5078125
154.1875,-28.80859375,-22.94921875,-20.99609375,-36.1328125
154.19140625,-51.26953125,-29.78515625,0.9765625,-65.4296875
154.1953125,-41.50390625,-29.78515625,1.46484375,-37.59765625
154.19921875,-35.64453125,-37.109375,-29.296875,-19.04296875
154.203125,-52.734375,-38.57421875,-26.3671875,-28.3203125
154.20703125,-62.01171875,-35.15625,-2.44140625,-32.2265625
154.2109375,-64.453125,-31.25,7.32421875,-41.50390625
154.21484375,-67.3828125,-20.99609375,2.44140625,-45.8984375
154.21875,-73.2421875,-20.5078125,-2.9296875,-60.05859375
154.22265625,-67.3828125,-25.390625,-8.30078125,-58.59375
154.2265625,-57.12890625,-24.90234375,-9.765625,-40.52734375
154.23046875,-44.43359375,-29.78515625,-11.71875,-45.8984375
154.234375,-36.62109375,-31.25,-24.4140625,-41.015625
154.23828125,-48.33984375,-28.80859375,-39.55078125,-35.15625
154.2421875,-48.828125,-26.85546875,-36.1328125,-38.0859375
154.24609375,-47.36328125,-26.3671875,-22.94921875,-29.296875
154.25,-42.48046875,-23.4375,-14.16015625,-32.71484375
154.25390625,-16.6015625,-13.18359375,-25.87890625,-15.13671875
154.2578125,-31.73828125,-20.99609375,-26.85546875,-17.578125
154.26171875,-54.6875,-27.83203125,-4.39453125,-36.62109375
154.265625,-53.7109375,-26.3671875,2.9296875,-9.765625
154.26953125,-55.17578125,-26.85546875,-1.46484375,-15.13671875
154.2734375,-40.0390625,-20.99609375,-23.92578125,-41.50390625
154.27734375,-20.01953125,-21.97265625,-38.57421875,-40.52734375
154.28125,-27.83203125,-28.80859375,-21.97265625,-31.73828125
154.28515625,-40.52734375,-32.71484375,-8.30078125,-37.109375
154.2890625,-30.76171875,-28.80859375,1.953125,-41.015625
154.29296875,-26.85546875,-29.296875,3.90625,-22.4609375
154.296875,-58.10546875,-36.1328125,1.46484375,-22.4609375
154.30078125,-67.87109375,-29.78515625,2.44140625,-44.43359375
154.3046875,-51.7578125,-23.4375,-8.30078125,-30.76171875
154.30859375,-45.41015625,-24.4140625,-0.9765625,-9.765625
154.3125,-49.8046875,-26.85546875,9.765625,-23.92578125
154.31640625,-28.80859375,-22.4609375,-10.25390625,-40.0390625
154.3203125,-25.87890625,-20.5078125,-15.625,-41.015625
154.32421875,-40.52734375,-24.90234375,1.953125,-40.52734375
154.328125,-37.109375,-23.4375,-0.48828125,-46.875
154.33203125,-35.64453125,-22.4609375,-3.41796875,-43.45703125
154.3359375,-43.45703125,-20.5078125,-2.44140625,-15.625
154.33984375,-38.57421875,-18.5546875,-11.23046875,-12.6953125
154.34375,-14.16015625,-26.85546875,-40.0390625,-48.828125
154.34765625,-9.765625,-33.203125,-34.1796875,-34.1796875
154.3515625,-25.390625,-35.64453125,13.18359375,-20.01953125
154.35546875,-49.8046875,-28.80859375,27.83203125,-26.3671875
154.359375,-51.7578125,-16.11328125,15.13671875,-26.3671875
154.36328125,-36.62109375,-9.765625,7.8125,-41.50390625
154.3671875,-34.66796875,-15.13671875,4.39453125,-41.015625
154.37109375,-33.69140625,-19.04296875,6.8359375,-37.109375
154.375,-46.875,-15.625,9.27734375,-28.80859375
154.37890625,-42.96875,-17.08984375,0.48828125,-17.578125
154.3828125,-14.16015625,-15.625,-14.6484375,-23.92578125
154.38671875,-21.97265625,-13.671875,-27.83203125,-22.94921875
154.390625,-27.83203125,-22.94921875,-20.01953125,-32.71484375
154.39453125,-30.2734375,-29.296875,-2.44140625,-24.90234375
154.3984375,-42.48046875,-28.80859375,8.30078125,-15.13671875
154.40234375,-49.31640625,-25.87890625,6.8359375,-24.4140625
154.40625,-17.08984375,-24.4140625,4.8828125,-22.94921875
154.41015625,-26.85546875,-23.92578125,2.44140625,-47.36328125
154.4140625,-45.8984375,-13.671875,-9.27734375,-65.4296875
154.41796875,-34.66796875,-19.53125,-3.41796875,-48.33984375
154.421875,-41.50390625,-27.83203125,11.71875,-41.015625
154.42578125,-51.7578125,-28.80859375,11.23046875,-14.16015625
154.4296875,-40.0390625,-30.2734375,-1.46484375,-18.5546875
154.43359375,-38.0859375,-21.97265625,7.8125,-32.71484375
154.4375,-47.8515625,-24.90234375,12.20703125,-45.8984375
154.44140625,-44.43359375,-31.73828125,7.32421875,-57.6171875
154.4453125,-40.0390625,-21.484375,2.9296875,-41.9921875
154.44921875,-41.015625,-13.18359375,-12.20703125,-27.34375
154.453125,-46.38671875,-21.484375,0.9765625,-41.015625
154.45703125,-68.84765625,-20.5078125,22.4609375,-66.89453125
154.4609375,-69.82421875,-21.97265625,13.671875,-63.4765625
154.46484375,-75.1953125,-30.76171875,1.46484375,-54.6875
154.46875,-91.796875,-29.78515625,7.8125,-62.98828125
154.47265625,-94.7265625,-20.99609375,9.765625,-92.28515625
154.4765625,-83.0078125,-15.13671875,-4.39453125,-94.7265625
154.48046875,-89.84375,-18.06640625,-23.4375,-87.40234375
154.484375,-107.421875,-19.04296875,-12.6953125,-86.9140625
154.48828125,-122.0703125,-14.6484375,-4.8828125,-94.23828125
154.4921875,-150.87890625,-15.625,-13.671875,-120.1171875
154.49609375,-150.87890625,-25.87890625,0.9765625,-144.04296875
154.5,-150.87890625,-25.390625,11.71875,-143.5546875
154.50390625,-161.1328125,-18.5546875,2.44140625,-140.13671875
154.5078125,-166.50390625,-18.5546875,-3.41796875,-153.80859375
154.51171875,-151.3671875,-13.18359375,-3.90625,-166.015625
154.515625,-117.67578125,-11.23046875,-8.30078125,-123.53515625
154.51953125,-108.3984375,-7.8125,-35.64453125,-101.07421875
154.5234375,-120.1171875,-9.27734375,-44.43359375,-132.32421875
154.52734375,-112.3046875,-24.90234375,-10.25390625,-125.48828125
154.53125,-90.8203125,-25.87890625,3.41796875,-106.93359375
154.53515625,-77.63671875,-17.578125,-5.859375,-100.09765625
154.5390625,-77.1484375,-15.13671875,-24.4140625,-90.33203125
154.54296875,-93.75,-16.11328125,-38.0859375,-90.8203125
154.546875,-90.33203125,-23.92578125,-38.57421875,-85.9375
154.55078125,-60.546875,-23.4375,-35.64453125,-48.828125
154.5546875,-63.96484375,-18.06640625,-28.3203125,-33.69140625
154.55859375,-52.734375,-18.5546875,-29.78515625,-57.6171875
154.5625,-30.76171875,-32.71484375,-53.7109375,-48.828125
154.56640625,-17.08984375,-32.71484375,-44.921875,-18.06640625
154.5703125,-14.6484375,-28.80859375,-21.97265625,-19.53125
154.57421875,-33.203125,-13.671875,-14.6484375,-19.53125
154.578125,-30.2734375,-3.90625,-14.16015625,-6.34765625
154.58203125,-23.92578125,-14.6484375,-23.92578125,-11.71875
154.5859375,-5.37109375,-12.20703125,-42.96875,-17.08984375
154.58984375,-9.765625,-13.18359375,-44.43359375,-15.625
154.59375,-26.3671875,-16.6015625,-30.76171875,-16.6015625
154.59765625,-17.578125,-17.578125,-20.01953125,1.953125
154.6015625,-12.20703125,-14.16015625,-23.92578125,6.34765625
154.60546875,-3.41796875,-14.16015625,-34.1796875,-5.859375
154.609375,10.7421875,-8.30078125,-30.2734375,-8.7890625
154.61328125,33.203125,6.34765625,-28.3203125,12.20703125
154.6171875,28.80859375,-5.37109375,-24.4140625,12.20703125
154.62109375,8.7890625,-21.97265625,-23.4375,4.8828125
154.625,13.18359375,-14.6484375,-34.66796875,6.34765625
154.62890625,21.97265625,-13.671875,-38.0859375,-1.953125
154.6328125,33.203125,-25.87890625,-38.57421875,13.18359375
154.63671875,45.41015625,-20.99609375,-35.15625,18.5546875
154.640625,29.296875,-13.671875,-32.2265625,28.80859375
154.64453125,4.39453125,-8.30078125,-32.2265625,30.76171875
154.6484375,9.765625,-2.9296875,-39.55078125,10.7421875
154.65234375,-1.46484375,-9.765625,-49.8046875,8.30078125
154.65625,2.9296875,-13.671875,-45.41015625,13.671875
154.66015625,16.6015625,-10.25390625,-34.1796875,1.46484375
154.6640625,10.25390625,-11.71875,-55.17578125,6.8359375
154.66796875,11.71875,-14.16015625,-63.96484375,-8.30078125
154.671875,13.18359375,-12.20703125,-34.66796875,-21.97265625
154.67578125,14.6484375,-10.7421875,-26.85546875,-1.46484375
154.6796875,19.53125,-12.20703125,-21.484375,12.6953125
154.68359375,18.5546875,-14.6484375,-17.578125,7.8125
154.6875,16.6015625,-13.18359375,-15.13671875,-13.671875
154.69140625,6.8359375,-15.13671875,-23.4375,-11.71875
154.6953125,0.48828125,-17.578125,-26.85546875,-10.25390625
154.69921875,-3.90625,-22.94921875,-24.90234375,-21.97265625
154.703125,-5.859375,-30.2734375,-23.4375,0.48828125
154.70703125,-6.8359375,-21.484375,-13.671875,9.765625
154.7109375,-13.18359375,-12.20703125,-11.23046875,0.48828125
154.71484375,10.7421875,-15.13671875,-9.765625,-7.8125
154.71875,20.99609375,-15.625,-6.34765625,1.46484375
154.72265625,3.90625,-15.625,-2.9296875,19.53125
154.7265625,0.0,-15.625,-11.23046875,20.5078125
154.73046875,-1.953125,-27.34375,-28.80859375,25.87890625
154.734375,3.90625,-26.85546875,-25.390625,22.4609375
154.73828125,10.25390625,-18.5546875,-2.44140625,18.06640625
154.7421875,11.23046875,-20.5078125,17.578125,13.18359375
154.74609375,11.71875,-15.625,9.27734375,4.8828125
154.75,-14.6484375,-11.71875,1.46484375,-13.18359375
154.75390625,-29.78515625,-7.8125,-2.9296875,-30.76171875
154.7578125,-13.671875,-8.7890625,-12.20703125,-34.1796875
154.76171875,-6.34765625,-13.18359375,-15.625,-38.57421875
154.765625,-3.41796875,-9.27734375,-34.66796875,-48.828125
154.76953125,7.32421875,-0.48828125,-44.43359375,-17.08984375
154.7734375,-10.7421875,-1.46484375,-24.4140625,-22.94921875
154.77734375,-26.3671875,-6.34765625,-8.30078125,-29.78515625
154.78125,-11.71875,-8.7890625,-10.25390625,-15.13671875
154.78515625,-10.25390625,-13.671875,-10.25390625,-6.34765625
154.7890625,-3.41796875,-10.25390625,-8.7890625,12.20703125
154.79296875,3.90625,-11.71875,-20.01953125,-17.08984375
154.796875,6.8359375,-16.6015625,-21.484375,-14.16015625
154.80078125,-0.48828125,-15.13671875,-6.34765625,15.625
154.8046875,-19.53125,-19.53125,-13.671875,3.90625
154.80859375,-12.20703125,-16.11328125,-20.5078125,-23.4375
154.8125,-3.90625,-19.53125,-13.18359375,-15.625
154.81640625,0.9765625,-19.04296875,-16.6015625,-7.32421875
154.8203125,-1.953125,-7.32421875,-25.87890625,-16.11328125
154.82421875,-3.41796875,-8.30078125,-27.83203125,-22.4609375
154.828125,-4.8828125,-16.6015625,-20.5078125,-7.8125
154.83203125,-19.53125,-23.4375,-31.25,-16.11328125
154.8359375,-22.94921875,-20.01953125,-46.875,-22.94921875
154.83984375,-7.8125,-10.7421875,-27.83203125,-15.625
154.84375,-16.11328125,-14.6484375,-9.765625,-17.578125
154.84765625,-22.4609375,-16.6015625,-13.18359375,-35.15625
154.8515625,-4.39453125,-13.18359375,-16.6015625,-41.9921875
154.85546875,-11.71875,-17.578125,-20.99609375,-23.92578125
154.859375,-11.71875,-10.7421875,-22.94921875,1.46484375
154.86328125,-3.41796875,-7.8125,-23.92578125,4.8828125
154.8671875,-2.9296875,-13.18359375,-17.08984375,6.34765625
154.87109375,-10.25390625,-16.6015625,-9.27734375,-0.48828125
154.875,-14.6484375,-20.01953125,-7.32421875,-24.90234375
154.87890625,-15.13671875,-24.90234375,-11.23046875,-36.1328125
154.8828125,-15.625,-23.4375,-14.6484375,-42.96875
154.88671875,-15.13671875,-20.5078125,-12.6953125,-34.1796875
154.890625,-14.16015625,-21.97265625,-9.27734375,-13.671875
154.89453125,-11.71875,-24.90234375,-10.25390625,-17.578125
154.8984375,4.8828125,-16.11328125,-30.76171875,-12.20703125
154.90234375,-3.41796875,-17.08984375,-35.64453125,6.34765625
154.90625,-23.4375,-26.85546875,-10.7421875,-11.71875
154.91015625,-29.78515625,-24.90234375,1.46484375,-41.015625
154.9140625,-24.4140625,-24.4140625,9.27734375,-45.41015625
154.91796875,1.46484375,-21.484375,1.953125,-19.04296875
154.921875,3.90625,-21.97265625,-7.8125,-4.39453125
154.92578125,-9.765625,-22.94921875,-3.41796875,-17.08984375
154.9296875,-26.3671875,-23.92578125,-9.765625,-20.5078125
154.93359375,-26.85546875,-24.90234375,-10.25390625,-27.34375
154.9375,-7.8125,-19.53125,-4.39453125,-13.18359375
154.94140625,-12.20703125,-19.04296875,-11.71875,-7.32421875
154.9453125,-9.27734375,-17.08984375,-24.90234375,-7.32421875
154.94921875,0.0,-14.16015625,-34.1796875,6.34765625
154.953125,-14.6484375,-17.08984375,-35.64453125,-12.6953125
154.95703125,-18.5546875,-19.04296875,-26.3671875,-19.04296875
154.9609375,-4.8828125,-22.4609375,-29.78515625,-19.53125
154.96484375,0.9765625,-21.484375,-31.25,-35.15625
154.96875,4.39453125,-15.13671875,-25.87890625,-40.52734375
154.97265625,14.16015625,-12.20703125,-36.1328125,-24.90234375
154.9765625,3.41796875,-17.08984375,-46.38671875,-18.5546875
154.98046875,-16.11328125,-25.390625,-49.8046875,-32.71484375
154.984375,-23.4375,-27.34375,-54.6875,-14.16015625
154.98828125,-9.765625,-21.97265625,-51.26953125,-14.16015625
154.9921875,0.9765625,-21.97265625,-51.26953125,-14.6484375
154.99609375,-10.7421875,-24.90234375,-49.31640625,4.8828125
155.0,-15.13671875,-24.4140625,-43.45703125,16.6015625
155.00390625,-19.04296875,-26.3671875,-44.43359375,29.296875
155.0078125,-18.06640625,-27.83203125,-51.7578125,20.5078125
155.01171875,-17.578125,-17.08984375,-55.17578125,11.71875
155.015625,-15.625,-17.578125,-46.38671875,19.53125
155.01953125,-10.7421875,-20.99609375,-37.59765625,20.99609375
155.0234375,-12.6953125,-20.99609375,-34.66796875,9.27734375
155.02734375,-10.25390625,-28.3203125,-34.1796875,7.32421875
155.03125,-10.7421875,-31.25,-33.69140625,1.953125
155.03515625,3.90625,-27.34375,-27.34375,-0.9765625
155.0390625,8.30078125,-23.92578125,-26.3671875,18.06640625
155.04296875,-14.6484375,-26.3671875,-43.9453125,2.44140625
155.046875,-14.6484375,-24.90234375,-48.828125,4.8828125
155.05078125,-14.16015625,-21.484375,-29.296875,17.578125
155.0546875,-31.25,-25.87890625,-24.90234375,0.0
155.05859375,-28.80859375,-30.76171875,-34.1796875,-17.578125
155.0625,0.48828125,-30.2734375,-36.62109375,-36.62109375
155.06640625,9.765625,-20.5078125,-53.22265625,-37.59765625
155.0703125,-2.9296875,-17.578125,-63.96484375,-40.52734375
155.07421875,-11.71875,-22.4609375,-32.71484375,-64.94140625
155.078125,-31.25,-21.484375,-8.30078125,-44.43359375
155.08203125,-25.390625,-21.484375,-2.9296875,-26.3671875
155.0859375,-7.8125,-25.87890625,-6.34765625,-32.2265625
155.08984375,-15.625,-27.34375,-7.8125,-39.0625
155.09375,-8.30078125,-27.83203125,-16.11328125,-42.48046875
155.09765625,-10.25390625,-28.80859375,-17.08984375,-25.390625
155.1015625,-19.04296875,-29.296875,-10.7421875,-22.94921875
155.10546875,-11.71875,-28.80859375,-7.32421875,-16.11328125
155.109375,3.90625,-29.296875,-3.41796875,-17.08984375
155.11328125,8.30078125,-23.92578125,-2.44140625,-25.87890625
155.1171875,-2.44140625,-21.97265625,-2.44140625,-5.37109375
155.12109375,-17.578125,-32.2265625,-2.9296875,-22.4609375
155.125,-9.27734375,-27.34375,-3.41796875,-41.015625
155.12890625,-4.8828125,-17.08984375,-1.953125,6.34765625
155.1328125,-11.71875,-21.484375,-18.5546875,36.62109375
155.13671875,-24.4140625,-26.85546875,-28.3203125,16.11328125
155.140625,-33.203125,-33.203125,-18.06640625,17.08984375
155.14453125,-29.78515625,-33.69140625,-8.7890625,-19.04296875
155.1484375,-19.04296875,-23.92578125,-10.25390625,-34.66796875
155.15234375,5.37109375,-19.04296875,-12.6953125,16.6015625
155.15625,-11.23046875,-11.71875,-18.06640625,6.8359375
155.16015625,-31.73828125,-14.16015625,-19.53125,-11.23046875
155.1640625,-33.69140625,-23.4375,-21.97265625,47.8515625
155.16796875,-16.11328125,-16.11328125,-26.3671875,82.51953125
155.171875,1.953125,-13.18359375,-32.71484375,86.42578125
155.17578125,-7.8125,-15.625,-31.25,92.7734375
155.1796875,-16.11328125,-18.06640625,-24.90234375,91.30859375
155.18359375,3.90625,-21.484375,-26.85546875,64.453125
155.1875,17.578125,-15.625,-50.29296875,80.56640625
155.19140625,-5.37109375,-4.8828125,-52.24609375,107.91015625
155.1953125,-9.27734375,-2.9296875,-22.4609375,128.90625
155.19921875,-23.4375,-11.71875,-5.37109375,185.05859375
155.203125,-24.90234375,-16.6015625,-4.8828125,187.5
155.20703125,-9.27734375,-14.6484375,-17.578125,152.83203125
155.2109375,-33.203125,-14.16015625,-27.34375,150.390625
155.21484375,-54.6875,-17.08984375,-14.16015625,104.98046875
155.21875,-42.48046875,-23.92578125,-8.7890625,30.76171875
155.22265625,-45.8984375,-29.296875,-14.16015625,-7.8125
155.2265625,-41.9921875,-24.90234375,-14.6484375,-26.85546875
155.23046875,-19.53125,-19.53125,-12.20703125,-40.52734375
155.234375,-11.23046875,-11.71875,-7.8125,-39.0625
155.23828125,-5.859375,-11.23046875,-10.7421875,-29.78515625
155.2421875,-1.46484375,-23.4375,-9.765625,-23.92578125
155.24609375,-1.953125,-27.34375,-20.01953125,-11.71875
155.25,-15.625,-23.4375,-18.06640625,16.6015625
155.25390625,-26.85546875,-19.04296875,-6.34765625,67.3828125
155.2578125,-24.4140625,-19.53125,-12.6953125,133.30078125
155.26171875,-25.87890625,-20.01953125,-14.6484375,170.8984375
155.265625,-0.9765625,-11.71875,-2.9296875,231.93359375
155.26953125,16.11328125,-8.7890625,1.46484375,281.73828125
155.2734375,-5.37109375,-10.25390625,-12.20703125,265.625
155.27734375,-0.9765625,-12.20703125,-3.41796875,273.92578125
155.28125,3.41796875,-18.5546875,5.37109375,282.71484375
155.28515625,-11.71875,-25.87890625,0.0,273.4375
155.2890625,-6.34765625,-25.390625,2.44140625,290.0390625
155.29296875,-1.46484375,-26.85546875,-2.9296875,318.84765625
155.296875,-0.9765625,-26.85546875,-5.859375,335.9375
155.30078125,-4.39453125,-20.99609375,-22.4609375,338.8671875
155.3046875,-16.11328125,-25.87890625,-23.92578125,301.7578125
155.30859375,-16.6015625,-31.73828125,-6.8359375,219.23828125
155.3125,-7.32421875,-32.71484375,-9.27734375,139.6484375
155.31640625,-8.30078125,-31.73828125,-10.7421875,105.95703125
155.3203125,5.859375,-27.34375,-3.90625,60.05859375
155.32421875,0.9765625,-30.76171875,-1.46484375,-26.3671875
155.328125,-34.66796875,-37.59765625,-2.44140625,-88.8671875
155.33203125,-7.32421875,-37.59765625,3.90625,-122.55859375
155.3359375,-7.8125,-38.57421875,4.8828125,-128.41796875
155.33984375,-17.578125,-38.0859375,-9.765625,-113.76953125
155.34375,-1.46484375,-32.2265625,-9.27734375,-143.06640625
155.34765625,6.8359375,-29.296875,-10.25390625,-121.58203125
155.3515625,8.30078125,-27.34375,-12.6953125,-88.37890625
155.35546875,14.16015625,-21.97265625,-3.41796875,-42.48046875
155.359375,30.2734375,-13.671875,0.9765625,58.10546875
155.36328125,41.015625,-6.8359375,1.953125,132.32421875
155.3671875,55.6640625,-8.7890625,-1.953125,192.3828125
155.37109375,84.47265625,-22.4609375,0.48828125,295.8984375
155.375,37.109375,-23.92578125,-0.48828125,330.078125
155.37890625,-24.4140625,-20.99609375,7.8125,270.5078125
155.3828125,-31.73828125,-22.94921875,14.6484375,270.5078125
155.38671875,-27.34375,-27.83203125,-2.44140625,247.55859375
155.390625,-20.99609375,-28.80859375,3.90625,186.5234375
155.39453125,-44.43359375,-28.80859375,23.4375,155.76171875
155.3984375,-65.4296875,-28.80859375,45.8984375,148.4375
155.40234375,-69.82421875,-29.296875,55.17578125,142.08984375
155.40625,-85.44921875,-29.296875,31.25,158.203125
155.41015625,-84.9609375,-30.2734375,18.5546875,128.41796875
155.4140625,-81.54296875,-39.55078125,35.15625,104.98046875
155.41796875,-81.54296875,-44.921875,22.4609375,110.3515625
155.421875,-70.80078125,-38.57421875,-8.7890625,121.09375
155.42578125,-46.875,-31.25,24.90234375,126.953125
155.4296875,-52.734375,-37.109375,57.6171875,61.03515625
155.43359375,-54.19921875,-43.9453125,68.84765625,43.45703125
155.4375,-53.7109375,-40.52734375,60.546875,63.96484375
155.44140625,-60.05859375,-35.15625,42.48046875,47.36328125
155.4453125,-45.41015625,-33.69140625,25.87890625,52.734375
155.44921875,-44.43359375,-35.15625,3.90625,64.94140625
155.453125,-51.26953125,-35.64453125,-11.23046875,44.43359375
155.45703125,-35.15625,-26.3671875,-4.39453125,31.25
155.4609375,-30.2734375,-23.92578125,-2.44140625,41.9921875
155.46484375,-53.7109375,-25.390625,-12.20703125,47.8515625
155.46875,-57.12890625,-25.390625,-1.46484375,42.96875
155.47265625,-50.29296875,-29.78515625,5.37109375,27.83203125
155.4765625,-39.0625,-20.01953125,-4.39453125,24.4140625
155.48046875,-27.83203125,-12.20703125,-9.765625,56.640625
155.484375,-23.92578125,-20.5078125,1.46484375,62.5
155.48828125,-40.52734375,-28.80859375,14.16015625,20.5078125
155.4921875,-65.91796875,-33.203125,13.671875,1.953125
155.49609375,-54.19921875,-25.87890625,-11.23046875,16.11328125
155.5,-40.0390625,-27.34375,-28.3203125,25.87890625
155.50390625,-61.5234375,-35.15625,-16.6015625,-0.9765625
155.5078125,-63.96484375,-36.1328125,2.44140625,0.0
155.51171875,-50.78125,-33.203125,-8.7890625,-0.9765625
155.515625,-51.7578125,-31.25,-31.73828125,-22.4609375
155.51953125,-52.24609375,-30.2734375,-18.5546875,-27.34375
155.5234375,-35.64453125,-29.296875,-0.9765625,-20.99609375
155.52734375,-27.83203125,-32.2265625,1.953125,-23.92578125
155.53125,-39.55078125,-33.69140625,-2.9296875,-21.484375
155.53515625,-39.0625,-35.15625,-14.6484375,-21.484375
155.5390625,-29.78515625,-37.109375,-12.20703125,-20.99609375
155.54296875,-24.90234375,-35.64453125,-10.25390625,-17.08984375
155.546875,-27.83203125,-39.55078125,-27.83203125,-23.4375
155.55078125,-29.296875,-34.1796875,-28.3203125,-21.97265625
155.5546875,-38.0859375,-31.25,-18.06640625,-0.48828125
155.55859375,-41.50390625,-27.34375,-20.99609375,10.7421875
155.5625,-16.11328125,-23.4375,-34.1796875,3.41796875
155.56640625,-20.01953125,-30.2734375,-24.90234375,-15.13671875
155.5703125,-50.29296875,-34.1796875,-7.8125,-26.3671875
155.57421875,-48.33984375,-26.85546875,-11.23046875,-20.5078125
155.578125,-31.25,-20.01953125,-20.99609375,-29.78515625
155.58203125,-24.90234375,-20.01953125,-24.90234375,-30.76171875
155.5859375,-27.34375,-16.11328125,-11.71875,-30.2734375
155.58984375,-26.85546875,-13.671875,-3.41796875,-31.25
155.59375,-20.99609375,-22.4609375,-0.9765625,-11.23046875
155.59765625,-16.6015625,-28.80859375,-1.953125,-2.44140625
155.6015625,-11.71875,-23.92578125,-19.04296875,-20.5078125
155.60546875,-22.4609375,-20.5078125,-20.99609375,3.90625
155.609375,-21.484375,-21.484375,-16.6015625,15.13671875
155.61328125,-19.53125,-17.08984375,-22.4609375,-7.32421875
155.6171875,-17.578125,-12.6953125,-22.94921875,-14.6484375
155.62109375,-20.99609375,-11.71875,-18.06640625,-16.6015625
155.625,-26.85546875,-8.30078125,-17.08984375,3.90625
155.62890625,-26.85546875,-9.765625,-13.18359375,-12.20703125
155.6328125,-30.2734375,-12.20703125,-31.25,-33.69140625
155.63671875,-20.5078125,-14.16015625,-29.296875,-18.5546875
155.640625,-19.53125,-16.6015625,0.48828125,9.765625
155.64453125,-27.34375,-22.4609375,8.7890625,-6.8359375
155.6484375,-5.37109375,-19.04296875,11.23046875,-15.625
155.65234375,-6.34765625,-6.8359375,4.8828125,11.23046875
155.65625,-16.6015625,-9.765625,-5.37109375,-23.4375
155.66015625,-26.3671875,-26.3671875,2.9296875,-55.17578125
155.6640625,-32.2265625,-25.390625,8.7890625,-48.828125
155.66796875,-13.18359375,-9.765625,4.8828125,-61.03515625
155.671875,-34.1796875,-10.7421875,-2.9296875,-20.99609375
155.67578125,-42.48046875,-11.23046875,9.765625,19.53125
155.6796875,-40.52734375,-10.7421875,19.53125,-36.1328125
155.68359375,-50.78125,-19.53125,6.8359375,-52.734375
155.6875,-34.66796875,-22.94921875,2.44140625,-27.83203125
155.69140625,-32.2265625,-15.625,-4.39453125,-42.48046875
155.6953125,-37.109375,-18.06640625,0.0,-70.80078125
155.69921875,-60.546875,-30.76171875,4.39453125,-71.2890625
155.703125,-79.58984375,-31.25,4.8828125,-50.78125
155.70703125,-55.6640625,-19.53125,6.8359375,-38.57421875
155.7109375,-44.921875,-26.3671875,7.32421875,-34.66796875
155.71484375,-28.3203125,-34.1796875,13.18359375,4.39453125
155.71875,3.41796875,-22.94921875,14.6484375,16.6015625
155.72265625,-19.53125,-9.765625,-9.27734375,-39.55078125
155.7265625,-53.7109375,-6.34765625,-12.20703125,-87.40234375
155.73046875,-44.921875,-7.32421875,-9.765625,-78.125
155.734375,-41.015625,-10.25390625,-20.99609375,-65.4296875
155.73828125,-65.91796875,-11.23046875,-30.2734375,-83.49609375
155.7421875,-54.19921875,-11.23046875,-47.36328125,-84.47265625
155.74609375,-26.85546875,-7.32421875,-51.26953125,-95.21484375
155.75,-22.94921875,4.8828125,-47.36328125,-60.05859375
155.75390625,-14.16015625,9.27734375,-46.875,-39.0625
155.7578125,-14.16015625,13.671875,-75.68359375,-94.23828125
155.76171875,-9.765625,14.6484375,-82.51953125,-95.703125
155.765625,-23.92578125,11.23046875,-60.546875,-77.1484375
155.76953125,-25.390625,11.71875,-59.5703125,-85.9375
155.7734375,-3.90625,17.08984375,-57.6171875,-61.5234375
155.77734375,5.37109375,14.6484375,-54.19921875,-37.109375
155.78125,-0.9765625,8.30078125,-57.12890625,-37.109375
155.78515625,0.9765625,4.8828125,-59.5703125,-40.52734375
155.7890625,-2.44140625,2.44140625,-59.5703125,-52.24609375
155.79296875,-5.37109375,0.48828125,-55.17578125,-51.7578125
155.796875,0.48828125,-1.46484375,-52.734375,-52.734375
155.80078125,4.8828125,-1.953125,-61.5234375,-41.50390625
155.8046875,8.7890625,-7.8125,-61.5234375,-33.69140625
155.80859375,-5.37109375,-13.671875,-50.29296875,-46.875
155.8125,-13.18359375,-7.32421875,-47.36328125,-36.1328125
155.81640625,-2.9296875,-4.39453125,-41.015625,-21.97265625
155.8203125,-5.859375,-1.953125,-37.109375,-23.4375
155.82421875,9.765625,8.7890625,-52.24609375,-54.6875
155.828125,19.53125,8.30078125,-52.734375,-56.15234375
155.83203125,-0.48828125,-4.39453125,-34.1796875,-48.828125
155.8359375,-7.8125,-20.5078125,-32.2265625,-67.87109375
155.83984375,0.0,-20.01953125,-27.34375,-62.98828125
155.84375,2.9296875,-15.13671875,-21.97265625,-33.69140625
155.84765625,6.34765625,-14.16015625,-19.53125,-31.73828125
155.8515625,7.32421875,-11.71875,-18.5546875,-21.97265625
155.85546875,9.765625,-12.20703125,-30.76171875,-9.765625
155.859375,12.20703125,-9.765625,-26.85546875,-13.671875
155.86328125,18.06640625,-7.32421875,-13.18359375,-12.6953125
155.8671875,17.08984375,-10.7421875,-12.20703125,-1.46484375
155.87109375,11.23046875,-10.25390625,-8.7890625,17.578125
155.875,1.953125,-11.23046875,-7.32421875,3.90625
155.87890625,-5.37109375,-9.27734375,-8.30078125,30.76171875
155.8828125,-5.859375,-4.39453125,-12.20703125,28.80859375
155.88671875,-3.41796875,-3.41796875,-14.16015625,-24.4140625
155.890625,7.8125,0.48828125,-8.7890625,-32.71484375
155.89453125,0.48828125,-2.44140625,-11.23046875,-7.8125
155.8984375,-16.6015625,-8.30078125,-10.25390625,4.39453125
155.90234375,-15.625,-12.6953125,-15.625,-13.18359375
155.90625,-15.13671875,-16.6015625,-23.92578125,-10.25390625
155.91015625,-20.5078125,-23.4375,-15.13671875,-0.9765625
155.9140625,-15.13671875,-20.01953125,-4.8828125,-18.06640625
155.91796875,-12.6953125,-17.08984375,-12.20703125,-35.15625
155.921875,-30.76171875,-15.13671875,-9.27734375,-26.3671875
155.92578125,-31.25,-6.8359375,0.9765625,-15.13671875
155.9296875,-13.18359375,-15.13671875,-2.9296875,-24.4140625
155.93359375,10.7421875,-16.6015625,-2.9296875,-34.66796875
155.9375,10.7421875,-3.41796875,-7.8125,-44.43359375
155.94140625,-23.4375,-10.7421875,-4.39453125,-46.38671875
155.9453125,-30.2734375,-20.99609375,9.765625,-40.52734375
155.94921875,-31.25,-18.06640625,18.06640625,-34.66796875
155.953125,-45.8984375,-14.6484375,14.16015625,-40.0390625
155.95703125,-44.921875,-21.484375,2.9296875,-40.0390625
155.9609375,-42.96875,-22.4609375,0.48828125,-35.64453125
155.96484375,-36.1328125,-15.625,-1.953125,-32.71484375
155.96875,-40.52734375,-16.6015625,-0.48828125,-18.5546875
155.97265625,-45.8984375,-16.6015625,2.9296875,-29.296875
155.9765625,-33.203125,-15.625,-0.48828125,-25.87890625
155.98046875,-36.62109375,-20.99609375,-6.34765625,-10.25390625
155.984375,-56.15234375,-24.90234375,-22.94921875,3.90625
155.98828125,-45.41015625,-25.87890625,-27.34375,34.1796875
155.9921875,-40.52734375,-25.390625,-1.46484375,-35.64453125
155.99609375,-53.7109375,-27.83203125,-3.90625,-78.125
156.0,-50.78125,-28.3203125,-23.4375,-45.41015625
156.00390625,-36.1328125,-28.3203125,-21.97265625,-35.64453125
156.0078125,-34.1796875,-28.3203125,-24.90234375,-33.69140625
156.01171875,-44.921875,-28.80859375,-33.69140625,-18.5546875
156.015625,-43.9453125,-28.3203125,-32.2265625,-7.8125
156.01953125,-33.69140625,-23.92578125,-21.484375,-7.32421875
156.0234375,-42.96875,-25.390625,-21.97265625,0.48828125
156.02734375,-51.26953125,-25.390625,-28.80859375,-8.30078125
156.03125,-33.69140625,-24.90234375,-24.90234375,-31.73828125
156.03515625,-30.2734375,-18.5546875,-25.390625,-39.0625
156.0390625,-29.78515625,-13.671875,-50.78125,-33.69140625
156.04296875,-26.85546875,-20.01953125,-32.71484375,-12.20703125
156.046875,-27.34375,-28.80859375,-9.27734375,9.27734375
156.05078125,-33.69140625,-31.73828125,-17.08984375,-21.97265625
156.0546875,-56.15234375,-27.83203125,-26.85546875,-54.19921875
156.05859375,-57.12890625,-30.76171875,-28.3203125,-40.52734375
156.0625,-41.50390625,-33.69140625,-26.85546875,-32.2265625
156.06640625,-45.8984375,-30.2734375,-23.92578125,-52.24609375
156.0703125,-38.57421875,-29.78515625,-12.6953125,-46.38671875
156.07421875,-33.69140625,-33.203125,-17.08984375,-12.20703125
156.078125,-32.2265625,-35.15625,-18.5546875,-4.39453125
156.08203125,-15.625,-25.87890625,-7.32421875,6.8359375
156.0859375,-15.625,-24.4140625,-12.6953125,-7.8125
156.08984375,-31.73828125,-34.1796875,-18.06640625,-27.34375
156.09375,-40.0390625,-31.73828125,-12.6953125,-22.4609375
156.09765625,-37.109375,-25.87890625,-8.7890625,-3.41796875
156.1015625,-34.66796875,-27.83203125,-7.32421875,8.7890625
156.10546875,-15.625,-24.4140625,-11.23046875,-16.11328125
156.109375,12.20703125,-24.90234375,-4.39453125,-32.71484375
156.11328125,26.3671875,-27.34375,1.46484375,-36.1328125
156.1171875,82.51953125,-26.85546875,0.9765625,-28.3203125
156.12109375,108.88671875,-25.390625,7.32421875,-16.6015625
156.125,99.609375,-20.5078125,8.7890625,-23.92578125
156.12890625,109.86328125,-20.01953125,6.34765625,-45.8984375
156.1328125,118.1640625,-23.4375,4.8828125,-38.57421875
156.13671875,116.69921875,-23.4375,-2.44140625,-24.90234375
156.140625,119.140625,-21.97265625,-8.30078125,-33.69140625
156.14453125,98.6328125,-24.90234375,-9.765625,-56.640625
156.1484375,78.125,-31.25,-11.71875,-33.69140625
156.15234375,66.89453125,-24.90234375,-27.83203125,14.16015625
156.15625,43.9453125,-26.85546875,-27.34375,10.7421875
156.16015625,31.73828125,-36.62109375,-3.41796875,-44.43359375
156.1640625,21.484375,-33.203125,7.32421875,-41.9921875
156.16796875,16.6015625,-25.87890625,-12.20703125,-30.76171875
156.171875,10.25390625,-25.390625,-18.06640625,-32.71484375
156.17578125,22.94921875,-33.203125,-21.484375,34.66796875
156.1796875,29.296875,-39.0625,-27.83203125,29.296875
156.18359375,24.90234375,-29.78515625,-34.1796875,-32.2265625
156.1875,14.6484375,-20.01953125,-36.62109375,-30.76171875
156.19140625,10.25390625,-25.87890625,-28.80859375,-37.59765625
156.1953125,2.44140625,-41.50390625,-29.78515625,-34.1796875
156.19921875,-9.765625,-38.0859375,-29.296875,-32.2265625
156.203125,-19.04296875,-27.83203125,-18.5546875,-45.41015625
156.20703125,-15.13671875,-17.578125,-10.7421875,-41.9921875
156.2109375,-2.44140625,-10.7421875,-14.16015625,-24.90234375
156.21484375,-15.625,-13.18359375,-22.94921875,-15.13671875
156.21875,-15.625,-22.94921875,-28.3203125,-41.50390625
156.22265625,-11.23046875,-28.3203125,-20.01953125,-57.12890625
156.2265625,-20.5078125,-21.97265625,-11.71875,-21.97265625
156.23046875,-26.3671875,-15.625,-31.25,-31.73828125
156.234375,-19.04296875,-5.859375,-21.97265625,-53.22265625
156.23828125,-17.08984375,-8.30078125,4.39453125,-25.390625
156.2421875,-30.2734375,-19.53125,6.34765625,-23.4375
156.24609375,-30.2734375,-22.4609375,-6.34765625,-34.66796875
156.25,-22.4609375,-13.671875,-11.23046875,-17.08984375
156.25390625,-28.80859375,-4.8828125,-16.6015625,-31.25
156.2578125,-43.9453125,-10.7421875,-16.6015625,-53.7109375
156.26171875,-43.45703125,-16.6015625,-12.6953125,-44.921875
156.265625,-22.4609375,-18.06640625,-28.80859375,-36.1328125
156.26953125,-23.4375,-13.671875,-27.83203125,-21.484375
156.2734375,-42.96875,-20.01953125,-20.01953125,-8.7890625
156.27734375,-45.8984375,-23.92578125,-23.92578125,-10.25390625
156.28125,-39.0625,-17.08984375,-11.71875,-31.25
156.28515625,-40.52734375,-17.578125,-10.25390625,-20.99609375
156.2890625,-36.62109375,-23.4375,-28.80859375,-36.62109375
156.29296875,-41.9921875,-28.80859375,-10.25390625,-42.48046875
156.296875,-44.43359375,-29.78515625,3.41796875,-28.80859375
156.30078125,-28.3203125,-28.3203125,-2.44140625,-32.2265625
156.3046875,-28.3203125,-31.25,-7.32421875,-50.78125
156.30859375,-35.15625,-29.78515625,-18.5546875,-46.875
156.3125,-35.64453125,-27.34375,-22.4609375,-27.34375
156.31640625,-32.71484375,-23.92578125,-12.6953125,-21.484375
156.3203125,-32.2265625,-13.18359375,-13.18359375,-15.625
156.32421875,-43.45703125,-20.5078125,-12.6953125,-14.16015625
156.328125,-57.12890625,-31.73828125,-2.9296875,-17.08984375
156.33203125,-44.921875,-26.85546875,3.90625,-36.1328125
156.3359375,-31.25,-29.296875,2.9296875,-50.29296875
156.33984375,-32.2265625,-33.69140625,-25.87890625,-44.921875
156.34375,-26.3671875,-27.83203125,-34.66796875,-30.76171875
156.34765625,-22.4609375,-19.04296875,-18.5546875,-30.2734375
156.3515625,-23.92578125,-17.578125,-17.08984375,-15.625
156.35546875,-24.90234375,-26.3671875,-15.625,-4.39453125
156.359375,-30.76171875,-32.71484375,-3.90625,-36.62109375
156.36328125,-48.33984375,-27.83203125,-1.46484375,-51.26953125
156.3671875,-37.109375,-17.08984375,-13.671875,-8.30078125
156.37109375,-19.53125,-7.8125,-38.57421875,15.13671875
156.375,-37.109375,-10.25390625,-34.66796875,-31.25
156.37890625,-40.52734375,-22.4609375,-13.671875,-38.0859375
156.3828125,-36.62109375,-28.80859375,-15.625,-20.01953125
156.38671875,-40.52734375,-25.390625,-17.578125,-45.8984375
156.390625,-41.50390625,-22.4609375,-12.20703125,-33.203125
156.39453125,-45.8984375,-25.390625,-8.30078125,-9.765625
156.3984375,-38.57421875,-29.296875,-14.16015625,-34.1796875
156.40234375,-37.109375,-31.25,-21.484375,-52.734375
156.40625,-41.50390625,-30.2734375,-20.99609375,-39.55078125
156.41015625,-31.25,-29.78515625,-17.578125,-44.921875
156.4140625,-18.06640625,-29.296875,-16.11328125,-18.5546875
156.41796875,3.90625,-24.90234375,-24.90234375,15.625
156.421875,16.6015625,-16.6015625,-34.66796875,-5.37109375
156.42578125,-5.37109375,-21.97265625,-31.25,-8.7890625
156.4296875,-26.3671875,-30.76171875,-21.97265625,-37.109375
156.43359375,-18.5546875,-30.2734375,-28.3203125,-36.1328125
156.4375,-30.76171875,-30.76171875,-31.25,-32.2265625
156.44140625,-46.875,-42.96875,-17.578125,-51.26953125
156.4453125,-36.62109375,-43.45703125,-8.7890625,-47.36328125
156.44921875,-41.50390625,-36.1328125,-7.8125,-58.59375
156.453125,-49.31640625,-36.1328125,-33.69140625,-64.453125
156.45703125,-48.33984375,-28.80859375,-36.62109375,-43.45703125
156.4609375,-33.69140625,-23.4375,-16.6015625,-50.29296875
156.46484375,-31.25,-29.296875,-14.6484375,-13.18359375
156.46875,-28.80859375,-30.2734375,-6.8359375,5.859375
156.47265625,-18.06640625,-21.484375,-16.11328125,-86.9140625
156.4765625,-19.04296875,-20.01953125,-29.296875,-65.91796875
156.48046875,-29.296875,-14.16015625,-18.06640625,-3.41796875
156.484375,-47.36328125,-15.13671875,-36.1328125,-54.6875
156.48828125,-46.875,-16.6015625,-49.31640625,-78.125
156.4921875,-30.76171875,-10.7421875,-20.99609375,-55.17578125
156.49609375,-12.20703125,-6.34765625,0.9765625,-56.15234375
156.5,-7.32421875,-5.859375,0.9765625,-55.6640625
156.50390625,-19.53125,-3.41796875,-8.30078125,-35.15625
156.5078125,1.953125,-1.953125,-5.859375,2.9296875
156.51171875,6.34765625,-9.765625,6.8359375,-7.32421875
156.515625,-16.11328125,-14.16015625,11.23046875,-36.1328125
156.51953125,-34.1796875,-15.13671875,2.9296875,-29.78515625
156.5234375,-58.10546875,-18.5546875,3.90625,-19.04296875
156.52734375,-67.87109375,-22.94921875,13.18359375,-8.30078125
156.53125,-49.8046875,-18.5546875,5.859375,-23.92578125
156.53515625,-40.0390625,-32.2265625,11.71875,-41.015625
156.5390625,-45.41015625,-57.6171875,25.87890625,-32.71484375
156.54296875,-43.45703125,-44.921875,33.203125,-10.7421875
156.546875,-69.82421875,-31.25,28.3203125,-34.66796875
156.55078125,-97.16796875,-23.92578125,20.01953125,-41.50390625
156.5546875,-91.796875,-20.5078125,41.015625,-31.25
156.55859375,-101.5625,-32.2265625,57.6171875,-27.83203125
156.5625,-124.51171875,-47.36328125,62.98828125,-51.26953125
156.56640625,-108.88671875,-49.31640625,53.22265625,-33.69140625
156.5703125,-75.68359375,-35.64453125,13.18359375,6.34765625
156.57421875,-95.21484375,-36.1328125,15.625,-13.18359375
156.578125,-108.88671875,-43.9453125,42.96875,-39.0625
156.58203125,-100.5859375,-42.96875,36.1328125,-18.06640625
156.5859375,-106.4453125,-43.9453125,10.25390625,-24.4140625
156.58984375,-91.796875,-33.69140625,-6.8359375,-29.296875
156.59375,-62.98828125,-20.5078125,8.30078125,5.859375
156.59765625,-74.70703125,-36.62109375,26.3671875,28.3203125
156.6015625,-83.49609375,-49.31640625,17.08984375,-6.34765625
156.60546875,-62.5,-33.69140625,3.41796875,-7.32421875
156.609375,-52.24609375,-24.4140625,-5.859375,6.8359375
156.61328125,-52.734375,-33.69140625,-15.13671875,-1.953125
156.6171875,-49.31640625,-33.203125,-4.8828125,-16.11328125
156.62109375,-41.015625,-27.34375,17.578125,-11.23046875
156.625,-25.87890625,-29.296875,3.90625,23.92578125
156.62890625,-14.6484375,-25.390625,-16.11328125,0.9765625
156.6328125,-24.4140625,-25.390625,-12.20703125,-39.55078125
156.63671875,-38.57421875,-31.25,-12.20703125,-28.3203125
156.640625,-20.99609375,-25.87890625,-33.203125,29.78515625
156.64453125,-6.8359375,-20.99609375,-42.96875,0.0
156.6484375,-33.69140625,-31.25,-12.6953125,-54.6875
156.65234375,-44.43359375,-30.2734375,2.9296875,-25.390625
156.65625,-27.83203125,-18.5546875,-5.37109375,-15.13671875
156.66015625,-9.765625,-21.484375,-12.20703125,-6.8359375
156.6640625,-2.44140625,-29.296875,-18.06640625,6.34765625
156.66796875,-8.30078125,-26.85546875,-11.71875,-16.11328125
156.671875,-12.20703125,-24.90234375,-5.37109375,-26.85546875
156.67578125,-6.8359375,-18.06640625,-8.7890625,-38.57421875
156.6796875,-11.23046875,-9.27734375,-25.390625,-7.8125
156.68359375,-29.78515625,-15.625,-24.90234375,6.8359375
156.6875,-25.390625,-18.06640625,-29.78515625,-15.13671875
156.69140625,-16.6015625,-16.11328125,-35.15625,-26.3671875
156.6953125,-32.2265625,-20.01953125,-12.20703125,-36.62109375
156.69921875,-47.36328125,-24.90234375,-0.48828125,-38.57421875
156.703125,-29.78515625,-27.83203125,-17.578125,-19.53125
156.70703125,-16.6015625,-27.34375,-24.4140625,-9.27734375
156.7109375,-27.34375,-27.34375,-5.859375,-21.484375
156.71484375,-21.484375,-25.390625,-1.953125,1.953125
156.71875,-14.16015625,-14.6484375,-23.4375,-1.953125
156.72265625,-31.25,-19.53125,-26.85546875,-29.78515625
156.7265625,-39.55078125,-28.3203125,-13.18359375,-38.57421875
156.73046875,-35.15625,-28.3203125,-9.765625,-29.296875
156.734375,-31.25,-21.484375,-20.99609375,-22.4609375
156.73828125,-33.203125,-21.97265625,-23.4375,-13.671875
156.7421875,-17.578125,-22.4609375,-20.99609375,-1.953125
156.74609375,-15.13671875,-20.5078125,-12.20703125,-28.80859375
156.75,-24.90234375,-23.92578125,-9.27734375,-21.97265625
156.75390625,-26.3671875,-29.296875,-8.7890625,16.11328125
156.7578125,-32.71484375,-27.83203125,-15.13671875,-21.97265625
156.76171875,-37.109375,-14.16015625,-31.25,-45.41015625
156.765625,-29.78515625,-10.7421875,-20.5078125,-25.390625
156.76953125,-29.78515625,-17.578125,-11.71875,-21.484375
156.7734375,-17.08984375,-15.13671875,-16.11328125,-19.04296875
156.77734375,-19.04296875,-12.20703125,-20.01953125,-10.7421875
156.78125,-28.3203125,-9.765625,-36.62109375,-9.765625
156.78515625,-18.5546875,-8.7890625,-33.69140625,-22.94921875
156.7890625,-10.25390625,-20.01953125,-13.18359375,-33.203125
156.79296875,-4.8828125,-21.97265625,-9.765625,-29.296875
156.796875,-6.8359375,-21.484375,-9.765625,-10.25390625
156.80078125,-2.9296875,-24.90234375,-4.39453125,-10.25390625
156.8046875,-8.7890625,-18.06640625,-11.23046875,-9.27734375
156.80859375,-4.8828125,-13.671875,-21.484375,-13.18359375
156.8125,-5.859375,-11.23046875,-24.90234375,-7.8125
156.81640625,-19.53125,-18.06640625,-23.4375,-9.27734375
156.8203125,-13.18359375,-20.5078125,-27.34375,-15.625
156.82421875,-14.16015625,-17.08984375,-33.69140625,-21.97265625
156.828125,-10.25390625,-17.08984375,-24.4140625,-33.203125
156.83203125,-3.41796875,-19.04296875,-6.34765625,-9.27734375
156.8359375,-1.953125,-21.97265625,-22.94921875,34.1796875
156.83984375,-3.41796875,-21.484375,-52.734375,-21.97265625
156.84375,-0.48828125,-17.08984375,-39.0625,-52.24609375
156.84765625,-7.32421875,-19.53125,-16.11328125,-24.90234375
156.8515625,-4.8828125,-18.5546875,-13.671875,-19.04296875
156.85546875,2.9296875,-13.18359375,-18.06640625,-33.69140625
156.859375,-10.25390625,-17.578125,-16.11328125,-37.109375
156.86328125,-6.8359375,-18.5546875,-10.7421875,-11.23046875
156.8671875,5.37109375,-16.11328125,-11.71875,2.9296875
156.87109375,-3.90625,-20.5078125,-12.20703125,-6.8359375
156.875,-10.25390625,-17.08984375,-13.18359375,-18.5546875
156.87890625,-22.4609375,-12.20703125,-11.23046875,-21.97265625
156.8828125,-36.1328125,-15.625,-6.8359375,-42.96875
156.88671875,-43.9453125,-18.5546875,-5.859375,-48.33984375
156.890625,-58.10546875,-25.87890625,-2.44140625,-51.7578125
156.89453125,-48.828125,-31.25,1.953125,-45.41015625
156.8984375,-37.109375,-28.80859375,-2.9296875,-43.45703125
156.90234375,-82.51953125,-29.296875,-12.6953125,-67.3828125
156.90625,-103.02734375,-35.64453125,-19.53125,-114.2578125
156.91015625,-74.70703125,-24.90234375,-25.87890625,-122.55859375
156.9140625,-108.3984375,-22.94921875,-27.83203125,-95.21484375
156.91796875,-157.71484375,-30.76171875,-31.25,-118.65234375
156.921875,-171.38671875,-25.390625,-32.2265625,-134.27734375
156.92578125,-206.54296875,-17.578125,-27.83203125,-151.85546875
156.9296875,-268.5546875,-29.296875,-42.96875,-144.04296875
156.93359375,-312.01171875,-33.69140625,-53.7109375,-140.13671875
156.9375,-329.1015625,-4.8828125,-55.6640625,-153.80859375
156.94140625,-332.03125,20.01953125,-67.87109375,-150.390625
156.9453125,-287.59765625,27.34375,-67.87109375,-149.90234375
156.94921875,-208.984375,30.76171875,-71.2890625,-117.67578125
156.953125,-200.68359375,24.4140625,-84.47265625,-109.86328125
156.95703125,-210.9375,14.6484375,-62.5,-95.703125
156.9609375,-184.08203125,11.71875,-47.36328125,-49.31640625
156.96484375,-157.2265625,2.44140625,-53.22265625,-54.19921875
156.96875,-117.1875,-10.7421875,-50.78125,-41.9921875
156.97265625,-109.86328125,-17.578125,-48.828125,-20.5078125
156.9765625,-96.19140625,-12.6953125,-45.8984375,-0.9765625
156.98046875,-81.0546875,-11.23046875,-49.31640625,-1.953125
156.984375,-89.35546875,-16.11328125,-51.7578125,-19.53125
156.98828125,-89.84375,-13.671875,-44.43359375,-3.41796875
156.9921875,-62.5,-4.8828125,-41.50390625,0.9765625
156.99609375,-69.3359375,0.0,-42.48046875,-6.8359375
157.0,-74.21875,-2.9296875,-44.921875,-7.32421875
157.00390625,-62.5,-4.8828125,-54.19921875,-8.30078125
157.0078125,-61.03515625,-9.27734375,-43.9453125,18.5546875
157.01171875,-72.265625,-18.06640625,-25.87890625,62.5
157.015625,-115.234375,-11.23046875,-32.71484375,41.50390625
157.01953125,-123.53515625,-6.8359375,-51.7578125,15.625
157.0234375,-102.05078125,-14.16015625,-50.78125,9.27734375
157.02734375,-105.46875,-14.16015625,-46.38671875,39.55078125
157.03125,-101.5625,-10.7421875,-52.24609375,31.73828125
157.03515625,-97.65625,-8.7890625,-53.7109375,29.78515625
157.0390625,-105.46875,-16.6015625,-41.50390625,28.3203125
157.04296875,-91.796875,-22.4609375,-28.80859375,6.8359375
157.046875,-66.89453125,-27.34375,-18.06640625,17.578125
157.05078125,-49.31640625,-28.3203125,-21.484375,21.97265625
157.0546875,-42.48046875,-16.6015625,-34.1796875,27.83203125
157.05859375,-50.29296875,-4.8828125,-30.2734375,23.92578125
157.0625,-44.921875,-5.37109375,-28.80859375,33.203125
157.06640625,-25.87890625,-9.765625,-38.57421875,50.78125
157.0703125,-22.4609375,-9.765625,-59.5703125,30.2734375
157.07421875,-28.3203125,-13.671875,-60.05859375,25.390625
157.078125,-42.96875,-21.484375,-38.0859375,26.3671875
157.08203125,-56.15234375,-24.4140625,-25.87890625,15.13671875
157.0859375,-38.0859375,-21.97265625,-18.5546875,4.39453125
157.08984375,-20.99609375,-19.53125,-27.83203125,5.37109375
157.09375,-30.76171875,-17.578125,-40.52734375,14.16015625
157.09765625,-40.0390625,-19.04296875,-35.15625,-11.23046875
157.1015625,-39.0625,-16.11328125,-35.15625,-8.7890625
157.10546875,-43.9453125,-11.23046875,-38.0859375,10.25390625
157.109375,-25.87890625,-15.13671875,-44.921875,19.53125
157.11328125,-14.16015625,-18.5546875,-46.875,15.625
157.1171875,-24.4140625,-18.06640625,-21.484375,14.16015625
157.12109375,-12.6953125,-27.34375,-15.13671875,-2.44140625
157.125,9.27734375,-23.92578125,-23.92578125,10.25390625
157.12890625,-14.6484375,-14.16015625,-27.34375,32.71484375
157.1328125,-41.50390625,-14.6484375,-21.97265625,40.0390625
157.13671875,-39.55078125,-17.578125,-24.4140625,-7.32421875
157.140625,-36.1328125,-19.53125,-29.296875,-19.53125
157.14453125,-35.64453125,-21.484375,-23.4375,5.37109375
157.1484375,-28.80859375,-24.90234375,-23.92578125,19.04296875
157.15234375,-35.64453125,-25.87890625,-23.92578125,29.78515625
157.15625,-44.43359375,-26.3671875,-28.3203125,-3.41796875
157.16015625,-45.8984375,-26.85546875,-25.87890625,-11.71875
157.1640625,-41.9921875,-27.34375,-41.015625,5.37109375
157.16796875,-13.671875,-31.73828125,-44.921875,13.18359375
157.171875,-12.6953125,-28.3203125,-20.99609375,-2.44140625
157.17578125,-46.38671875,-22.4609375,-9.765625,-10.25390625
157.1796875,-53.7109375,-25.390625,-12.6953125,-2.44140625
157.18359375,-36.62109375,-17.08984375,-13.671875,7.32421875
157.1875,-32.2265625,-7.8125,-16.11328125,12.20703125
157.19140625,-29.78515625,-8.30078125,-26.3671875,4.39453125
157.1953125,-25.390625,-12.6953125,-31.73828125,0.0
157.19921875,-26.3671875,-16.6015625,-19.53125,1.46484375
157.203125,-39.55078125,-19.53125,-12.20703125,6.8359375
157.20703125,-41.015625,-19.53125,-23.92578125,8.30078125
157.2109375,-28.3203125,-13.671875,-20.5078125,9.765625
157.21484375,-20.01953125,-14.6484375,-0.48828125,4.39453125
157.21875,-5.37109375,-19.53125,5.37109375,12.6953125
157.22265625,-29.296875,-19.04296875,-3.41796875,-11.71875
157.2265625,-54.19921875,-24.90234375,-15.625,-24.90234375
157.23046875,-21.484375,-27.34375,-20.99609375,-15.13671875
157.234375,-18.06640625,-24.4140625,-16.6015625,-3.41796875
157.23828125,-21.484375,-23.4375,-7.32421875,9.765625
157.2421875,1.46484375,-21.97265625,-12.6953125,15.625
157.24609375,1.46484375,-20.99609375,-18.06640625,13.671875
157.25,-9.765625,-20.5078125,-15.13671875,11.23046875
157.25390625,-2.44140625,-19.04296875,-20.5078125,0.0
157.2578125,-2.44140625,-19.53125,-20.99609375,-13.18359375
157.26171875,-10.25390625,-21.484375,-21.97265625,-21.484375
157.265625,-7.8125,-24.90234375,-17.08984375,-12.6953125
157.26953125,-3.90625,-22.94921875,-22.94921875,24.90234375
157.2734375,-1.953125,-20.99609375,-38.0859375,13.671875
157.27734375,13.671875,-26.85546875,-23.4375,0.0
157.28125,12.6953125,-28.80859375,-10.25390625,3.90625
157.28515625,-8.30078125,-24.90234375,-7.8125,-12.6953125
157.2890625,-6.34765625,-22.4609375,-14.16015625,-19.53125
157.29296875,1.46484375,-26.85546875,-19.04296875,-3.90625
157.296875,-3.90625,-28.3203125,-18.06640625,4.39453125
157.30078125,-6.8359375,-24.90234375,-22.4609375,-16.6015625
157.3046875,-7.8125,-20.99609375,-21.97265625,-9.765625
157.30859375,-9.27734375,-18.06640625,-21.484375,8.7890625
157.3125,-5.859375,-11.23046875,-23.4375,14.6484375
157.31640625,-11.23046875,-13.18359375,-30.76171875,22.94921875
157.3203125,-8.30078125,-16.6015625,-47.8515625,-11.71875
157.32421875,2.9296875,-13.671875,-36.62109375,-17.08984375
157.328125,13.18359375,-18.06640625,-15.13671875,17.578125
157.33203125,26.85546875,-8.30078125,-24.4140625,11.71875
157.3359375,8.7890625,-12.20703125,-29.78515625,-1.953125
157.33984375,-5.859375,-22.94921875,-24.90234375,-10.7421875
157.34375,-10.25390625,-22.94921875,-24.90234375,4.39453125
157.34765625,-5.859375,-24.4140625,-20.01953125,6.8359375
157.3515625,9.27734375,-24.4140625,-32.2265625,-10.7421875
157.35546875,12.6953125,-20.99609375,-46.38671875,8.30078125
157.359375,16.11328125,-7.8125,-39.55078125,11.23046875
157.36328125,4.39453125,-12.20703125,-36.62109375,1.46484375
157.3671875,-9.765625,-28.3203125,-28.80859375,-2.9296875
157.37109375,-16.11328125,-34.66796875,-17.08984375,-14.16015625
157.375,-13.18359375,-34.66796875,-13.671875,-28.3203125
157.37890625,2.9296875,-29.78515625,-18.06640625,-19.53125
157.3828125,6.34765625,-30.76171875,-21.484375,25.390625
157.38671875,-5.37109375,-31.73828125,-28.3203125,12.6953125
157.390625,-22.4609375,-33.69140625,-34.66796875,-20.01953125
157.39453125,-17.578125,-35.64453125,-43.45703125,-6.34765625
157.3984375,-0.9765625,-30.76171875,-49.8046875,-19.53125
157.40234375,5.37109375,-19.53125,-56.640625,-9.27734375
157.40625,-1.46484375,-20.01953125,-49.8046875,-0.48828125
157.41015625,-9.27734375,-27.83203125,-29.78515625,-17.578125
157.4140625,-18.5546875,-22.4609375,-19.53125,26.85546875
157.41796875,-22.4609375,-22.4609375,-30.76171875,34.1796875
157.421875,-14.16015625,-22.4609375,-39.0625,-13.18359375
157.42578125,-20.5078125,-18.06640625,-24.90234375,-31.73828125
157.4296875,-33.69140625,-20.99609375,-18.5546875,-20.5078125
157.43359375,-33.69140625,-25.87890625,-27.34375,-9.765625
157.4375,-19.04296875,-21.97265625,-33.203125,7.8125
157.44140625,-23.4375,-24.90234375,-23.4375,11.23046875
157.4453125,-7.8125,-35.15625,-20.5078125,-8.30078125
157.44921875,1.46484375,-30.76171875,-39.55078125,-23.4375
157.453125,-10.25390625,-20.99609375,-47.8515625,-25.390625
157.45703125,-12.20703125,-24.90234375,-25.87890625,-4.8828125
157.4609375,-15.13671875,-27.34375,-21.97265625,13.671875
157.46484375,-13.18359375,-25.87890625,-36.62109375,16.6015625
157.46875,-15.13671875,-30.76171875,-21.484375,-3.90625
157.47265625,-30.2734375,-31.73828125,-6.34765625,-8.30078125
157.4765625,-30.2734375,-27.83203125,-4.8828125,-4.39453125
157.48046875,-23.4375,-28.3203125,-21.484375,-15.13671875
157.484375,-27.34375,-30.76171875,-28.80859375,-6.8359375
157.48828125,-33.69140625,-25.390625,-21.484375,-3.90625
157.4921875,-32.71484375,-19.53125,-12.6953125,15.625
157.49609375,-17.578125,-17.08984375,-15.13671875,13.671875
157.5,-8.7890625,-12.6953125,-21.484375,-4.39453125
157.50390625,-18.5546875,-14.16015625,-19.04296875,-19.04296875
157.5078125,-11.71875,-7.32421875,-27.34375,-4.8828125
157.51171875,-1.46484375,-2.9296875,-40.0390625,12.20703125
157.515625,-5.37109375,-21.484375,-35.64453125,-5.859375
157.51953125,-7.32421875,-31.73828125,-37.109375,-12.20703125
157.5234375,-14.6484375,-28.80859375,-33.69140625,7.8125
157.52734375,-28.3203125,-20.01953125,-24.90234375,2.9296875
157.53125,-38.57421875,-16.6015625,-25.87890625,-17.578125
157.53515625,-27.83203125,-25.390625,-18.5546875,3.41796875
157.5390625,-8.7890625,-28.80859375,-16.11328125,21.484375
157.54296875,-29.78515625,-24.90234375,-25.87890625,-12.6953125
157.546875,-38.0859375,-25.390625,-26.85546875,-30.2734375
157.55078125,-46.38671875,-24.90234375,-34.1796875,-21.97265625
157.5546875,-71.2890625,-18.5546875,-52.24609375,-38.0859375
157.55859375,-40.0390625,-21.97265625,-42.96875,-39.55078125
157.5625,-21.484375,-25.87890625,-31.25,-42.48046875
157.56640625,-58.10546875,-23.92578125,-29.78515625,-40.0390625
157.5703125,-59.08203125,-31.25,-20.01953125,-30.2734375
157.57421875,-39.55078125,-29.296875,-12.6953125,-32.71484375
157.578125,-34.66796875,-20.5078125,-21.97265625,-24.90234375
157.58203125,-13.18359375,-20.5078125,-32.2265625,-12.20703125
157.5859375,-4.8828125,-22.4609375,-24.90234375,-5.859375
157.58984375,-25.390625,-18.5546875,-25.390625,-18.5546875
157.59375,-26.85546875,-19.04296875,-41.50390625,-11.23046875
157.59765625,-18.06640625,-22.94921875,-26.85546875,21.97265625
157.6015625,-22.4609375,-17.578125,-7.32421875,12.6953125
157.60546875,-19.53125,-16.11328125,-10.7421875,-15.13671875
157.609375,-27.34375,-18.06640625,-20.01953125,-17.578125
157.61328125,-35.64453125,-20.01953125,-25.390625,-15.625
157.6171875,-20.99609375,-18.06640625,-21.97265625,-19.53125
157.62109375,-17.578125,-17.578125,-21.97265625,-18.5546875
157.625,-23.4375,-18.5546875,-18.06640625,-12.6953125
157.62890625,-30.2734375,-16.6015625,-17.578125,-17.578125
157.6328125,-12.20703125,-12.6953125,-32.2265625,-21.484375
157.63671875,0.48828125,-11.23046875,-35.15625,-18.06640625
157.640625,-13.18359375,-14.16015625,-28.3203125,-31.73828125
157.64453125,-2.44140625,-8.7890625,-35.64453125,-19.04296875
157.6484375,-7.32421875,-15.625,-40.0390625,16.6015625
157.65234375,-30.76171875,-25.87890625,-19.53125,-10.25390625
157.65625,-23.4375,-25.87890625,-7.8125,-37.109375
157.66015625,-14.16015625,-20.5078125,-12.6953125,9.27734375
157.6640625,-18.06640625,-17.08984375,-20.5078125,2.44140625
157.66796875,-25.390625,-20.5078125,-18.5546875,-26.3671875
157.671875,-24.90234375,-26.3671875,-11.23046875,-32.71484375
157.67578125,-12.20703125,-29.296875,-9.27734375,-36.62109375
157.6796875,-9.27734375,-24.4140625,-17.578125,-17.08984375
157.68359375,-23.4375,-25.87890625,-24.4140625,-0.48828125
157.6875,-16.6015625,-27.83203125,-20.99609375,-19.04296875
157.69140625,-18.5546875,-29.296875,-14.16015625,-4.8828125
157.6953125,-37.109375,-32.71484375,-9.765625,1.46484375
157.69921875,-42.48046875,-20.99609375,-23.4375,-45.41015625
157.703125,-52.24609375,-15.625,-49.31640625,-34.1796875
157.70703125,-41.50390625,-17.08984375,-33.203125,1.46484375
157.7109375,-21.97265625,-19.53125,-7.32421875,-8.7890625
157.71484375,-30.76171875,-23.92578125,-8.30078125,-17.08984375
157.71875,-45.41015625,-24.4140625,-10.25390625,-10.7421875
157.72265625,-34.66796875,-20.5078125,-13.671875,-17.578125
157.7265625,-18.06640625,-15.13671875,-22.4609375,-41.9921875
157.73046875,-17.08984375,-18.5546875,-18.5546875,-36.62109375
157.734375,-27.83203125,-22.4609375,-11.71875,-24.4140625
157.73828125,-16.6015625,-21.97265625,-13.18359375,-31.73828125
157.7421875,-1.46484375,-25.87890625,-6.8359375,2.44140625
157.74609375,5.859375,-22.94921875,-10.7421875,19.53125
157.75,-10.25390625,-17.578125,-30.76171875,-31.25
157.75390625,-2.9296875,-14.16015625,-39.0625,-25.87890625
157.7578125,24.90234375,-8.30078125,-46.38671875,-29.78515625
157.76171875,5.37109375,-12.6953125,-28.80859375,-42.48046875
157.765625,-7.8125,-23.92578125,-7.32421875,-42.48046875
157.76953125,16.11328125,-23.92578125,-9.765625,-35.15625
157.7734375,28.80859375,-20.99609375,-5.37109375,-31.25
157.77734375,38.57421875,-21.97265625,-5.37109375,-20.99609375
157.78125,45.8984375,-20.01953125,-8.30078125,-16.6015625
157.78515625,41.9921875,-18.06640625,-12.6953125,-23.92578125
157.7890625,36.62109375,-19.53125,-14.6484375,-23.4375
157.79296875,33.69140625,-17.578125,-14.6484375,-27.34375
157.796875,48.828125,-20.99609375,-17.08984375,-16.11328125
157.80078125,78.125,-23.4375,-31.25,-5.859375
157.8046875,72.265625,-22.4609375,-41.50390625,5.37109375
157.80859375,61.03515625,-20.99609375,-21.97265625,-0.9765625
157.8125,65.91796875,-17.578125,-12.20703125,-27.34375
157.81640625,75.1953125,-15.625,-18.06640625,-25.390625
157.8203125,78.125,-20.01953125,-9.765625,-25.87890625
157.82421875,73.73046875,-23.92578125,-13.671875,-36.62109375
157.828125,75.68359375,-26.85546875,-29.78515625,-51.7578125
157.83203125,72.75390625,-21.97265625,-21.97265625,-23.92578125
157.8359375,66.89453125,-22.4609375,-17.578125,-12.20703125
157.83984375,73.73046875,-28.3203125,-19.04296875,-16.11328125
157.84375,79.58984375,-17.08984375,-16.6015625,9.765625
157.84765625,72.265625,-9.27734375,-20.5078125,-11.23046875
157.8515625,68.359375,-11.71875,-20.01953125,-41.50390625
157.85546875,62.01171875,-9.27734375,-20.01953125,-27.83203125
157.859375,65.4296875,-2.9296875,-35.64453125,-9.765625
157.86328125,70.3125,-8.30078125,-36.62109375,-28.80859375
157.8671875,70.3125,-20.01953125,-14.6484375,-40.52734375
157.87109375,67.3828125,-27.34375,0.0,-39.0625
157.875,68.359375,-22.94921875,-2.9296875,-30.2734375
157.87890625,67.87109375,-16.11328125,-11.71875,-20.99609375
157.8828125,57.12890625,-17.578125,-18.06640625,-23.4375
157.88671875,55.17578125,-21.97265625,-14.6484375,-8.7890625
157.890625,61.5234375,-21.97265625,-9.765625,-5.859375
157.89453125,58.59375,-17.578125,-25.87890625,-37.59765625
157.8984375,56.15234375,-13.671875,-24.4140625,-36.62109375
157.90234375,58.59375,-12.20703125,-11.71875,-22.94921875
157.90625,50.29296875,-13.18359375,-19.53125,-48.33984375
157.91015625,47.8515625,-18.06640625,-23.92578125,-35.15625
157.9140625,50.78125,-22.94921875,-10.25390625,-8.7890625
157.91796875,58.10546875,-29.78515625,0.0,-22.4609375
157.921875,79.58984375,-27.34375,1.46484375,-11.71875
157.92578125,57.6171875,-20.5078125,-14.6484375,-19.53125
157.9296875,34.1796875,-23.4375,-20.99609375,-38.0859375
157.93359375,49.31640625,-23.92578125,-13.671875,-6.8359375
157.9375,62.98828125,-19.53125,-17.578125,-7.8125
157.94140625,48.828125,-20.01953125,-20.01953125,-10.25390625
157.9453125,47.8515625,-20.99609375,-18.5546875,14.6484375
157.94921875,54.6875,-20.01953125,-22.4609375,14.16015625
157.953125,48.828125,-20.01953125,-20.5078125,-19.04296875
157.95703125,59.08203125,-21.484375,-10.7421875,-20.99609375
157.9609375,69.82421875,-20.01953125,-12.20703125,-3.41796875
157.96484375,56.640625,-15.13671875,-22.94921875,15.625
157.96875,40.52734375,-18.5546875,-11.71875,-8.7890625
157.97265625,35.15625,-23.4375,0.0,-24.90234375
157.9765625,37.59765625,-24.4140625,-6.8359375,-5.37109375
157.98046875,39.0625,-20.99609375,-7.32421875,-1.953125
157.984375,55.17578125,-16.6015625,-9.765625,4.39453125
157.98828125,51.26953125,-17.578125,-17.08984375,-20.5078125
157.9921875,39.55078125,-19.53125,-11.23046875,-26.3671875
157.99609375,27.83203125,-17.578125,-14.6484375,-22.4609375
158.0,17.08984375,-23.92578125,-31.25,-10.7421875
158.00390625,28.80859375,-26.3671875,-17.578125,23.92578125
158.0078125,28.3203125,-24.4140625,-3.90625,-16.6015625
158.01171875,11.23046875,-28.80859375,-9.765625,-56.640625
158.015625,38.0859375,-20.99609375,-12.20703125,-17.08984375
158.01953125,45.41015625,-9.27734375,-10.25390625,-0.9765625
158.0234375,14.6484375,-16.6015625,-23.4375,-19.04296875
158.02734375,15.13671875,-24.90234375,-23.4375,0.9765625
158.03125,18.5546875,-21.97265625,-17.578125,-15.625
158.03515625,16.11328125,-19.53125,-19.04296875,-41.015625
158.0390625,11.71875,-17.08984375,-18.06640625,14.16015625
158.04296875,12.20703125,-7.8125,-38.57421875,12.6953125
158.046875,12.6953125,-14.16015625,-35.15625,-19.53125
158.05078125,9.765625,-23.92578125,-5.859375,-18.06640625
158.0546875,14.16015625,-23.92578125,-14.6484375,-21.484375
158.05859375,24.90234375,-18.5546875,-23.92578125,-23.4375
158.0625,24.4140625,-16.6015625,-18.5546875,-38.0859375
158.06640625,25.390625,-23.4375,-21.97265625,-20.5078125
158.0703125,28.3203125,-27.83203125,-27.34375,-7.32421875
158.07421875,23.4375,-22.4609375,-26.85546875,-31.25
158.078125,35.64453125,-14.16015625,-25.390625,-17.578125
158.08203125,57.12890625,-16.11328125,-31.73828125,2.44140625
158.0859375,59.5703125,-20.99609375,-25.87890625,3.41796875
158.08984375,49.31640625,-22.94921875,-14.16015625,-1.953125
158.09375,30.76171875,-22.4609375,-13.671875,0.0
158.09765625,28.80859375,-11.23046875,-25.87890625,1.46484375
158.1015625,45.8984375,-12.6953125,-41.50390625,13.671875
158.10546875,34.1796875,-19.04296875,-25.87890625,-19.04296875
158.109375,7.8125,-21.97265625,-9.27734375,-47.36328125
158.11328125,0.48828125,-22.94921875,-9.27734375,-43.9453125
158.1171875,-10.25390625,-20.01953125,-11.71875,-34.66796875
158.12109375,-34.66796875,-26.3671875,-15.625,-21.484375
158.125,-42.48046875,-28.80859375,-23.4375,-33.69140625
158.12890625,-59.08203125,-22.4609375,-19.53125,-37.59765625
158.1328125,-70.80078125,-19.04296875,-17.08984375,-12.20703125
158.13671875,-60.05859375,-21.97265625,-33.203125,-9.765625
158.140625,-57.6171875,-26.85546875,-36.1328125,-3.90625
158.14453125,-62.01171875,-30.2734375,-26.3671875,-3.90625
158.1484375,-61.5234375,-28.80859375,-20.01953125,-30.2734375
158.15234375,-56.640625,-26.85546875,-30.76171875,-27.34375
158.15625,-62.5,-20.5078125,-41.015625,-18.5546875
158.16015625,-49.8046875,-13.671875,-26.85546875,-26.85546875
158.1640625,-49.31640625,-22.94921875,-23.92578125,-32.71484375
158.16796875,-56.640625,-29.78515625,-20.01953125,-21.97265625
158.171875,-58.59375,-24.90234375,-18.06640625,-20.5078125
158.17578125,-53.22265625,-25.390625,-21.97265625,-10.25390625
158.1796875,-48.828125,-23.4375,-20.99609375,9.27734375
158.18359375,-42.48046875,-24.90234375,-20.99609375,-13.18359375
158.1875,-32.2265625,-23.92578125,-22.94921875,-21.484375
158.19140625,-24.90234375,-24.90234375,-26.3671875,-22.4609375
158.1953125,-21.97265625,-23.4375,-20.99609375,-28.80859375
158.19921875,-18.5546875,-13.671875,-21.484375,-12.20703125
158.203125,-19.53125,-22.94921875,-34.1796875,-12.6953125
158.20703125,-25.87890625,-34.66796875,-24.4140625,-20.99609375
158.2109375,-24.4140625,-28.80859375,-14.6484375,-26.3671875
158.21484375,-16.6015625,-23.92578125,-11.71875,-19.53125
158.21875,-21.484375,-26.85546875,-11.71875,-13.671875
158.22265625,-28.3203125,-28.80859375,-17.08984375,-26.85546875
158.2265625,-5.859375,-27.83203125,-26.3671875,-22.4609375
158.23046875,-7.32421875,-26.85546875,-28.3203125,-4.39453125
158.234375,-14.6484375,-29.78515625,-16.11328125,-13.671875
158.23828125,-8.30078125,-31.73828125,-8.30078125,-18.5546875
158.2421875,-4.8828125,-23.92578125,-12.20703125,-18.06640625
158.24609375,-1.953125,-12.6953125,-25.87890625,-16.6015625
158.25,9.765625,-12.6953125,-27.34375,-30.2734375
158.25390625,15.625,-15.13671875,-21.97265625,-17.08984375
158.2578125,4.39453125,-23.4375,-24.4140625,-0.48828125
158.26171875,-2.9296875,-32.2265625,-25.87890625,-24.90234375
158.265625,22.4609375,-14.6484375,-27.83203125,-18.5546875
158.26953125,20.01953125,-4.8828125,-29.78515625,-25.390625
158.2734375,-28.3203125,-14.6484375,-12.20703125,-45.41015625
158.27734375,-39.0625,-24.4140625,-7.32421875,-44.43359375
158.28125,-17.578125,-22.4609375,-7.32421875,-40.0390625
158.28515625,5.37109375,-18.06640625,-6.8359375,-21.97265625
158.2890625,16.6015625,-20.99609375,-10.25390625,-8.7890625
158.29296875,-6.34765625,-19.53125,-23.92578125,-25.390625
158.296875,18.06640625,-7.32421875,-33.69140625,-10.25390625
158.30078125,44.921875,-8.7890625,-20.5078125,19.04296875
158.3046875,15.13671875,-14.6484375,-8.7890625,14.16015625
158.30859375,-4.8828125,-19.04296875,-11.71875,-2.44140625
158.3125,-6.8359375,-28.3203125,-9.765625,9.765625
158.31640625,-11.71875,-33.69140625,-7.32421875,6.34765625
158.3203125,-7.32421875,-32.2265625,-10.7421875,-24.4140625
158.32421875,-22.94921875,-33.203125,0.0,-36.62109375
158.328125,-20.01953125,-37.109375,13.671875,-20.99609375
158.33203125,-3.41796875,-34.66796875,16.11328125,-18.06640625
158.3359375,-10.7421875,-32.2265625,18.5546875,-35.64453125
158.33984375,-14.6484375,-37.59765625,23.92578125,-20.5078125
158.34375,-24.4140625,-52.24609375,20.5078125,-2.44140625
158.34765625,-41.9921875,-55.6640625,18.06640625,4.39453125
158.3515625,-38.57421875,-49.8046875,23.92578125,-9.27734375
158.35546875,-31.25,-46.875,32.71484375,-10.25390625
158.359375,-44.921875,-45.41015625,43.9453125,5.37109375
158.36328125,-42.48046875,-42.48046875,42.48046875,7.8125
158.3671875,-19.04296875,-46.38671875,22.94921875,47.8515625
158.37109375,-16.6015625,-54.19921875,17.08984375,38.0859375
158.375,-30.76171875,-54.6875,38.0859375,-11.71875
158.37890625,-31.73828125,-50.78125,42.96875,22.4609375
158.3828125,-22.94921875,-46.38671875,25.390625,20.5078125
158.38671875,-14.16015625,-41.50390625,32.71484375,16.11328125
158.390625,-8.7890625,-39.55078125,41.50390625,29.296875
158.39453125,-14.16015625,-38.57421875,33.69140625,14.6484375
158.3984375,0.9765625,-36.1328125,32.71484375,9.765625
158.40234375,19.53125,-33.203125,28.80859375,20.01953125
158.40625,8.7890625,-30.2734375,12.6953125,19.04296875
158.41015625,-5.859375,-28.80859375,8.30078125,11.71875
158.4140625,-0.9765625,-29.296875,15.13671875,20.5078125
158.41796875,2.44140625,-32.2265625,2.9296875,22.94921875
158.421875,0.48828125,-31.25,5.37109375,16.6015625
158.42578125,4.8828125,-25.390625,20.99609375,18.06640625
158.4296875,12.6953125,-24.90234375,22.4609375,39.0625
158.43359375,6.8359375,-24.90234375,12.20703125,57.12890625
158.4375,2.9296875,-21.97265625,2.9296875,30.2734375
158.44140625,8.30078125,-20.01953125,0.0,20.01953125
158.4453125,9.765625,-21.484375,0.9765625,18.06640625
158.44921875,20.99609375,-19.53125,-5.37109375,20.99609375
158.453125,31.73828125,-14.6484375,-21.97265625,29.296875
158.45703125,25.87890625,-17.08984375,-9.27734375,24.4140625
158.4609375,24.4140625,-23.92578125,5.37109375,20.01953125
158.46484375,23.92578125,-28.3203125,8.30078125,16.6015625
158.46875,16.6015625,-32.2265625,12.20703125,28.3203125
158.47265625,2.9296875,-31.25,7.8125,19.04296875
158.4765625,2.9296875,-23.92578125,-3.41796875,-20.01953125
158.48046875,23.4375,-16.6015625,-13.18359375,-7.32421875
158.484375,32.2265625,-13.18359375,-8.7890625,20.5078125
158.48828125,30.76171875,-14.16015625,-3.90625,15.625
158.4921875,30.76171875,-17.08984375,-12.6953125,-2.9296875
158.49609375,35.15625,-23.92578125,-12.6953125,-16.6015625
158.5,33.69140625,-23.4375,-2.44140625,-2.9296875
158.50390625,25.390625,-17.08984375,-4.8828125,0.9765625
158.5078125,21.484375,-27.83203125,-27.34375,7.8125
158.51171875,18.5546875,-33.203125,-34.66796875,-9.27734375
158.515625,21.484375,-25.87890625,-13.671875,-8.30078125
158.51953125,21.97265625,-24.4140625,-18.5546875,-2.44140625
158.5234375,15.625,-16.11328125,-22.94921875,-18.06640625
158.52734375,17.578125,-10.7421875,-13.18359375,3.41796875
158.53125,16.6015625,-16.11328125,-10.7421875,-8.30078125
158.53515625,19.53125,-16.11328125,-9.765625,-22.94921875
158.5390625,26.85546875,-14.6484375,-19.53125,-11.23046875
158.54296875,48.828125,-16.6015625,-21.97265625,-7.32421875
158.546875,53.7109375,-19.04296875,-9.765625,3.90625
158.55078125,49.8046875,-16.11328125,-18.06640625,-10.25390625
158.5546875,42.96875,-14.16015625,-24.4140625,-14.6484375
158.55859375,39.55078125,-18.5546875,-14.16015625,5.37109375
158.5625,34.66796875,-24.4140625,-16.11328125,11.23046875
158.56640625,19.53125,-24.4140625,-22.4609375,-15.625
158.5703125,18.5546875,-23.4375,-26.3671875,-27.83203125
158.57421875,14.16015625,-25.390625,-32.71484375,-25.390625
158.578125,8.7890625,-24.90234375,-44.43359375,-34.66796875
158.58203125,24.4140625,-22.4609375,-41.9921875,-25.87890625
158.5859375,36.1328125,-21.484375,-19.53125,-19.53125
158.58984375,22.94921875,-22.4609375,-9.765625,-1.46484375
158.59375,-7.32421875,-19.04296875,-16.6015625,-9.765625
158.59765625,-7.32421875,-18.5546875,-41.015625,-14.16015625
158.6015625,-6.34765625,-23.92578125,-35.64453125,-13.18359375
158.60546875,-25.87890625,-27.34375,-12.20703125,-33.69140625
158.609375,-24.90234375,-23.92578125,-10.25390625,-33.203125
158.61328125,-37.109375,-15.625,-12.20703125,-27.83203125
158.6171875,-40.52734375,-12.20703125,-13.18359375,-49.8046875
158.62109375,-43.45703125,-18.06640625,-18.06640625,-68.359375
158.625,-30.76171875,-23.92578125,-20.5078125,-41.50390625
158.62890625,-2.9296875,-18.06640625,-19.53125,-35.64453125
158.6328125,-16.11328125,-18.5546875,-20.99609375,-21.97265625
158.63671875,-34.1796875,-27.83203125,-17.578125,-4.8828125
158.640625,-28.3203125,-18.06640625,-24.90234375,-26.3671875
158.64453125,-24.90234375,-18.06640625,-28.80859375,-24.4140625
158.6484375,-21.484375,-40.52734375,-7.8125,-33.203125
158.65234375,-14.16015625,-37.109375,7.32421875,-45.8984375
158.65625,-22.94921875,-17.578125,3.90625,-42.48046875
158.66015625,-32.2265625,-12.6953125,-7.32421875,-41.015625
158.6640625,-44.921875,-8.7890625,-21.97265625,-34.1796875
158.66796875,-66.89453125,-11.23046875,-24.4140625,-38.0859375
158.671875,-60.546875,-20.01953125,-16.11328125,-51.26953125
158.67578125,-42.96875,-17.08984375,-17.08984375,-58.59375
158.6796875,-28.3203125,-26.85546875,-17.578125,-26.85546875
158.68359375,14.6484375,-34.1796875,-13.671875,5.859375
158.6875,12.20703125,-17.578125,-21.484375,-34.1796875
158.69140625,-32.2265625,-16.6015625,-31.73828125,-51.26953125
158.6953125,-39.0625,-20.99609375,-36.1328125,-51.7578125
158.69921875,-45.8984375,-16.6015625,-42.96875,-43.45703125
158.703125,-59.5703125,-20.99609375,-63.4765625,-51.26953125
158.70703125,-54.6875,-17.578125,-65.91796875,-87.40234375
158.7109375,-42.96875,-8.30078125,-52.24609375,-86.9140625
158.71484375,-49.8046875,-6.8359375,-62.01171875,-91.796875
158.71875,-62.5,-7.8125,-72.75390625,-101.5625
158.72265625,-59.08203125,-6.8359375,-75.1953125,-114.74609375
158.7265625,-57.6171875,-6.8359375,-68.84765625,-117.1875
158.73046875,-52.24609375,-13.671875,-57.12890625,-101.07421875
158.734375,-42.48046875,-11.23046875,-60.05859375,-93.26171875
158.73828125,-33.69140625,-1.953125,-73.2421875,-89.35546875
158.7421875,-26.85546875,0.0,-62.5,-81.54296875
158.74609375,-32.2265625,-1.953125,-50.78125,-56.15234375
158.75,-17.08984375,-1.46484375,-62.98828125,-42.96875
158.75390625,-21.484375,-6.34765625,-56.15234375,-39.0625
158.7578125,-33.69140625,-9.765625,-23.92578125,-34.1796875
158.76171875,-26.85546875,-15.13671875,-9.765625,-69.82421875
158.765625,-19.53125,-14.16015625,-14.16015625,-55.17578125
158.76953125,-5.859375,-4.39453125,-22.94921875,-26.3671875
158.7734375,-9.765625,-1.46484375,-27.83203125,-34.66796875
158.77734375,-24.4140625,-4.39453125,-29.296875,-31.25
158.78125,-19.53125,-5.859375,-33.203125,-40.52734375
158.78515625,-9.765625,-9.27734375,-37.109375,-34.66796875
158.7890625,-15.625,-16.11328125,-35.64453125,-28.3203125
158.79296875,-19.53125,-18.5546875,-36.1328125,-27.34375
158.796875,-5.859375,-17.578125,-46.38671875,-38.0859375
158.80078125,-5.859375,-14.16015625,-44.921875,-41.015625
158.8046875,-8.30078125,-13.671875,-37.109375,-30.76171875
158.80859375,-0.9765625,-15.13671875,-34.66796875,-41.015625
158.8125,12.20703125,-14.16015625,-24.90234375,-44.43359375
158.81640625,19.53125,-10.25390625,-23.4375,-20.01953125
158.8203125,25.390625,-10.7421875,-38.57421875,-6.8359375
158.82421875,13.18359375,-16.6015625,-32.2265625,4.39453125
158.828125,-4.8828125,-20.01953125,-17.578125,1.953125
158.83203125,-5.37109375,-23.92578125,-34.1796875,-7.32421875
158.8359375,5.859375,-19.53125,-38.57421875,0.0
158.83984375,-6.34765625,-18.5546875,-26.85546875,-20.99609375
158.84375,-12.20703125,-21.97265625,-19.53125,-13.18359375
158.84765625,-6.8359375,-7.8125,-15.13671875,-14.16015625
158.8515625,-13.18359375,-2.44140625,-20.5078125,-46.38671875
158.85546875,-12.20703125,-7.8125,-26.85546875,-24.4140625
158.859375,6.8359375,-1.46484375,-24.90234375,-23.92578125
158.86328125,0.9765625,-3.90625,-26.3671875,-36.1328125
158.8671875,-24.4140625,-13.671875,-32.2265625,-22.4609375
158.87109375,-12.6953125,-14.6484375,-33.203125,-19.53125
158.875,10.25390625,-21.484375,-33.69140625,-11.23046875
158.87890625,13.18359375,-25.390625,-36.1328125,2.9296875
158.8828125,1.953125,-19.04296875,-37.109375,2.44140625
158.88671875,2.44140625,-9.765625,-46.38671875,-1.46484375
158.890625,11.23046875,-2.44140625,-60.546875,-7.32421875
158.89453125,-2.44140625,-20.01953125,-41.9921875,-19.04296875
158.8984375,-5.37109375,-33.203125,-22.4609375,-26.3671875
158.90234375,-0.9765625,-31.25,-26.85546875,-22.94921875
158.90625,-16.6015625,-36.1328125,-34.66796875,-20.5078125
158.91015625,-7.8125,-33.203125,-31.25,-28.80859375
158.9140625,-2.44140625,-22.4609375,-26.85546875,-26.3671875
158.91796875,-11.71875,-17.08984375,-29.78515625,-6.8359375
158.921875,-5.859375,-13.671875,-27.34375,-5.37109375
158.92578125,-4.39453125,-16.11328125,-18.5546875,-4.39453125
158.9296875,2.44140625,-17.578125,-21.484375,1.953125
158.93359375,8.7890625,-18.06640625,-28.3203125,2.9296875
158.9375,4.8828125,-14.6484375,-22.4609375,18.06640625
158.94140625,13.18359375,-13.671875,-28.80859375,21.97265625
158.9453125,-5.37109375,-24.90234375,-27.83203125,-1.46484375
158.94921875,-6.8359375,-24.4140625,-24.4140625,-14.16015625
158.953125,27.34375,-19.04296875,-38.57421875,-12.6953125
158.95703125,9.27734375,-22.94921875,-32.2265625,-14.16015625
158.9609375,7.8125,-18.06640625,-22.94921875,4.8828125
158.96484375,16.6015625,-14.16015625,-27.34375,-4.39453125
158.96875,9.27734375,-16.11328125,-5.37109375,-26.85546875
158.97265625,52.24609375,-8.30078125,-9.27734375,-20.99609375
158.9765625,106.4453125,-6.34765625,-21.484375,-12.6953125
158.98046875,132.32421875,-21.484375,-14.6484375,19.53125
158.984375,145.99609375,-30.76171875,-31.73828125,29.296875
158.98828125,113.76953125,-28.80859375,-34.1796875,-33.203125
158.9921875,45.41015625,-28.3203125,-38.57421875,-59.08203125
158.99609375,47.36328125,-32.71484375,-38.0859375,-45.8984375
159.0,40.0390625,-35.15625,-20.01953125,-53.22265625
159.00390625,-6.8359375,-38.0859375,-9.27734375,-50.78125
159.0078125,-12.6953125,-41.015625,0.0,-46.38671875
159.01171875,6.8359375,-32.2265625,-24.4140625,-45.8984375
159.015625,28.3203125,-33.203125,-49.8046875,-23.92578125
159.01953125,31.25,-36.1328125,-23.92578125,-28.3203125
159.0234375,8.7890625,-46.875,20.99609375,-59.08203125
159.02734375,70.80078125,-59.08203125,44.921875,-40.52734375
159.03125,62.98828125,-48.33984375,17.578125,-31.25
159.03515625,29.78515625,-49.8046875,-1.46484375,-21.97265625
159.0390625,86.42578125,-55.6640625,38.0859375,20.01953125
159.04296875,81.54296875,-50.29296875,41.9921875,41.9921875
159.046875,68.359375,-52.24609375,2.44140625,62.01171875
159.05078125,90.8203125,-31.25,2.44140625,57.12890625
159.0546875,90.33203125,-13.671875,16.11328125,68.84765625
159.05859375,95.21484375,-9.27734375,20.5078125,102.5390625
159.0625,141.11328125,-15.625,33.69140625,89.35546875
159.06640625,163.0859375,-17.578125,39.0625,89.84375
159.0703125,149.4140625,-16.11328125,29.296875,97.16796875
159.07421875,169.43359375,-18.06640625,24.4140625,104.98046875
159.078125,177.24609375,-20.5078125,18.5546875,108.3984375
159.08203125,184.5703125,-19.53125,14.16015625,117.1875
159.0859375,181.15234375,-14.16015625,2.9296875,144.53125
159.08984375,195.3125,-12.20703125,-6.34765625,203.61328125
159.09375,164.0625,-20.5078125,0.48828125,186.03515625
159.09765625,137.6953125,-23.4375,-9.765625,114.2578125
159.1015625,202.63671875,-23.92578125,-18.06640625,142.578125
159.10546875,207.51953125,-22.94921875,-11.71875,150.390625
159.109375,198.73046875,-21.97265625,-9.27734375,143.5546875
159.11328125,205.078125,-21.484375,-10.25390625,154.78515625
159.1171875,179.19921875,-17.578125,-9.765625,130.859375
159.12109375,175.78125,-20.01953125,-15.625,117.67578125
159.125,187.98828125,-25.390625,-19.04296875,125.9765625
159.12890625,169.921875,-23.4375,-20.01953125,125.9765625
159.1328125,162.59765625,-20.99609375,-27.34375,141.11328125
159.13671875,156.73828125,-12.6953125,-24.90234375,109.86328125
159.140625,151.3671875,-9.27734375,-32.71484375,80.078125
159.14453125,147.4609375,-20.01953125,-53.7109375,64.94140625
159.1484375,132.8125,-21.97265625,-42.96875,59.08203125
159.15234375,82.51953125,-20.99609375,-37.59765625,59.5703125
159.15625,62.5,-18.5546875,-36.62109375,48.33984375
159.16015625,98.14453125,-14.16015625,-24.90234375,27.34375
159.1640625,120.60546875,-11.23046875,-14.16015625,21.484375
159.16796875,123.046875,-9.27734375,-18.06640625,38.0859375
159.171875,112.3046875,-15.13671875,-25.87890625,39.55078125
159.17578125,112.3046875,-18.06640625,-24.4140625,27.83203125
159.1796875,112.79296875,-12.20703125,-20.01953125,32.71484375
159.18359375,83.984375,-12.20703125,-24.4140625,31.25
159.1875,76.66015625,-11.71875,-30.2734375,17.578125
159.19140625,74.21875,-10.7421875,-23.4375,29.78515625
159.1953125,-16.11328125,-10.7421875,-30.76171875,34.1796875
159.19921875,-29.78515625,-13.18359375,-43.45703125,22.4609375
159.203125,-0.9765625,-17.08984375,-33.203125,34.66796875
159.20703125,-33.69140625,-10.25390625,-21.97265625,16.6015625
159.2109375,-68.359375,-11.23046875,-30.76171875,-3.90625
159.21484375,-43.9453125,-13.671875,-32.2265625,16.11328125
159.21875,-59.5703125,-13.18359375,-38.0859375,7.8125
159.22265625,-79.58984375,-20.99609375,-48.33984375,5.859375
159.2265625,-67.3828125,-30.76171875,-36.62109375,17.578125
159.23046875,-79.58984375,-28.80859375,-27.83203125,-15.625
159.234375,-65.4296875,-12.6953125,-31.25,2.44140625
159.23828125,-45.41015625,5.37109375,-43.45703125,11.71875
159.2421875,-50.78125,5.37109375,-41.9921875,-13.671875
159.24609375,-62.98828125,8.30078125,-31.73828125,-16.6015625
159.25,-66.89453125,4.39453125,-24.4140625,-14.16015625
159.25390625,-50.78125,-10.25390625,-22.4609375,-21.484375
159.2578125,-55.6640625,-6.34765625,-26.3671875,-15.13671875
159.26171875,-66.89453125,-5.37109375,-32.71484375,0.0
159.265625,-48.33984375,-10.7421875,-39.55078125,-16.6015625
159.26953125,-5.859375,-2.9296875,-34.66796875,2.44140625
159.2734375,-16.11328125,-3.41796875,-29.78515625,12.20703125
159.27734375,-55.6640625,-6.34765625,-29.296875,-36.62109375
159.28125,-46.38671875,-4.8828125,-33.69140625,-31.25
159.28515625,-4.8828125,-0.48828125,-38.57421875,23.4375
159.2890625,14.6484375,2.44140625,-33.69140625,51.7578125
159.29296875,17.08984375,-8.7890625,-24.90234375,43.45703125
159.296875,14.6484375,-10.25390625,-18.5546875,22.94921875
159.30078125,14.16015625,-4.39453125,-25.390625,19.53125
159.3046875,20.01953125,-7.8125,-30.2734375,30.2734375
159.30859375,23.92578125,-15.13671875,-20.99609375,28.3203125
159.3125,44.921875,-14.6484375,-23.92578125,28.3203125
159.31640625,42.96875,-12.20703125,-32.2265625,44.921875
159.3203125,10.7421875,-16.11328125,-24.90234375,33.203125
159.32421875,11.23046875,-11.23046875,-28.80859375,38.57421875
159.328125,11.71875,-14.16015625,-49.8046875,38.57421875
159.33203125,-3.41796875,-21.97265625,-55.6640625,3.90625
159.3359375,3.41796875,-22.94921875,-41.9921875,4.39453125
159.33984375,-1.953125,-22.4609375,-17.578125,18.5546875
159.34375,-6.8359375,-14.6484375,-10.25390625,24.90234375
159.34765625,-18.06640625,-10.25390625,-19.04296875,30.2734375
159.3515625,-18.5546875,-10.7421875,-13.18359375,22.4609375
159.35546875,-12.20703125,-10.25390625,1.46484375,-29.296875
159.359375,-9.765625,-8.30078125,-3.41796875,-0.9765625
159.36328125,0.0,-5.859375,-10.7421875,41.50390625
159.3671875,24.90234375,-2.9296875,-9.27734375,-12.6953125
159.37109375,17.08984375,-10.25390625,-16.6015625,-21.97265625
159.375,-18.5546875,-12.6953125,-24.4140625,12.6953125
159.37890625,-3.41796875,-9.765625,-29.78515625,11.23046875
159.3828125,12.20703125,-12.20703125,-28.80859375,-0.9765625
159.38671875,14.6484375,-8.30078125,-17.08984375,-37.109375
159.390625,4.39453125,-7.32421875,-5.859375,-46.38671875
159.39453125,12.6953125,-11.71875,-1.953125,-23.4375
159.3984375,8.7890625,-12.20703125,-5.859375,12.6953125
159.40234375,20.01953125,-12.20703125,0.9765625,31.73828125
159.40625,30.76171875,-20.99609375,7.32421875,-2.9296875
159.41015625,20.01953125,-17.578125,-3.90625,-14.16015625
159.4140625,23.4375,-13.671875,-15.13671875,-10.25390625
159.41796875,32.2265625,-16.6015625,-17.08984375,24.90234375
159.421875,41.50390625,-12.6953125,-24.4140625,50.29296875
159.42578125,30.76171875,-10.7421875,-40.0390625,-24.4140625
159.4296875,19.04296875,-13.18359375,-24.90234375,-32.71484375
159.43359375,19.53125,-10.7421875,-6.8359375,-31.73828125
159.4375,15.13671875,-15.13671875,-3.90625,-32.2265625
159.44140625,21.97265625,-20.99609375,11.23046875,6.8359375
159.4453125,21.97265625,-23.4375,19.04296875,31.25
159.44921875,19.53125,-20.01953125,-0.48828125,-6.8359375
159.453125,3.90625,-19.04296875,-28.3203125,-35.64453125
159.45703125,7.32421875,-20.99609375,-29.78515625,-17.08984375
159.4609375,8.7890625,-24.4140625,-24.4140625,18.5546875
159.46484375,11.23046875,-20.99609375,-16.11328125,27.34375
159.46875,34.66796875,-11.71875,-28.3203125,-33.203125
159.47265625,50.29296875,-12.20703125,-35.15625,-48.828125
159.4765625,29.296875,-19.04296875,-5.859375,-31.25
159.48046875,5.37109375,-23.92578125,5.859375,-26.3671875
159.484375,15.13671875,-24.90234375,8.30078125,-7.8125
159.48828125,14.6484375,-24.90234375,5.37109375,-19.04296875
159.4921875,24.90234375,-25.390625,1.953125,3.90625
159.49609375,37.109375,-18.5546875,-3.90625,13.671875
159.5,37.109375,-12.6953125,-26.85546875,-30.76171875
159.50390625,31.73828125,-21.97265625,-22.4609375,-43.45703125
159.5078125,6.8359375,-27.83203125,-4.8828125,-32.2265625
159.51171875,6.8359375,-27.83203125,-1.46484375,-23.92578125
159.515625,9.27734375,-25.390625,-11.23046875,-21.97265625
159.51953125,-6.34765625,-30.2734375,-12.20703125,-17.08984375
159.5234375,2.9296875,-34.1796875,-12.6953125,3.41796875
159.52734375,39.55078125,-34.1796875,-13.671875,5.37109375
159.53125,43.45703125,-34.66796875,-9.765625,-21.97265625
159.53515625,16.6015625,-30.76171875,-11.23046875,-19.04296875
159.5390625,10.7421875,-28.3203125,-11.71875,-37.109375
159.54296875,13.671875,-26.85546875,-10.25390625,-24.90234375
159.546875,30.76171875,-29.296875,-4.39453125,-6.34765625
159.55078125,52.24609375,-19.53125,-10.7421875,9.27734375
159.5546875,39.0625,-9.27734375,-32.71484375,0.0
159.55859375,20.99609375,-16.11328125,-20.01953125,-33.203125
159.5625,8.30078125,-23.92578125,-7.32421875,-43.45703125
159.56640625,30.2734375,-25.390625,-4.39453125,-13.671875
159.5703125,46.38671875,-22.94921875,-10.7421875,-5.37109375
159.57421875,43.45703125,-18.5546875,-10.7421875,-22.4609375
159.578125,39.0625,-13.671875,-4.8828125,-41.015625
159.58203125,33.69140625,-12.20703125,-15.625,-9.765625
159.5859375,49.8046875,-15.13671875,-12.20703125,-4.39453125
159.58984375,28.3203125,-13.18359375,-18.06640625,-58.10546875
159.59375,14.6484375,-13.18359375,-18.5546875,-7.32421875
159.59765625,17.578125,-15.13671875,0.48828125,-6.8359375
159.6015625,12.6953125,-13.18359375,0.48828125,-29.296875
159.60546875,15.13671875,-13.671875,-2.9296875,-18.5546875
159.609375,19.53125,-17.08984375,-8.7890625,-30.2734375
159.61328125,4.39453125,-16.6015625,-20.5078125,-45.8984375
159.6171875,-3.90625,-15.625,-15.625,-30.76171875
159.62109375,0.9765625,-20.5078125,-8.7890625,-14.6484375
159.625,39.0625,-11.23046875,-20.99609375,-15.13671875
159.62890625,43.9453125,-9.27734375,-22.94921875,9.765625
159.6328125,11.23046875,-23.4375,-7.32421875,-1.46484375
159.63671875,9.27734375,-29.296875,-0.48828125,-33.203125
159.640625,19.04296875,-28.3203125,-4.8828125,-28.3203125
159.64453125,2.44140625,-26.85546875,-11.71875,-8.7890625
159.6484375,28.80859375,-24.4140625,-15.13671875,29.296875
159.65234375,24.4140625,-23.4375,-16.11328125,-15.625
159.65625,-13.671875,-22.4609375,-20.99609375,-74.70703125
159.66015625,19.04296875,-16.6015625,-28.3203125,-20.5078125
159.6640625,71.77734375,-12.6953125,-27.83203125,13.18359375
159.66796875,38.57421875,-20.5078125,-13.18359375,-24.4140625
159.671875,-16.11328125,-31.73828125,0.48828125,-52.24609375
159.67578125,-10.25390625,-34.66796875,1.953125,-36.1328125
159.6796875,0.0,-31.73828125,-1.953125,-21.97265625
159.68359375,20.99609375,-28.80859375,-10.25390625,-45.41015625
159.6875,35.64453125,-32.71484375,-20.99609375,-17.08984375
159.69140625,38.0859375,-30.2734375,-24.90234375,-7.32421875
159.6953125,22.4609375,-25.390625,-26.85546875,-50.78125
159.69921875,47.8515625,-23.4375,-40.0390625,-31.25
159.703125,45.41015625,-24.90234375,-27.34375,-22.94921875
159.70703125,23.4375,-28.80859375,-9.27734375,-22.94921875
159.7109375,20.5078125,-30.76171875,-19.53125,-15.625
159.71484375,1.953125,-27.83203125,-35.15625,-34.66796875
159.71875,17.578125,-22.94921875,-37.59765625,-34.1796875
159.72265625,42.96875,-23.92578125,-21.97265625,-18.5546875
159.7265625,22.94921875,-29.78515625,-16.11328125,6.34765625
159.73046875,34.1796875,-30.2734375,-20.5078125,-8.7890625
159.734375,49.8046875,-23.92578125,-24.90234375,-32.2265625
159.73828125,38.0859375,-20.5078125,-42.48046875,-38.57421875
159.7421875,25.390625,-20.5078125,-50.29296875,-36.1328125
159.74609375,27.83203125,-20.99609375,-31.73828125,-27.34375
159.75,26.85546875,-22.94921875,-30.76171875,-33.69140625
159.75390625,33.203125,-20.5078125,-37.59765625,-38.57421875
159.7578125,49.31640625,-28.80859375,-30.2734375,-25.390625
159.76171875,37.109375,-39.0625,-42.96875,-35.64453125
159.765625,47.36328125,-27.83203125,-55.17578125,-13.18359375
159.76953125,56.640625,-23.92578125,-35.64453125,-8.30078125
159.7734375,58.59375,-22.4609375,-26.3671875,-9.765625
159.77734375,50.78125,-22.94921875,-36.62109375,-19.04296875
159.78125,30.2734375,-22.94921875,-37.59765625,-17.08984375
159.78515625,47.36328125,-14.16015625,-24.4140625,-13.18359375
159.7890625,41.9921875,-19.04296875,-21.97265625,-21.97265625
159.79296875,27.83203125,-23.92578125,-23.92578125,-17.578125
159.796875,47.36328125,-22.4609375,-26.85546875,8.7890625
159.80078125,51.7578125,-18.5546875,-43.9453125,9.27734375
159.8046875,50.78125,-13.671875,-44.921875,-31.25
159.80859375,65.4296875,-16.11328125,-25.87890625,-18.06640625
159.8125,41.9921875,-18.06640625,-23.4375,-6.34765625
159.81640625,20.5078125,-20.99609375,-31.73828125,-21.97265625
159.8203125,41.9921875,-26.3671875,-33.203125,-5.859375
159.82421875,25.390625,-24.4140625,-33.69140625,-7.32421875
159.828125,2.9296875,-20.01953125,-33.69140625,-23.4375
159.83203125,51.7578125,-17.08984375,-41.9921875,-7.8125
159.8359375,59.5703125,-12.6953125,-42.96875,41.9921875
159.83984375,16.6015625,-24.90234375,-38.0859375,56.15234375
159.84375,15.625,-27.83203125,-31.73828125,0.48828125
159.84765625,34.66796875,-17.08984375,-26.85546875,-32.71484375
159.8515625,15.13671875,-11.23046875,-39.0625,-42.96875
159.85546875,-4.39453125,-8.7890625,-30.76171875,-41.015625
159.859375,14.16015625,-13.671875,-22.4609375,-22.94921875
159.86328125,28.3203125,-14.6484375,-39.55078125,1.46484375
159.8671875,16.6015625,-17.08984375,-37.59765625,42.96875
159.87109375,5.37109375,-24.4140625,-31.73828125,9.27734375
159.875,15.625,-20.99609375,-42.96875,-24.4140625
159.87890625,30.76171875,-14.6484375,-62.01171875,-17.08984375
159.8828125,18.06640625,-14.16015625,-42.48046875,-10.25390625
159.88671875,20.99609375,-21.484375,-22.94921875,27.34375
159.890625,41.9921875,-24.90234375,-40.0390625,24.90234375
159.89453125,46.38671875,-15.13671875,-40.0390625,-14.6484375
159.8984375,37.59765625,-15.625,-33.203125,-20.5078125
159.90234375,8.7890625,-19.04296875,-41.9921875,2.44140625
159.90625,-16.11328125,-9.27734375,-60.546875,49.31640625
159.91015625,16.6015625,-12.6953125,-53.22265625,25.390625
159.9140625,23.4375,-22.4609375,-32.71484375,-40.0390625
159.91796875,1.46484375,-20.5078125,-28.3203125,-14.16015625
159.921875,-0.48828125,-21.484375,-27.34375,17.578125
159.92578125,27.83203125,-19.53125,-34.66796875,-49.8046875
159.9296875,18.06640625,-17.08984375,-53.22265625,-47.8515625
159.93359375,14.16015625,-29.78515625,-44.921875,19.04296875
159.9375,19.53125,-36.1328125,-25.87890625,-4.8828125
159.94140625,10.25390625,-26.3671875,-29.78515625,-20.01953125
159.9453125,5.859375,-24.90234375,-28.3203125,7.32421875
159.94921875,13.18359375,-21.97265625,-23.4375,-20.99609375
159.953125,34.66796875,-17.08984375,-21.97265625,-15.13671875
159.95703125,16.11328125,-15.13671875,-20.99609375,-5.859375
159.9609375,8.7890625,-16.11328125,-38.0859375,-9.27734375
159.96484375,25.87890625,-10.25390625,-43.45703125,29.78515625
159.96875,36.1328125,-9.27734375,-28.80859375,29.78515625
159.97265625,28.80859375,-20.01953125,-15.13671875,-19.04296875
159.9765625,0.0,-18.06640625,-14.6484375,-4.8828125
159.98046875,8.30078125,-17.578125,-21.484375,14.16015625
159.984375,10.7421875,-16.11328125,-22.94921875,19.53125
159.98828125,4.39453125,-11.71875,-39.0625,15.13671875
159.9921875,17.578125,-9.765625,-51.7578125,3.41796875
159.99609375,-6.8359375,-18.06640625,-30.2734375,-2.9296875
160.0,29.296875,-24.90234375,-17.08984375,-2.9296875
160.00390625,15.13671875,-18.06640625,-23.4375,-11.71875
160.0078125,4.39453125,-19.53125,-25.87890625,-16.11328125
160.01171875,48.828125,-23.4375,-19.53125,7.8125
160.015625,47.8515625,-22.4609375,-31.73828125,19.04296875
160.01953125,25.87890625,-32.2265625,-30.76171875,19.04296875
160.0234375,0.0,-42.96875,-5.859375,-16.11328125
160.02734375,-8.30078125,-36.62109375,-12.20703125,-43.9453125
160.03125,11.23046875,-20.99609375,-28.80859375,-12.6953125
160.03515625,25.87890625,-11.23046875,-14.16015625,25.87890625
160.0390625,29.296875,-13.18359375,-3.41796875,29.296875
160.04296875,13.18359375,-16.11328125,-0.48828125,31.25
160.046875,11.71875,-16.11328125,-11.71875,11.23046875
160.05078125,40.0390625,-16.6015625,-25.390625,10.7421875
160.0546875,37.59765625,-18.5546875,-26.3671875,-9.27734375
160.05859375,15.13671875,-19.04296875,-23.4375,-19.53125
160.0625,11.23046875,-18.5546875,-20.5078125,-11.23046875
160.06640625,28.3203125,-19.53125,-32.2265625,20.5078125
160.0703125,46.38671875,-21.97265625,-39.55078125,15.625
160.07421875,41.9921875,-26.85546875,-28.80859375,7.32421875
160.078125,45.41015625,-29.296875,-20.01953125,-40.52734375
160.08203125,32.2265625,-29.296875,-22.94921875,-105.46875
160.0859375,28.80859375,-41.015625,-35.64453125,-68.359375
160.08984375,54.6875,-50.29296875,-33.203125,-52.24609375
160.09375,50.29296875,-38.0859375,-24.4140625,-133.30078125
160.09765625,-9.765625,-21.484375,-15.13671875,-167.48046875
160.1015625,-10.7421875,-22.4609375,-13.671875,-164.0625
160.10546875,34.66796875,-2.44140625,-33.69140625,-158.69140625
160.109375,27.83203125,4.39453125,-57.6171875,-118.65234375
160.11328125,56.640625,-40.52734375,-42.96875,-16.11328125
160.1171875,63.4765625,-51.7578125,-52.24609375,-52.24609375
160.12109375,-0.9765625,-34.66796875,-13.18359375,-167.96875
160.125,-49.31640625,-31.25,20.5078125,-190.91796875
160.12890625,0.0,-34.1796875,-34.1796875,-166.50390625
160.1328125,3.41796875,-36.1328125,-98.14453125,-179.19921875
160.13671875,-60.546875,-33.69140625,-53.22265625,-180.6640625
160.140625,-51.7578125,-43.9453125,6.34765625,-134.27734375
160.14453125,-87.40234375,-45.8984375,-4.8828125,-208.984375
160.1484375,-165.52734375,-83.0078125,33.203125,-275.87890625
160.15234375,-160.64453125,-65.91796875,26.85546875,-201.171875
160.15625,-161.1328125,-2.44140625,-55.17578125,-274.4140625
160.16015625,-194.82421875,-15.13671875,-50.78125,-319.82421875
160.1640625,-187.01171875,-72.265625,-47.8515625,-235.83984375
160.16796875,-170.8984375,-71.2890625,-101.07421875,-258.7890625
160.171875,-118.1640625,-54.6875,-68.359375,-253.90625
160.17578125,-166.9921875,-28.3203125,-3.41796875,-241.2109375
160.1796875,-259.765625,-20.99609375,-8.7890625,-260.25390625
160.18359375,-233.3984375,-52.734375,-28.3203125,-277.34375
160.1875,-187.98828125,-22.94921875,-33.203125,-300.29296875
160.19140625,-222.16796875,-12.20703125,-46.38671875,-307.12890625
160.1953125,-218.75,-49.8046875,-66.40625,-288.57421875
160.19921875,-177.734375,-57.6171875,-75.1953125,-241.69921875
160.203125,-159.66796875,-58.10546875,-81.0546875,-138.18359375
160.20703125,-155.76171875,-57.6171875,-82.03125,-113.76953125
160.2109375,-145.01953125,-28.80859375,-47.36328125,-121.09375
160.21484375,-86.9140625,-4.8828125,-23.92578125,-93.75
160.21875,-60.546875,-9.765625,-0.9765625,-124.51171875
160.22265625,-62.98828125,-9.765625,-19.04296875,-111.81640625
160.2265625,-14.6484375,4.8828125,-65.91796875,-9.27734375
160.23046875,-15.625,4.8828125,-27.83203125,-18.5546875
160.234375,-51.26953125,-8.7890625,-8.7890625,-64.453125
160.23828125,-6.8359375,-12.20703125,-36.62109375,4.39453125
160.2421875,41.015625,-14.6484375,-52.24609375,39.55078125
160.24609375,25.390625,-20.01953125,-51.7578125,41.50390625
160.25,41.9921875,-14.6484375,-35.15625,42.48046875
160.25390625,57.12890625,-8.30078125,-20.5078125,43.9453125
160.2578125,35.64453125,-9.765625,-12.6953125,33.69140625
160.26171875,29.78515625,-23.92578125,2.9296875,58.59375
160.265625,55.6640625,-18.5546875,-23.92578125,71.2890625
160.26953125,43.9453125,6.8359375,-49.31640625,49.8046875
160.2734375,34.1796875,6.8359375,-42.96875,76.66015625
160.27734375,41.015625,-0.9765625,-43.9453125,104.98046875
160.28125,37.59765625,-7.32421875,-53.7109375,67.3828125
160.28515625,38.0859375,-6.34765625,-80.56640625,91.796875
160.2890625,34.1796875,-11.71875,-109.375,137.6953125
160.29296875,16.11328125,-21.97265625,-107.91015625,70.80078125
160.296875,-5.37109375,-28.80859375,-76.66015625,41.015625
160.30078125,1.46484375,-33.203125,-48.828125,60.05859375
160.3046875,-14.6484375,-33.69140625,-61.5234375,25.87890625
160.30859375,-53.22265625,-35.64453125,-99.609375,34.1796875
160.3125,-49.8046875,-32.71484375,-140.13671875,60.546875
160.31640625,-61.03515625,-27.83203125,-159.1796875,20.01953125
160.3203125,-64.94140625,-26.3671875,-147.4609375,-1.46484375
160.32421875,-34.1796875,-20.5078125,-136.23046875,16.6015625
160.328125,-31.73828125,-17.08984375,-130.37109375,36.62109375
160.33203125,-51.26953125,-15.13671875,-136.23046875,52.24609375
160.3359375,-89.35546875,-18.06640625,-155.2734375,62.01171875
160.33984375,-76.66015625,-23.4375,-148.4375,22.94921875
160.34375,-53.22265625,-25.87890625,-129.39453125,14.16015625
160.34765625,-57.6171875,-36.1328125,-136.23046875,35.15625
160.3515625,-36.1328125,-51.26953125,-158.203125,42.96875
160.35546875,-57.6171875,-43.45703125,-136.23046875,44.43359375
160.359375,-59.5703125,-36.62109375,-156.25,46.875
160.36328125,-38.0859375,-34.1796875,-217.28515625,69.3359375
160.3671875,-38.57421875,-17.08984375,-180.6640625,63.4765625
160.37109375,-81.0546875,-18.06640625,-136.23046875,4.39453125
160.375,-134.765625,-28.80859375,-109.86328125,18.5546875
160.37890625,-114.74609375,-28.3203125,-87.40234375,95.703125
160.3828125,-54.19921875,-20.99609375,-116.69921875,62.01171875
160.38671875,-47.8515625,-29.78515625,-115.234375,21.484375
160.390625,-106.93359375,-48.33984375,-130.37109375,-49.8046875
160.39453125,-110.83984375,-59.08203125,-154.296875,-49.31640625
160.3984375,-107.91015625,-47.36328125,-158.203125,-1.953125
160.40234375,-86.42578125,-39.0625,-180.6640625,-15.625
160.40625,-86.42578125,-55.6640625,-160.15625,23.92578125
160.41015625,-116.2109375,-54.19921875,-149.90234375,26.85546875
160.4140625,-108.3984375,-71.2890625,-173.33984375,0.0
160.41796875,-118.1640625,-105.95703125,-129.39453125,34.1796875
160.421875,-105.95703125,-91.30859375,-87.890625,1.46484375
160.42578125,-128.41796875,-52.24609375,-117.1875,-25.390625
160.4296875,-117.1875,-27.83203125,-163.57421875,41.50390625
160.43359375,-86.42578125,-16.11328125,-185.546875,55.6640625
160.4375,-84.9609375,-19.53125,-185.546875,-5.859375
160.44140625,-72.75390625,-30.76171875,-154.296875,30.76171875
160.4453125,-85.44921875,-59.08203125,-132.8125,41.015625
160.44921875,-112.79296875,-58.10546875,-123.53515625,-16.6015625
160.453125,-90.33203125,-47.8515625,-118.1640625,-4.39453125
160.45703125,-65.4296875,-49.8046875,-141.11328125,33.69140625
160.4609375,-88.8671875,-58.59375,-150.87890625,71.2890625
160.46484375,-89.84375,-58.59375,-126.46484375,17.08984375
160.46875,-63.96484375,-49.31640625,-119.62890625,-57.12890625
160.47265625,-59.5703125,-37.59765625,-129.39453125,-9.27734375
160.4765625,-72.75390625,-36.1328125,-166.015625,26.3671875
160.48046875,-28.3203125,-44.921875,-188.4765625,-1.46484375
160.484375,8.30078125,-74.21875,-173.828125,38.57421875
160.48828125,8.7890625,-57.6171875,-176.7578125,35.64453125
160.4921875,-17.578125,-12.6953125,-217.7734375,66.89453125
160.49609375,-68.84765625,-26.85546875,-169.43359375,53.22265625
160.5,-101.5625,-47.36328125,-86.9140625,-26.85546875
160.50390625,-87.40234375,-39.55078125,-118.1640625,-37.59765625
160.5078125,-54.6875,-18.06640625,-156.73828125,-48.33984375
160.51171875,-55.17578125,-9.765625,-126.953125,-57.6171875
160.515625,-20.01953125,-26.85546875,-121.09375,-20.99609375
160.51953125,26.3671875,-30.76171875,-160.64453125,65.4296875
160.5234375,-6.34765625,-26.85546875,-166.50390625,63.4765625
160.52734375,-20.01953125,-20.99609375,-162.59765625,17.08984375
160.53125,6.8359375,-15.625,-150.87890625,28.3203125
160.53515625,0.0,-12.20703125,-111.328125,34.1796875
160.5390625,-28.3203125,-23.4375,-86.9140625,39.55078125
160.54296875,-28.3203125,-30.76171875,-90.8203125,64.94140625
160.546875,1.46484375,-21.97265625,-109.375,94.7265625
160.55078125,41.50390625,-5.859375,-146.97265625,30.76171875
160.5546875,50.78125,-8.7890625,-142.578125,18.06640625
160.55859375,22.4609375,-29.296875,-114.74609375,20.01953125
160.5625,-6.34765625,-33.69140625,-112.3046875,20.01953125
160.56640625,-19.04296875,-31.25,-118.1640625,30.76171875
160.5703125,-28.80859375,-31.25,-122.0703125,-29.296875
160.57421875,-20.99609375,-21.484375,-149.90234375,-23.4375
160.578125,-20.99609375,-7.32421875,-167.96875,-8.7890625
160.58203125,-38.57421875,-32.71484375,-106.93359375,-32.2265625
160.5859375,-21.484375,-63.96484375,-71.2890625,-27.34375
160.58984375,-35.15625,-57.6171875,-100.5859375,-11.71875
160.59375,-31.73828125,-47.36328125,-169.43359375,3.90625
160.59765625,-17.578125,-38.57421875,-171.38671875,-11.71875
160.6015625,-50.29296875,-20.5078125,-119.140625,-41.50390625
160.60546875,-118.1640625,-17.08984375,-79.1015625,-66.89453125
160.609375,-104.00390625,-21.97265625,-85.44921875,-22.4609375
160.61328125,-48.828125,-29.296875,-134.765625,-12.20703125
160.6171875,-63.96484375,-37.59765625,-138.671875,-70.3125
160.62109375,-80.56640625,-38.0859375,-112.3046875,-58.59375
160.625,-71.77734375,-41.015625,-122.55859375,-4.8828125
160.62890625,-49.31640625,-36.62109375,-128.90625,-0.48828125
160.6328125,-39.0625,-34.66796875,-129.8828125,-19.53125
160.63671875,-20.99609375,-34.66796875,-135.25390625,-26.85546875
160.640625,-9.27734375,-32.2265625,-118.1640625,-16.6015625
160.64453125,-16.6015625,-27.34375,-112.3046875,2.44140625
160.6484375,-13.671875,-27.34375,-145.01953125,18.06640625
160.65234375,0.0,-32.71484375,-154.296875,54.19921875
160.65625,10.25390625,-37.109375,-109.86328125,27.83203125
160.66015625,-7.8125,-39.0625,-87.40234375,-59.5703125
160.6640625,-12.20703125,-32.71484375,-92.28515625,-66.40625
160.66796875,45.41015625,-24.4140625,-120.60546875,46.38671875
160.671875,28.3203125,-30.2734375,-147.94921875,33.69140625
160.67578125,-3.41796875,-57.12890625,-134.765625,-76.66015625
160.6796875,-12.6953125,-63.4765625,-122.0703125,-27.34375
160.68359375,-20.99609375,-46.875,-122.0703125,32.2265625
160.6875,-28.80859375,-29.78515625,-105.46875,34.66796875
160.69140625,-30.76171875,-18.5546875,-126.953125,-15.625
160.6953125,-18.06640625,-14.16015625,-136.23046875,-37.59765625
160.69921875,-22.4609375,-14.6484375,-99.12109375,-11.23046875
160.703125,-2.9296875,-15.625,-88.8671875,-17.578125
160.70703125,2.9296875,-18.06640625,-107.421875,4.39453125
160.7109375,-19.53125,-31.25,-107.421875,16.11328125
160.71484375,-11.71875,-39.55078125,-96.19140625,-15.13671875
160.71875,-0.48828125,-31.73828125,-118.65234375,-22.4609375
160.72265625,-14.16015625,-26.3671875,-135.7421875,6.34765625
160.7265625,-41.9921875,-26.3671875,-122.0703125,-24.4140625
160.73046875,-50.29296875,-28.3203125,-89.35546875,-53.7109375
160.734375,-22.94921875,-33.203125,-75.68359375,-9.27734375
160.73828125,0.0,-29.296875,-75.1953125,1.953125
160.7421875,-8.30078125,-29.296875,-80.078125,-19.04296875
160.74609375,-11.23046875,-27.83203125,-91.30859375,-31.73828125
160.75,-11.71875,-21.484375,-95.703125,-12.20703125
160.75390625,-36.62109375,-15.625,-94.7265625,59.5703125
160.7578125,-68.84765625,-10.7421875,-100.5859375,17.08984375
160.76171875,-72.265625,-13.18359375,-87.40234375,-85.9375
160.765625,-91.796875,-15.13671875,-78.61328125,-50.29296875
160.76953125,-99.609375,-12.20703125,-69.82421875,-26.85546875
160.7734375,-90.33203125,-13.18359375,-53.7109375,-65.91796875
160.77734375,-89.84375,-18.5546875,-62.01171875,-38.0859375
160.78125,-60.546875,-17.08984375,-80.56640625,-13.18359375
160.78515625,-55.17578125,-15.13671875,-81.0546875,-17.578125
160.7890625,-87.890625,-18.06640625,-68.359375,-39.55078125
160.79296875,-78.125,-24.90234375,-62.01171875,-41.50390625
160.796875,-61.5234375,-26.85546875,-73.73046875,-40.52734375
160.80078125,-61.03515625,-27.34375,-69.82421875,-34.1796875
160.8046875,-56.640625,-30.2734375,-51.26953125,-45.8984375
160.80859375,-54.19921875,-24.4140625,-70.80078125,-72.75390625
160.8125,-59.08203125,-24.4140625,-62.98828125,-52.734375
160.81640625,-43.9453125,-34.1796875,-49.31640625,12.6953125
160.8203125,-41.50390625,-30.2734375,-77.1484375,1.953125
160.82421875,-67.87109375,-25.390625,-112.79296875,-81.0546875
160.828125,-79.58984375,-29.296875,-109.86328125,-122.55859375
160.83203125,-90.8203125,-23.4375,-70.80078125,-152.83203125
160.8359375,-115.234375,-30.76171875,-70.80078125,-161.1328125
160.83984375,-129.39453125,-32.71484375,-66.89453125,-180.6640625
160.84375,-157.71484375,-16.11328125,-34.1796875,-221.19140625
160.84765625,-162.109375,-12.6953125,-43.9453125,-225.5859375
160.8515625,-164.0625,-13.18359375,-41.50390625,-240.234375
160.85546875,-179.6875,-18.06640625,12.6953125,-271.97265625
160.859375,-198.2421875,-13.671875,27.34375,-294.43359375
160.86328125,-227.5390625,-11.71875,9.765625,-283.69140625
160.8671875,-182.6171875,-30.2734375,0.9765625,-289.55078125
160.87109375,-174.8046875,-46.875,-1.953125,-286.62109375
160.875,-214.84375,-14.16015625,-29.78515625,-268.5546875
160.87890625,-239.2578125,20.99609375,-50.78125,-316.89453125
160.8828125,-247.0703125,20.01953125,-39.55078125,-324.70703125
160.88671875,-239.2578125,21.484375,-21.484375,-276.3671875
160.890625,-223.6328125,23.92578125,-21.97265625,-281.73828125
160.89453125,-145.01953125,14.16015625,-30.2734375,-274.4140625
160.8984375,-143.5546875,23.92578125,-42.48046875,-276.3671875
160.90234375,-181.640625,53.22265625,-65.4296875,-265.625
160.90625,-171.38671875,55.17578125,-77.63671875,-223.14453125
160.91015625,-112.3046875,34.1796875,-89.84375,-208.0078125
160.9140625,-111.81640625,33.203125,-95.21484375,-247.0703125
160.91796875,-112.3046875,37.109375,-81.0546875,-188.96484375
160.921875,-47.8515625,22.94921875,-74.70703125,-139.6484375
160.92578125,-50.29296875,26.85546875,-65.4296875,-144.04296875
160.9296875,-56.640625,29.296875,-59.08203125,-147.4609375
160.93359375,-32.2265625,19.53125,-69.3359375,-156.25
160.9375,-11.23046875,29.296875,-101.5625,-142.578125
160.94140625,-23.92578125,45.41015625,-86.9140625,-104.98046875
160.9453125,-24.4140625,46.875,-74.21875,-55.17578125
160.94921875,-13.671875,47.36328125,-89.84375,-104.98046875
160.953125,-11.23046875,37.109375,-81.0546875,-111.328125
160.95703125,-1.953125,16.6015625,-81.54296875,-75.1953125
160.9609375,-0.48828125,19.04296875,-82.03125,-49.8046875
160.96484375,18.5546875,27.83203125,-75.68359375,-36.1328125
160.96875,40.0390625,26.85546875,-68.359375,-41.50390625
160.97265625,55.17578125,22.4609375,-70.3125,-28.80859375
160.9765625,46.38671875,19.04296875,-81.0546875,-23.4375
160.98046875,49.8046875,13.18359375,-66.40625,0.9765625
160.984375,46.38671875,9.27734375,-67.3828125,-3.41796875
160.98828125,38.57421875,7.32421875,-66.40625,-51.26953125
160.9921875,18.5546875,8.30078125,-41.015625,-41.9921875
160.99609375,31.73828125,9.27734375,-32.2265625,-24.90234375
161.0,45.8984375,1.46484375,-23.92578125,-12.20703125
161.00390625,46.38671875,-12.6953125,-20.5078125,10.7421875
161.0078125,43.45703125,-24.4140625,-28.80859375,9.27734375
161.01171875,27.83203125,-20.99609375,-22.94921875,14.16015625
161.015625,25.87890625,-16.6015625,-20.5078125,36.62109375
161.01953125,3.90625,-7.32421875,-38.0859375,-35.64453125
161.0234375,16.11328125,1.953125,-47.8515625,-70.3125
161.02734375,21.97265625,-0.9765625,-29.296875,-26.85546875
161.03125,7.32421875,-12.6953125,-9.27734375,-12.6953125
161.03515625,12.6953125,-13.18359375,-10.25390625,-34.1796875
161.0390625,3.41796875,-18.06640625,-22.4609375,-28.3203125
161.04296875,5.859375,-21.97265625,-21.97265625,18.06640625
161.046875,-1.46484375,-14.6484375,-3.90625,20.01953125
161.05078125,3.41796875,-12.20703125,-12.6953125,-0.48828125
161.0546875,34.1796875,-9.27734375,-27.83203125,39.0625
161.05859375,34.66796875,-20.5078125,-7.32421875,11.23046875
161.0625,21.484375,-34.66796875,2.44140625,-24.90234375
161.06640625,-17.08984375,-41.9921875,3.41796875,22.94921875
161.0703125,-70.3125,-36.1328125,-9.27734375,3.41796875
161.07421875,-41.50390625,-14.16015625,-25.390625,-38.0859375
161.078125,-15.625,-6.34765625,-16.6015625,-27.34375
161.08203125,-30.76171875,-16.11328125,-8.7890625,-12.6953125
161.0859375,-48.828125,-21.484375,2.44140625,7.8125
161.08984375,-53.7109375,-21.484375,12.6953125,-3.90625
161.09375,-40.0390625,-20.5078125,7.8125,0.0
161.09765625,-42.48046875,-24.90234375,-2.9296875,8.7890625
161.1015625,-41.9921875,-25.87890625,-24.90234375,-37.109375
161.10546875,-25.390625,-27.83203125,-26.3671875,-31.25
161.109375,-50.78125,-29.296875,1.953125,-9.27734375
161.11328125,-58.59375,-22.4609375,-0.48828125,-22.94921875
161.1171875,-47.8515625,-18.5546875,-26.3671875,-17.578125
161.12109375,-44.921875,-17.578125,-17.578125,-33.69140625
161.125,-51.26953125,-18.5546875,0.9765625,-34.66796875
161.12890625,-65.91796875,-19.53125,11.23046875,-6.8359375
161.1328125,-51.7578125,-27.34375,6.8359375,-11.23046875
161.13671875,-27.83203125,-27.83203125,3.41796875,-31.73828125
161.140625,-43.45703125,-24.4140625,4.39453125,-28.3203125
161.14453125,-43.9453125,-24.4140625,4.39453125,16.11328125
161.1484375,-23.4375,-24.4140625,7.8125,-5.859375
161.15234375,-54.6875,-24.4140625,1.953125,-21.97265625
161.15625,-37.109375,-30.2734375,-11.71875,-13.671875
161.16015625,-18.06640625,-32.2265625,-14.16015625,-39.55078125
161.1640625,-58.10546875,-22.94921875,-21.484375,-20.5078125
161.16796875,-30.2734375,-21.484375,-41.015625,33.203125
161.171875,-10.25390625,-23.92578125,-15.13671875,40.52734375
161.17578125,-41.50390625,-19.53125,-3.90625,-39.55078125
161.1796875,-41.015625,-22.94921875,-23.92578125,-74.70703125
161.18359375,-19.04296875,-27.34375,-24.90234375,-54.6875
161.1875,-7.8125,-28.80859375,-29.296875,-41.015625
161.19140625,-9.765625,-26.3671875,-37.109375,-36.1328125
161.1953125,-11.23046875,-21.97265625,-32.71484375,-23.92578125
161.19921875,-3.41796875,-20.99609375,-32.2265625,11.71875
161.203125,13.18359375,-21.484375,-34.1796875,6.34765625
161.20703125,15.625,-25.390625,-34.1796875,-20.5078125
161.2109375,37.59765625,-16.6015625,-37.109375,25.87890625
161.21484375,54.19921875,-5.859375,-51.26953125,37.109375
161.21875,33.69140625,-14.6484375,-49.8046875,-7.32421875
161.22265625,23.4375,-18.06640625,-24.90234375,14.6484375
161.2265625,45.8984375,-19.53125,-3.41796875,52.734375
161.23046875,63.96484375,-21.484375,-2.9296875,5.37109375
161.234375,5.37109375,-17.578125,-3.90625,-21.484375
161.23828125,-39.55078125,-10.7421875,5.859375,16.6015625
161.2421875,-21.97265625,-13.18359375,-17.578125,17.578125
161.24609375,-4.8828125,-20.01953125,-46.875,-1.46484375
161.25,8.7890625,-12.20703125,-36.1328125,11.71875
161.25390625,1.953125,-12.6953125,-22.4609375,-6.34765625
161.2578125,-6.34765625,-16.6015625,-22.94921875,-24.4140625
161.26171875,-6.34765625,-19.53125,-25.87890625,-7.32421875
161.265625,-2.44140625,-25.87890625,-27.83203125,-14.6484375
161.26953125,13.18359375,-21.484375,-45.41015625,-54.19921875
161.2734375,-3.90625,-14.6484375,-51.7578125,-43.45703125
161.27734375,-18.06640625,-11.23046875,-16.6015625,6.8359375
161.28125,-11.23046875,-20.99609375,1.46484375,-17.08984375
161.28515625,-28.80859375,-30.76171875,-7.8125,-18.5546875
161.2890625,-58.10546875,-20.99609375,-17.08984375,-0.48828125
161.29296875,-43.45703125,-12.6953125,-33.203125,-33.69140625
161.296875,-18.06640625,-17.08984375,-23.92578125,-34.1796875
161.30078125,-19.04296875,-19.04296875,-5.859375,-6.34765625
161.3046875,-22.94921875,-22.94921875,0.48828125,-11.23046875
161.30859375,-21.97265625,-22.4609375,2.9296875,-15.625
161.3125,-0.9765625,-15.13671875,1.46484375,26.85546875
161.31640625,-8.30078125,-29.296875,-16.11328125,27.34375
161.3203125,-81.0546875,-81.54296875,-69.82421875,-45.41015625
161.32421875,-108.3984375,-112.79296875,-104.4921875,-89.84375
161.328125,-78.61328125,-115.234375,-118.1640625,-117.67578125
161.33203125,-62.5,-110.83984375,-128.90625,-99.12109375
161.3359375,-85.44921875,-113.28125,-115.234375,-88.8671875
161.33984375,-95.703125,-113.28125,-85.9375,-113.76953125
161.34375,-89.84375,-99.609375,-72.265625,-90.8203125
161.34765625,-92.7734375,-92.7734375,-75.68359375,-69.82421875
161.3515625,-62.98828125,-91.30859375,-80.56640625,-84.9609375
161.35546875,-41.9921875,-91.30859375,-73.73046875,-61.03515625
161.359375,-58.59375,-94.23828125,-67.3828125,-40.52734375
161.36328125,-56.640625,-86.9140625,-68.84765625,-61.5234375
161.3671875,-63.4765625,-80.56640625,-80.56640625,-52.24609375
161.37109375,-80.078125,-70.80078125,-82.03125,-54.19921875
161.375,-76.66015625,-63.96484375,-50.78125,-72.265625
161.37890625,-62.01171875,-65.4296875,-33.69140625,-81.54296875
161.3828125,-39.0625,-53.22265625,-48.33984375,-63.96484375
161.38671875,-42.48046875,-51.26953125,-55.6640625,-52.24609375
161.390625,-43.45703125,-61.03515625,-58.10546875,-45.8984375
161.39453125,-25.87890625,-53.22265625,-52.734375,-19.53125
161.3984375,-16.6015625,-47.36328125,-47.36328125,-31.25
161.40234375,-39.0625,-55.17578125,-56.15234375,-42.96875
161.40625,-54.19921875,-59.5703125,-32.71484375,-23.4375
161.41015625,-52.24609375,-58.10546875,-17.08984375,-48.33984375
161.4140625,-47.8515625,-56.15234375,-25.390625,-51.7578125
161.41796875,-60.546875,-51.7578125,-25.87890625,-38.57421875
161.421875,-44.921875,-55.17578125,-32.71484375,-43.9453125
161.42578125,-19.53125,-54.6875,-40.52734375,-31.25
161.4296875,-16.11328125,-51.7578125,-40.0390625,-24.90234375
161.43359375,-12.6953125,-52.734375,-47.36328125,-37.59765625
161.4375,-6.34765625,-54.6875,-56.15234375,-44.921875
161.44140625,-5.37109375,-42.48046875,-47.8515625,-41.015625
161.4453125,-44.921875,-38.57421875,-41.015625,-50.78125
161.44921875,-56.15234375,-42.48046875,-34.66796875,-41.9921875
161.453125,-34.1796875,-41.015625,-31.25,-31.73828125
161.45703125,-8.30078125,-37.59765625,-33.69140625,-25.87890625
161.4609375,13.671875,-39.55078125,-31.73828125,13.671875
161.46484375,10.7421875,-48.828125,-35.15625,-5.859375
161.46875,-10.25390625,-46.875,-30.2734375,-23.4375
161.47265625,-15.625,-35.64453125,-18.06640625,-17.578125
161.4765625,-37.59765625,-21.484375,-26.85546875,-26.3671875
161.48046875,-26.3671875,-7.32421875,-32.71484375,-19.53125
161.484375,-33.69140625,-19.04296875,-21.484375,-37.109375
161.48828125,-57.6171875,-35.64453125,-14.16015625,-37.109375
161.4921875,-47.36328125,-28.3203125,-15.13671875,-34.66796875
161.49609375,-32.71484375,-20.5078125,-28.3203125,-68.359375
161.5,-43.45703125,-27.83203125,-41.015625,-78.125
161.50390625,-90.33203125,-31.73828125,-39.0625,-66.40625
161.5078125,-66.89453125,-19.53125,-31.25,-57.6171875
161.51171875,-39.0625,-23.92578125,-23.92578125,-58.59375
161.515625,-38.0859375,-45.8984375,-14.16015625,-16.11328125
161.51953125,-9.27734375,-40.0390625,-0.48828125,21.484375
161.5234375,-16.11328125,-13.18359375,-20.99609375,0.48828125
161.52734375,-57.6171875,-12.6953125,-43.45703125,-43.45703125
161.53125,-79.1015625,-25.87890625,-29.78515625,-95.21484375
161.53515625,-93.26171875,-30.76171875,-16.6015625,-80.56640625
161.5390625,-53.7109375,-31.25,-17.578125,-37.109375
161.54296875,-20.5078125,-20.01953125,-32.2265625,-59.08203125
161.546875,-52.734375,-20.5078125,-32.71484375,-55.17578125
161.55078125,-52.734375,-26.85546875,-20.99609375,-34.1796875
161.5546875,-30.2734375,-24.90234375,-34.66796875,-54.19921875
161.55859375,-23.4375,-25.87890625,-54.19921875,-33.69140625
161.5625,-7.32421875,-31.25,-37.109375,-20.99609375
161.56640625,2.44140625,-30.2734375,-17.08984375,-9.765625
161.5703125,-36.62109375,-25.87890625,-29.296875,51.26953125
161.57421875,-53.7109375,-14.6484375,-46.38671875,9.765625
161.578125,-59.5703125,-7.8125,-29.296875,-72.75390625
161.58203125,-36.62109375,-3.90625,-11.23046875,-57.12890625
161.5859375,-31.73828125,-7.8125,-9.27734375,-50.29296875
161.58984375,-46.875,-20.5078125,-13.18359375,-60.05859375
161.59375,-26.3671875,-24.90234375,-29.296875,-24.4140625
161.59765625,-12.20703125,-22.94921875,-27.83203125,-19.04296875
161.6015625,-14.6484375,-27.83203125,-21.484375,-24.90234375
161.60546875,-18.06640625,-31.73828125,-19.04296875,-28.3203125
161.609375,-18.06640625,-28.80859375,-20.5078125,-13.671875
161.61328125,-37.109375,-23.92578125,-25.87890625,-28.3203125
161.6171875,-27.83203125,-11.71875,-30.76171875,-14.16015625
161.62109375,-1.953125,-17.08984375,-44.921875,31.73828125
161.625,-5.37109375,-33.69140625,-42.48046875,-9.765625
161.62890625,-16.11328125,-32.2265625,-33.69140625,-33.203125
161.6328125,-7.32421875,-26.85546875,-33.203125,-30.2734375
161.63671875,-7.32421875,-29.78515625,-31.73828125,-0.9765625
161.640625,0.48828125,-30.2734375,-18.5546875,5.859375
161.64453125,-3.41796875,-27.34375,-15.625,-40.52734375
161.6484375,-9.765625,-20.01953125,-21.97265625,-46.875
161.65234375,-2.44140625,-11.71875,-14.6484375,-23.4375
161.65625,-13.18359375,-18.5546875,-14.6484375,-38.57421875
161.66015625,-33.69140625,-20.99609375,-19.04296875,-45.41015625
161.6640625,-47.36328125,-26.85546875,-25.390625,-35.64453125
161.66796875,-29.78515625,-24.90234375,-39.55078125,-20.5078125
161.671875,-19.04296875,-20.5078125,-32.2265625,-1.953125
161.67578125,-22.4609375,-21.97265625,-12.6953125,1.953125
161.6796875,-20.5078125,-21.484375,-14.16015625,-34.66796875
161.68359375,-20.5078125,-28.3203125,-20.01953125,-43.9453125
161.6875,-7.8125,-30.76171875,-27.34375,-16.11328125
161.69140625,-6.34765625,-31.25,-26.85546875,-12.6953125
161.6953125,-34.1796875,-33.69140625,-31.73828125,-25.390625
161.69921875,-48.33984375,-23.92578125,-36.1328125,-50.78125
161.703125,-35.15625,-19.53125,-27.34375,-38.0859375
161.70703125,-45.8984375,-22.4609375,-32.71484375,-26.3671875
161.7109375,-45.8984375,-22.4609375,-25.390625,-34.66796875
161.71484375,-24.90234375,-14.16015625,-2.9296875,-30.2734375
161.71875,-16.6015625,-7.8125,-3.41796875,10.25390625
161.72265625,-19.04296875,-22.94921875,-8.30078125,-24.4140625
161.7265625,-18.5546875,-32.71484375,6.34765625,-44.43359375
161.73046875,-30.2734375,-22.4609375,14.16015625,-13.18359375
161.734375,-27.83203125,-12.6953125,-2.9296875,-35.64453125
161.73828125,-15.13671875,-15.13671875,-18.06640625,-48.828125
161.7421875,-37.59765625,-22.94921875,-4.39453125,-18.06640625
161.74609375,-37.109375,-26.3671875,0.48828125,-10.25390625
161.75,-26.85546875,-30.76171875,1.46484375,-9.765625
161.75390625,-22.94921875,-28.3203125,6.34765625,-24.4140625
161.7578125,-10.7421875,-28.80859375,3.41796875,-30.76171875
161.76171875,-20.01953125,-37.59765625,-2.44140625,-12.6953125
161.765625,-22.94921875,-35.64453125,-7.32421875,-25.390625
161.76953125,-22.94921875,-24.90234375,-6.34765625,-9.765625
161.7734375,-9.765625,-12.6953125,-38.57421875,-0.48828125
161.77734375,-20.01953125,-14.16015625,-47.36328125,10.7421875
161.78125,-38.0859375,-21.97265625,-8.7890625,-14.6484375
161.78515625,-39.55078125,-28.3203125,-3.41796875,-43.45703125
161.7890625,-45.41015625,-29.78515625,-6.8359375,-17.08984375
161.79296875,-55.6640625,-30.76171875,-1.46484375,-39.0625
161.796875,-41.9921875,-25.390625,2.44140625,-41.50390625
161.80078125,-18.5546875,-28.80859375,-8.7890625,-4.8828125
161.8046875,-26.85546875,-29.78515625,-20.5078125,-11.71875
161.80859375,-44.43359375,-19.53125,-4.8828125,-34.66796875
161.8125,-41.015625,-17.08984375,10.25390625,-49.8046875
161.81640625,-31.73828125,-25.87890625,-9.765625,-46.38671875
161.8203125,-45.41015625,-33.69140625,-34.1796875,-41.50390625
161.82421875,-58.59375,-46.38671875,-22.94921875,-22.4609375
161.828125,-68.84765625,-44.43359375,-3.90625,-4.39453125
161.83203125,-35.15625,-30.76171875,-5.37109375,-6.34765625
161.8359375,-19.53125,-23.92578125,-16.11328125,-8.30078125
161.83984375,-48.828125,0.9765625,-27.34375,-31.25
161.84375,-39.55078125,-1.46484375,-21.97265625,-53.7109375
161.84765625,-36.62109375,-18.06640625,3.41796875,-57.12890625
161.8515625,-49.31640625,-9.765625,13.18359375,-41.9921875
161.85546875,-73.2421875,-16.6015625,0.0,-51.7578125
161.859375,-76.66015625,-15.625,-9.765625,-60.05859375
161.86328125,-69.82421875,-8.30078125,-13.18359375,-27.34375
161.8671875,-36.62109375,-28.80859375,-6.8359375,-8.30078125
161.87109375,-36.62109375,-30.2734375,-33.203125,-66.89453125
161.875,-3.90625,-39.0625,-53.7109375,-40.0390625
161.87890625,55.6640625,-44.921875,-23.4375,69.82421875
161.8828125,-25.87890625,-25.87890625,3.41796875,20.5078125
161.88671875,-96.19140625,-12.20703125,13.18359375,-125.48828125
161.890625,-51.7578125,-31.73828125,20.5078125,-98.6328125
161.89453125,-44.43359375,-44.921875,11.71875,-48.33984375
161.8984375,-92.7734375,-9.27734375,-11.71875,-63.4765625
161.90234375,-91.796875,20.01953125,-60.546875,-41.50390625
161.90625,-81.54296875,17.578125,-80.078125,-97.65625
161.91015625,-73.2421875,11.71875,-52.24609375,-117.67578125
161.9140625,-37.59765625,-5.859375,-38.57421875,-73.2421875
161.91796875,-61.5234375,11.23046875,-35.15625,-129.8828125
161.921875,-63.96484375,37.109375,-53.22265625,-138.18359375
161.92578125,-46.38671875,39.0625,-74.70703125,-77.1484375
161.9296875,-53.22265625,30.2734375,-81.0546875,-95.703125
161.93359375,-73.73046875,20.5078125,-83.984375,-135.7421875
161.9375,-69.3359375,14.6484375,-70.3125,-148.4375
161.94140625,-85.9375,16.11328125,-69.3359375,-127.9296875
161.9453125,-106.93359375,26.85546875,-79.58984375,-118.65234375
161.94921875,-19.04296875,11.71875,-81.54296875,-84.9609375
161.953125,-40.52734375,10.7421875,-91.796875,-69.3359375
161.95703125,-104.4921875,29.78515625,-85.9375,-101.07421875
161.9609375,-75.68359375,31.25,-76.66015625,-92.28515625
161.96484375,-84.47265625,30.76171875,-82.03125,-92.28515625
161.96875,-70.80078125,28.80859375,-75.68359375,-59.5703125
161.97265625,-36.1328125,21.484375,-72.75390625,-77.63671875
161.9765625,-29.78515625,19.04296875,-75.1953125,-120.1171875
161.98046875,-25.87890625,17.578125,-72.265625,-83.984375
161.984375,-34.1796875,17.08984375,-60.05859375,-50.78125
161.98828125,-44.921875,16.11328125,-65.4296875,-66.40625
161.9921875,-58.59375,15.625,-73.73046875,-76.171875
161.99609375,-55.6640625,25.390625,-40.0390625,-64.94140625
162.0,-35.64453125,12.6953125,-28.3203125,-55.6640625
162.00390625,-27.83203125,-7.8125,-41.015625,-61.5234375
162.0078125,-9.27734375,-1.46484375,-43.9453125,-37.109375
162.01171875,16.11328125,10.25390625,-34.1796875,-0.9765625
162.015625,22.4609375,21.97265625,-10.25390625,19.53125
162.01953125,52.734375,22.94921875,7.8125,-2.44140625
162.0234375,85.9375,22.94921875,12.20703125,-27.83203125
162.02734375,56.15234375,40.0390625,-2.44140625,-3.41796875
162.03125,4.39453125,45.8984375,-11.23046875,35.64453125
162.03515625,-9.765625,27.83203125,-1.953125,11.23046875
162.0390625,16.6015625,6.8359375,20.99609375,11.23046875
162.04296875,30.2734375,-10.7421875,30.2734375,4.8828125
162.046875,19.04296875,-6.8359375,9.765625,-16.11328125
162.05078125,7.32421875,19.53125,8.30078125,-18.06640625
162.0546875,10.7421875,35.15625,10.25390625,-13.671875
162.05859375,6.34765625,27.83203125,-2.9296875,27.83203125
162.0625,-15.13671875,14.6484375,5.37109375,-1.46484375
162.06640625,-31.25,0.9765625,7.8125,-41.9921875
162.0703125,-15.13671875,10.25390625,4.39453125,-0.48828125
162.07421875,12.6953125,4.8828125,5.859375,57.12890625
162.078125,15.13671875,-13.671875,14.16015625,68.84765625
162.08203125,-9.765625,2.9296875,13.671875,-39.55078125
162.0859375,-2.44140625,22.4609375,5.37109375,-31.25
162.08984375,9.27734375,23.4375,-4.8828125,32.71484375
162.09375,12.6953125,12.20703125,-5.859375,-2.44140625
162.09765625,32.2265625,-0.48828125,5.859375,-7.32421875
162.1015625,43.45703125,0.48828125,14.6484375,17.08984375
162.10546875,16.6015625,7.32421875,5.37109375,6.34765625
162.109375,-8.30078125,11.71875,-1.953125,12.20703125
162.11328125,-20.99609375,-1.953125,-7.8125,44.43359375
162.1171875,-24.90234375,-21.484375,-32.2265625,10.7421875
162.12109375,-47.36328125,-33.69140625,-48.33984375,-60.05859375
162.125,-76.171875,-44.43359375,-51.7578125,-76.66015625
162.12890625,-69.3359375,-50.78125,-33.203125,-20.5078125
162.1328125,-68.359375,-66.89453125,-27.34375,-34.66796875
162.13671875,-77.63671875,-60.546875,-32.2265625,-56.640625
162.140625,-72.265625,-44.921875,-28.3203125,-44.921875
162.14453125,-67.3828125,-33.69140625,-27.83203125,-49.31640625
162.1484375,-50.29296875,-22.4609375,-42.48046875,-79.58984375
162.15234375,-51.26953125,-22.94921875,-57.12890625,-81.0546875
162.15625,-65.91796875,-33.69140625,-29.78515625,-47.36328125
162.16015625,-55.6640625,-40.52734375,-24.90234375,-58.59375
162.1640625,-43.9453125,-52.734375,-46.875,-44.921875
162.16796875,-50.78125,-55.17578125,-39.0625,4.39453125
162.171875,-60.05859375,-45.41015625,-30.76171875,-29.296875
162.17578125,-24.90234375,-44.43359375,-38.0859375,-62.98828125
162.1796875,-8.30078125,-43.45703125,-37.59765625,-28.3203125
162.18359375,-66.89453125,-36.1328125,-20.99609375,-59.5703125
162.1875,-103.02734375,-33.203125,-26.85546875,-85.9375
162.19140625,-63.96484375,-35.64453125,-25.87890625,-61.5234375
162.1953125,-87.40234375,-42.48046875,-23.4375,-76.171875
162.19921875,-93.26171875,-47.8515625,-38.0859375,-91.796875
162.203125,-44.43359375,-50.78125,-41.015625,-94.23828125
162.20703125,-68.359375,-48.828125,-45.8984375,-85.9375
162.2109375,-54.6875,-59.08203125,-52.24609375,-36.1328125
162.21484375,-61.03515625,-56.15234375,-45.8984375,-17.08984375
162.21875,-103.02734375,-24.4140625,-35.64453125,-75.68359375
162.22265625,-81.54296875,-20.01953125,-40.0390625,-101.07421875
162.2265625,-84.9609375,-28.80859375,-39.55078125,-83.984375
162.23046875,-104.00390625,-14.6484375,-49.8046875,-71.2890625
162.234375,-100.5859375,-20.99609375,-54.6875,-97.65625
162.23828125,-96.6796875,-32.2265625,-36.1328125,-94.7265625
162.2421875,-86.9140625,-35.15625,-26.3671875,-44.43359375
162.24609375,-85.44921875,-42.48046875,-36.1328125,-28.3203125
162.25,-66.89453125,-39.55078125,-41.015625,-52.24609375
162.25390625,-37.109375,-18.06640625,-40.0390625,-67.87109375
162.2578125,-35.15625,-6.34765625,-33.69140625,-73.73046875
162.26171875,-48.828125,-17.08984375,-16.11328125,-37.109375
162.265625,-92.28515625,-24.4140625,-18.5546875,-17.578125
162.26953125,-78.125,-17.578125,-36.1328125,-62.5
162.2734375,7.8125,-19.04296875,-20.5078125,-52.734375
162.27734375,13.671875,-21.97265625,2.44140625,-46.875
162.28125,-35.64453125,-20.01953125,4.39453125,-49.31640625
162.28515625,-47.8515625,-15.625,-17.08984375,-48.828125
162.2890625,-77.1484375,-21.97265625,-18.5546875,-54.6875
162.29296875,-82.51953125,-25.390625,-6.8359375,-27.34375
162.296875,-65.4296875,-15.13671875,-7.8125,0.9765625
162.30078125,-30.76171875,-10.25390625,-16.11328125,-6.34765625
162.3046875,-34.66796875,-13.18359375,-21.97265625,-36.62109375
162.30859375,-65.91796875,-22.4609375,-25.390625,-42.48046875
162.3125,-12.6953125,-26.3671875,-11.71875,-41.9921875
162.31640625,-31.25,-15.625,1.46484375,-0.9765625
162.3203125,-88.37890625,-20.5078125,-4.8828125,-15.625
162.32421875,-72.265625,-30.2734375,-16.11328125,-96.6796875
162.328125,-58.10546875,-31.73828125,-18.5546875,-62.5
162.33203125,-53.22265625,-33.69140625,-9.765625,0.48828125
162.3359375,-33.69140625,-30.2734375,-5.37109375,11.23046875
162.33984375,-38.57421875,-23.92578125,-11.23046875,-36.62109375
162.34375,-72.75390625,-28.3203125,-17.578125,-42.48046875
162.34765625,-40.0390625,-16.11328125,-20.5078125,0.0
162.3515625,-40.52734375,-16.11328125,-24.90234375,-26.3671875
162.35546875,-59.5703125,-28.80859375,-14.6484375,-68.84765625
162.359375,-19.53125,-24.4140625,2.44140625,-35.64453125
162.36328125,2.9296875,-23.92578125,0.9765625,21.97265625
162.3671875,-18.06640625,-23.92578125,-8.7890625,-45.8984375
162.37109375,-16.11328125,-18.06640625,-9.765625,-53.22265625
162.375,-37.109375,-19.53125,-11.71875,-29.296875
162.37890625,-49.31640625,-25.390625,-6.34765625,-57.12890625
162.3828125,-55.17578125,-22.94921875,-5.37109375,19.53125
162.38671875,-65.91796875,-18.06640625,-16.11328125,63.4765625
162.390625,-42.48046875,-19.04296875,-21.97265625,-35.64453125
162.39453125,-55.17578125,-27.83203125,-1.953125,-41.9921875
162.3984375,-52.734375,-31.25,10.25390625,-47.36328125
162.40234375,-48.828125,-16.11328125,0.48828125,-33.203125
162.40625,-37.59765625,-8.30078125,-7.8125,4.8828125
162.41015625,-2.44140625,-13.18359375,-7.32421875,22.94921875
162.4140625,14.16015625,-19.53125,-0.48828125,59.5703125
162.41796875,22.4609375,-17.08984375,-13.18359375,25.87890625
162.421875,23.4375,-18.06640625,-26.85546875,-12.20703125
162.42578125,-20.01953125,-21.484375,-25.390625,5.37109375
162.4296875,-9.765625,-28.3203125,-0.9765625,24.4140625
162.43359375,-3.41796875,-40.52734375,12.6953125,21.484375
162.4375,-36.1328125,-23.92578125,-11.23046875,22.94921875
162.44140625,-14.16015625,-2.44140625,-27.34375,-1.953125
162.4453125,-16.6015625,-14.6484375,-25.390625,-32.2265625
162.44921875,-37.109375,-18.06640625,-6.8359375,-30.76171875
162.453125,-23.92578125,-20.99609375,0.0,-18.06640625
162.45703125,13.671875,-26.85546875,-6.8359375,11.23046875
162.4609375,26.85546875,-20.5078125,-16.6015625,9.765625
162.46484375,4.39453125,-21.484375,-23.92578125,-27.34375
162.46875,-15.625,-20.01953125,-2.9296875,-27.83203125
162.47265625,-14.6484375,-20.01953125,16.6015625,0.9765625
162.4765625,-6.34765625,-12.6953125,8.30078125,-12.6953125
162.48046875,-27.83203125,2.44140625,-8.7890625,-31.73828125
162.484375,-34.66796875,11.23046875,-26.85546875,-37.109375
162.48828125,-55.6640625,10.7421875,-32.71484375,-53.22265625
162.4921875,-71.2890625,-1.953125,-22.4609375,-45.8984375
162.49609375,-51.26953125,-22.4609375,-9.27734375,-15.625
162.5,-37.59765625,-27.83203125,-2.9296875,8.30078125
162.50390625,-15.625,-20.5078125,-12.6953125,13.18359375
162.5078125,-29.296875,-16.11328125,-17.578125,6.34765625
162.51171875,-42.48046875,-6.34765625,-17.08984375,-8.7890625
162.515625,-36.1328125,-5.859375,-32.2265625,-19.53125
162.51953125,-41.9921875,-4.39453125,-42.48046875,-10.7421875
162.5234375,-30.76171875,-6.34765625,-25.87890625,0.48828125
162.52734375,-18.06640625,-10.25390625,-0.48828125,-33.69140625
162.53125,-19.53125,-5.859375,10.7421875,2.44140625
162.53515625,-5.859375,-22.94921875,3.90625,19.04296875
162.5390625,-16.11328125,-28.80859375,5.37109375,-25.390625
162.54296875,-34.66796875,-3.90625,-5.37109375,-26.85546875
162.546875,10.25390625,11.71875,-21.97265625,1.953125
162.55078125,7.32421875,8.30078125,-6.8359375,12.20703125
162.5546875,-36.1328125,-8.7890625,17.08984375,12.6953125
162.55859375,-25.87890625,-14.6484375,19.04296875,8.30078125
162.5625,-12.20703125,-16.6015625,-1.46484375,15.13671875
162.56640625,-21.97265625,-29.78515625,3.41796875,14.16015625
162.5703125,-29.296875,-31.25,23.92578125,-1.953125
162.57421875,-23.92578125,-31.73828125,17.578125,6.34765625
162.578125,-35.15625,-34.66796875,10.25390625,19.53125
162.58203125,-33.203125,-35.15625,13.18359375,13.671875
162.5859375,-16.6015625,-35.64453125,14.6484375,33.203125
162.58984375,-2.44140625,-34.66796875,20.01953125,64.94140625
162.59375,4.8828125,-28.80859375,34.1796875,96.19140625
162.59765625,-2.44140625,-22.4609375,56.15234375,97.16796875
162.6015625,-48.828125,-33.203125,62.01171875,73.2421875
162.60546875,-72.265625,-46.875,71.2890625,33.203125
162.609375,-62.01171875,-54.6875,83.0078125,36.62109375
162.61328125,-74.21875,-54.19921875,72.75390625,67.3828125
162.6171875,-65.4296875,-41.015625,37.59765625,43.45703125
162.62109375,-69.3359375,-41.015625,30.76171875,43.9453125
162.625,-64.453125,-35.15625,55.17578125,57.6171875
162.62890625,-62.98828125,-36.62109375,66.89453125,22.4609375
162.6328125,-76.66015625,-48.828125,86.42578125,-4.8828125
162.63671875,-67.87109375,-46.38671875,88.8671875,-10.7421875
162.640625,-83.49609375,-36.1328125,50.29296875,24.4140625
162.64453125,-74.21875,-38.57421875,41.015625,35.15625
162.6484375,-36.1328125,-56.640625,58.59375,26.3671875
162.65234375,-59.5703125,-62.98828125,62.01171875,27.83203125
162.65625,-67.87109375,-54.19921875,65.4296875,18.06640625
162.66015625,-68.84765625,-51.26953125,78.125,41.50390625
162.6640625,-76.171875,-54.19921875,73.2421875,63.96484375
162.66796875,-56.640625,-51.26953125,65.4296875,35.64453125
162.671875,-23.4375,-47.36328125,63.96484375,37.109375
162.67578125,-41.50390625,-41.50390625,48.33984375,40.52734375
162.6796875,-61.03515625,-41.9921875,25.390625,-12.6953125
162.68359375,-53.7109375,-48.828125,20.99609375,-28.80859375
162.6875,-58.10546875,-41.9921875,30.76171875,-14.6484375
162.69140625,-68.359375,-27.83203125,28.3203125,-15.13671875
162.6953125,-53.7109375,-28.3203125,18.06640625,-22.94921875
162.69921875,-32.71484375,-30.76171875,8.30078125,-28.80859375
162.703125,-32.71484375,-27.83203125,0.9765625,-58.59375
162.70703125,-37.109375,-16.6015625,1.46484375,-51.26953125
162.7109375,-87.40234375,-19.53125,0.0,-26.3671875
162.71484375,-73.73046875,-41.9921875,3.90625,-86.9140625
162.71875,-50.78125,-46.875,5.37109375,-103.515625
162.72265625,-59.5703125,-34.66796875,-1.46484375,-50.29296875
162.7265625,-42.48046875,-27.34375,-16.6015625,-76.171875
162.73046875,-55.17578125,-28.80859375,-17.08984375,-74.70703125
162.734375,-37.109375,-29.296875,-6.34765625,-3.41796875
162.73828125,27.83203125,-15.625,-15.625,9.765625
162.7421875,-0.48828125,-21.484375,-21.97265625,-33.203125
162.74609375,-25.87890625,-29.78515625,-5.859375,-17.08984375
162.75,-15.13671875,-22.4609375,-14.16015625,11.71875
162.75390625,-18.06640625,-21.97265625,-36.62109375,-45.41015625
162.7578125,-13.18359375,-20.5078125,-31.73828125,-55.17578125
162.76171875,-13.18359375,-22.4609375,-14.6484375,-48.828125
162.765625,-15.13671875,-26.3671875,-0.48828125,-71.2890625
162.76953125,-12.20703125,-20.01953125,-2.9296875,-66.40625
162.7734375,3.41796875,-11.23046875,-18.06640625,-46.38671875
162.77734375,15.13671875,-22.4609375,-9.27734375,-19.04296875
162.78125,-36.1328125,-15.625,-20.5078125,-29.296875
162.78515625,3.90625,-14.16015625,-35.15625,-17.578125
162.7890625,7.32421875,-20.5078125,-16.11328125,-1.953125
162.79296875,-32.2265625,5.859375,-7.32421875,-18.5546875
162.796875,-32.2265625,13.18359375,-14.16015625,-51.7578125
162.80078125,-54.6875,5.37109375,-13.18359375,-66.89453125
162.8046875,-68.84765625,5.37109375,-19.53125,-85.9375
162.80859375,-54.6875,2.44140625,-24.90234375,-63.4765625
162.8125,-36.62109375,0.0,-21.484375,-58.59375
162.81640625,-49.8046875,-9.27734375,-19.04296875,-53.7109375
162.8203125,-33.69140625,-8.30078125,-16.6015625,-59.5703125
162.82421875,-30.2734375,-1.46484375,-18.5546875,-43.9453125
162.828125,-64.453125,-3.41796875,-31.73828125,-32.2265625
162.83203125,-49.8046875,-4.8828125,-23.92578125,-57.12890625
162.8359375,-37.59765625,0.9765625,-8.30078125,-20.99609375
162.83984375,-55.17578125,0.48828125,-24.4140625,-6.34765625
162.84375,-60.546875,-7.8125,-33.203125,-81.0546875
162.84765625,-61.03515625,-5.859375,-29.78515625,-90.33203125
162.8515625,-37.59765625,-7.8125,-33.203125,-59.08203125
162.85546875,-14.6484375,-7.8125,-45.41015625,-44.43359375
162.859375,-32.71484375,-10.7421875,-32.71484375,-43.45703125
162.86328125,-52.734375,-12.20703125,-3.41796875,-56.640625
162.8671875,-52.24609375,-8.7890625,-2.44140625,-49.31640625
162.87109375,-57.6171875,-17.578125,-17.08984375,-24.4140625
162.875,-43.9453125,-25.87890625,-23.92578125,-6.34765625
162.87890625,-25.87890625,-10.7421875,-39.55078125,0.0
162.8828125,-52.24609375,-22.4609375,-43.45703125,-62.98828125
162.88671875,-57.12890625,-33.69140625,-28.80859375,-117.67578125
162.890625,-52.24609375,-16.6015625,-20.99609375,-86.9140625
162.89453125,-48.33984375,-0.48828125,-16.11328125,-72.265625
162.8984375,-35.15625,5.859375,-18.06640625,-68.84765625
162.90234375,-40.0390625,-7.32421875,-8.7890625,-67.87109375
162.90625,-52.734375,-18.06640625,-1.46484375,-58.10546875
162.91015625,-55.6640625,-13.18359375,-5.37109375,-21.97265625
162.9140625,-27.34375,-5.859375,-4.8828125,-55.17578125
162.91796875,-46.875,-14.6484375,-6.34765625,-71.77734375
162.921875,-34.1796875,-14.6484375,-18.06640625,-37.59765625
162.92578125,-28.80859375,6.34765625,-40.0390625,-17.08984375
162.9296875,-61.5234375,4.8828125,-31.73828125,-61.03515625
162.93359375,-54.19921875,-8.30078125,-1.953125,-80.078125
162.9375,-53.7109375,-13.671875,12.20703125,-61.03515625
162.94140625,-46.38671875,-24.90234375,5.859375,-57.6171875
162.9453125,-58.10546875,-22.4609375,-7.32421875,-50.29296875
162.94921875,-57.6171875,-7.8125,-11.71875,-39.0625
162.953125,-59.5703125,-5.859375,-6.34765625,-3.90625
162.95703125,-77.63671875,-3.90625,-8.7890625,-11.23046875
162.9609375,-59.5703125,-5.859375,-18.06640625,-38.57421875
162.96484375,-67.87109375,-11.71875,-23.92578125,-39.0625
162.96875,-73.73046875,-15.13671875,-56.640625,-26.85546875
162.97265625,-65.4296875,-20.99609375,-53.7109375,-59.08203125
162.9765625,-64.453125,-21.484375,-1.953125,-93.26171875
162.98046875,-42.48046875,-4.8828125,18.06640625,-90.33203125
162.984375,-77.63671875,0.0,6.8359375,-78.61328125
162.98828125,-111.328125,-6.34765625,13.671875,-70.3125
162.9921875,-73.73046875,-17.08984375,-3.90625,-49.8046875
162.99609375,-53.7109375,-25.390625,-31.25,-47.36328125
163.0,-78.61328125,-15.625,-18.06640625,-79.1015625
163.00390625,-80.56640625,-8.30078125,-0.48828125,-87.40234375
163.0078125,-77.63671875,-13.18359375,8.7890625,-56.15234375
163.01171875,-103.02734375,-16.6015625,-1.953125,-42.96875
163.015625,-88.37890625,-13.18359375,-18.5546875,-51.26953125
163.01953125,-64.453125,-9.765625,-9.27734375,-71.77734375
163.0234375,-84.9609375,-13.671875,-6.34765625,-86.42578125
163.02734375,-74.21875,-9.765625,-18.5546875,-49.31640625
163.03125,-56.640625,-10.25390625,-32.71484375,-38.57421875
163.03515625,-82.51953125,-25.390625,-26.3671875,-64.94140625
163.0390625,-79.58984375,-22.94921875,-7.8125,-55.17578125
163.04296875,-51.26953125,-8.30078125,-21.484375,-49.8046875
163.046875,-44.921875,-16.11328125,-33.69140625,-28.80859375
163.05078125,-72.75390625,-20.5078125,-8.30078125,1.953125
163.0546875,-94.23828125,-18.5546875,2.44140625,-27.34375
163.05859375,-83.984375,-23.4375,-13.18359375,-71.77734375
163.0625,-88.37890625,-27.83203125,-8.30078125,-55.6640625
163.06640625,-121.58203125,-31.25,23.4375,-23.4375
163.0703125,-123.53515625,-32.71484375,33.203125,-48.33984375
163.07421875,-96.6796875,-31.73828125,20.5078125,-51.26953125
163.078125,-98.6328125,-39.55078125,22.94921875,-50.78125
163.08203125,-76.171875,-46.875,8.30078125,-37.109375
163.0859375,-91.796875,-48.828125,-3.41796875,-38.0859375
163.08984375,-120.60546875,-46.38671875,5.859375,-51.7578125
163.09375,-86.42578125,-41.9921875,7.32421875,-63.4765625
163.09765625,-89.35546875,-38.0859375,-1.46484375,-35.64453125
163.1015625,-102.5390625,-37.109375,-6.34765625,-2.44140625
163.10546875,-84.47265625,-35.64453125,-11.71875,4.8828125
163.109375,-75.68359375,-38.0859375,-4.8828125,-14.6484375
163.11328125,-75.68359375,-41.015625,6.8359375,-62.5
163.1171875,-73.73046875,-27.34375,4.39453125,-48.33984375
163.12109375,-71.77734375,-19.53125,-2.9296875,-28.80859375
163.125,-81.54296875,-21.484375,-4.8828125,-21.97265625
163.12890625,-73.2421875,-17.578125,-4.8828125,-41.015625
163.1328125,-51.26953125,-17.578125,-36.1328125,-47.8515625
163.13671875,-58.59375,-20.99609375,-41.9921875,-40.52734375
163.140625,-75.1953125,-28.80859375,-5.37109375,-52.24609375
163.14453125,-78.61328125,-33.69140625,12.20703125,-41.015625
163.1484375,-61.03515625,-36.62109375,-12.20703125,-37.59765625
163.15234375,-29.296875,-38.0859375,-42.48046875,-45.8984375
163.15625,-31.73828125,-27.34375,-15.13671875,-31.73828125
163.16015625,-53.7109375,-19.04296875,5.37109375,-35.64453125
163.1640625,-59.08203125,-27.34375,8.30078125,-17.578125
163.16796875,-53.7109375,-28.3203125,8.7890625,4.39453125
163.171875,-27.34375,-19.04296875,-13.18359375,-7.8125
163.17578125,-48.828125,-27.83203125,-16.11328125,-42.48046875
163.1796875,-80.56640625,-39.0625,-1.46484375,-64.94140625
163.18359375,-61.03515625,-31.25,-1.953125,-44.921875
163.1875,-49.31640625,-12.20703125,-4.8828125,-14.6484375
163.19140625,-64.94140625,-5.37109375,-13.18359375,-48.828125
163.1953125,-82.51953125,-11.71875,-18.06640625,-59.5703125
163.19921875,-57.12890625,-13.18359375,-17.08984375,-20.01953125
163.203125,-47.8515625,-5.37109375,-36.1328125,-17.08984375
163.20703125,-58.59375,-4.39453125,-30.76171875,9.765625
163.2109375,-43.45703125,-16.6015625,-0.48828125,13.18359375
163.21484375,-41.015625,-20.5078125,3.90625,-60.546875
163.21875,-64.453125,-19.04296875,-4.8828125,-33.69140625
163.22265625,-72.75390625,-25.87890625,-6.8359375,-29.78515625
163.2265625,-85.9375,-14.16015625,-19.53125,-92.28515625
163.23046875,-65.91796875,-0.48828125,-26.3671875,-67.3828125
163.234375,-53.22265625,-4.39453125,-20.5078125,-38.0859375
163.23828125,-58.10546875,-10.7421875,-20.5078125,-23.4375
163.2421875,-50.78125,-23.4375,-2.9296875,-18.06640625
163.24609375,-50.29296875,-28.3203125,6.34765625,8.30078125
163.25,-40.0390625,-26.85546875,3.90625,13.671875
163.25390625,-46.875,-27.34375,-5.859375,-61.5234375
163.2578125,-56.640625,-24.90234375,-15.13671875,-62.98828125
163.26171875,-66.40625,-16.6015625,-16.11328125,-31.73828125
163.265625,-79.58984375,-24.90234375,-23.92578125,-30.2734375
163.26953125,-91.796875,-48.828125,-21.97265625,-32.71484375
163.2734375,-79.58984375,-42.48046875,-27.83203125,-43.45703125
163.27734375,-67.87109375,-18.06640625,-29.296875,-42.96875
163.28125,-95.21484375,-6.34765625,-17.578125,-37.109375
163.28515625,-61.03515625,0.0,-9.765625,-32.71484375
163.2890625,-25.87890625,-4.8828125,-9.27734375,-23.4375
163.29296875,-51.7578125,-28.3203125,-13.18359375,-49.31640625
163.296875,-65.91796875,-31.25,-25.390625,-64.94140625
163.30078125,-78.125,-21.97265625,-48.33984375,-32.2265625
163.3046875,-70.80078125,-25.390625,-45.8984375,-16.11328125
163.30859375,-76.66015625,-29.78515625,-21.97265625,-54.19921875
163.3125,-96.6796875,-36.62109375,-6.8359375,-85.44921875
163.31640625,-67.3828125,-38.57421875,16.11328125,-33.203125
163.3203125,-49.31640625,-20.5078125,13.671875,-12.6953125
163.32421875,-62.01171875,-7.32421875,-3.90625,-77.63671875
163.328125,-70.3125,-5.37109375,-6.34765625,-81.54296875
163.33203125,-80.078125,8.7890625,-30.2734375,-48.33984375
163.3359375,-83.49609375,13.18359375,-62.98828125,-72.265625
163.33984375,-76.171875,0.48828125,-52.734375,-89.35546875
163.34375,-72.75390625,-0.9765625,-33.203125,-76.171875
163.34765625,-84.47265625,0.48828125,-33.69140625,-76.171875
163.3515625,-92.7734375,1.46484375,-45.8984375,-73.2421875
163.35546875,-83.984375,6.8359375,-54.6875,-79.1015625
163.359375,-94.7265625,-3.41796875,-57.12890625,-98.6328125
163.36328125,-70.3125,-6.8359375,-68.359375,-80.56640625
163.3671875,-50.29296875,-0.9765625,-75.68359375,-59.08203125
163.37109375,-50.29296875,-7.32421875,-69.3359375,-73.2421875
163.375,-43.9453125,-2.9296875,-73.2421875,-64.94140625
163.37890625,-42.48046875,0.48828125,-76.66015625,-56.640625
163.3828125,-72.265625,-15.625,-58.59375,-55.17578125
163.38671875,-64.94140625,-19.04296875,-47.36328125,-67.3828125
163.390625,-59.08203125,-6.34765625,-35.64453125,-58.10546875
163.39453125,-78.125,1.953125,-42.48046875,-39.55078125
163.3984375,-73.73046875,4.8828125,-66.40625,-49.31640625
163.40234375,-63.4765625,-1.46484375,-54.6875,-45.41015625
163.40625,-57.6171875,-13.18359375,-39.0625,-44.43359375
163.41015625,-61.5234375,-8.30078125,-34.1796875,-65.91796875
163.4140625,-52.24609375,-3.41796875,-41.015625,-41.50390625
163.41796875,-56.15234375,-9.765625,-56.15234375,-37.59765625
163.421875,-83.49609375,-9.765625,-53.7109375,-78.125
163.42578125,-87.890625,-9.765625,-39.0625,-73.73046875
163.4296875,-83.984375,-21.484375,-32.71484375,-42.48046875
163.43359375,-85.9375,-22.4609375,-30.76171875,-15.13671875
163.4375,-78.61328125,-13.18359375,-16.11328125,-67.87109375
163.44140625,-64.453125,-9.27734375,-13.18359375,-61.03515625
163.4453125,-35.64453125,-5.37109375,-29.296875,6.8359375
163.44921875,-34.66796875,-8.7890625,-25.390625,-15.625
163.453125,-66.89453125,-20.5078125,-17.578125,-60.05859375
163.45703125,-72.75390625,-23.92578125,-16.11328125,-60.546875
163.4609375,-60.546875,-17.08984375,-22.94921875,-48.33984375
163.46484375,-54.6875,-11.23046875,-27.83203125,-28.80859375
163.46875,-49.8046875,-10.7421875,-17.08984375,-33.69140625
163.47265625,-47.8515625,-11.23046875,-17.578125,-47.8515625
163.4765625,-42.96875,-24.90234375,-28.80859375,-24.4140625
163.48046875,-34.1796875,-21.484375,-42.96875,-8.7890625
163.484375,-36.62109375,-11.71875,-34.66796875,-0.9765625
163.48828125,-53.22265625,-22.94921875,-11.23046875,-27.34375
163.4921875,-52.24609375,-18.5546875,-3.90625,-48.33984375
163.49609375,-45.41015625,-4.8828125,-9.27734375,-26.3671875
163.5,-30.76171875,-9.27734375,-10.25390625,-18.06640625
163.50390625,-21.97265625,-18.5546875,-11.71875,-35.64453125
163.5078125,-33.203125,-19.04296875,-26.3671875,-58.59375
163.51171875,-39.55078125,-17.578125,-41.015625,-42.48046875
163.515625,-50.29296875,-18.06640625,-24.4140625,-16.11328125
163.51953125,-37.109375,-15.13671875,-18.06640625,-44.921875
163.5234375,-32.2265625,-18.06640625,-29.78515625,-60.05859375
163.52734375,-44.43359375,-24.90234375,-32.71484375,-45.8984375
163.53125,-40.52734375,-22.4609375,-32.71484375,-48.828125
163.53515625,-29.296875,-17.08984375,-34.1796875,-45.41015625
163.5390625,-42.48046875,-19.04296875,-32.2265625,-13.18359375
163.54296875,-57.6171875,-29.296875,-23.4375,-47.36328125
163.546875,-62.98828125,-28.3203125,-16.6015625,-57.6171875
163.55078125,-65.4296875,-20.5078125,-20.99609375,-39.55078125
163.5546875,-51.7578125,-22.4609375,-21.484375,-49.31640625
163.55859375,-52.734375,-21.97265625,-24.4140625,-31.25
163.5625,-62.5,-18.5546875,-29.78515625,-44.43359375
163.56640625,-68.84765625,-25.390625,-30.2734375,-64.453125
163.5703125,-63.4765625,-29.296875,-34.1796875,-19.04296875
163.57421875,-44.921875,-29.296875,-42.48046875,-19.53125
163.578125,-31.25,-29.78515625,-52.734375,-46.38671875
163.58203125,-34.1796875,-36.1328125,-45.41015625,-44.43359375
163.5859375,-62.01171875,-39.0625,-28.3203125,-42.96875
163.58984375,-78.125,-28.80859375,-21.484375,-62.01171875
163.59375,-63.96484375,-24.90234375,-27.34375,-63.4765625
163.59765625,-47.8515625,-24.90234375,-30.2734375,-47.36328125
163.6015625,-32.2265625,-22.94921875,-25.87890625,-46.38671875
163.60546875,-9.765625,-29.296875,-24.90234375,-42.96875
163.609375,-20.99609375,-33.69140625,-26.3671875,-36.62109375
163.61328125,-40.52734375,-20.5078125,-23.92578125,-53.22265625
163.6171875,-20.5078125,-12.6953125,-20.99609375,-30.76171875
163.62109375,10.25390625,-17.578125,-29.78515625,51.7578125
163.625,19.04296875,-25.390625,-31.73828125,-11.71875
163.62890625,-1.46484375,-19.53125,-11.71875,-66.40625
163.6328125,-11.71875,-14.6484375,-9.27734375,-56.15234375
163.63671875,-12.20703125,-21.97265625,-17.08984375,-58.59375
163.640625,13.18359375,-19.04296875,-16.11328125,-30.76171875
163.64453125,50.78125,-3.41796875,-9.765625,3.41796875
163.6484375,32.71484375,-11.71875,-8.30078125,-20.5078125
163.65234375,21.484375,-13.18359375,-11.71875,-6.34765625
163.65625,46.875,-9.765625,-22.94921875,-10.7421875
163.66015625,40.0390625,-22.94921875,-37.109375,-17.578125
163.6640625,22.4609375,-29.296875,-30.76171875,9.27734375
163.66796875,31.25,-28.80859375,-23.92578125,-4.8828125
163.671875,19.53125,-31.25,-18.5546875,1.46484375
163.67578125,23.4375,-27.83203125,-9.27734375,-9.765625
163.6796875,44.43359375,-19.53125,-9.27734375,-32.2265625
163.68359375,44.921875,-21.97265625,-39.55078125,-27.34375
163.6875,51.7578125,-18.06640625,-45.41015625,-22.94921875
163.69140625,35.64453125,-19.04296875,-20.99609375,-23.92578125
163.6953125,39.0625,-36.62109375,-14.6484375,-15.625
163.69921875,48.33984375,-26.85546875,-14.16015625,-21.97265625
163.703125,40.52734375,-12.20703125,-17.578125,-38.0859375
163.70703125,42.48046875,-8.30078125,-19.53125,-20.5078125
163.7109375,49.31640625,-7.8125,-21.484375,-10.25390625
163.71484375,58.10546875,-11.71875,-26.3671875,-37.109375
163.71875,60.546875,-10.7421875,-27.34375,-45.8984375
163.72265625,37.59765625,-20.01953125,-22.94921875,-22.4609375
163.7265625,27.83203125,-21.484375,-21.97265625,-26.85546875
163.73046875,30.76171875,-20.5078125,-24.90234375,-32.71484375
163.734375,26.3671875,-27.83203125,-29.78515625,-8.30078125
163.73828125,14.6484375,-30.76171875,-38.0859375,0.9765625
163.7421875,9.27734375,-34.1796875,-53.22265625,-20.99609375
163.74609375,4.39453125,-32.2265625,-43.9453125,-56.640625
163.75,-2.9296875,-31.73828125,-37.59765625,-79.1015625
163.75390625,-17.08984375,-29.296875,-41.015625,-60.546875
163.7578125,-13.18359375,-25.390625,-37.109375,-36.62109375
163.76171875,2.44140625,-26.85546875,-25.390625,-23.4375
163.765625,1.953125,-28.3203125,-31.25,-47.36328125
163.76953125,23.4375,-36.1328125,-66.40625,-41.9921875
163.7734375,28.3203125,-37.59765625,-62.01171875,-42.48046875
163.77734375,2.44140625,-30.76171875,-26.3671875,-64.453125
163.78125,-16.11328125,-21.484375,-23.92578125,-27.83203125
163.78515625,-17.578125,-24.4140625,-16.11328125,2.44140625
163.7890625,22.4609375,-24.4140625,-23.4375,-7.8125
163.79296875,27.83203125,-13.671875,-49.8046875,-31.73828125
163.796875,2.44140625,-27.34375,-33.203125,-30.2734375
163.80078125,4.8828125,-36.62109375,-16.11328125,-10.25390625
163.8046875,8.7890625,-28.3203125,-12.6953125,-48.828125
163.80859375,17.578125,-32.2265625,-23.92578125,-80.078125
163.8125,29.296875,-31.25,-41.50390625,-72.75390625
163.81640625,16.11328125,-17.08984375,-36.1328125,-43.9453125
163.8203125,23.4375,-15.13671875,-30.2734375,-35.64453125
163.82421875,41.015625,-18.06640625,-26.85546875,-37.59765625
163.828125,33.69140625,-19.53125,-19.04296875,-0.9765625
163.83203125,40.52734375,-20.5078125,-34.66796875,-12.6953125
163.8359375,49.8046875,-20.01953125,-41.50390625,-46.38671875
163.83984375,38.0859375,-21.97265625,-18.06640625,-8.7890625
163.84375,27.83203125,-23.92578125,-8.30078125,16.11328125
163.84765625,34.66796875,-17.578125,-21.97265625,-16.11328125
163.8515625,60.05859375,-4.39453125,-30.76171875,-42.48046875
163.85546875,59.08203125,-4.8828125,-21.484375,-40.0390625
163.859375,44.43359375,-6.34765625,-12.6953125,-32.71484375
163.86328125,53.22265625,-10.7421875,-25.390625,-35.64453125
163.8671875,41.50390625,-15.13671875,-31.73828125,-21.97265625
163.87109375,34.66796875,-13.18359375,-29.78515625,-12.20703125
163.875,39.0625,-13.671875,-29.78515625,-38.0859375
163.87890625,38.57421875,-17.08984375,-16.6015625,-23.92578125
163.8828125,69.82421875,-11.71875,-2.9296875,16.11328125
163.88671875,61.5234375,-15.13671875,-2.9296875,-2.9296875
163.890625,48.33984375,-18.06640625,-29.296875,-25.87890625
163.89453125,58.10546875,-8.7890625,-43.9453125,-2.44140625
163.8984375,55.6640625,-7.8125,-20.99609375,-4.8828125
163.90234375,40.52734375,-4.39453125,-4.39453125,-5.859375
163.90625,55.17578125,-7.32421875,-20.01953125,-29.78515625
163.91015625,61.5234375,-6.34765625,-22.4609375,-47.8515625
163.9140625,48.828125,-11.23046875,-22.94921875,-17.578125
163.91796875,59.08203125,-26.3671875,-22.4609375,-6.8359375
163.921875,47.36328125,-30.2734375,-18.06640625,-20.99609375
163.92578125,22.94921875,-20.99609375,-14.16015625,-36.62109375
163.9296875,17.08984375,-12.20703125,-11.71875,-43.9453125
163.93359375,35.64453125,-7.8125,-22.94921875,-28.80859375
163.9375,52.24609375,-2.9296875,-23.92578125,-42.96875
163.94140625,45.41015625,-8.30078125,-17.08984375,-56.640625
163.9453125,57.6171875,-20.01953125,-20.99609375,-27.83203125
163.94921875,70.3125,-12.6953125,-26.85546875,3.90625
163.953125,69.82421875,-8.7890625,-23.4375,11.71875
163.95703125,62.01171875,-10.25390625,-20.5078125,27.83203125
163.9609375,39.55078125,-12.20703125,-42.96875,10.25390625
163.96484375,34.1796875,-18.06640625,-33.69140625,-42.48046875
163.96875,36.62109375,-22.4609375,4.8828125,-43.45703125
163.97265625,32.2265625,-29.296875,10.25390625,-20.5078125
163.9765625,31.25,-34.1796875,7.32421875,-18.5546875
163.98046875,27.34375,-33.69140625,24.4140625,-16.6015625
163.984375,26.3671875,-38.57421875,36.62109375,5.859375
163.98828125,30.2734375,-42.48046875,28.3203125,-5.37109375
163.9921875,13.671875,-52.734375,28.3203125,-13.18359375
163.99609375,39.0625,-49.31640625,28.3203125,-23.4375
164.0,57.12890625,-41.015625,6.34765625,-3.41796875
164.00390625,50.78125,-41.50390625,0.9765625,7.8125
164.0078125,47.36328125,-37.109375,3.90625,-5.859375
164.01171875,38.0859375,-48.33984375,-8.30078125,22.4609375
164.015625,26.85546875,-49.8046875,0.48828125,27.34375
164.01953125,12.20703125,-37.109375,29.296875,-40.0390625
164.0234375,6.8359375,-28.3203125,42.96875,-54.6875
164.02734375,5.859375,-20.99609375,33.69140625,-44.921875
164.03125,34.1796875,-10.7421875,-0.9765625,-19.04296875
164.03515625,47.36328125,-12.6953125,-9.27734375,5.859375
164.0390625,41.015625,-29.296875,1.953125,13.671875
164.04296875,29.296875,-32.71484375,-7.32421875,18.5546875
164.046875,32.2265625,-26.85546875,-18.5546875,-40.52734375
164.05078125,36.62109375,-19.04296875,-18.06640625,-47.36328125
164.0546875,31.25,-15.13671875,-13.671875,-20.01953125
164.05859375,24.90234375,-19.04296875,-10.25390625,-11.23046875
164.0625,15.13671875,-25.87890625,-16.11328125,-15.13671875
164.06640625,19.53125,-25.390625,-13.18359375,-20.5078125
164.0703125,13.671875,-22.4609375,-20.01953125,-5.37109375
164.07421875,10.7421875,-21.97265625,-29.78515625,-0.48828125
164.078125,20.01953125,-21.97265625,-32.71484375,-8.7890625
164.08203125,18.06640625,-19.04296875,-25.87890625,-18.06640625
164.0859375,26.85546875,-16.11328125,-32.2265625,-15.13671875
164.08984375,25.390625,-14.6484375,-51.7578125,0.0
164.09375,10.7421875,-17.08984375,-31.25,1.953125
164.09765625,14.16015625,-14.16015625,-15.13671875,-29.296875
164.1015625,13.671875,-14.6484375,-15.13671875,-22.4609375
164.10546875,17.08984375,-23.4375,-32.71484375,18.5546875
164.109375,21.97265625,-27.83203125,-51.26953125,-9.27734375
164.11328125,16.11328125,-26.85546875,-41.015625,-0.9765625
164.1171875,29.78515625,-14.16015625,-33.203125,19.53125
164.12109375,11.71875,-15.625,-23.92578125,-27.83203125
164.125,-20.99609375,-28.80859375,-17.08984375,-34.1796875
164.12890625,-20.01953125,-28.3203125,-14.6484375,-32.71484375
164.1328125,5.37109375,-25.87890625,-32.71484375,-42.96875
164.13671875,24.4140625,-25.390625,-38.57421875,-5.37109375
164.140625,31.73828125,-23.4375,-11.23046875,8.30078125
164.14453125,21.484375,-21.97265625,-14.6484375,-21.484375
164.1484375,8.30078125,-20.01953125,-34.66796875,-21.484375
164.15234375,6.8359375,-18.5546875,-43.45703125,-1.46484375
164.15625,-0.48828125,-15.625,-56.640625,-3.90625
164.16015625,-16.6015625,-20.01953125,-24.90234375,-30.2734375
164.1640625,-27.83203125,-27.34375,-4.39453125,-39.0625
164.16796875,-16.11328125,-24.90234375,-22.94921875,-25.390625
164.171875,-8.7890625,-26.85546875,-19.53125,-29.78515625
164.17578125,-7.32421875,-29.78515625,-19.53125,-31.25
164.1796875,-12.6953125,-26.85546875,-19.04296875,-21.484375
164.18359375,-22.4609375,-29.78515625,-16.6015625,-0.9765625
164.1875,4.8828125,-31.73828125,-20.99609375,-16.11328125
164.19140625,-11.71875,-27.83203125,-28.80859375,-36.62109375
164.1953125,-20.5078125,-18.5546875,-44.43359375,-20.01953125
164.19921875,-32.71484375,-6.34765625,-49.8046875,-36.62109375
164.203125,-52.24609375,-4.39453125,-30.76171875,-42.48046875
164.20703125,-35.64453125,-12.6953125,-18.5546875,-40.0390625
164.2109375,-6.34765625,-9.765625,-27.83203125,-7.32421875
164.21484375,0.0,-14.16015625,-36.62109375,-9.765625
164.21875,-16.6015625,-26.3671875,-26.85546875,-50.29296875
164.22265625,-28.3203125,-22.94921875,-14.16015625,-45.41015625
164.2265625,-29.296875,-18.5546875,-6.34765625,-36.1328125
164.23046875,-27.34375,-23.92578125,-18.5546875,-34.66796875
164.234375,-12.6953125,-27.83203125,-32.71484375,-23.92578125
164.23828125,4.8828125,-19.53125,-35.64453125,-26.3671875
164.2421875,-3.41796875,-12.20703125,-29.78515625,-19.53125
164.24609375,-10.7421875,-18.06640625,-19.04296875,7.8125
164.25,1.953125,-20.5078125,-21.97265625,-20.01953125
164.25390625,3.41796875,-28.3203125,-19.04296875,-50.29296875
164.2578125,-21.97265625,-33.69140625,-11.23046875,-44.921875
164.26171875,-43.45703125,-26.3671875,-12.6953125,-32.71484375
164.265625,-29.296875,-21.97265625,-25.87890625,-30.76171875
164.26953125,-6.8359375,-17.08984375,-25.87890625,-24.90234375
164.2734375,-17.08984375,-14.6484375,-31.25,-20.01953125
164.27734375,-31.73828125,-20.5078125,-32.2265625,-7.32421875
164.28125,-20.5078125,-22.94921875,-17.578125,-11.23046875
164.28515625,-12.6953125,-29.296875,-27.83203125,-16.11328125
164.2890625,-10.25390625,-26.3671875,-40.52734375,-29.296875
164.29296875,-21.97265625,-20.99609375,-33.69140625,-46.875
164.296875,-21.484375,-26.3671875,-24.4140625,-34.66796875
164.30078125,-16.11328125,-25.390625,-24.90234375,-33.203125
164.3046875,-18.5546875,-12.6953125,-48.33984375,-27.83203125
164.30859375,-17.08984375,-4.39453125,-62.98828125,1.46484375
164.3125,-18.5546875,-3.41796875,-36.1328125,-3.90625
164.31640625,-17.08984375,0.9765625,-5.859375,-42.96875
164.3203125,-47.36328125,-11.23046875,0.48828125,-35.15625
164.32421875,-62.98828125,-12.6953125,-21.484375,-45.8984375
164.328125,-49.8046875,-10.25390625,-33.203125,-51.7578125
164.33203125,-42.96875,-25.87890625,-5.859375,-22.94921875
164.3359375,-31.25,-25.87890625,2.9296875,-18.06640625
164.33984375,-20.99609375,-17.578125,0.9765625,-37.59765625
164.34375,-28.80859375,-15.13671875,5.37109375,-38.57421875
164.34765625,-21.97265625,-17.08984375,-7.32421875,-9.765625
164.3515625,-24.90234375,-12.20703125,-11.71875,-13.671875
164.35546875,-34.1796875,-9.27734375,-9.27734375,-25.390625
164.359375,-36.1328125,-12.20703125,-20.01953125,-25.390625
164.36328125,-21.97265625,-9.27734375,-28.3203125,-33.69140625
164.3671875,-27.83203125,-10.25390625,-26.3671875,-64.94140625
164.37109375,-30.2734375,-11.23046875,-19.53125,-28.3203125
164.375,-31.73828125,-7.8125,-17.08984375,2.9296875
164.37890625,-41.9921875,-3.41796875,-20.99609375,-55.17578125
164.3828125,-22.94921875,-8.30078125,-9.765625,-45.8984375
164.38671875,-22.94921875,-20.5078125,-4.8828125,8.7890625
164.390625,-18.06640625,-18.06640625,-5.859375,21.97265625
164.39453125,-14.16015625,-12.6953125,-2.9296875,-19.53125
164.3984375,-19.04296875,-16.11328125,-6.8359375,-37.109375
164.40234375,-12.20703125,-17.08984375,0.9765625,-33.203125
164.40625,-24.4140625,-19.53125,-6.8359375,-31.73828125
164.41015625,-26.3671875,-15.13671875,-29.78515625,-21.484375
164.4140625,-14.16015625,-15.625,-18.06640625,-33.203125
164.41796875,-1.46484375,-24.90234375,-10.25390625,-19.53125
164.421875,-4.8828125,-22.4609375,-24.4140625,-24.4140625
164.42578125,-22.94921875,-15.625,-32.2265625,-53.22265625
164.4296875,-50.78125,-15.625,-21.97265625,-50.78125
164.43359375,-53.7109375,-9.27734375,-8.7890625,-45.8984375
164.4375,-24.4140625,-8.7890625,-3.90625,-38.0859375
164.44140625,-23.4375,-17.578125,-14.6484375,-40.0390625
164.4453125,-30.2734375,-22.4609375,-49.31640625,-38.57421875
164.44921875,-41.015625,-26.3671875,-60.546875,-31.73828125
164.453125,-54.19921875,-22.94921875,-36.1328125,-54.19921875
164.45703125,-31.73828125,-22.4609375,-34.66796875,-60.546875
164.4609375,-41.015625,-29.78515625,-44.921875,-73.2421875
164.46484375,-27.34375,-16.6015625,-31.73828125,-53.22265625
164.46875,-43.9453125,-16.11328125,-13.18359375,-74.21875
164.47265625,-121.09375,-32.2265625,8.7890625,-155.2734375
164.4765625,-115.234375,-29.296875,19.04296875,-110.3515625
164.48046875,-81.54296875,-29.78515625,29.296875,-85.9375
164.484375,-88.37890625,-32.71484375,44.921875,-111.81640625
164.48828125,-96.19140625,-28.3203125,58.59375,-125.0
164.4921875,-111.328125,-30.76171875,42.96875,-122.0703125
164.49609375,-132.32421875,-35.15625,42.96875,-108.3984375
164.5,-119.140625,-37.109375,49.31640625,-134.27734375
164.50390625,-69.82421875,-41.9921875,41.9921875,-86.42578125
164.5078125,-52.734375,-58.10546875,47.36328125,-23.92578125
164.51171875,-54.19921875,-41.015625,33.203125,-71.2890625
164.515625,-13.18359375,-16.11328125,40.52734375,-48.33984375
164.51953125,2.44140625,-35.15625,77.63671875,-11.23046875
164.5234375,19.04296875,-43.9453125,91.796875,-26.3671875
164.52734375,33.69140625,-30.2734375,90.8203125,13.671875
164.53125,2.44140625,-27.34375,94.23828125,28.80859375
164.53515625,3.41796875,-28.80859375,99.12109375,11.71875
164.5390625,22.94921875,-29.296875,76.66015625,-4.39453125
164.54296875,64.94140625,-23.92578125,77.1484375,24.90234375
164.546875,88.8671875,-19.04296875,89.35546875,64.453125
164.55078125,78.61328125,-33.203125,69.3359375,70.80078125
164.5546875,108.88671875,-35.64453125,73.2421875,94.7265625
164.55859375,140.13671875,-27.34375,90.33203125,116.2109375
164.5625,119.62890625,-26.3671875,90.33203125,97.16796875
164.56640625,97.65625,-30.76171875,80.078125,69.3359375
164.5703125,125.9765625,-41.015625,73.2421875,74.70703125
164.57421875,134.27734375,-42.96875,70.80078125,113.76953125
164.578125,147.94921875,-30.76171875,52.734375,166.015625
164.58203125,137.6953125,-28.80859375,52.734375,135.25390625
164.5859375,143.5546875,-26.85546875,39.55078125,93.75
164.58984375,153.3203125,-23.92578125,35.64453125,105.95703125
164.59375,105.95703125,-35.64453125,41.9921875,119.62890625
164.59765625,146.484375,-38.0859375,22.4609375,111.81640625
164.6015625,173.33984375,-30.2734375,23.4375,124.51171875
164.60546875,208.984375,-26.85546875,5.859375,153.3203125
164.609375,250.48828125,-19.53125,-2.44140625,165.52734375
164.61328125,230.95703125,-20.99609375,25.390625,125.9765625
164.6171875,232.421875,-28.80859375,32.71484375,94.7265625
164.62109375,227.05078125,-15.625,26.3671875,112.79296875
164.625,200.1953125,-3.90625,27.83203125,111.81640625
164.62890625,197.75390625,-3.90625,20.5078125,93.26171875
164.6328125,228.515625,-9.27734375,10.7421875,106.93359375
164.63671875,204.1015625,-11.71875,-0.9765625,99.609375
164.640625,180.6640625,-12.20703125,-13.671875,96.19140625
164.64453125,207.51953125,-11.71875,-17.578125,131.34765625
164.6484375,211.42578125,-15.13671875,2.44140625,121.58203125
164.65234375,181.15234375,-27.34375,3.90625,94.23828125
164.65625,151.3671875,-30.2734375,-2.44140625,81.54296875
164.66015625,152.83203125,-29.296875,-4.8828125,84.9609375
164.6640625,174.31640625,-26.3671875,-8.30078125,73.2421875
164.66796875,177.24609375,-22.4609375,-6.8359375,34.66796875
164.671875,201.66015625,-17.08984375,-21.484375,74.70703125
164.67578125,197.265625,-14.6484375,-12.6953125,86.9140625
164.6796875,179.19921875,-17.08984375,6.34765625,69.82421875
164.68359375,158.203125,-17.08984375,-8.30078125,111.328125
164.6875,154.78515625,-14.16015625,-16.11328125,133.7890625
164.69140625,168.9453125,-10.25390625,-26.3671875,132.8125
164.6953125,161.62109375,-12.20703125,-34.1796875,95.703125
164.69921875,157.2265625,-16.6015625,-5.859375,117.67578125
164.703125,123.046875,-18.06640625,11.23046875,175.78125
164.70703125,125.48828125,-8.7890625,13.18359375,205.56640625
164.7109375,130.859375,-7.32421875,1.46484375,234.375
164.71484375,115.72265625,-12.20703125,-12.6953125,247.0703125
164.71875,120.1171875,-9.27734375,-20.01953125,230.95703125
164.72265625,124.0234375,0.0,-14.16015625,234.375
164.7265625,85.44921875,-7.8125,0.9765625,243.1640625
164.73046875,83.0078125,-14.6484375,-0.9765625,226.07421875
164.734375,101.5625,-8.7890625,-20.01953125,193.84765625
164.73828125,52.24609375,-6.8359375,-22.4609375,184.08203125
164.7421875,20.99609375,-9.27734375,-16.6015625,154.78515625
164.74609375,36.1328125,-11.71875,-15.13671875,90.8203125
164.75,42.96875,-10.25390625,-25.390625,29.296875
164.75390625,41.015625,-5.37109375,-21.484375,-7.8125
164.7578125,42.48046875,-0.48828125,8.7890625,3.90625
164.76171875,-0.48828125,-3.41796875,17.08984375,-19.04296875
164.765625,-33.203125,0.9765625,4.8828125,-125.0
164.76953125,-35.15625,10.25390625,-0.48828125,-142.578125
164.7734375,-57.12890625,3.90625,12.20703125,-108.3984375
164.77734375,-37.109375,-3.90625,15.13671875,-75.68359375
164.78125,-44.921875,-2.44140625,2.44140625,-101.5625
164.78515625,-41.9921875,-4.8828125,-5.37109375,-109.86328125
164.7890625,-13.671875,-9.765625,-3.41796875,-90.8203125
164.79296875,-28.3203125,-11.23046875,-1.953125,-96.6796875
164.796875,-34.66796875,-13.18359375,-7.32421875,-83.0078125
164.80078125,-19.04296875,-13.671875,0.48828125,-80.078125
164.8046875,-24.90234375,-13.18359375,6.34765625,-79.1015625
164.80859375,-67.87109375,-12.20703125,5.859375,-109.375
164.8125,-84.9609375,-7.8125,-7.8125,-134.765625
164.81640625,-66.89453125,-5.859375,-15.625,-104.98046875
164.8203125,-97.16796875,-9.27734375,1.46484375,-83.984375
164.82421875,-101.07421875,-2.44140625,12.6953125,-88.37890625
164.828125,-62.98828125,-3.41796875,-4.8828125,-67.87109375
164.83203125,-53.22265625,-0.9765625,-20.5078125,-76.171875
164.8359375,-43.45703125,1.953125,-5.37109375,-77.63671875
164.83984375,-54.19921875,-15.13671875,5.37109375,-73.73046875
164.84375,-66.40625,-19.53125,0.48828125,-89.35546875
164.84765625,-66.89453125,-7.32421875,3.41796875,-104.4921875
164.8515625,-54.6875,-2.44140625,-0.48828125,-97.65625
164.85546875,-50.78125,-10.7421875,-5.859375,-71.77734375
164.859375,-50.78125,-10.7421875,4.39453125,-68.359375
164.86328125,-15.625,0.48828125,-3.90625,-53.7109375
164.8671875,-27.34375,-7.8125,-12.20703125,-78.61328125
164.87109375,-40.52734375,-11.23046875,-7.32421875,-107.91015625
164.875,-24.4140625,-15.13671875,-6.8359375,-87.890625
164.87890625,-9.765625,-16.6015625,-5.37109375,-69.3359375
164.8828125,11.71875,-8.30078125,1.953125,-58.10546875
164.88671875,8.30078125,-6.34765625,0.48828125,-56.15234375
164.890625,-8.7890625,-3.90625,-6.8359375,-57.12890625
164.89453125,0.48828125,-1.46484375,2.44140625,-32.2265625
164.8984375,-6.8359375,-2.9296875,12.6953125,2.9296875
164.90234375,9.27734375,-4.8828125,0.9765625,-54.19921875
164.90625,37.109375,-4.39453125,-15.13671875,-53.22265625
164.91015625,5.37109375,-14.6484375,-14.6484375,-40.52734375
164.9140625,-1.46484375,-17.08984375,-0.48828125,-47.8515625
164.91796875,6.34765625,-6.34765625,11.71875,-32.71484375
164.921875,-22.4609375,-7.32421875,11.71875,-43.45703125
164.92578125,-45.8984375,-9.27734375,-18.06640625,-86.42578125
164.9296875,-41.9921875,-6.8359375,-27.34375,-85.9375
164.93359375,-7.32421875,-6.8359375,-2.9296875,-67.87109375
164.9375,-0.9765625,-7.8125,0.9765625,-79.1015625
164.94140625,-7.32421875,-8.7890625,9.765625,-83.984375
164.9453125,22.94921875,-2.9296875,12.6953125,-67.3828125
164.94921875,22.94921875,-1.953125,2.9296875,-63.4765625
164.953125,11.23046875,-9.27734375,-2.9296875,-14.6484375
164.95703125,38.57421875,-2.44140625,-20.5078125,5.859375
164.9609375,53.7109375,-2.9296875,-24.4140625,-45.41015625
164.96484375,22.94921875,-20.01953125,-6.8359375,-75.1953125
164.96875,5.859375,-20.5078125,8.30078125,-72.265625
164.97265625,40.52734375,-12.6953125,7.8125,-51.26953125
164.9765625,42.96875,-10.7421875,-6.8359375,-48.828125
164.98046875,41.9921875,-13.18359375,-18.06640625,-59.5703125
164.984375,68.359375,-13.18359375,-13.18359375,-61.5234375
164.98828125,66.40625,-0.9765625,-13.671875,-27.83203125
164.9921875,41.9921875,-0.48828125,-9.27734375,-24.90234375
164.99609375,33.203125,-13.18359375,-6.34765625,-41.50390625
165.0,54.19921875,-9.27734375,-22.94921875,-39.55078125
165.00390625,61.5234375,-5.37109375,-17.08984375,-15.625
165.0078125,30.2734375,-15.625,1.953125,-41.50390625
165.01171875,15.625,-22.94921875,8.7890625,-98.14453125
165.015625,21.97265625,-19.04296875,2.9296875,-60.05859375
165.01953125,32.2265625,-14.6484375,-1.953125,-18.06640625
165.0234375,33.203125,-15.625,-12.6953125,-62.01171875
165.02734375,27.34375,-19.04296875,-24.90234375,-64.453125
165.03125,39.0625,-22.94921875,-12.20703125,-23.92578125
165.03515625,69.3359375,-20.5078125,0.9765625,-27.34375
165.0390625,67.3828125,-30.2734375,-1.46484375,-58.59375
165.04296875,45.41015625,-42.96875,0.9765625,-34.66796875
165.046875,54.19921875,-28.3203125,-1.46484375,-14.16015625
165.05078125,54.6875,-7.32421875,-16.11328125,-50.29296875
165.0546875,20.99609375,-6.8359375,-25.87890625,-35.64453125
165.05859375,33.69140625,-8.7890625,-25.390625,-7.8125
165.0625,61.5234375,-8.30078125,-24.4140625,-34.1796875
165.06640625,63.96484375,-13.18359375,-16.6015625,-33.203125
165.0703125,53.22265625,-20.5078125,7.32421875,-40.52734375
165.07421875,26.85546875,-20.01953125,16.11328125,-28.80859375
165.078125,25.87890625,-20.01953125,7.8125,-11.23046875
165.08203125,45.8984375,-28.3203125,2.9296875,-73.2421875
165.0859375,56.15234375,-36.1328125,-5.37109375,-44.43359375
165.08984375,66.40625,-30.2734375,-7.8125,6.34765625
165.09375,70.80078125,-11.71875,-26.3671875,-41.9921875
165.09765625,61.5234375,-5.37109375,-20.99609375,-41.50390625
165.1015625,60.546875,-14.16015625,10.7421875,-20.5078125
165.10546875,50.78125,-17.08984375,13.18359375,-52.24609375
165.109375,33.69140625,-15.13671875,9.765625,-60.546875
165.11328125,31.25,-14.16015625,12.6953125,-28.3203125
165.1171875,51.26953125,-23.4375,2.44140625,-30.76171875
165.12109375,47.8515625,-27.83203125,-9.27734375,-24.90234375
165.125,34.66796875,-29.78515625,-9.27734375,-47.8515625
165.12890625,43.9453125,-25.87890625,-11.23046875,-80.56640625
165.1328125,40.52734375,-16.6015625,-14.16015625,-41.9921875
165.13671875,34.1796875,-18.06640625,-13.671875,-35.15625
165.140625,28.80859375,-16.11328125,-26.3671875,-46.38671875
165.14453125,29.296875,-17.08984375,-28.80859375,-37.59765625
165.1484375,43.45703125,-27.34375,-14.6484375,-43.9453125
165.15234375,60.05859375,-32.71484375,-3.90625,-35.64453125
165.15625,36.1328125,-33.69140625,-7.32421875,-12.20703125
165.16015625,0.9765625,-29.78515625,-13.671875,-12.20703125
165.1640625,9.765625,-21.484375,-4.39453125,-49.31640625
165.16796875,25.390625,-14.16015625,-14.6484375,-52.24609375
165.171875,13.18359375,-18.06640625,-16.6015625,-29.78515625
165.17578125,7.32421875,-25.390625,0.48828125,-19.53125
165.1796875,19.53125,-23.92578125,0.48828125,-53.22265625
165.18359375,24.4140625,-17.578125,-11.23046875,-53.7109375
165.1875,18.06640625,-14.16015625,-22.4609375,-35.64453125
165.19140625,10.25390625,-18.5546875,-11.23046875,-30.2734375
165.1953125,2.9296875,-30.76171875,7.32421875,-27.34375
165.19921875,-16.6015625,-28.80859375,14.6484375,-41.50390625
165.203125,-1.953125,-10.25390625,7.32421875,-62.5
165.20703125,10.7421875,-2.9296875,-7.32421875,-58.10546875
165.2109375,15.625,-10.7421875,1.953125,-54.6875
165.21484375,-6.34765625,-19.53125,5.859375,-29.296875
165.21875,-17.578125,-22.4609375,0.0,-52.734375
165.22265625,23.4375,-19.04296875,-2.9296875,-65.91796875
165.2265625,28.80859375,-19.53125,-6.34765625,-12.6953125
165.23046875,20.01953125,-22.94921875,-17.578125,-23.4375
165.234375,21.97265625,-18.06640625,-19.53125,-54.6875
165.23828125,36.62109375,-8.30078125,-8.7890625,-11.23046875
165.2421875,19.53125,-18.5546875,-8.7890625,20.5078125
165.24609375,-1.46484375,-28.3203125,0.0,-42.48046875
165.25,-16.6015625,-24.4140625,9.27734375,-43.45703125
165.25390625,-24.4140625,-24.4140625,9.27734375,-3.41796875
165.2578125,0.48828125,-21.484375,-2.44140625,-51.26953125
165.26171875,8.7890625,-20.5078125,-13.671875,-62.98828125
165.265625,19.53125,-20.5078125,-6.8359375,-49.8046875
165.26953125,15.625,-18.5546875,-2.9296875,-28.3203125
165.2734375,21.484375,-21.484375,-6.34765625,-3.90625
165.27734375,22.94921875,-29.78515625,-2.44140625,-8.7890625
165.28125,11.71875,-31.25,6.8359375,-15.625
165.28515625,15.13671875,-30.76171875,-1.953125,-21.97265625
165.2890625,12.6953125,-23.4375,-10.7421875,-35.15625
165.29296875,8.30078125,-11.71875,-3.41796875,-25.87890625
165.296875,16.11328125,-9.27734375,-17.578125,8.30078125
165.30078125,7.32421875,-11.71875,-22.4609375,-18.5546875
165.3046875,-14.6484375,-19.53125,-4.39453125,-36.62109375
165.30859375,9.27734375,-18.5546875,5.37109375,-31.73828125
165.3125,21.97265625,-12.6953125,-3.90625,-28.3203125
165.31640625,14.16015625,-16.11328125,-11.23046875,-15.625
165.3203125,22.4609375,-20.01953125,4.8828125,-21.484375
165.32421875,12.6953125,-20.99609375,15.625,-29.78515625
165.328125,5.37109375,-23.92578125,4.39453125,-23.92578125
165.33203125,11.71875,-22.4609375,-5.859375,-41.50390625
165.3359375,24.90234375,-17.08984375,-30.76171875,-21.97265625
165.33984375,28.80859375,-17.578125,-21.484375,13.18359375
165.34375,7.8125,-18.06640625,2.44140625,-9.765625
165.34765625,3.41796875,-15.625,0.48828125,-1.953125
165.3515625,8.30078125,-15.625,-3.90625,3.41796875
165.35546875,0.48828125,-14.16015625,-5.859375,-43.45703125
165.359375,2.9296875,-13.671875,-5.37109375,-40.52734375
165.36328125,12.20703125,-14.6484375,-10.25390625,-20.5078125
165.3671875,22.94921875,-11.23046875,-10.7421875,-50.29296875
165.37109375,11.23046875,-15.13671875,-1.953125,-48.33984375
165.375,15.13671875,-14.16015625,-11.71875,-6.34765625
165.37890625,39.55078125,-19.53125,-14.16015625,21.97265625
165.3828125,30.76171875,-29.78515625,-2.9296875,8.7890625
165.38671875,16.6015625,-26.3671875,-14.6484375,-10.7421875
165.390625,23.92578125,-19.53125,-14.16015625,-33.69140625
165.39453125,20.99609375,-14.6484375,-5.859375,-15.13671875
165.3984375,11.71875,-8.7890625,-19.04296875,0.9765625
165.40234375,7.8125,-8.7890625,-11.71875,-4.8828125
165.40625,-7.8125,-22.4609375,13.671875,-17.578125
165.41015625,-11.71875,-33.203125,20.5078125,-37.59765625
165.4140625,-6.34765625,-29.296875,12.6953125,-28.80859375
165.41796875,-6.34765625,-27.83203125,-1.46484375,-23.92578125
165.421875,4.8828125,-25.87890625,-14.16015625,-20.5078125
165.42578125,17.578125,-23.4375,-3.90625,-10.7421875
165.4296875,16.11328125,-23.92578125,4.39453125,-19.04296875
165.43359375,2.44140625,-19.04296875,-18.5546875,-36.1328125
165.4375,-8.7890625,-18.5546875,-21.97265625,-8.7890625
165.44140625,-23.4375,-22.94921875,-2.9296875,-14.6484375
165.4453125,-26.3671875,-27.34375,3.90625,-55.17578125
165.44921875,-13.18359375,-22.4609375,-1.953125,-29.78515625
165.453125,-6.8359375,-18.06640625,-8.7890625,-2.9296875
165.45703125,-4.8828125,-26.3671875,-0.9765625,-26.85546875
165.4609375,-11.23046875,-24.4140625,2.44140625,-41.9921875
165.46484375,-2.44140625,-19.53125,5.37109375,-15.13671875
165.46875,8.30078125,-23.92578125,7.8125,-22.4609375
165.47265625,-11.71875,-22.4609375,5.859375,-45.8984375
165.4765625,-12.20703125,-23.4375,6.34765625,-60.05859375
165.48046875,1.953125,-23.4375,-0.48828125,-26.3671875
165.484375,0.9765625,-13.18359375,-3.41796875,7.8125
165.48828125,-1.953125,-12.20703125,0.9765625,-5.37109375
165.4921875,-20.99609375,-18.5546875,-3.90625,-12.20703125
165.49609375,-28.80859375,-18.06640625,-17.08984375,-5.37109375
165.5,-15.625,-8.7890625,-39.0625,-11.71875
165.50390625,-33.69140625,-10.7421875,-26.3671875,-40.0390625
165.5078125,-34.1796875,-21.484375,-1.46484375,-45.8984375
165.51171875,-42.96875,-28.80859375,-3.41796875,-33.203125
165.515625,-23.92578125,-24.4140625,-4.8828125,-28.3203125
165.51953125,-14.16015625,-20.5078125,-19.04296875,-42.48046875
165.5234375,-34.66796875,-23.92578125,-38.57421875,-41.015625
165.52734375,-36.62109375,-24.90234375,-18.06640625,16.11328125
165.53125,-45.41015625,-27.34375,-0.48828125,-4.39453125
165.53515625,-33.69140625,-25.87890625,-8.30078125,-65.4296875
165.5390625,-21.97265625,-24.90234375,-10.25390625,-45.8984375
165.54296875,-18.5546875,-31.73828125,-7.32421875,-35.64453125
165.546875,-1.46484375,-31.25,-10.7421875,-20.01953125
165.55078125,17.08984375,-27.83203125,-17.578125,-6.34765625
165.5546875,4.39453125,-28.3203125,-16.11328125,-38.57421875
165.55859375,-19.04296875,-22.4609375,-26.85546875,-25.390625
165.5625,-15.13671875,-26.85546875,-23.4375,28.3203125
165.56640625,-14.6484375,-30.76171875,-5.859375,-14.6484375
165.5703125,-38.57421875,-29.78515625,-8.7890625,-56.15234375
165.57421875,-22.4609375,-30.2734375,-13.18359375,-2.9296875
165.578125,1.46484375,-23.4375,-14.16015625,9.765625
165.58203125,22.94921875,-20.99609375,-15.625,-22.4609375
165.5859375,38.0859375,-17.08984375,-18.5546875,-5.37109375
165.58984375,7.32421875,-18.06640625,-29.78515625,-23.4375
165.59375,-24.90234375,-28.3203125,-51.26953125,-48.828125
165.59765625,-21.97265625,-30.2734375,-38.0859375,-43.45703125
165.6015625,-10.7421875,-42.96875,-24.4140625,-32.2265625
165.60546875,-10.7421875,-58.59375,-18.5546875,-44.921875
165.609375,-19.53125,-48.828125,0.0,-31.25
165.61328125,-28.80859375,-28.80859375,-6.34765625,-15.625
165.6171875,-20.99609375,-19.04296875,-19.04296875,-35.64453125
165.62109375,-12.20703125,-20.5078125,-33.69140625,-13.671875
165.625,-16.11328125,-29.296875,-42.48046875,-12.20703125
165.62890625,-31.73828125,-25.390625,-23.92578125,-29.78515625
165.6328125,18.5546875,-21.97265625,-18.5546875,-20.99609375
165.63671875,71.77734375,-47.36328125,-41.50390625,7.8125
165.640625,84.47265625,-42.48046875,-55.17578125,42.96875
165.64453125,43.45703125,-10.7421875,-50.29296875,-4.39453125
165.6484375,-0.48828125,-15.13671875,-36.62109375,-2.44140625
165.65234375,14.6484375,-31.73828125,-26.3671875,-34.1796875
165.65625,43.45703125,-49.31640625,-32.2265625,-77.63671875
165.66015625,52.734375,-70.3125,8.7890625,-20.5078125
165.6640625,52.24609375,-61.03515625,28.80859375,1.46484375
165.66796875,15.13671875,-11.23046875,-32.2265625,-6.8359375
165.671875,-42.96875,0.0,-67.3828125,-70.80078125
165.67578125,-41.015625,-16.6015625,-49.8046875,-104.98046875
165.6796875,-59.5703125,-32.2265625,-54.19921875,-86.9140625
165.68359375,-124.51171875,-35.15625,-41.50390625,-90.8203125
165.6875,-99.12109375,-41.9921875,-77.1484375,-97.65625
165.69140625,-118.1640625,-41.015625,-119.140625,-106.4453125
165.6953125,-165.0390625,-29.78515625,-2.44140625,-171.875
165.69921875,-203.61328125,-38.0859375,34.1796875,-236.328125
165.703125,-235.83984375,-24.4140625,-58.10546875,-249.51171875
165.70703125,-269.04296875,16.6015625,-100.09765625,-286.62109375
165.7109375,-248.046875,8.7890625,-88.37890625,-306.15234375
165.71484375,-205.56640625,-23.92578125,-78.125,-265.625
165.71875,-208.984375,-20.5078125,-99.609375,-233.3984375
165.72265625,-216.30859375,-4.39453125,-126.46484375,-291.015625
165.7265625,-212.40234375,-10.25390625,-125.9765625,-339.35546875
165.73046875,-190.4296875,-18.06640625,-73.73046875,-308.10546875
165.734375,-205.56640625,8.7890625,-54.6875,-297.8515625
165.73828125,-245.1171875,40.0390625,-88.37890625,-283.69140625
165.7421875,-229.4921875,17.08984375,-100.09765625,-248.046875
165.74609375,-182.12890625,-6.34765625,-104.4921875,-238.28125
165.75,-161.1328125,-19.04296875,-89.35546875,-233.3984375
165.75390625,-153.3203125,-23.4375,-80.078125,-199.70703125
165.7578125,-133.7890625,-4.39453125,-103.02734375,-175.29296875
165.76171875,-91.30859375,3.90625,-117.1875,-157.2265625
165.765625,-140.625,19.53125,-138.18359375,-161.1328125
165.76953125,-149.4140625,38.0859375,-130.859375,-159.66796875
165.7734375,-100.09765625,35.15625,-104.4921875,-168.45703125
165.77734375,-86.42578125,26.85546875,-94.23828125,-132.8125
165.78125,-70.80078125,16.11328125,-107.421875,-115.234375
165.78515625,-51.7578125,1.953125,-103.02734375,-101.07421875
165.7890625,-59.5703125,-16.11328125,-90.33203125,-31.25
165.79296875,-53.22265625,-17.578125,-96.6796875,-40.0390625
165.796875,-37.59765625,0.9765625,-91.796875,-38.57421875
165.80078125,-27.83203125,-7.32421875,-76.171875,1.46484375
165.8046875,-6.34765625,-25.87890625,-66.89453125,-10.7421875
165.80859375,-14.16015625,-28.3203125,-60.05859375,-24.4140625
165.8125,-46.875,-17.578125,-56.640625,-9.765625
165.81640625,-40.52734375,-20.5078125,-61.03515625,-11.23046875
165.8203125,-33.69140625,-23.4375,-59.5703125,-4.39453125
165.82421875,-26.3671875,-21.97265625,-64.94140625,18.5546875
165.828125,-2.9296875,-32.2265625,-74.21875,17.578125
165.83203125,-0.48828125,-38.57421875,-60.546875,-4.39453125
165.8359375,0.9765625,-28.80859375,-46.38671875,18.06640625
165.83984375,2.44140625,-20.99609375,-55.17578125,62.01171875
165.84375,-6.34765625,-19.53125,-52.734375,22.94921875
165.84765625,-7.8125,-17.08984375,-42.48046875,22.4609375
165.8515625,-11.71875,-24.4140625,-35.64453125,93.75
165.85546875,-16.6015625,-32.71484375,-33.203125,75.1953125
165.859375,-18.5546875,-33.203125,-31.25,47.8515625
165.86328125,-11.71875,-36.62109375,-45.8984375,29.296875
165.8671875,13.671875,-33.203125,-62.01171875,21.484375
165.87109375,6.8359375,-27.34375,-51.26953125,33.203125
165.875,-22.94921875,-40.0390625,-43.45703125,49.8046875
165.87890625,-17.08984375,-51.26953125,-30.2734375,32.71484375
165.8828125,-4.39453125,-51.7578125,-24.90234375,5.37109375
165.88671875,-11.71875,-52.734375,-42.96875,9.27734375
165.890625,-4.39453125,-41.50390625,-32.71484375,29.296875
165.89453125,14.6484375,-26.85546875,-7.8125,38.0859375
165.8984375,24.90234375,-21.484375,-4.39453125,34.66796875
165.90234375,8.7890625,-20.01953125,-7.32421875,26.3671875
165.90625,15.625,-20.99609375,-16.11328125,26.85546875
165.91015625,40.52734375,-25.390625,-16.11328125,41.50390625
165.9140625,16.11328125,-29.78515625,-2.44140625,41.50390625
165.91796875,-12.6953125,-39.0625,2.44140625,69.82421875
165.921875,-9.27734375,-39.0625,0.0,79.58984375
165.92578125,-35.15625,-30.76171875,-1.46484375,32.2265625
165.9296875,-41.015625,-37.109375,-5.37109375,7.8125
165.93359375,-27.83203125,-35.64453125,-19.04296875,13.671875
165.9375,-20.5078125,-26.85546875,-28.80859375,25.390625
165.94140625,-30.76171875,-25.87890625,-34.66796875,11.23046875
165.9453125,-19.04296875,-27.34375,-30.76171875,-4.39453125
165.94921875,-9.27734375,-32.2265625,-29.296875,35.64453125
165.953125,-42.96875,-33.69140625,-26.85546875,27.83203125
165.95703125,-35.64453125,-30.76171875,-28.3203125,7.32421875
165.9609375,-11.71875,-38.57421875,-38.57421875,25.390625
165.96484375,-13.18359375,-44.43359375,-11.71875,9.27734375
165.96875,-18.5546875,-34.66796875,0.0,4.8828125
165.97265625,5.37109375,-26.3671875,-16.6015625,54.6875
165.9765625,-0.48828125,-17.08984375,-11.71875,55.6640625
165.98046875,-27.34375,-19.53125,-3.41796875,-15.625
165.984375,-39.55078125,-27.83203125,-6.8359375,-37.59765625
165.98828125,-44.921875,-22.94921875,-24.4140625,7.32421875
165.9921875,-38.57421875,-16.11328125,-30.2734375,19.53125
165.99609375,-26.85546875,-11.71875,-25.390625,-2.9296875
166.0,-10.7421875,-14.6484375,-22.4609375,-9.765625
166.00390625,-0.48828125,-20.5078125,-11.71875,-6.8359375
166.0078125,-5.37109375,-29.78515625,-16.6015625,23.4375
166.01171875,10.7421875,-37.109375,-33.203125,35.64453125
166.015625,31.73828125,-36.1328125,-18.5546875,40.0390625
166.01953125,-5.37109375,-35.15625,-9.765625,18.06640625
166.0234375,-36.1328125,-32.2265625,-19.04296875,-13.671875
166.02734375,-37.109375,-30.2734375,-17.578125,-0.48828125
166.03125,-20.99609375,-35.15625,-25.87890625,-17.08984375
166.03515625,7.32421875,-34.66796875,-10.25390625,13.671875
166.0390625,4.39453125,-34.66796875,4.39453125,56.640625
166.04296875,-29.296875,-32.2265625,6.34765625,28.3203125
166.046875,-28.80859375,-26.3671875,1.46484375,-20.99609375
166.05078125,-18.06640625,-31.25,-15.13671875,-34.1796875
166.0546875,-12.20703125,-29.296875,-17.08984375,-1.46484375
166.05859375,22.4609375,-13.671875,-19.53125,20.01953125
166.0625,13.18359375,-15.625,-23.4375,9.765625
166.06640625,-10.25390625,-30.76171875,-14.6484375,8.7890625
166.0703125,-22.4609375,-43.45703125,2.9296875,25.87890625
166.07421875,-29.296875,-42.48046875,-3.90625,11.71875
166.078125,-20.01953125,-37.109375,-27.83203125,-14.6484375
166.08203125,-15.625,-28.80859375,-20.5078125,5.37109375
166.0859375,-6.34765625,-23.92578125,-9.765625,10.7421875
166.08984375,-20.5078125,-25.390625,-23.4375,30.2734375
166.09375,-49.31640625,-21.97265625,-31.73828125,32.2265625
166.09765625,-47.36328125,-23.92578125,-16.6015625,26.3671875
166.1015625,-72.75390625,-28.80859375,-16.6015625,17.578125
166.10546875,-52.24609375,-27.83203125,-30.76171875,39.0625
166.109375,31.25,-37.59765625,-26.3671875,62.98828125
166.11328125,10.25390625,-44.921875,-22.4609375,6.34765625
166.1171875,-67.3828125,-37.59765625,-22.94921875,3.90625
166.12109375,-53.7109375,-25.390625,-15.625,45.8984375
166.125,-43.9453125,-17.08984375,2.9296875,-19.53125
166.12890625,-69.82421875,-13.671875,14.16015625,-44.43359375
166.1328125,-65.91796875,-20.01953125,-7.32421875,10.7421875
166.13671875,-46.875,-45.41015625,-10.7421875,24.90234375
166.140625,-67.87109375,-54.19921875,22.94921875,10.25390625
166.14453125,-80.56640625,-48.828125,35.64453125,-40.0390625
166.1484375,-40.0390625,-50.29296875,38.57421875,-22.4609375
166.15234375,-40.0390625,-45.8984375,48.33984375,-6.8359375
166.15625,-51.26953125,-41.9921875,30.2734375,-5.859375
166.16015625,-31.25,-46.875,8.7890625,20.5078125
166.1640625,-40.52734375,-48.828125,1.953125,21.97265625
166.16796875,-74.70703125,-41.50390625,9.27734375,9.27734375
166.171875,-74.70703125,-43.9453125,10.7421875,6.8359375
166.17578125,-73.73046875,-42.48046875,-7.32421875,2.44140625
166.1796875,-68.359375,-41.50390625,-2.9296875,-18.06640625
166.18359375,-59.5703125,-49.8046875,7.8125,-18.06640625
166.1875,-51.26953125,-39.0625,-2.9296875,11.23046875
166.19140625,-28.3203125,-28.80859375,-6.8359375,11.23046875
166.1953125,-24.4140625,-34.66796875,2.9296875,-12.6953125
166.19921875,-15.13671875,-37.59765625,7.32421875,6.34765625
166.203125,-9.765625,-33.69140625,4.39453125,57.6171875
166.20703125,-33.69140625,-36.62109375,-10.7421875,49.31640625
166.2109375,-55.17578125,-37.109375,-43.9453125,-20.99609375
166.21484375,-45.8984375,-32.2265625,-41.015625,-23.4375
166.21875,-44.43359375,-35.15625,-5.859375,7.8125
166.22265625,-41.015625,-37.109375,11.71875,6.8359375
166.2265625,-19.53125,-40.0390625,2.9296875,6.34765625
166.23046875,-26.85546875,-31.73828125,4.39453125,3.41796875
166.234375,-22.4609375,-15.625,5.37109375,26.3671875
166.23828125,-2.9296875,-15.13671875,4.8828125,60.546875
166.2421875,-26.85546875,-15.625,-0.48828125,24.90234375
166.24609375,-45.8984375,-12.20703125,-16.6015625,-4.8828125
166.25,-36.1328125,-16.11328125,-20.01953125,32.71484375
166.25390625,-65.4296875,-20.99609375,-19.04296875,4.8828125
166.2578125,-43.45703125,-11.71875,-20.99609375,-18.5546875
166.26171875,-25.390625,-7.8125,-11.71875,7.8125
166.265625,-40.52734375,-16.11328125,-12.6953125,-6.8359375
166.26953125,-43.45703125,-24.90234375,-18.5546875,-2.44140625
166.2734375,-44.43359375,-35.64453125,-27.34375,8.7890625
166.27734375,-38.0859375,-36.62109375,-23.4375,3.90625
166.28125,-50.78125,-26.3671875,-16.11328125,-14.16015625
166.28515625,-49.31640625,-19.53125,-10.7421875,-15.625
166.2890625,-26.85546875,-22.94921875,-5.859375,0.48828125
166.29296875,-47.36328125,-30.76171875,-15.13671875,-16.6015625
166.296875,-68.84765625,-34.66796875,-26.85546875,-34.1796875
166.30078125,-51.26953125,-28.80859375,-31.73828125,-49.8046875
166.3046875,-36.62109375,-20.01953125,-23.92578125,-43.9453125
166.30859375,-42.48046875,-23.4375,-24.90234375,3.90625
166.3125,-34.1796875,-31.73828125,-38.0859375,-20.99609375
166.31640625,-21.484375,-25.390625,-17.08984375,-18.06640625
166.3203125,-14.16015625,-21.484375,4.8828125,-27.34375
166.32421875,-9.27734375,-19.53125,-4.39453125,-24.4140625
166.328125,-7.32421875,-18.5546875,-7.8125,-11.71875
166.33203125,-7.8125,-19.04296875,-5.37109375,-30.2734375
166.3359375,-6.34765625,-18.06640625,-9.765625,-31.73828125
166.33984375,-5.859375,-15.13671875,-16.6015625,-26.85546875
166.34375,-17.578125,-9.27734375,-34.66796875,-19.53125
166.34765625,1.46484375,-11.23046875,-43.45703125,-36.1328125
166.3515625,-5.859375,-16.6015625,-14.16015625,-23.92578125
166.35546875,-29.296875,-26.3671875,-2.9296875,10.25390625
166.359375,-17.578125,-27.34375,-13.18359375,0.0
166.36328125,-39.55078125,-23.4375,-11.71875,-52.734375
166.3671875,-58.10546875,-28.3203125,-2.44140625,-56.640625
166.37109375,-25.390625,-28.3203125,9.765625,-18.5546875
166.375,-17.578125,-25.390625,1.953125,-10.7421875
166.37890625,-20.5078125,-21.97265625,-5.859375,4.39453125
166.3828125,1.953125,-21.97265625,-1.953125,18.5546875
166.38671875,-16.6015625,-19.04296875,0.0,-23.92578125
166.390625,-37.59765625,-10.7421875,-5.859375,-35.64453125
166.39453125,-30.2734375,-1.953125,-10.25390625,-9.765625
166.3984375,-41.015625,0.48828125,-25.87890625,-12.20703125
166.40234375,-52.734375,-4.8828125,-19.04296875,-11.23046875
166.40625,-49.31640625,-13.18359375,0.48828125,35.15625
166.41015625,-66.89453125,-19.04296875,3.90625,-7.8125
166.4140625,-66.89453125,-20.5078125,2.9296875,-43.9453125
166.41796875,-55.6640625,-19.04296875,-1.46484375,-10.7421875
166.421875,-73.73046875,-17.578125,-9.27734375,-10.25390625
166.42578125,-76.66015625,-14.6484375,-16.6015625,-12.20703125
166.4296875,-56.640625,-11.71875,-17.08984375,-17.578125
166.43359375,-41.50390625,-11.71875,-19.53125,0.9765625
166.4375,-56.640625,-18.06640625,-15.13671875,-6.34765625
166.44140625,-65.4296875,-18.06640625,-6.8359375,-45.8984375
166.4453125,-60.546875,-17.578125,-38.57421875,-20.01953125
166.44921875,-52.734375,-18.06640625,-30.76171875,0.48828125
166.453125,-20.5078125,-16.6015625,-0.48828125,-35.15625
166.45703125,-6.8359375,-13.671875,-4.39453125,-43.9453125
166.4609375,-28.3203125,-12.20703125,-12.20703125,-18.06640625
166.46484375,-35.64453125,-21.97265625,-15.625,-5.37109375
166.46875,-5.37109375,-21.97265625,-13.18359375,11.71875
166.47265625,-38.57421875,-20.5078125,-11.23046875,-6.34765625
166.4765625,-56.640625,-25.390625,-18.06640625,-50.78125
166.48046875,-43.45703125,-31.73828125,-20.5078125,-35.15625
166.484375,-50.78125,-27.83203125,-11.71875,-0.9765625
166.48828125,-40.52734375,-20.5078125,-9.765625,-10.7421875
166.4921875,-35.15625,-21.97265625,-15.625,-14.16015625
166.49609375,-31.25,-22.94921875,-15.13671875,-12.6953125
166.5,-12.6953125,-23.92578125,-4.39453125,3.90625
166.50390625,15.13671875,-19.53125,-11.71875,43.9453125
166.5078125,-6.8359375,-9.765625,-31.25,43.9453125
166.51171875,-18.06640625,-11.71875,-31.25,-21.97265625
166.515625,9.765625,-10.25390625,-26.85546875,-32.71484375
166.51953125,-33.69140625,-9.27734375,-34.1796875,-27.83203125
166.5234375,-62.01171875,-11.71875,-44.43359375,-43.45703125
166.52734375,-68.359375,-7.32421875,-48.33984375,-69.3359375
166.53125,-60.546875,-4.8828125,-49.31640625,-62.5
166.53515625,-35.64453125,3.41796875,-52.734375,-52.734375
166.5390625,-43.9453125,2.9296875,-51.26953125,-55.6640625
166.54296875,-23.4375,-0.48828125,-53.22265625,-45.41015625
166.546875,1.46484375,-5.37109375,-59.5703125,-43.9453125
166.55078125,-7.32421875,-5.37109375,-56.640625,-20.01953125
166.5546875,-45.41015625,-1.953125,-62.98828125,-4.39453125
166.55859375,-68.84765625,-2.9296875,-56.15234375,-16.11328125
166.5625,-45.41015625,-10.25390625,-33.203125,-1.46484375
166.56640625,-37.109375,-16.11328125,-20.01953125,-29.78515625
166.5703125,-55.6640625,-13.18359375,-17.578125,-26.3671875
166.57421875,-47.8515625,-20.99609375,-12.20703125,-4.39453125
166.578125,-61.03515625,-21.97265625,-32.71484375,-0.9765625
166.58203125,-70.80078125,-15.625,-42.48046875,5.37109375
166.5859375,-62.98828125,-26.85546875,-19.04296875,-48.33984375
166.58984375,-68.84765625,-17.08984375,-20.99609375,-62.5
166.59375,-72.265625,-2.9296875,-33.203125,-32.2265625
166.59765625,-56.640625,0.0,-35.15625,-12.20703125
166.6015625,-62.01171875,0.0,-28.80859375,-4.8828125
166.60546875,-69.3359375,-6.34765625,-30.2734375,-10.25390625
166.609375,-44.921875,-15.13671875,-32.2265625,-20.01953125
166.61328125,-26.3671875,-25.87890625,-28.3203125,-41.50390625
166.6171875,-21.97265625,-32.71484375,-26.85546875,-20.99609375
166.62109375,-37.109375,-21.484375,-30.2734375,-4.8828125
166.625,-62.5,-8.30078125,-48.828125,-32.2265625
166.62890625,-48.33984375,-6.34765625,-40.0390625,-52.734375
166.6328125,-60.546875,-18.06640625,-31.73828125,-57.6171875
166.63671875,-76.171875,-29.296875,-24.90234375,-44.43359375
166.640625,-58.59375,-20.5078125,-10.7421875,-16.6015625
166.64453125,-50.78125,-24.90234375,-26.85546875,-21.484375
166.6484375,-66.89453125,-32.2265625,-32.2265625,-37.109375
166.65234375,-59.08203125,-25.87890625,-18.5546875,-35.15625
166.65625,-58.59375,-22.4609375,-11.23046875,-22.94921875
166.66015625,-65.91796875,-23.92578125,-9.765625,-8.30078125
166.6640625,-48.828125,-23.4375,-28.3203125,-35.64453125
166.66796875,-35.15625,-23.4375,-18.06640625,-40.0390625
166.671875,-37.59765625,-19.04296875,5.859375,-20.99609375
166.67578125,-45.41015625,-13.671875,7.32421875,-5.37109375
166.6796875,-50.78125,-18.06640625,1.953125,-3.41796875
166.68359375,-52.734375,-24.4140625,-0.48828125,4.8828125
166.6875,-49.31640625,-22.94921875,-6.8359375,5.859375
166.69140625,-43.9453125,-30.76171875,-19.53125,-33.69140625
166.6953125,-25.390625,-37.109375,-19.53125,-21.97265625
166.69921875,-23.92578125,-30.2734375,-11.23046875,-5.37109375
166.703125,-41.50390625,-27.83203125,-5.37109375,-13.18359375
166.70703125,-46.875,-28.3203125,-1.46484375,-0.48828125
166.7109375,-25.390625,-27.34375,-4.8828125,8.30078125
166.71484375,-21.484375,-23.92578125,-21.484375,-20.5078125
166.71875,-61.5234375,-18.5546875,-31.73828125,-60.546875
166.72265625,-58.59375,-6.8359375,-35.15625,-31.73828125
166.7265625,-31.73828125,-4.39453125,-43.9453125,-26.3671875
166.73046875,-47.36328125,-9.27734375,-28.80859375,-46.875
166.734375,-55.6640625,-17.08984375,-11.23046875,-21.484375
166.73828125,-47.8515625,-20.99609375,-11.71875,-41.015625
166.7421875,-31.25,-14.16015625,-10.7421875,-49.8046875
166.74609375,-23.92578125,-13.18359375,-15.625,-11.23046875
166.75,-28.80859375,-10.25390625,-23.92578125,-23.92578125
166.75390625,-20.01953125,-9.765625,-18.06640625,-31.25
166.7578125,-10.7421875,-18.06640625,-18.5546875,-2.9296875
166.76171875,-13.18359375,-21.97265625,-28.3203125,-24.4140625
166.765625,-20.99609375,-20.5078125,-21.484375,-14.6484375
166.76953125,-7.32421875,-31.25,-10.25390625,13.18359375
166.7734375,-19.53125,-33.203125,-10.7421875,1.953125
166.77734375,-30.2734375,-19.04296875,-11.71875,20.5078125
166.78125,-31.25,-11.71875,-16.11328125,10.7421875
166.78515625,-48.33984375,-16.11328125,-26.85546875,-21.97265625
166.7890625,-51.26953125,-19.53125,-23.92578125,-18.06640625
166.79296875,-49.31640625,-22.4609375,-23.92578125,-36.62109375
166.796875,-44.921875,-28.3203125,-23.92578125,-34.66796875
166.80078125,-41.9921875,-23.92578125,-12.20703125,-26.85546875
166.8046875,-47.8515625,-15.625,-9.27734375,-42.48046875
166.80859375,-40.0390625,-11.23046875,-10.25390625,-29.296875
166.8125,-21.484375,-4.8828125,-25.87890625,-33.69140625
166.81640625,-20.5078125,-8.30078125,-21.97265625,-40.0390625
166.8203125,-33.203125,-19.53125,-8.7890625,-32.2265625
166.82421875,-16.11328125,-23.4375,-6.34765625,-37.109375
166.828125,-17.08984375,-18.5546875,-1.953125,-26.85546875
166.83203125,-23.4375,-18.5546875,-2.9296875,-38.57421875
166.8359375,-31.25,-27.34375,-2.44140625,-41.50390625
166.83984375,-50.29296875,-22.94921875,-7.8125,-10.7421875
166.84375,-52.24609375,-13.18359375,-18.06640625,-14.6484375
166.84765625,-56.640625,-16.6015625,-16.11328125,-17.578125
166.8515625,-50.29296875,-20.01953125,-20.99609375,4.8828125
166.85546875,-44.43359375,-20.01953125,-27.34375,-27.34375
166.859375,-40.52734375,-21.484375,-2.9296875,-23.92578125
166.86328125,-52.734375,-25.390625,5.859375,-14.16015625
166.8671875,-64.453125,-32.71484375,-1.953125,-34.66796875
166.87109375,-68.359375,-33.69140625,-10.25390625,-33.69140625
166.875,-63.4765625,-30.76171875,-16.11328125,6.34765625
166.87890625,-80.56640625,-31.25,-14.16015625,-8.30078125
166.8828125,-73.2421875,-31.73828125,-15.13671875,-54.19921875
166.88671875,-52.24609375,-29.78515625,-14.16015625,-33.203125
166.890625,-63.96484375,-25.87890625,-8.7890625,3.90625
166.89453125,-69.3359375,-5.37109375,-17.578125,22.94921875
166.8984375,-79.58984375,-4.8828125,-31.25,-10.25390625
166.90234375,-95.21484375,-20.5078125,-31.73828125,-66.40625
166.90625,-94.23828125,-22.4609375,-25.390625,-64.94140625
166.91015625,-100.09765625,-20.5078125,-15.625,-44.43359375
166.9140625,-109.375,-23.4375,-11.71875,-33.203125
166.91796875,-100.09765625,-20.01953125,-12.6953125,-40.0390625
166.921875,-74.70703125,-17.08984375,-27.83203125,-43.45703125
166.92578125,-72.75390625,-20.99609375,-19.53125,-33.69140625
166.9296875,-103.02734375,-19.53125,-4.8828125,-15.625
166.93359375,-91.796875,-15.13671875,-5.37109375,-46.875
166.9375,-84.47265625,-14.6484375,-4.8828125,-67.87109375
166.94140625,-90.8203125,-10.7421875,-10.7421875,-28.80859375
166.9453125,-65.91796875,-8.30078125,-22.94921875,-28.80859375
166.94921875,-88.37890625,-24.90234375,-11.71875,-27.34375
166.953125,-129.8828125,-32.2265625,-2.44140625,-32.71484375
166.95703125,-110.3515625,-16.6015625,-4.8828125,-57.6171875
166.9609375,-84.47265625,-14.6484375,-1.953125,-45.41015625
166.96484375,-88.37890625,-19.53125,-12.20703125,-36.62109375
166.96875,-113.28125,-23.92578125,-26.85546875,-52.734375
166.97265625,-115.234375,-22.4609375,-26.85546875,-54.6875
166.9765625,-84.47265625,-23.4375,-19.04296875,-46.38671875
166.98046875,-82.51953125,-22.4609375,-8.30078125,-37.59765625
166.984375,-87.890625,-18.5546875,-18.06640625,10.25390625
166.98828125,-76.171875,-18.5546875,-34.1796875,-27.34375
166.9921875,-88.8671875,-17.578125,-29.296875,-56.640625
166.99609375,-86.42578125,-23.4375,-10.25390625,-49.8046875
167.0,-86.9140625,-29.296875,3.90625,-64.453125
167.00390625,-88.37890625,-21.484375,-1.46484375,-58.59375
167.0078125,-61.5234375,-21.484375,-20.5078125,-41.50390625
167.01171875,-45.41015625,-26.85546875,-17.08984375,-40.52734375
167.015625,-26.3671875,-27.34375,-4.8828125,-51.7578125
167.01953125,-20.5078125,-25.87890625,-17.08984375,-34.1796875
167.0234375,-38.57421875,-18.06640625,-19.53125,-29.296875
167.02734375,-61.03515625,-12.20703125,-0.9765625,-62.98828125
167.03125,-74.21875,-11.23046875,14.16015625,-33.69140625
167.03515625,-85.9375,-13.18359375,14.6484375,15.13671875
167.0390625,-78.61328125,-1.46484375,-14.6484375,-40.52734375
167.04296875,-65.4296875,-7.32421875,-33.203125,-89.84375
167.046875,-78.61328125,-21.97265625,-17.578125,-64.94140625
167.05078125,-78.61328125,-22.4609375,-10.25390625,-33.69140625
167.0546875,-65.91796875,-23.92578125,-4.39453125,-34.66796875
167.05859375,-57.12890625,-24.4140625,-16.11328125,-54.19921875
167.0625,-57.12890625,-35.15625,-32.2265625,-51.26953125
167.06640625,-53.7109375,-31.73828125,-20.99609375,-23.92578125
167.0703125,-72.265625,-22.94921875,-12.6953125,-38.0859375
167.07421875,-84.9609375,-22.4609375,-13.671875,-63.4765625
167.078125,-63.4765625,-22.4609375,-14.6484375,-58.10546875
167.08203125,-43.45703125,-25.87890625,-20.01953125,-85.44921875
167.0859375,-59.08203125,-25.390625,-20.99609375,-55.17578125
167.08984375,-72.75390625,-26.3671875,-21.97265625,-41.50390625
167.09375,-82.51953125,-26.3671875,-26.85546875,-31.73828125
167.09765625,-121.09375,-15.625,-20.99609375,5.37109375
167.1015625,-103.02734375,-11.23046875,-31.25,6.8359375
167.10546875,-81.0546875,-15.625,-35.15625,-63.4765625
167.109375,-110.3515625,-18.5546875,-16.11328125,-88.8671875
167.11328125,-149.4140625,-17.578125,-16.11328125,-74.70703125
167.1171875,-156.25,-16.11328125,-24.4140625,-74.21875
167.12109375,-131.8359375,-15.13671875,-22.94921875,-52.734375
167.125,-109.375,-12.20703125,-25.390625,-49.8046875
167.12890625,-81.54296875,-12.6953125,-32.2265625,-65.91796875
167.1328125,-118.65234375,-12.20703125,-35.64453125,-57.6171875
167.13671875,-168.45703125,-11.71875,-31.25,-47.36328125
167.140625,-149.4140625,-17.578125,-18.06640625,-13.671875
167.14453125,-134.765625,-17.08984375,-18.5546875,-32.2265625
167.1484375,-135.7421875,-20.99609375,-26.85546875,-86.42578125
167.15234375,-113.76953125,-20.01953125,-19.53125,-55.6640625
167.15625,-70.3125,-9.765625,-15.13671875,-62.5
167.16015625,-78.125,-0.9765625,-30.76171875,-103.515625
167.1640625,-109.86328125,-9.27734375,-47.36328125,-87.40234375
167.16796875,-105.46875,-20.01953125,-28.80859375,-71.77734375
167.171875,-108.3984375,-21.97265625,-15.13671875,-82.51953125
167.17578125,-109.375,-19.53125,-8.30078125,-69.3359375
167.1796875,-88.8671875,-14.6484375,-5.37109375,-69.3359375
167.18359375,-89.35546875,-15.13671875,-13.671875,-63.4765625
167.1875,-87.890625,-14.6484375,-18.5546875,-48.828125
167.19140625,-72.265625,-10.7421875,-14.16015625,-60.546875
167.1953125,-83.0078125,-16.6015625,-12.6953125,-45.8984375
167.19921875,-85.9375,-20.01953125,-30.76171875,-31.73828125
167.203125,-80.56640625,-16.11328125,-30.76171875,-46.875
167.20703125,-91.796875,-14.16015625,-11.71875,-41.9921875
167.2109375,-85.44921875,-4.8828125,-9.765625,-54.19921875
167.21484375,-75.1953125,2.9296875,-11.71875,-74.21875
167.21875,-75.1953125,-5.37109375,-9.27734375,-45.8984375
167.22265625,-64.94140625,-11.23046875,-16.6015625,-49.8046875
167.2265625,-74.70703125,-7.8125,-18.06640625,-65.91796875
167.23046875,-76.171875,-7.8125,-21.97265625,-38.57421875
167.234375,-70.3125,-3.41796875,-39.55078125,-49.8046875
167.23828125,-76.66015625,-8.30078125,-31.25,-77.63671875
167.2421875,-68.359375,-17.08984375,-17.578125,-56.15234375
167.24609375,-59.08203125,-7.8125,-21.484375,-42.48046875
167.25,-84.47265625,-5.859375,-26.3671875,-71.77734375
167.25390625,-104.4921875,-11.23046875,-19.53125,-90.33203125
167.2578125,-108.3984375,-10.25390625,-7.32421875,-61.03515625
167.26171875,-113.76953125,-11.23046875,-4.8828125,-41.9921875
167.265625,-88.8671875,-12.20703125,-8.7890625,-58.10546875
167.26953125,-79.58984375,-11.23046875,-7.8125,-60.546875
167.2734375,-90.8203125,-15.13671875,-4.39453125,-30.2734375
167.27734375,-63.4765625,-16.11328125,-19.04296875,-21.97265625
167.28125,-52.24609375,-18.5546875,-33.203125,-68.84765625
167.28515625,-87.40234375,-21.97265625,-23.92578125,-103.02734375
167.2890625,-94.23828125,-32.71484375,-20.01953125,-88.37890625
167.29296875,-102.5390625,-41.9921875,-17.08984375,-54.6875
167.296875,-109.86328125,-32.71484375,-14.16015625,-32.2265625
167.30078125,-105.95703125,-18.06640625,-13.18359375,-42.96875
167.3046875,-124.51171875,-23.4375,-15.13671875,-58.10546875
167.30859375,-111.328125,-30.2734375,-32.71484375,-80.56640625
167.3125,-82.51953125,-24.4140625,-39.0625,-70.3125
167.31640625,-78.61328125,-17.08984375,-24.4140625,-26.3671875
167.3203125,-77.63671875,-15.625,-34.1796875,-71.2890625
167.32421875,-74.21875,-16.6015625,-22.94921875,-68.84765625
167.328125,-52.734375,-10.25390625,-3.90625,-28.3203125
167.33203125,-46.38671875,-18.06640625,-17.08984375,-67.3828125
167.3359375,-67.87109375,-28.3203125,-17.578125,-77.63671875
167.33984375,-88.8671875,-22.94921875,-4.39453125,-36.1328125
167.34375,-79.1015625,-16.6015625,0.0,-24.4140625
167.34765625,-73.2421875,-15.13671875,0.0,-42.48046875
167.3515625,-61.5234375,-12.6953125,-5.859375,-40.0390625
167.35546875,-61.5234375,-13.671875,-13.671875,-27.83203125
167.359375,-63.4765625,-21.97265625,-21.97265625,-35.15625
167.36328125,-60.546875,-23.92578125,-19.53125,-34.66796875
167.3671875,-60.546875,-20.5078125,-15.13671875,-36.1328125
167.37109375,-56.15234375,-20.01953125,-17.08984375,-50.29296875
167.375,-67.87109375,-17.578125,-11.71875,-21.97265625
167.37890625,-67.87109375,-17.578125,-6.34765625,-6.34765625
167.3828125,-76.171875,-20.99609375,-12.6953125,-39.55078125
167.38671875,-77.1484375,-20.99609375,-6.8359375,-25.87890625
167.390625,-48.828125,-14.6484375,-16.11328125,19.53125
167.39453125,-54.19921875,-17.08984375,-40.52734375,-16.6015625
167.3984375,-62.5,-24.90234375,-25.390625,-54.6875
167.40234375,-59.08203125,-24.4140625,-5.37109375,-66.40625
167.40625,-68.84765625,-26.85546875,-4.39453125,-49.8046875
167.41015625,-40.52734375,-24.90234375,5.37109375,-63.4765625
167.4140625,-16.6015625,-20.5078125,8.30078125,-53.22265625
167.41796875,-25.87890625,-16.11328125,-0.48828125,-21.484375
167.421875,-23.92578125,-15.13671875,-9.765625,-41.50390625
167.42578125,-26.85546875,-22.4609375,-22.94921875,-32.2265625
167.4296875,-42.48046875,-21.97265625,-28.80859375,-24.4140625
167.43359375,-62.01171875,-18.06640625,-25.390625,-42.48046875
167.4375,-83.49609375,-20.5078125,-17.578125,-36.62109375
167.44140625,-97.65625,-20.99609375,-18.06640625,-19.04296875
167.4453125,-75.68359375,-20.99609375,-29.78515625,-15.13671875
167.44921875,-32.71484375,-25.390625,-23.92578125,-40.52734375
167.453125,-39.0625,-33.203125,-14.16015625,-59.08203125
167.45703125,-62.98828125,-20.99609375,-17.08984375,-42.96875
167.4609375,-75.68359375,-4.8828125,-18.5546875,-49.31640625
167.46484375,-100.5859375,-2.9296875,-23.92578125,-41.50390625
167.46875,-109.86328125,-16.11328125,-36.1328125,-42.96875
167.47265625,-80.56640625,-25.87890625,-43.9453125,-44.921875
167.4765625,-61.5234375,-18.5546875,-44.921875,-16.6015625
167.48046875,-91.30859375,-22.4609375,-35.15625,-44.43359375
167.484375,-58.10546875,-22.94921875,-40.0390625,-62.01171875
167.48828125,-25.390625,-17.08984375,-38.0859375,-43.9453125
167.4921875,-55.17578125,-22.4609375,-20.01953125,-60.546875
167.49609375,-55.6640625,-23.92578125,-16.6015625,-66.40625
167.5,-50.78125,-20.99609375,-17.578125,-53.7109375
167.50390625,-50.78125,-17.08984375,-18.5546875,-47.8515625
167.5078125,-42.48046875,-22.4609375,-23.92578125,-18.5546875
167.51171875,-3.90625,-28.3203125,-30.2734375,-8.30078125
167.515625,-15.13671875,-30.2734375,-36.1328125,-33.69140625
167.51953125,-50.78125,-41.015625,-30.76171875,-52.734375
167.5234375,-55.17578125,-35.15625,-30.2734375,-32.71484375
167.52734375,-57.6171875,-25.87890625,-37.59765625,-25.390625
167.53125,-51.7578125,-15.625,-37.109375,-48.828125
167.53515625,-49.31640625,-10.25390625,-38.57421875,-22.4609375
167.5390625,-37.59765625,-10.7421875,-13.671875,1.953125
167.54296875,-5.859375,-0.48828125,-11.71875,-21.97265625
167.546875,17.578125,-2.9296875,-26.3671875,-13.671875
167.55078125,-18.06640625,-22.4609375,-8.30078125,-20.5078125
167.5546875,-78.125,-32.2265625,1.953125,-50.29296875
167.55859375,-78.125,-33.69140625,0.0,-66.89453125
167.5625,-72.75390625,-34.66796875,2.44140625,-59.08203125
167.56640625,-57.6171875,-33.203125,0.9765625,-46.38671875
167.5703125,-53.7109375,-37.109375,-1.46484375,-37.109375
167.57421875,-65.91796875,-44.921875,3.90625,-14.16015625
167.578125,-57.12890625,-45.8984375,4.8828125,-33.203125
167.58203125,-54.6875,-46.875,8.7890625,-34.66796875
167.5859375,-49.8046875,-48.828125,6.8359375,-1.46484375
167.58984375,-53.7109375,-55.17578125,1.953125,-37.109375
167.59375,-45.41015625,-63.4765625,7.8125,-58.10546875
167.59765625,-53.22265625,-63.4765625,11.71875,-49.8046875
167.6015625,-64.453125,-58.10546875,9.27734375,-31.25
167.60546875,-57.6171875,-54.19921875,-6.34765625,-46.875
167.609375,-59.5703125,-51.7578125,-15.13671875,-71.2890625
167.61328125,-56.640625,-50.78125,-5.859375,-47.36328125
167.6171875,-45.41015625,-49.8046875,-4.39453125,-32.2265625
167.62109375,-33.69140625,-44.43359375,-4.8828125,-4.8828125
167.625,-29.78515625,-43.9453125,-0.9765625,8.30078125
167.62890625,-14.16015625,-34.66796875,-2.44140625,6.34765625
167.6328125,-10.7421875,-24.4140625,-0.9765625,-1.46484375
167.63671875,-27.34375,-29.296875,-0.48828125,-20.99609375
167.640625,-17.578125,-28.80859375,2.44140625,-20.01953125
167.64453125,-7.32421875,-24.90234375,6.8359375,-8.7890625
167.6484375,-14.6484375,-25.390625,-18.06640625,-1.46484375
167.65234375,-5.37109375,-21.484375,-20.01953125,1.46484375
167.65625,-3.90625,-23.92578125,4.39453125,-14.6484375
167.66015625,-5.859375,-29.296875,10.25390625,-31.73828125
167.6640625,-9.27734375,-34.1796875,0.48828125,-5.859375
167.66796875,-24.90234375,-43.9453125,-7.8125,-7.8125
167.671875,-13.671875,-34.66796875,-11.23046875,-19.04296875
167.67578125,-10.25390625,-26.85546875,-9.27734375,0.48828125
167.6796875,-31.73828125,-34.1796875,-1.953125,2.9296875
167.68359375,-10.7421875,-31.73828125,-10.25390625,-22.94921875
167.6875,-3.41796875,-24.4140625,-18.06640625,-18.06640625
167.69140625,-16.11328125,-13.18359375,-22.4609375,5.859375
167.6953125,-1.953125,-6.8359375,-33.69140625,2.44140625
167.69921875,2.9296875,-13.18359375,-22.94921875,-30.76171875
167.703125,-14.16015625,-27.34375,-8.30078125,-70.3125
167.70703125,-4.8828125,-32.71484375,-12.20703125,-48.33984375
167.7109375,-13.18359375,-25.390625,-18.06640625,2.9296875
167.71484375,-38.57421875,-23.4375,-32.2265625,-22.4609375
167.71875,-25.87890625,-30.2734375,-32.71484375,-53.7109375
167.72265625,-11.23046875,-28.3203125,-16.6015625,-18.5546875
167.7265625,3.90625,-22.4609375,-13.18359375,-2.44140625
167.73046875,9.27734375,-22.4609375,-14.6484375,-22.4609375
167.734375,-1.953125,-29.296875,-20.01953125,-27.83203125
167.73828125,-6.8359375,-34.66796875,-35.64453125,-28.80859375
167.7421875,-5.859375,-29.78515625,-28.3203125,-45.41015625
167.74609375,-34.1796875,-13.18359375,-21.484375,-33.69140625
167.75,-40.52734375,-9.765625,-15.13671875,-1.46484375
167.75390625,-33.203125,-14.6484375,-8.30078125,-12.6953125
167.7578125,-34.1796875,-21.484375,-15.625,-61.03515625
167.76171875,-28.80859375,-30.76171875,-17.578125,-56.15234375
167.765625,-19.04296875,-24.4140625,-26.85546875,-20.5078125
167.76953125,-10.7421875,-21.97265625,-26.3671875,-14.16015625
167.7734375,-20.5078125,-30.2734375,-9.27734375,-36.1328125
167.77734375,-53.22265625,-22.94921875,-3.90625,-55.17578125
167.78125,-29.78515625,-16.6015625,-27.34375,-27.34375
167.78515625,-15.625,-22.4609375,-46.38671875,-32.2265625
167.7890625,-42.96875,-25.390625,-31.73828125,-50.29296875
167.79296875,-32.71484375,-21.97265625,-16.6015625,-55.17578125
167.796875,-27.83203125,-23.4375,-17.578125,-47.36328125
167.80078125,-19.53125,-31.73828125,-16.11328125,-23.92578125
167.8046875,-19.53125,-30.2734375,-13.671875,-38.57421875
167.80859375,-67.87109375,-23.92578125,-14.6484375,-43.9453125
167.8125,-77.1484375,-22.94921875,-17.08984375,-24.90234375
167.81640625,-44.921875,-23.92578125,-22.4609375,-39.55078125
167.8203125,-37.59765625,-21.97265625,-19.04296875,-52.24609375
167.82421875,-32.71484375,-21.97265625,-25.87890625,-21.97265625
167.828125,-24.4140625,-16.6015625,-40.0390625,-5.37109375
167.83203125,-37.109375,-16.11328125,-33.69140625,-40.0390625
167.8359375,-37.109375,-20.99609375,-27.83203125,-54.6875
167.83984375,-31.25,-21.484375,-22.94921875,-30.76171875
167.84375,-26.85546875,-22.94921875,-16.6015625,-32.71484375
167.84765625,-14.6484375,-22.94921875,-11.71875,-44.43359375
167.8515625,-38.0859375,-26.85546875,-8.7890625,-47.36328125
167.85546875,-44.921875,-29.78515625,-15.13671875,-36.62109375
167.859375,-31.73828125,-27.34375,-24.4140625,-34.66796875
167.86328125,-30.2734375,-32.2265625,-27.34375,-47.36328125
167.8671875,-28.80859375,-37.109375,-22.94921875,-19.53125
167.87109375,-18.5546875,-22.4609375,-18.06640625,-46.875
167.875,0.9765625,-5.859375,-30.76171875,-30.2734375
167.87890625,-18.06640625,-9.27734375,-29.296875,5.859375
167.8828125,-53.22265625,-16.6015625,-15.13671875,-37.59765625
167.88671875,-97.16796875,-25.390625,-6.8359375,-41.50390625
167.890625,-109.375,-28.3203125,-6.34765625,-31.73828125
167.89453125,-92.28515625,-20.99609375,-12.6953125,-38.57421875
167.8984375,-70.3125,-8.30078125,-9.765625,-17.578125
167.90234375,-72.75390625,-16.6015625,-16.11328125,-18.5546875
167.90625,-84.47265625,-31.25,-20.99609375,-24.90234375
167.91015625,-83.0078125,-29.78515625,-23.4375,-15.625
167.9140625,-72.75390625,-25.390625,-41.015625,-26.85546875
167.91796875,-66.89453125,-31.73828125,-35.15625,-38.0859375
167.921875,-49.31640625,-33.69140625,-6.8359375,1.953125
167.92578125,-34.66796875,-17.08984375,-12.6953125,57.6171875
167.9296875,-61.5234375,-11.71875,-32.71484375,-15.13671875
167.93359375,-54.19921875,-24.4140625,-32.71484375,-66.40625
167.9375,-44.921875,-33.203125,-14.6484375,-33.69140625
167.94140625,-65.91796875,-35.15625,-2.9296875,-13.18359375
167.9453125,-65.4296875,-35.15625,-7.32421875,-21.484375
167.94921875,-41.9921875,-47.8515625,0.9765625,-19.04296875
167.953125,-40.0390625,-36.1328125,-8.7890625,-18.06640625
167.95703125,-66.40625,-9.27734375,-29.296875,-52.734375
167.9609375,-89.35546875,-2.44140625,-29.78515625,-40.0390625
167.96484375,-106.93359375,-11.71875,-15.625,-35.64453125
167.96875,-99.12109375,-17.578125,-6.34765625,-50.78125
167.97265625,-85.44921875,-13.671875,-14.6484375,-33.69140625
167.9765625,-86.42578125,-15.13671875,-29.78515625,-13.671875
167.98046875,-83.984375,-18.06640625,-21.484375,-17.578125
167.984375,-65.91796875,-25.390625,-4.8828125,-12.20703125
167.98828125,-82.03125,-26.85546875,-2.44140625,-15.625
167.9921875,-86.42578125,-18.5546875,-10.25390625,-15.625
167.99609375,-59.08203125,-13.671875,-15.625,6.34765625
168.0,-75.1953125,-17.578125,-5.37109375,-1.46484375
168.00390625,-107.421875,-24.90234375,0.0,-34.66796875
168.0078125,-99.609375,-24.90234375,-8.30078125,4.39453125
168.01171875,-114.2578125,-21.97265625,-9.27734375,5.859375
168.015625,-130.37109375,-20.99609375,-6.34765625,-42.96875
168.01953125,-117.1875,-13.18359375,-17.08984375,-40.0390625
168.0234375,-109.375,-18.06640625,-27.83203125,-15.625
168.02734375,-85.44921875,-28.80859375,-18.06640625,-3.41796875
168.03125,-76.66015625,-20.99609375,-16.6015625,-18.06640625
168.03515625,-78.61328125,-11.23046875,-22.4609375,1.953125
168.0390625,-78.125,-5.859375,-25.87890625,40.0390625
168.04296875,-104.98046875,-7.32421875,-32.71484375,6.8359375
168.046875,-94.7265625,-15.13671875,-16.11328125,-31.25
168.05078125,-85.9375,-12.20703125,-10.7421875,-29.296875
168.0546875,-86.42578125,-14.16015625,-28.3203125,-20.99609375
168.05859375,-51.26953125,-26.3671875,-12.20703125,19.53125
168.0625,-32.2265625,-22.94921875,-5.37109375,3.41796875
168.06640625,-76.171875,-6.8359375,-15.625,-41.50390625
168.0703125,-81.54296875,-16.6015625,-16.11328125,-38.0859375
168.07421875,-39.55078125,-18.5546875,-21.97265625,-44.43359375
168.078125,-48.33984375,1.953125,-26.3671875,-32.2265625
168.08203125,-69.82421875,3.90625,-38.0859375,-18.06640625
168.0859375,-71.77734375,-7.32421875,-45.41015625,-21.484375
168.08984375,-63.4765625,-4.8828125,-59.5703125,-22.94921875
168.09375,-41.015625,1.46484375,-76.171875,-22.4609375
168.09765625,-28.80859375,-10.7421875,-60.546875,-56.640625
168.1015625,-33.203125,-21.484375,-48.828125,-64.453125
168.10546875,-15.13671875,-24.4140625,-47.36328125,-36.62109375
168.109375,-20.5078125,-17.08984375,-46.875,-22.94921875
168.11328125,-44.43359375,-5.859375,-43.9453125,-21.97265625
168.1171875,-45.8984375,-8.30078125,-43.45703125,-46.875
168.12109375,-41.015625,-9.765625,-50.78125,-30.2734375
168.125,-44.921875,-10.7421875,-46.38671875,9.27734375
168.12890625,-34.66796875,-9.27734375,-48.828125,-11.71875
168.1328125,-2.9296875,3.41796875,-67.3828125,-20.5078125
168.13671875,-13.18359375,-4.8828125,-68.84765625,-39.0625
168.140625,-56.640625,-20.5078125,-56.15234375,-51.26953125
168.14453125,-61.03515625,-19.53125,-57.12890625,-21.484375
168.1484375,-49.8046875,-19.53125,-45.41015625,11.71875
168.15234375,-45.41015625,-21.97265625,-23.4375,-4.39453125
168.15625,-32.71484375,-17.08984375,-23.92578125,-17.578125
168.16015625,-4.39453125,-23.4375,-41.015625,-19.53125
168.1640625,1.953125,-22.4609375,-33.69140625,-11.71875
168.16796875,-16.6015625,-12.6953125,-29.296875,5.859375
168.171875,-4.39453125,-7.8125,-36.62109375,-17.578125
168.17578125,-7.8125,-7.32421875,-36.62109375,-18.06640625
168.1796875,-35.15625,-10.7421875,-38.57421875,4.39453125
168.18359375,-41.015625,-7.8125,-44.43359375,-2.9296875
168.1875,-44.921875,-2.44140625,-49.8046875,-0.48828125
168.19140625,-43.9453125,-4.8828125,-35.64453125,26.3671875
168.1953125,-39.0625,-5.859375,-32.2265625,-3.41796875
168.19921875,-44.43359375,-3.41796875,-51.7578125,-19.53125
168.203125,-56.640625,-12.20703125,-34.66796875,-16.11328125
168.20703125,-43.45703125,-11.23046875,-22.4609375,-7.32421875
168.2109375,-35.15625,-7.8125,-31.73828125,-11.23046875
168.21484375,-42.96875,-14.16015625,-27.83203125,-44.43359375
168.21875,-44.921875,-19.04296875,-22.94921875,-17.578125
168.22265625,-57.6171875,-22.4609375,-31.25,-1.46484375
168.2265625,-84.9609375,-23.4375,-27.34375,-33.69140625
168.23046875,-84.9609375,-21.97265625,-14.16015625,-49.8046875
168.234375,-68.359375,-21.97265625,-19.04296875,-22.94921875
168.23828125,-64.453125,-13.18359375,-23.4375,-3.90625
168.2421875,-61.03515625,-3.90625,-29.296875,-34.66796875
168.24609375,-62.01171875,-16.11328125,-27.83203125,-29.78515625
168.25,-53.22265625,-21.484375,-21.97265625,-18.5546875
168.25390625,-61.5234375,-9.765625,-40.0390625,-25.87890625
168.2578125,-76.66015625,-15.625,-55.17578125,-37.59765625
168.26171875,-65.4296875,-27.83203125,-37.109375,-24.90234375
168.265625,-57.6171875,-28.80859375,-17.578125,8.30078125
168.26953125,-48.828125,-20.01953125,-16.11328125,-36.1328125
168.2734375,-45.8984375,-10.25390625,-12.6953125,-37.59765625
168.27734375,-38.57421875,-10.25390625,-2.44140625,-8.7890625
168.28125,-18.06640625,-17.578125,-7.8125,-21.484375
168.28515625,-18.5546875,-15.13671875,-26.85546875,-8.30078125
168.2890625,-24.4140625,-14.6484375,-13.671875,-6.34765625
168.29296875,-26.85546875,-20.01953125,-0.9765625,-41.50390625
168.296875,-33.203125,-16.6015625,-10.25390625,-53.22265625
168.30078125,-19.53125,-9.765625,-11.23046875,-34.66796875
168.3046875,-16.6015625,-16.11328125,-20.99609375,-6.8359375
168.30859375,-5.37109375,-13.18359375,-25.87890625,1.953125
168.3125,1.46484375,-6.8359375,-21.484375,-14.16015625
168.31640625,-17.578125,-14.6484375,-14.16015625,-27.34375
168.3203125,-12.6953125,-18.06640625,-5.37109375,-23.92578125
168.32421875,-8.30078125,-14.6484375,-10.7421875,-16.6015625
168.328125,12.20703125,-20.01953125,-11.23046875,-2.44140625
168.33203125,28.80859375,-18.5546875,-13.671875,-15.625
168.3359375,29.78515625,-11.71875,-21.484375,-13.671875
168.33984375,26.85546875,-16.6015625,-15.625,0.9765625
168.34375,7.8125,-16.6015625,-9.765625,-0.9765625
168.34765625,10.7421875,-12.20703125,-13.671875,-13.18359375
168.3515625,14.6484375,-12.20703125,-41.015625,-22.4609375
168.35546875,7.32421875,-12.20703125,-46.875,-17.08984375
168.359375,22.94921875,-7.32421875,-23.4375,-4.8828125
168.36328125,31.25,-15.625,-16.11328125,17.08984375
168.3671875,58.10546875,-22.94921875,-11.23046875,18.06640625
168.37109375,59.5703125,-14.6484375,-22.4609375,-23.4375
168.375,22.4609375,-12.20703125,-25.390625,-18.06640625
168.37890625,41.50390625,-8.7890625,-27.34375,-42.48046875
168.3828125,65.4296875,-9.27734375,-44.921875,-27.83203125
168.38671875,51.7578125,-8.7890625,-39.0625,-11.23046875
168.390625,33.203125,-4.8828125,-22.94921875,-44.921875
168.39453125,28.3203125,-1.953125,-20.01953125,-24.4140625
168.3984375,24.4140625,-7.32421875,-26.85546875,-4.8828125
168.40234375,28.3203125,-17.08984375,-21.97265625,5.859375
168.40625,23.4375,-22.94921875,-21.484375,-3.41796875
168.41015625,22.4609375,-17.578125,-30.76171875,-9.27734375
168.4140625,38.0859375,-7.32421875,-39.55078125,23.4375
168.41796875,34.66796875,-7.8125,-54.6875,-13.671875
168.421875,9.27734375,-0.9765625,-41.50390625,-27.34375
168.42578125,11.23046875,-2.44140625,-21.484375,-29.296875
168.4296875,24.90234375,-15.625,-15.13671875,-39.0625
168.43359375,15.625,-18.06640625,-19.53125,-11.71875
168.4375,14.16015625,-19.53125,-20.99609375,-3.41796875
168.44140625,20.5078125,-7.32421875,-41.50390625,8.30078125
168.4453125,40.0390625,12.20703125,-56.640625,4.8828125
168.44921875,33.203125,9.27734375,-37.109375,-23.4375
168.453125,6.8359375,-11.71875,-21.484375,-27.83203125
168.45703125,12.6953125,-21.97265625,-18.5546875,-6.34765625
168.4609375,48.33984375,-12.20703125,-13.671875,2.9296875
168.46484375,46.875,-5.859375,-33.203125,-21.97265625
168.46875,13.18359375,-6.8359375,-45.41015625,-15.13671875
168.47265625,10.7421875,-18.06640625,-28.80859375,-36.62109375
168.4765625,9.27734375,-23.92578125,-21.97265625,-42.48046875
168.48046875,-3.41796875,-29.296875,-28.80859375,-46.38671875
168.484375,-5.37109375,-29.78515625,-36.1328125,-28.80859375
168.48828125,21.484375,-28.3203125,-33.69140625,-18.5546875
168.4921875,38.0859375,-25.87890625,-50.78125,-26.3671875
168.49609375,37.59765625,-17.578125,-52.24609375,-7.8125
168.5,22.94921875,-29.78515625,-30.2734375,-38.0859375
168.50390625,30.2734375,-33.203125,-26.85546875,-32.71484375
168.5078125,42.48046875,-20.5078125,-34.1796875,-4.39453125
168.51171875,19.53125,-15.13671875,-37.59765625,-11.71875
168.515625,19.53125,-19.53125,-35.64453125,-8.7890625
168.51953125,32.2265625,-15.625,-34.66796875,7.32421875
168.5234375,7.8125,-7.32421875,-34.1796875,-2.9296875
168.52734375,-16.11328125,-13.671875,-36.62109375,-34.1796875
168.53125,-7.32421875,-15.625,-36.1328125,-31.25
168.53515625,19.53125,-13.18359375,-37.109375,-14.6484375
168.5390625,21.97265625,-18.06640625,-33.69140625,-6.34765625
168.54296875,11.71875,-32.2265625,-20.01953125,1.953125
168.546875,16.11328125,-30.76171875,-17.08984375,-14.6484375
168.55078125,9.27734375,-20.5078125,-25.87890625,-24.90234375
168.5546875,6.8359375,-24.90234375,-31.73828125,-7.8125
168.55859375,7.8125,-18.06640625,-28.3203125,-13.18359375
168.5625,14.16015625,-8.30078125,-30.2734375,-19.04296875
168.56640625,11.71875,-10.7421875,-31.73828125,6.8359375
168.5703125,11.23046875,-7.8125,-31.73828125,18.06640625
168.57421875,15.13671875,-7.8125,-34.66796875,-3.90625
168.578125,0.9765625,-11.23046875,-27.83203125,-7.8125
168.58203125,5.859375,-11.71875,-15.625,-24.4140625
168.5859375,32.2265625,-8.7890625,-18.5546875,-41.015625
168.58984375,42.96875,-11.71875,-20.99609375,-16.11328125
168.59375,36.1328125,-14.6484375,-29.78515625,-20.99609375
168.59765625,24.90234375,-15.13671875,-30.76171875,-20.5078125
168.6015625,30.2734375,-29.296875,-9.27734375,-10.7421875
168.60546875,28.3203125,-32.71484375,0.9765625,-17.578125
168.609375,29.296875,-17.08984375,-6.8359375,0.48828125
168.61328125,24.90234375,-16.6015625,-15.13671875,-1.953125
168.6171875,8.30078125,-23.92578125,-14.6484375,8.30078125
168.62109375,14.6484375,-16.6015625,-19.53125,22.4609375
168.625,26.3671875,-11.23046875,-17.08984375,0.0
168.62890625,19.04296875,-16.6015625,-26.85546875,-13.671875
168.6328125,30.76171875,-22.94921875,-48.33984375,-20.5078125
168.63671875,26.3671875,-24.4140625,-34.1796875,-22.94921875
168.640625,39.0625,-20.5078125,-21.97265625,8.30078125
168.64453125,44.43359375,-26.3671875,-22.94921875,15.13671875
168.6484375,7.32421875,-31.73828125,-12.6953125,-41.9921875
168.65234375,1.953125,-28.80859375,-5.37109375,-20.5078125
168.65625,12.6953125,-23.4375,-6.34765625,0.9765625
168.66015625,15.625,-19.53125,-4.8828125,19.53125
168.6640625,37.59765625,-15.13671875,-4.8828125,14.16015625
168.66796875,47.36328125,-13.671875,-6.8359375,-21.484375
168.671875,57.12890625,-19.53125,-32.71484375,-8.7890625
168.67578125,85.44921875,-17.578125,-47.36328125,22.4609375
168.6796875,57.12890625,-20.99609375,-13.18359375,20.5078125
168.68359375,21.484375,-21.484375,6.8359375,-12.6953125
168.6875,3.90625,-17.08984375,9.27734375,-23.92578125
168.69140625,-8.7890625,-13.18359375,6.34765625,14.6484375
168.6953125,5.859375,-14.6484375,-2.44140625,-5.37109375
168.69921875,8.7890625,-22.4609375,7.8125,-27.83203125
168.703125,-8.30078125,-36.62109375,21.484375,-0.48828125
168.70703125,-21.97265625,-44.921875,16.11328125,5.859375
168.7109375,-11.23046875,-39.0625,25.87890625,-4.8828125
168.71484375,0.48828125,-44.43359375,22.94921875,-45.8984375
168.71875,-20.99609375,-49.31640625,4.8828125,-39.0625
168.72265625,-26.85546875,-43.9453125,12.6953125,-6.8359375
168.7265625,-11.71875,-45.8984375,18.5546875,6.8359375
168.73046875,16.11328125,-37.109375,4.8828125,29.78515625
168.734375,24.90234375,-31.73828125,0.48828125,12.6953125
168.73828125,14.6484375,-36.62109375,13.671875,-9.765625
168.7421875,-5.37109375,-37.109375,15.13671875,-0.9765625
168.74609375,-26.85546875,-49.31640625,11.23046875,14.6484375
168.75,-14.6484375,-55.6640625,10.25390625,-3.90625
168.75390625,-7.8125,-51.26953125,3.90625,-33.203125
168.7578125,-9.27734375,-49.8046875,-7.8125,-19.04296875
168.76171875,12.6953125,-44.43359375,-15.13671875,-7.32421875
168.765625,26.85546875,-29.78515625,0.0,-5.37109375
168.76953125,29.296875,-23.92578125,14.16015625,2.44140625
168.7734375,17.578125,-22.94921875,6.8359375,4.8828125
168.77734375,10.7421875,-20.01953125,5.37109375,-0.9765625
168.78125,8.30078125,-18.5546875,14.6484375,-4.39453125
168.78515625,-3.41796875,-20.99609375,10.25390625,-19.53125
168.7890625,-8.7890625,-26.3671875,-0.48828125,-17.578125
168.79296875,-5.859375,-29.78515625,-14.6484375,18.06640625
168.796875,-8.7890625,-32.71484375,-17.578125,14.6484375
168.80078125,-15.13671875,-27.34375,-5.37109375,-2.9296875
168.8046875,-4.39453125,-21.484375,-4.8828125,-7.32421875
168.80859375,-8.7890625,-26.85546875,-3.90625,-14.16015625
168.8125,-30.76171875,-31.73828125,1.953125,-24.4140625
168.81640625,-8.30078125,-34.66796875,2.44140625,-17.578125
168.8203125,5.859375,-37.59765625,-5.859375,-11.23046875
168.82421875,-23.92578125,-33.203125,-15.625,-16.6015625
168.828125,-19.53125,-19.04296875,-25.87890625,6.34765625
168.83203125,5.37109375,-13.18359375,-27.34375,22.4609375
168.8359375,-10.25390625,-23.4375,-9.765625,16.11328125
168.83984375,-16.6015625,-34.1796875,0.0,-11.23046875
168.84375,-16.11328125,-31.25,-1.953125,-31.73828125
168.84765625,-19.53125,-18.5546875,-1.46484375,-27.83203125
168.8515625,-25.87890625,-16.11328125,-6.34765625,-9.765625
168.85546875,-19.53125,-13.18359375,-17.08984375,12.20703125
168.859375,-25.87890625,-17.08984375,-22.94921875,8.30078125
168.86328125,-9.765625,-16.6015625,-24.4140625,10.7421875
168.8671875,2.9296875,-19.04296875,-35.15625,0.48828125
168.87109375,-23.92578125,-26.85546875,-21.97265625,-17.08984375
168.875,-34.1796875,-25.87890625,-7.8125,-15.625
168.87890625,-24.4140625,-25.390625,1.953125,-8.7890625
168.8828125,3.41796875,-24.90234375,-3.41796875,-6.8359375
168.88671875,-8.7890625,-17.08984375,-39.55078125,-11.71875
168.890625,-25.390625,-15.625,-26.85546875,0.48828125
168.89453125,-14.6484375,-20.5078125,0.9765625,11.23046875
168.8984375,-5.37109375,-21.484375,4.39453125,-1.46484375
168.90234375,-3.41796875,-29.296875,0.0,-0.48828125
168.90625,-11.71875,-39.0625,-14.6484375,0.9765625
168.91015625,5.37109375,-39.0625,-14.16015625,-19.04296875
168.9140625,-6.8359375,-29.296875,-2.44140625,-33.69140625
168.91796875,-4.39453125,-20.01953125,-0.9765625,-27.34375
168.921875,2.9296875,-15.625,-10.25390625,-16.11328125
168.92578125,-11.71875,-13.18359375,-15.625,-1.46484375
168.9296875,-27.83203125,-13.671875,-26.3671875,-1.953125
168.93359375,-21.484375,-18.5546875,-29.78515625,-7.32421875
168.9375,2.44140625,-21.97265625,-24.4140625,-16.11328125
168.94140625,0.48828125,-22.94921875,-27.34375,-23.4375
168.9453125,2.44140625,-19.04296875,-28.3203125,-23.92578125
168.94921875,0.9765625,-12.6953125,-32.71484375,-13.18359375
168.953125,-10.25390625,-23.4375,-28.80859375,-3.41796875
168.95703125,-5.859375,-22.4609375,-9.27734375,16.11328125
168.9609375,-6.8359375,-23.4375,-12.20703125,-14.6484375
168.96484375,-20.99609375,-28.3203125,-12.20703125,-31.25
168.96875,-36.62109375,-27.34375,-12.6953125,-41.9921875
168.97265625,-18.06640625,-31.73828125,-17.08984375,-28.80859375
168.9765625,-0.9765625,-26.3671875,-9.27734375,6.8359375
168.98046875,-7.32421875,-31.73828125,-13.18359375,13.18359375
168.984375,14.16015625,-37.59765625,-13.18359375,15.625
168.98828125,-1.953125,-18.5546875,-7.32421875,31.73828125
168.9921875,-42.96875,-9.765625,-6.8359375,8.7890625
168.99609375,-41.50390625,-14.6484375,-16.11328125,-61.03515625
169.0,-33.69140625,-10.25390625,-19.04296875,-55.6640625
169.00390625,-18.06640625,-2.9296875,-11.23046875,-12.20703125
169.0078125,-22.4609375,-9.27734375,-10.7421875,-6.8359375
169.01171875,-7.32421875,-16.11328125,-24.4140625,-36.62109375
169.015625,31.73828125,-19.53125,-39.0625,-26.3671875
169.01953125,21.97265625,-20.99609375,-22.94921875,-3.41796875
169.0234375,9.27734375,-13.18359375,-13.671875,-21.484375
169.02734375,13.18359375,-9.765625,-25.390625,-4.39453125
169.03125,-7.8125,-24.90234375,-26.3671875,-7.32421875
169.03515625,-8.30078125,-33.69140625,-13.18359375,-27.34375
169.0390625,-6.8359375,-27.34375,-6.34765625,-14.6484375
169.04296875,-15.13671875,-19.53125,-12.20703125,-17.08984375
169.046875,20.5078125,-10.7421875,-34.1796875,-22.4609375
169.05078125,16.6015625,-11.71875,-33.69140625,-19.53125
169.0546875,-8.7890625,-21.97265625,-18.06640625,-24.90234375
169.05859375,3.41796875,-19.04296875,-13.671875,-13.18359375
169.0625,8.7890625,-8.7890625,-17.578125,-5.37109375
169.06640625,47.36328125,-11.71875,-18.5546875,17.08984375
169.0703125,45.41015625,-19.04296875,-8.7890625,-5.859375
169.07421875,-14.6484375,-23.4375,-11.71875,-28.80859375
169.078125,-28.80859375,-22.94921875,-20.01953125,-19.04296875
169.08203125,-20.99609375,-21.484375,-9.27734375,-5.37109375
169.0859375,-29.78515625,-22.94921875,-9.765625,-2.9296875
169.08984375,-13.18359375,-27.83203125,-14.6484375,-0.9765625
169.09375,-21.97265625,-36.62109375,-7.8125,-6.8359375
169.09765625,-33.69140625,-39.55078125,8.7890625,-12.6953125
169.1015625,-18.5546875,-40.0390625,12.20703125,2.44140625
169.10546875,-5.37109375,-36.1328125,-10.7421875,23.92578125
169.109375,-10.25390625,-37.109375,0.9765625,32.71484375
169.11328125,-39.0625,-36.62109375,21.484375,5.37109375
169.1171875,-36.62109375,-31.25,19.04296875,-13.671875
169.12109375,-25.87890625,-28.3203125,9.27734375,3.90625
169.125,-16.11328125,-32.2265625,7.8125,-7.32421875
169.12890625,-16.6015625,-35.15625,-5.37109375,5.37109375
169.1328125,-15.625,-33.69140625,-19.04296875,13.671875
169.13671875,5.37109375,-28.80859375,-5.37109375,-21.484375
169.140625,-0.9765625,-25.87890625,5.37109375,-10.25390625
169.14453125,-21.97265625,-20.01953125,2.44140625,-8.30078125
169.1484375,-31.73828125,-16.6015625,-3.41796875,-14.16015625
169.15234375,-20.01953125,-19.53125,-2.44140625,-17.578125
169.15625,0.9765625,-20.01953125,-1.953125,-12.20703125
169.16015625,-7.32421875,-26.85546875,-18.06640625,6.8359375
169.1640625,-12.20703125,-28.3203125,-18.5546875,-6.34765625
169.16796875,-8.30078125,-20.5078125,-3.90625,-2.44140625
169.171875,2.44140625,-20.01953125,-3.90625,12.20703125
169.17578125,1.953125,-33.69140625,-22.94921875,8.30078125
169.1796875,-11.23046875,-44.43359375,-26.85546875,-6.8359375
169.18359375,-5.859375,-31.73828125,-11.23046875,-7.32421875
169.1875,-8.7890625,-25.390625,-2.44140625,4.8828125
169.19140625,-6.34765625,-21.97265625,-8.30078125,-4.8828125
169.1953125,-5.859375,-15.13671875,-25.87890625,23.4375
169.19921875,1.953125,-23.92578125,-12.20703125,39.55078125
169.203125,13.18359375,-24.90234375,14.6484375,19.04296875
169.20703125,-0.48828125,-17.08984375,10.7421875,-1.953125
169.2109375,-12.20703125,-20.99609375,-1.46484375,-11.23046875
169.21484375,-5.37109375,-27.83203125,3.41796875,-4.39453125
169.21875,-3.90625,-35.64453125,-1.953125,6.34765625
169.22265625,-19.04296875,-28.3203125,-19.53125,-20.01953125
169.2265625,-19.04296875,-21.484375,-20.01953125,-19.53125
169.23046875,-21.484375,-27.34375,-6.8359375,6.8359375
169.234375,-17.578125,-30.2734375,-5.37109375,18.06640625
169.23828125,16.6015625,-10.7421875,-18.5546875,28.3203125
169.2421875,10.7421875,-12.20703125,-17.578125,14.6484375
169.24609375,-12.6953125,-29.78515625,4.8828125,8.30078125
169.25,-11.71875,-29.296875,6.34765625,21.484375
169.25390625,-17.578125,-20.01953125,-7.8125,13.18359375
169.2578125,-8.30078125,-25.390625,-14.6484375,-15.625
169.26171875,1.953125,-22.94921875,-11.71875,-6.8359375
169.265625,5.859375,-11.23046875,-9.27734375,-9.27734375
169.26953125,-12.6953125,-15.625,-9.27734375,-34.1796875
169.2734375,-26.85546875,-18.5546875,-19.04296875,-27.34375
169.27734375,-18.5546875,-20.5078125,-31.25,-9.27734375
169.28125,-24.4140625,-23.92578125,-29.296875,-10.25390625
169.28515625,-17.08984375,-20.99609375,-13.18359375,-2.44140625
169.2890625,0.0,-25.390625,-6.34765625,14.6484375
169.29296875,-2.9296875,-35.15625,-17.08984375,7.8125
169.296875,-8.30078125,-32.2265625,-15.625,-21.484375
169.30078125,-14.6484375,-27.34375,-11.23046875,-35.15625
169.3046875,-10.25390625,-29.296875,-10.7421875,-17.578125
169.30859375,-12.20703125,-32.2265625,-10.25390625,-1.953125
169.3125,-2.9296875,-27.83203125,-15.13671875,-8.30078125
169.31640625,17.08984375,-24.4140625,-20.01953125,6.34765625
169.3203125,-12.20703125,-29.78515625,-16.6015625,-5.37109375
169.32421875,-31.73828125,-32.2265625,-1.953125,-40.0390625
169.328125,-38.57421875,-31.73828125,3.90625,-59.08203125
169.33203125,-48.33984375,-31.25,2.9296875,-34.66796875
169.3359375,-25.87890625,-26.3671875,-3.90625,-13.18359375
169.33984375,-23.4375,-22.4609375,-8.30078125,-46.38671875
169.34375,-49.31640625,-25.390625,-1.46484375,-38.57421875
169.34765625,-49.31640625,-22.94921875,0.9765625,-56.640625
169.3515625,-62.5,-20.5078125,-9.765625,-75.1953125
169.35546875,-85.44921875,-27.34375,-9.765625,-71.77734375
169.359375,-76.66015625,-35.64453125,10.25390625,-64.94140625
169.36328125,-78.125,-37.59765625,7.32421875,-62.5
169.3671875,-94.23828125,-30.76171875,-27.34375,-94.7265625
169.37109375,-125.0,-38.57421875,-35.15625,-135.25390625
169.375,-146.97265625,-45.41015625,-16.6015625,-170.41015625
169.37890625,-159.66796875,-34.1796875,-4.39453125,-174.8046875
169.3828125,-166.50390625,-26.85546875,-7.8125,-160.64453125
169.38671875,-191.89453125,-27.83203125,-18.06640625,-200.68359375
169.390625,-206.0546875,-23.92578125,-37.109375,-210.9375
169.39453125,-193.84765625,-29.296875,-41.9921875,-195.3125
169.3984375,-150.390625,-26.85546875,-31.73828125,-205.078125
169.40234375,-152.83203125,-14.16015625,-40.52734375,-199.70703125
169.40625,-159.66796875,-17.08984375,-41.9921875,-184.5703125
169.41015625,-149.4140625,-17.578125,-57.12890625,-163.57421875
169.4140625,-152.83203125,-7.32421875,-77.1484375,-172.8515625
169.41796875,-129.39453125,1.953125,-61.03515625,-163.57421875
169.421875,-84.47265625,11.71875,-60.546875,-126.46484375
169.42578125,-64.453125,12.20703125,-67.87109375,-141.11328125
169.4296875,-46.38671875,3.90625,-60.05859375,-108.3984375
169.43359375,-67.3828125,-3.90625,-52.24609375,-83.0078125
169.4375,-82.51953125,-7.8125,-53.7109375,-93.26171875
169.44140625,-64.453125,1.46484375,-56.15234375,-97.65625
169.4453125,-49.8046875,4.39453125,-49.31640625,-88.8671875
169.44921875,-22.94921875,-7.32421875,-41.9921875,-72.265625
169.453125,-12.6953125,-8.30078125,-44.921875,-55.6640625
169.45703125,-16.11328125,-5.37109375,-47.8515625,-34.66796875
169.4609375,-2.9296875,-13.18359375,-45.8984375,-34.1796875
169.46484375,17.578125,-10.25390625,-40.52734375,-16.11328125
169.46875,27.34375,-1.953125,-51.26953125,-1.953125
169.47265625,36.62109375,-12.6953125,-52.24609375,16.11328125
169.4765625,21.97265625,-20.5078125,-33.69140625,12.6953125
169.48046875,-1.46484375,-20.01953125,-31.25,-19.53125
169.484375,3.90625,-13.18359375,-48.828125,-13.671875
169.48828125,-2.44140625,-12.20703125,-48.33984375,0.9765625
169.4921875,9.27734375,-18.5546875,-28.3203125,9.765625
169.49609375,20.99609375,-15.13671875,-26.3671875,13.671875
169.5,12.20703125,-10.25390625,-30.2734375,18.5546875
169.50390625,17.08984375,-11.71875,-17.578125,9.27734375
169.5078125,20.5078125,-15.625,-30.76171875,5.859375
169.51171875,30.76171875,-13.671875,-40.52734375,11.71875
169.515625,27.83203125,-12.20703125,-27.83203125,6.8359375
169.51953125,39.55078125,-19.53125,-21.97265625,13.671875
169.5234375,62.98828125,-20.01953125,-30.76171875,42.96875
169.52734375,65.91796875,-14.6484375,-36.1328125,37.59765625
169.53125,65.4296875,-8.7890625,-36.1328125,49.8046875
169.53515625,55.17578125,-11.23046875,-28.80859375,27.34375
169.5390625,45.41015625,-6.8359375,-20.5078125,11.71875
169.54296875,48.828125,-8.7890625,-16.6015625,46.38671875
169.546875,37.109375,-29.296875,-1.46484375,39.55078125
169.55078125,26.3671875,-31.73828125,-6.34765625,17.08984375
169.5546875,43.9453125,-12.6953125,-22.4609375,17.08984375
169.55859375,45.8984375,-12.20703125,-29.296875,16.6015625
169.5625,33.203125,-17.578125,-18.5546875,15.13671875
169.56640625,20.5078125,-14.6484375,-13.671875,19.53125
169.5703125,12.20703125,-14.6484375,-19.53125,24.90234375
169.57421875,21.97265625,-15.625,-24.90234375,35.15625
169.578125,40.0390625,-13.671875,-39.55078125,26.3671875
169.58203125,48.33984375,-13.18359375,-38.0859375,42.96875
169.5859375,20.01953125,-21.484375,-12.6953125,41.9921875
169.58984375,-7.32421875,-27.34375,-7.8125,7.32421875
169.59375,0.9765625,-24.90234375,-7.8125,12.20703125
169.59765625,15.625,-22.94921875,-18.5546875,8.7890625
169.6015625,-9.765625,-21.97265625,-39.55078125,-6.8359375
169.60546875,-22.4609375,-18.5546875,-29.78515625,4.39453125
169.609375,-8.30078125,-21.97265625,-16.11328125,11.23046875
169.61328125,-10.25390625,-33.69140625,-16.6015625,12.20703125
169.6171875,-18.06640625,-39.55078125,-19.53125,-13.18359375
169.62109375,-6.34765625,-32.71484375,-24.4140625,0.48828125
169.625,-3.90625,-20.5078125,-41.015625,11.23046875
169.62890625,-14.16015625,-17.08984375,-27.83203125,-10.25390625
169.6328125,-9.27734375,-19.04296875,-8.30078125,3.90625
169.63671875,-6.34765625,-24.4140625,-15.625,2.9296875
169.640625,-5.37109375,-29.296875,-16.11328125,-20.5078125
169.64453125,-13.671875,-26.3671875,-21.97265625,-13.18359375
169.6484375,-4.8828125,-20.99609375,-29.296875,-1.953125
169.65234375,4.8828125,-18.06640625,-20.99609375,-5.37109375
169.65625,-1.46484375,-19.53125,-16.11328125,3.90625
169.66015625,2.44140625,-19.53125,-15.625,4.39453125
169.6640625,-12.6953125,-32.2265625,-23.92578125,-20.01953125
169.66796875,-19.04296875,-33.203125,-22.4609375,-35.64453125
169.671875,-4.39453125,-30.2734375,-25.390625,-22.94921875
169.67578125,-17.08984375,-33.69140625,-27.34375,-1.46484375
169.6796875,-25.390625,-28.3203125,-21.484375,3.41796875
169.68359375,-7.8125,-20.99609375,-34.66796875,0.48828125
169.6875,-15.625,-23.4375,-36.62109375,-25.87890625
169.69140625,-1.46484375,-24.90234375,-21.97265625,-18.5546875
169.6953125,1.953125,-20.01953125,-24.4140625,9.27734375
169.69921875,-20.5078125,-31.25,-17.578125,-11.23046875
169.703125,-20.99609375,-43.9453125,-8.30078125,-24.4140625
169.70703125,-24.4140625,-28.80859375,-19.04296875,-17.578125
169.7109375,-29.78515625,-17.08984375,-36.62109375,-33.203125
169.71484375,-15.625,-20.99609375,-38.57421875,-34.66796875
169.71875,-25.390625,-27.34375,-26.85546875,-34.1796875
169.72265625,-29.78515625,-26.85546875,-20.5078125,-30.76171875
169.7265625,-25.87890625,-32.71484375,-11.23046875,-28.80859375
169.73046875,-35.64453125,-28.80859375,-6.8359375,-25.87890625
169.734375,-35.64453125,-22.4609375,-6.8359375,-4.8828125
169.73828125,-26.85546875,-25.390625,-13.671875,-10.25390625
169.7421875,-15.13671875,-24.4140625,-33.69140625,-16.6015625
169.74609375,-11.71875,-21.484375,-45.41015625,-29.296875
169.75,-23.4375,-22.4609375,-26.3671875,-47.36328125
169.75390625,-31.73828125,-20.01953125,-9.765625,-25.87890625
169.7578125,-11.71875,-20.5078125,-7.8125,-26.85546875
169.76171875,4.8828125,-24.4140625,-21.97265625,-28.3203125
169.765625,0.9765625,-17.08984375,-36.62109375,8.30078125
169.76953125,-11.71875,-20.01953125,-20.99609375,0.0
169.7734375,-11.71875,-28.3203125,-5.37109375,-40.52734375
169.77734375,-4.8828125,-27.83203125,-7.32421875,-36.62109375
169.78125,-25.390625,-28.80859375,-10.7421875,-34.66796875
169.78515625,-27.83203125,-28.80859375,-14.16015625,-39.55078125
169.7890625,-12.6953125,-26.85546875,-26.85546875,-25.87890625
169.79296875,-10.7421875,-30.2734375,-17.08984375,8.30078125
169.796875,6.34765625,-28.80859375,-13.18359375,15.625
169.80078125,0.9765625,-16.6015625,-23.92578125,-5.859375
169.8046875,-33.203125,-17.578125,-16.6015625,-17.08984375
169.80859375,-23.4375,-27.83203125,-3.41796875,-14.16015625
169.8125,-6.8359375,-26.85546875,-6.8359375,-8.30078125
169.81640625,-23.92578125,-24.90234375,-24.4140625,-16.11328125
169.8203125,-10.25390625,-25.390625,-30.2734375,-1.953125
169.82421875,-2.9296875,-20.99609375,-14.6484375,7.32421875
169.828125,-9.765625,-15.13671875,-10.25390625,-31.25
169.83203125,-25.87890625,-15.13671875,-28.3203125,-23.4375
169.8359375,-37.109375,-15.13671875,-27.83203125,0.48828125
169.83984375,-14.16015625,-13.18359375,-26.85546875,-11.71875
169.84375,-2.44140625,-31.25,-40.52734375,-17.08984375
169.84765625,-14.6484375,-40.52734375,-39.55078125,-4.39453125
169.8515625,-1.953125,-19.53125,-29.78515625,4.39453125
169.85546875,-20.01953125,-13.18359375,-27.34375,3.90625
169.859375,-9.765625,-18.5546875,-34.1796875,4.39453125
169.86328125,-5.37109375,-14.16015625,-33.69140625,10.25390625
169.8671875,-14.6484375,-11.71875,-5.859375,11.23046875
169.87109375,28.80859375,-12.6953125,12.20703125,18.5546875
169.875,18.5546875,-7.32421875,-8.7890625,18.5546875
169.87890625,-41.015625,-6.34765625,-27.34375,-2.9296875
169.8828125,-20.5078125,-9.765625,-22.4609375,-18.06640625
169.88671875,13.671875,-7.32421875,-31.25,-10.25390625
169.890625,-2.9296875,-5.859375,-37.109375,-5.37109375
169.89453125,-20.5078125,-8.30078125,-30.2734375,-26.85546875
169.8984375,-24.90234375,-12.20703125,-36.1328125,-54.19921875
169.90234375,-23.92578125,-12.20703125,-44.43359375,-41.015625
169.90625,-17.578125,-12.20703125,-43.45703125,-42.48046875
169.91015625,-27.83203125,-7.32421875,-39.55078125,-67.87109375
169.9140625,-3.90625,2.9296875,-53.7109375,-34.1796875
169.91796875,5.37109375,3.90625,-69.82421875,-9.765625
169.921875,-11.23046875,-5.859375,-48.33984375,-29.78515625
169.92578125,-15.13671875,-7.8125,-31.73828125,-31.73828125
169.9296875,-16.6015625,-9.765625,-36.62109375,-19.53125
169.93359375,-22.94921875,-16.11328125,-36.1328125,2.9296875
169.9375,-18.06640625,-14.6484375,-54.19921875,-16.6015625
169.94140625,-20.99609375,-8.30078125,-62.5,-46.875
169.9453125,-16.6015625,0.9765625,-44.43359375,-26.85546875
169.94921875,-5.859375,1.953125,-50.78125,-4.8828125
169.953125,-20.5078125,-5.859375,-62.01171875,-24.90234375
169.95703125,-19.04296875,-8.7890625,-43.45703125,-41.015625
169.9609375,-28.80859375,-10.25390625,-24.90234375,-39.0625
169.96484375,-33.69140625,-18.06640625,-35.15625,-40.0390625
169.96875,-6.34765625,-19.53125,-50.29296875,5.859375
169.97265625,-12.6953125,-12.20703125,-55.6640625,-3.41796875
169.9765625,-39.55078125,-12.20703125,-51.26953125,-43.45703125
169.98046875,-40.52734375,-11.71875,-42.48046875,-10.25390625
169.984375,-16.6015625,-4.8828125,-49.8046875,-9.765625
169.98828125,-7.8125,-0.48828125,-57.6171875,-4.39453125
169.9921875,-17.08984375,-5.859375,-35.64453125,17.578125
169.99609375,-10.7421875,-15.13671875,-23.92578125,-5.37109375
170.0,-7.32421875,-17.578125,-32.2265625,-9.27734375
170.00390625,-22.4609375,-16.11328125,-36.62109375,-17.578125
170.0078125,-21.97265625,-15.625,-40.52734375,-24.4140625
170.01171875,-24.4140625,-19.53125,-24.4140625,3.90625
170.015625,-33.203125,-28.80859375,-21.484375,-12.20703125
170.01953125,-35.64453125,-39.55078125,-29.296875,-14.16015625
170.0234375,-17.08984375,-28.3203125,-28.80859375,4.39453125
170.02734375,4.8828125,-7.8125,-24.4140625,0.0
170.03125,0.9765625,-7.8125,-25.390625,-16.6015625
170.03515625,13.18359375,-7.32421875,-37.59765625,-20.01953125
170.0390625,18.5546875,-0.9765625,-47.36328125,15.13671875
170.04296875,-3.90625,-10.7421875,-28.3203125,-4.8828125
170.046875,-17.578125,-20.01953125,-14.16015625,-40.0390625
170.05078125,-17.578125,-22.94921875,-25.390625,-18.06640625
170.0546875,-20.5078125,-25.87890625,-23.92578125,-21.484375
170.05859375,-20.5078125,-21.97265625,-20.01953125,-33.203125
170.0625,-15.13671875,-17.08984375,-26.85546875,-24.4140625
170.06640625,-24.90234375,-21.97265625,-40.0390625,0.9765625
170.0703125,-31.73828125,-23.4375,-34.66796875,16.6015625
170.07421875,-29.78515625,-23.4375,-20.01953125,-13.671875
170.078125,-24.90234375,-27.83203125,-19.04296875,-44.43359375
170.08203125,-23.4375,-31.25,-24.90234375,-44.43359375
170.0859375,-34.66796875,-35.64453125,-29.78515625,-38.0859375
170.08984375,-9.27734375,-34.1796875,-30.2734375,-18.5546875
170.09375,8.30078125,-16.6015625,-35.64453125,-12.20703125
170.09765625,34.66796875,0.0,-48.33984375,27.83203125
170.1015625,24.90234375,-2.44140625,-24.4140625,17.08984375
170.10546875,-59.5703125,-11.23046875,6.34765625,-66.89453125
170.109375,-78.125,-18.5546875,6.34765625,-57.12890625
170.11328125,-48.828125,-29.296875,-0.48828125,-8.30078125
170.1171875,-60.05859375,-33.69140625,-1.46484375,-29.78515625
170.12109375,-53.7109375,-35.64453125,4.8828125,-39.55078125
170.125,-58.10546875,-41.50390625,11.23046875,-33.69140625
170.12890625,-60.546875,-47.8515625,7.8125,-36.1328125
170.1328125,-43.9453125,-38.57421875,-11.71875,-22.4609375
170.13671875,-65.91796875,-32.71484375,-14.6484375,-25.87890625
170.140625,-90.8203125,-47.36328125,-4.39453125,-38.57421875
170.14453125,-67.3828125,-60.05859375,-2.9296875,-42.96875
170.1484375,-56.15234375,-52.734375,2.9296875,-23.92578125
170.15234375,-54.19921875,-40.0390625,4.8828125,-12.20703125
170.15625,-53.7109375,-34.1796875,-7.32421875,-31.73828125
170.16015625,-66.40625,-25.390625,-21.97265625,-16.11328125
170.1640625,-63.96484375,-28.80859375,-21.97265625,-16.11328125
170.16796875,-51.7578125,-32.2265625,-14.6484375,-37.109375
170.171875,-45.41015625,-24.90234375,-31.73828125,-42.96875
170.17578125,-48.33984375,-24.4140625,-24.4140625,-28.3203125
170.1796875,-41.50390625,-21.484375,-7.8125,-6.8359375
170.18359375,-32.2265625,-17.578125,-13.18359375,-11.71875
170.1875,-43.45703125,-25.87890625,-1.46484375,-17.08984375
170.19140625,-58.10546875,-30.2734375,3.41796875,-0.48828125
170.1953125,-65.91796875,-32.2265625,-13.18359375,6.34765625
170.19921875,-43.45703125,-25.390625,-20.01953125,2.44140625
170.203125,-29.296875,-25.87890625,-15.625,-9.765625
170.20703125,-29.296875,-30.2734375,-13.18359375,-21.97265625
170.2109375,-17.08984375,-27.34375,-11.71875,-20.01953125
170.21484375,-33.69140625,-24.90234375,-15.625,-24.4140625
170.21875,-41.9921875,-28.3203125,-10.25390625,-20.99609375
170.22265625,-35.15625,-28.80859375,-2.44140625,-25.87890625
170.2265625,-33.203125,-25.87890625,-5.859375,-36.62109375
170.23046875,-50.29296875,-27.34375,-8.7890625,4.8828125
170.234375,-46.875,-29.296875,-15.625,15.13671875
170.23828125,-16.6015625,-19.04296875,-13.18359375,-25.87890625
170.2421875,-9.765625,-19.04296875,-15.13671875,-8.30078125
170.24609375,-15.13671875,-34.66796875,-11.71875,11.23046875
170.25,-37.59765625,-35.15625,-0.48828125,7.32421875
170.25390625,-32.71484375,-25.87890625,-8.30078125,-12.20703125
170.2578125,-31.25,-14.6484375,-11.71875,-38.0859375
170.26171875,-48.828125,-18.5546875,-19.04296875,-27.34375
170.265625,-32.2265625,-16.11328125,-25.87890625,-38.57421875
170.26953125,-8.7890625,-12.6953125,-13.671875,-44.43359375
170.2734375,-12.6953125,-20.99609375,-8.7890625,-16.11328125
170.27734375,-33.69140625,-20.99609375,-32.71484375,12.6953125
170.28125,-34.66796875,-17.08984375,-24.90234375,-8.7890625
170.28515625,-39.0625,-28.80859375,7.32421875,-36.62109375
170.2890625,-47.8515625,-29.296875,11.71875,-33.69140625
170.29296875,-43.9453125,-19.04296875,1.953125,-31.25
170.296875,-46.875,-25.390625,-7.8125,-25.87890625
170.30078125,-40.52734375,-26.85546875,-7.8125,-28.3203125
170.3046875,-47.8515625,-27.34375,-16.11328125,-46.38671875
170.30859375,-58.10546875,-31.73828125,-17.08984375,-39.55078125
170.3125,-36.1328125,-22.94921875,-17.08984375,-3.90625
170.31640625,-17.08984375,-11.23046875,-26.85546875,-3.90625
170.3203125,-34.66796875,-20.99609375,-16.11328125,-24.90234375
170.32421875,-49.31640625,-41.50390625,0.0,-13.671875
170.328125,-51.7578125,-52.24609375,1.46484375,-19.04296875
170.33203125,-48.828125,-40.0390625,1.953125,-43.45703125
170.3359375,-42.96875,-28.3203125,-2.44140625,-52.24609375
170.33984375,-37.59765625,-24.4140625,-10.25390625,-35.15625
170.34375,-42.96875,-16.6015625,-14.16015625,-0.48828125
170.34765625,-54.19921875,-16.11328125,-17.578125,-7.8125
170.3515625,-66.89453125,-21.97265625,-13.18359375,-36.62109375
170.35546875,-50.29296875,-22.4609375,-18.06640625,-39.55078125
170.359375,-17.578125,-23.4375,-18.5546875,-26.85546875
170.36328125,-16.11328125,-24.4140625,-20.5078125,-2.44140625
170.3671875,8.30078125,-20.5078125,-40.0390625,21.97265625
170.37109375,-20.5078125,-31.73828125,-25.87890625,10.7421875
170.375,-63.4765625,-38.57421875,1.46484375,-12.6953125
170.37890625,-39.55078125,-25.87890625,0.0,-38.0859375
170.3828125,-51.7578125,-21.97265625,-4.8828125,-37.109375
170.38671875,-72.75390625,-27.34375,-0.48828125,-42.96875
170.390625,-57.6171875,-34.66796875,3.41796875,-50.78125
170.39453125,-68.359375,-38.0859375,3.90625,-42.48046875
170.3984375,-87.40234375,-34.66796875,-1.46484375,-44.921875
170.40234375,-65.4296875,-35.15625,-2.44140625,-36.62109375
170.40625,-41.9921875,-32.2265625,0.0,-10.25390625
170.41015625,-43.45703125,-34.66796875,0.0,-26.3671875
170.4140625,-46.875,-32.71484375,2.9296875,-37.59765625
170.41796875,-40.52734375,-24.90234375,-0.48828125,-19.53125
170.421875,-44.921875,-25.390625,-3.90625,-17.578125
170.42578125,-57.6171875,-16.11328125,-6.34765625,-27.83203125
170.4296875,-58.59375,-11.23046875,-32.71484375,-13.671875
170.43359375,-45.8984375,-24.90234375,-27.83203125,-9.27734375
170.4375,-40.0390625,-26.3671875,-2.44140625,-29.296875
170.44140625,-44.921875,-23.4375,0.48828125,-24.4140625
170.4453125,-42.96875,-29.78515625,5.37109375,1.953125
170.44921875,-38.57421875,-31.73828125,1.46484375,1.953125
170.453125,-44.43359375,-28.80859375,-11.23046875,-20.99609375
170.45703125,-53.7109375,-19.04296875,-13.671875,-12.20703125
170.4609375,-53.22265625,-18.06640625,-32.71484375,-14.6484375
170.46484375,-60.05859375,-25.87890625,-34.1796875,-55.17578125
170.46875,-59.5703125,-27.83203125,-15.13671875,-44.43359375
170.47265625,-52.734375,-28.3203125,-14.6484375,-7.32421875
170.4765625,-44.921875,-15.625,-20.5078125,-3.90625
170.48046875,-64.94140625,-18.5546875,-10.7421875,-28.80859375
170.484375,-77.1484375,-40.0390625,-3.41796875,-40.52734375
170.48828125,-62.5,-43.9453125,-4.8828125,-44.921875
170.4921875,-63.4765625,-43.45703125,-4.39453125,-44.921875
170.49609375,-72.75390625,-46.38671875,-12.20703125,-26.85546875
170.5,-74.21875,-44.43359375,-25.87890625,-7.32421875
170.50390625,-80.56640625,-41.015625,-28.80859375,-16.11328125
170.5078125,-84.47265625,-43.45703125,-31.25,-53.22265625
170.51171875,-60.546875,-34.66796875,-39.0625,-67.3828125
170.515625,-49.8046875,-29.78515625,-26.3671875,-52.734375
170.51953125,-52.734375,-31.25,-18.06640625,-12.6953125
170.5234375,-46.38671875,-30.76171875,-13.18359375,-22.4609375
170.52734375,-52.734375,-26.3671875,-7.8125,-28.80859375
170.53125,-80.078125,-27.83203125,-29.296875,-31.25
170.53515625,-67.87109375,-22.94921875,-30.2734375,-19.53125
170.5390625,-48.828125,-12.6953125,-17.08984375,-22.4609375
170.54296875,-60.05859375,-19.53125,-27.34375,-37.59765625
170.546875,-69.3359375,-29.296875,-25.87890625,-35.64453125
170.55078125,-51.26953125,-39.55078125,-14.16015625,-57.12890625
170.5546875,-57.6171875,-39.55078125,-6.34765625,-36.1328125
170.55859375,-57.12890625,-33.203125,-6.34765625,-14.16015625
170.5625,-50.78125,-31.73828125,-14.6484375,-61.03515625
170.56640625,-47.36328125,-17.08984375,-27.34375,-26.3671875
170.5703125,-35.64453125,-13.671875,-24.90234375,31.25
170.57421875,-23.92578125,-26.85546875,-13.18359375,10.25390625
170.578125,-47.8515625,-25.87890625,-20.99609375,-28.80859375
170.58203125,-68.84765625,-8.7890625,-9.765625,-28.80859375
170.5859375,-50.29296875,1.46484375,-4.39453125,-24.4140625
170.58984375,-54.19921875,-5.37109375,-19.04296875,-42.96875
170.59375,-54.19921875,-12.6953125,-16.6015625,-35.64453125
170.59765625,-44.921875,-20.01953125,-9.765625,-12.6953125
170.6015625,-42.96875,-26.3671875,-12.6953125,-13.671875
170.60546875,-46.38671875,-19.53125,-16.11328125,-19.04296875
170.609375,-53.7109375,-14.6484375,-19.04296875,-27.34375
170.61328125,-56.640625,-13.18359375,-20.99609375,-49.8046875
170.6171875,-64.94140625,-14.16015625,-15.13671875,-46.875
170.62109375,-42.96875,-15.625,-13.18359375,-7.32421875
170.625,-35.15625,-18.06640625,-22.4609375,-10.25390625
170.62890625,-41.9921875,-20.5078125,-15.625,-28.80859375
170.6328125,-43.9453125,-25.87890625,-21.97265625,-19.04296875
170.63671875,-50.78125,-23.4375,-27.34375,-32.2265625
170.640625,-54.19921875,-18.06640625,-19.53125,-43.9453125
170.64453125,-65.4296875,-14.6484375,-6.8359375,-43.9453125
170.6484375,-75.1953125,-13.18359375,0.48828125,-49.31640625
170.65234375,-93.26171875,-16.6015625,-11.23046875,-61.03515625
170.65625,-98.6328125,-15.625,-4.39453125,-63.96484375
170.66015625,-110.3515625,-11.23046875,3.90625,-87.890625
170.6640625,-125.48828125,-17.578125,4.8828125,-131.8359375
170.66796875,-115.72265625,-24.90234375,5.859375,-129.39453125
170.671875,-152.34375,-23.4375,-10.7421875,-130.37109375
170.67578125,-181.640625,-24.4140625,-13.18359375,-128.41796875
170.6796875,-183.59375,-20.01953125,-7.8125,-148.4375
170.68359375,-184.5703125,-20.99609375,-28.80859375,-166.015625
170.6875,-179.19921875,-35.15625,-24.4140625,-153.3203125
170.69140625,-180.17578125,-40.52734375,-12.6953125,-142.578125
170.6953125,-156.25,-19.04296875,-27.83203125,-150.87890625
170.69921875,-147.4609375,-4.39453125,-24.4140625,-163.57421875
170.703125,-169.921875,-10.7421875,-1.46484375,-161.62109375
170.70703125,-166.50390625,-9.765625,-4.39453125,-159.66796875
170.7109375,-151.85546875,-11.23046875,-27.83203125,-149.4140625
170.71484375,-143.5546875,-14.6484375,-25.390625,-117.1875
170.71875,-118.1640625,-12.20703125,-8.7890625,-91.796875
170.72265625,-100.09765625,-11.23046875,-13.18359375,-97.65625
170.7265625,-68.84765625,-1.46484375,-41.015625,-56.15234375
170.73046875,-77.1484375,-1.46484375,-52.734375,-38.0859375
170.734375,-84.9609375,-6.8359375,-38.0859375,-79.1015625
170.73828125,-59.5703125,-8.7890625,-26.85546875,-78.125
170.7421875,-49.31640625,-12.6953125,-28.80859375,-50.78125
170.74609375,-31.25,-23.4375,-38.0859375,-34.1796875
170.75,-31.73828125,-32.2265625,-32.71484375,-20.99609375
170.75390625,-43.45703125,-20.5078125,-20.5078125,-22.94921875
170.7578125,-33.203125,-16.11328125,-17.08984375,-28.3203125
170.76171875,-41.015625,-25.87890625,-8.7890625,-7.8125
170.765625,-33.203125,-31.73828125,-17.08984375,13.671875
170.76953125,-5.37109375,-16.6015625,-19.53125,9.27734375
170.7734375,-14.16015625,-5.37109375,-33.69140625,1.46484375
170.77734375,-22.4609375,-15.625,-47.36328125,-19.53125
170.78125,-23.92578125,-18.5546875,-25.87890625,-27.83203125
170.78515625,-11.23046875,-8.7890625,-25.87890625,26.3671875
170.7890625,31.25,-6.8359375,-27.83203125,29.296875
170.79296875,31.25,-20.01953125,-14.6484375,4.39453125
170.796875,-14.16015625,-17.08984375,-10.7421875,18.06640625
170.80078125,5.859375,-4.8828125,-13.671875,33.203125
170.8046875,40.0390625,-5.37109375,-8.30078125,60.05859375
170.80859375,22.4609375,-17.578125,-7.32421875,61.03515625
170.8125,6.34765625,-20.99609375,-9.27734375,59.08203125
170.81640625,5.37109375,-10.7421875,-13.18359375,37.59765625
170.8203125,-9.27734375,-7.32421875,-13.671875,-16.11328125
170.82421875,-13.18359375,-11.23046875,-5.859375,-6.34765625
170.828125,-16.11328125,-19.53125,-19.53125,34.1796875
170.83203125,-9.765625,-23.4375,-14.6484375,39.0625
170.8359375,9.27734375,-9.27734375,-12.20703125,15.13671875
170.83984375,20.99609375,-9.765625,-22.4609375,17.08984375
170.84375,41.50390625,-17.08984375,-14.6484375,6.34765625
170.84765625,41.015625,-9.27734375,0.9765625,15.13671875
170.8515625,-1.953125,-6.8359375,-6.34765625,55.17578125
170.85546875,-9.27734375,-21.97265625,-13.671875,56.640625
170.859375,-7.32421875,-31.73828125,-5.37109375,2.9296875
170.86328125,-22.4609375,-25.390625,-1.953125,-21.97265625
170.8671875,-14.6484375,-21.97265625,-9.27734375,-35.15625
170.87109375,-24.4140625,-18.5546875,-16.6015625,14.16015625
170.875,-49.8046875,-16.6015625,-10.25390625,31.73828125
170.87890625,-65.91796875,-5.859375,-7.32421875,-31.25
170.8828125,-63.96484375,-10.7421875,-18.5546875,-12.20703125
170.88671875,-63.4765625,-29.296875,-24.4140625,-54.19921875
170.890625,-118.1640625,-35.15625,-10.25390625,-139.6484375
170.89453125,-136.71875,-28.80859375,-7.8125,-95.703125
170.8984375,-158.69140625,-19.53125,-18.06640625,-61.03515625
170.90234375,-137.6953125,-32.2265625,-31.73828125,-121.58203125
170.90625,-129.39453125,-40.52734375,-19.04296875,-166.015625
170.91015625,-155.76171875,-27.83203125,-7.32421875,-154.296875
170.9140625,-157.2265625,-28.3203125,-14.16015625,-126.46484375
170.91796875,-164.0625,-38.0859375,-15.13671875,-164.0625
170.921875,-160.15625,-36.62109375,-15.13671875,-141.6015625
170.92578125,-116.69921875,-29.296875,-2.44140625,-114.74609375
170.9296875,-115.234375,-24.4140625,2.44140625,-158.69140625
170.93359375,-138.671875,-6.34765625,-21.484375,-147.94921875
170.9375,-140.625,3.41796875,-31.73828125,-111.81640625
170.94140625,-124.0234375,-5.859375,-22.94921875,-124.0234375
170.9453125,-90.33203125,-9.765625,-6.8359375,-102.05078125
170.94921875,-80.56640625,-8.30078125,2.44140625,-55.6640625
170.953125,-69.82421875,-9.765625,-11.23046875,-78.61328125
170.95703125,-64.94140625,-18.06640625,-20.01953125,-77.1484375
170.9609375,-52.24609375,-12.20703125,-16.11328125,-29.296875
170.96484375,-45.8984375,-3.90625,-39.0625,-24.90234375
170.96875,-52.24609375,0.0,-68.84765625,-39.55078125
170.97265625,-15.625,6.8359375,-47.8515625,15.625
170.9765625,4.39453125,2.9296875,-20.5078125,1.953125
170.98046875,6.34765625,2.9296875,-18.06640625,-5.859375
170.984375,18.06640625,-8.7890625,-13.18359375,37.59765625
170.98828125,14.16015625,-31.25,-7.8125,26.3671875
170.9921875,18.5546875,-28.3203125,-8.30078125,17.08984375
170.99609375,39.55078125,-9.27734375,-20.5078125,39.55078125
171.0,38.0859375,-9.765625,-25.390625,45.41015625
171.00390625,50.78125,-11.23046875,-9.765625,46.875
171.0078125,42.96875,-7.32421875,-4.8828125,42.48046875
171.01171875,29.296875,-12.6953125,-5.859375,54.19921875
171.015625,29.296875,-16.11328125,-2.9296875,84.47265625
171.01953125,25.390625,-17.08984375,-12.6953125,57.6171875
171.0234375,37.109375,-20.01953125,-19.53125,60.05859375
171.02734375,34.1796875,-15.625,-14.6484375,53.22265625
171.03125,27.83203125,-7.8125,-17.578125,38.0859375
171.03515625,26.85546875,-6.8359375,-19.04296875,57.6171875
171.0390625,42.96875,-11.71875,-16.6015625,75.68359375
171.04296875,47.8515625,-14.16015625,-36.62109375,62.98828125
171.046875,36.62109375,-18.06640625,-39.0625,55.17578125
171.05078125,33.69140625,-17.578125,-15.13671875,57.6171875
171.0546875,44.921875,-7.8125,-13.18359375,59.08203125
171.05859375,26.85546875,-18.06640625,-19.53125,48.33984375
171.0625,23.4375,-24.4140625,-23.92578125,61.03515625
171.06640625,33.203125,-24.4140625,-18.5546875,51.26953125
171.0703125,16.11328125,-26.85546875,-29.78515625,28.3203125
171.07421875,17.08984375,-20.5078125,-45.41015625,30.2734375
171.078125,34.1796875,-10.7421875,-36.1328125,35.64453125
171.08203125,43.45703125,-8.7890625,-35.15625,26.85546875
171.0859375,11.23046875,-11.23046875,-40.52734375,13.671875
171.08984375,33.203125,-9.765625,-33.203125,28.80859375
171.09375,55.17578125,-11.23046875,-25.390625,34.66796875
171.09765625,24.4140625,-15.13671875,-16.6015625,45.8984375
171.1015625,61.5234375,-12.6953125,-15.625,74.70703125
171.10546875,62.01171875,-8.30078125,-26.3671875,74.21875
171.109375,31.73828125,-3.41796875,-12.6953125,36.1328125
171.11328125,29.296875,-6.34765625,-7.32421875,22.4609375
171.1171875,17.08984375,-18.5546875,-16.11328125,35.15625
171.12109375,27.83203125,-20.01953125,-11.23046875,41.50390625
171.125,39.55078125,-18.06640625,-9.765625,33.203125
171.12890625,29.296875,-25.390625,-14.6484375,17.08984375
171.1328125,32.71484375,-17.578125,-25.87890625,19.04296875
171.13671875,50.78125,-10.25390625,-31.73828125,20.5078125
171.140625,15.625,-21.97265625,-20.99609375,17.578125
171.14453125,-8.30078125,-15.625,-17.08984375,31.73828125
171.1484375,-5.37109375,-10.25390625,-19.04296875,43.9453125
171.15234375,19.04296875,-7.8125,-26.3671875,11.23046875
171.15625,44.921875,0.0,-30.76171875,0.0
171.16015625,34.66796875,-13.671875,-10.7421875,14.16015625
171.1640625,54.6875,-19.04296875,3.41796875,42.48046875
171.16796875,19.04296875,-8.7890625,-16.11328125,15.625
171.171875,-22.94921875,-13.18359375,-25.390625,-54.6875
171.17578125,4.39453125,-17.578125,-14.16015625,-46.38671875
171.1796875,12.6953125,-11.23046875,-14.16015625,-11.23046875
171.18359375,14.6484375,-0.9765625,-25.87890625,-7.8125
171.1875,14.6484375,-1.46484375,-32.2265625,-4.8828125
171.19140625,19.04296875,-7.8125,-34.66796875,-1.953125
171.1953125,4.8828125,-5.859375,-28.80859375,3.41796875
171.19921875,-9.27734375,-14.16015625,-20.01953125,0.48828125
171.203125,-0.48828125,-20.01953125,-31.25,-22.94921875
171.20703125,9.27734375,-13.671875,-33.69140625,10.7421875
171.2109375,19.53125,-11.23046875,-22.94921875,21.484375
171.21484375,9.27734375,-15.13671875,-24.90234375,-14.16015625
171.21875,-2.44140625,-15.13671875,-29.78515625,-32.71484375
171.22265625,-11.71875,-2.44140625,-26.85546875,-27.83203125
171.2265625,-9.765625,3.90625,-36.62109375,25.390625
171.23046875,14.6484375,-1.953125,-58.10546875,20.5078125
171.234375,26.3671875,-12.6953125,-41.50390625,-12.6953125
171.23828125,39.0625,-15.13671875,-27.34375,-6.8359375
171.2421875,42.48046875,-9.765625,-34.66796875,23.92578125
171.24609375,0.0,-12.6953125,-22.94921875,-19.04296875
171.25,-1.46484375,-13.671875,-17.578125,-11.23046875
171.25390625,2.9296875,-12.6953125,-26.3671875,22.4609375
171.2578125,7.32421875,-16.6015625,-33.203125,10.7421875
171.26171875,8.30078125,-16.6015625,-37.109375,7.8125
171.265625,0.9765625,-7.32421875,-41.50390625,5.859375
171.26953125,6.8359375,-2.44140625,-44.921875,8.7890625
171.2734375,-17.578125,-12.20703125,-36.62109375,-7.32421875
171.27734375,-24.4140625,-18.06640625,-26.3671875,-8.30078125
171.28125,-18.5546875,-12.6953125,-27.83203125,-15.625
171.28515625,-27.83203125,-1.953125,-44.43359375,-18.5546875
171.2890625,-16.6015625,-6.34765625,-44.921875,7.32421875
171.29296875,10.7421875,-15.625,-32.2265625,12.6953125
171.296875,8.7890625,-12.6953125,-37.109375,-1.46484375
171.30078125,-9.27734375,-6.34765625,-34.66796875,0.9765625
171.3046875,13.18359375,-7.8125,-29.296875,16.6015625
171.30859375,29.78515625,-16.11328125,-26.3671875,15.13671875
171.3125,2.9296875,-14.6484375,-25.87890625,9.765625
171.31640625,-15.13671875,-9.765625,-24.4140625,-3.90625
171.3203125,-10.7421875,4.39453125,-28.80859375,14.6484375
171.32421875,4.39453125,1.46484375,-37.59765625,20.99609375
171.328125,0.48828125,-13.18359375,-24.4140625,-3.41796875
171.33203125,-5.37109375,-16.6015625,-15.13671875,0.9765625
171.3359375,-20.5078125,-8.30078125,-14.16015625,4.8828125
171.33984375,-2.9296875,-8.30078125,-17.578125,34.1796875
171.34375,12.6953125,-7.32421875,-32.2265625,17.578125
171.34765625,-1.953125,1.953125,-35.15625,18.5546875
171.3515625,-8.7890625,1.953125,-42.96875,3.41796875
171.35546875,0.9765625,-2.9296875,-42.48046875,-9.27734375
171.359375,17.578125,-0.48828125,-22.94921875,2.44140625
171.36328125,-15.13671875,-10.7421875,-12.20703125,1.46484375
171.3671875,-10.7421875,-16.6015625,-13.671875,29.296875
171.37109375,0.48828125,-13.18359375,-20.01953125,0.9765625
171.375,-36.62109375,-24.90234375,-20.01953125,-16.6015625
171.37890625,-42.96875,-19.53125,-28.3203125,31.73828125
171.3828125,-25.87890625,-15.625,-29.78515625,41.50390625
171.38671875,-13.671875,-16.6015625,-19.53125,-17.578125
171.390625,-28.80859375,-13.18359375,-15.13671875,-47.8515625
171.39453125,-36.62109375,-17.578125,-10.7421875,-21.484375
171.3984375,-25.390625,-20.5078125,-18.5546875,-20.99609375
171.40234375,-20.01953125,-14.16015625,-30.2734375,-27.34375
171.40625,12.6953125,-12.6953125,-27.34375,8.30078125
171.41015625,-8.30078125,-16.6015625,-30.76171875,51.26953125
171.4140625,-32.2265625,-4.8828125,-37.109375,11.23046875
171.41796875,-21.97265625,4.39453125,-40.0390625,-19.04296875
171.421875,-1.46484375,-8.7890625,-32.71484375,-28.80859375
171.42578125,16.6015625,-18.06640625,-21.97265625,-6.8359375
171.4296875,-20.99609375,-14.6484375,-18.06640625,-0.48828125
171.43359375,-43.45703125,-10.7421875,-21.97265625,2.44140625
171.4375,-39.0625,-18.5546875,-26.85546875,-9.765625
171.44140625,-36.1328125,-23.4375,-13.18359375,-19.04296875
171.4453125,-44.921875,-31.73828125,-4.39453125,-61.5234375
171.44921875,-63.96484375,-33.69140625,-4.8828125,-54.6875
171.453125,-58.10546875,-32.71484375,0.48828125,11.71875
171.45703125,-62.98828125,-32.2265625,3.41796875,-31.25
171.4609375,-61.5234375,-20.01953125,-15.13671875,-52.734375
171.46484375,-46.38671875,-25.87890625,-25.87890625,-7.8125
171.46875,-34.66796875,-39.0625,-14.6484375,-20.5078125
171.47265625,-56.640625,-32.71484375,-5.37109375,-10.7421875
171.4765625,-46.38671875,-27.34375,-10.7421875,-7.8125
171.48046875,-10.7421875,-27.34375,-16.6015625,-13.18359375
171.484375,-37.59765625,-33.203125,-14.6484375,-32.71484375
171.48828125,-37.59765625,-31.25,-2.9296875,-0.9765625
171.4921875,-30.2734375,-20.5078125,-1.46484375,-30.76171875
171.49609375,-31.73828125,-11.23046875,-16.6015625,-48.828125
171.5,-30.76171875,-6.8359375,-18.06640625,0.0
171.50390625,-13.671875,-8.30078125,-10.7421875,-16.6015625
171.5078125,-14.6484375,-18.06640625,-16.6015625,-66.40625
171.51171875,-34.66796875,-35.15625,-11.71875,-37.109375
171.515625,-11.23046875,-27.83203125,-9.765625,-18.5546875
171.51953125,-5.859375,-16.11328125,-23.92578125,-29.296875
171.5234375,-52.734375,-23.4375,-27.34375,-7.32421875
171.52734375,-64.453125,-30.76171875,-15.13671875,-3.41796875
171.53125,-58.59375,-28.3203125,-6.8359375,18.5546875
171.53515625,-20.99609375,-15.625,-16.11328125,0.0
171.5390625,-34.1796875,-16.6015625,-18.06640625,-43.45703125
171.54296875,-69.82421875,-17.08984375,-16.6015625,-8.30078125
171.546875,-48.828125,-15.13671875,-14.16015625,-13.671875
171.55078125,-29.78515625,-17.08984375,-3.90625,-41.9921875
171.5546875,-25.87890625,-17.578125,-11.71875,-14.16015625
171.55859375,-43.45703125,-21.97265625,-9.765625,-20.5078125
171.5625,-40.52734375,-24.90234375,-17.578125,-23.4375
171.56640625,-21.97265625,-27.34375,-19.53125,13.18359375
171.5703125,-21.484375,-21.484375,-16.6015625,-3.90625
171.57421875,-15.13671875,-12.6953125,-16.11328125,-44.43359375
171.578125,2.9296875,-9.27734375,-19.53125,-30.2734375
171.58203125,-8.30078125,-14.16015625,-42.96875,-29.296875
171.5859375,-14.6484375,-24.90234375,-32.71484375,-28.3203125
171.58984375,-16.6015625,-28.80859375,-6.34765625,-17.08984375
171.59375,2.44140625,-20.99609375,-5.859375,-2.44140625
171.59765625,15.625,-21.484375,-16.11328125,8.30078125
171.6015625,-33.69140625,-35.64453125,-15.13671875,-9.27734375
171.60546875,-59.08203125,-38.57421875,-10.25390625,-39.0625
171.609375,-52.24609375,-28.80859375,-15.625,-21.484375
171.61328125,-29.296875,-22.94921875,-22.4609375,-3.41796875
171.6171875,-7.32421875,-15.625,-14.16015625,-29.296875
171.62109375,-19.53125,-6.34765625,-17.578125,-6.8359375
171.625,-15.625,-8.30078125,-20.01953125,4.8828125
171.62890625,7.8125,-9.27734375,-11.23046875,12.20703125
171.6328125,-12.6953125,-23.4375,-28.3203125,-13.671875
171.63671875,-26.85546875,-39.55078125,-29.78515625,-35.64453125
171.640625,-13.18359375,-39.55078125,-10.7421875,-15.13671875
171.64453125,-15.13671875,-16.6015625,-11.71875,4.8828125
171.6484375,-34.66796875,-3.90625,-16.6015625,0.0
171.65234375,-20.01953125,-21.484375,-3.41796875,-12.20703125
171.65625,-21.484375,-22.94921875,3.41796875,-3.90625
171.66015625,-20.5078125,-14.16015625,-7.8125,8.30078125
171.6640625,-27.83203125,-15.625,-41.015625,-11.23046875
171.66796875,-20.01953125,-24.4140625,-62.01171875,-30.2734375
171.671875,-12.6953125,-22.94921875,-38.57421875,-46.38671875
171.67578125,-25.390625,-18.5546875,-8.30078125,-60.05859375
171.6796875,-20.99609375,-18.5546875,-0.9765625,-44.43359375
171.68359375,-21.97265625,-22.4609375,-4.39453125,-31.25
171.6875,-36.1328125,-12.6953125,-11.23046875,-17.08984375
171.69140625,-27.34375,-15.13671875,-25.390625,21.484375
171.6953125,-11.23046875,-26.85546875,-24.4140625,47.36328125
171.69921875,-23.92578125,-22.4609375,-19.53125,-24.4140625
171.703125,-8.7890625,-22.4609375,-18.5546875,-48.33984375
171.70703125,4.8828125,-43.45703125,-23.92578125,-14.6484375
171.7109375,-3.90625,-37.59765625,-37.59765625,-8.7890625
171.71484375,-25.390625,-7.32421875,-46.875,-34.66796875
171.71875,-7.32421875,4.8828125,-54.19921875,-53.22265625
171.72265625,-12.20703125,-8.30078125,-41.015625,-44.43359375
171.7265625,-6.8359375,-12.20703125,-24.90234375,14.16015625
171.73046875,-5.37109375,-14.6484375,-28.80859375,13.671875
171.734375,-28.3203125,-4.8828125,-41.50390625,3.41796875
171.73828125,-12.20703125,7.8125,-30.2734375,20.99609375
171.7421875,18.06640625,3.41796875,-17.08984375,-34.66796875
171.74609375,-24.4140625,-9.765625,-25.87890625,-65.91796875
171.75,-21.97265625,-16.6015625,-33.203125,-5.859375
171.75390625,35.15625,-16.11328125,-41.50390625,5.37109375
171.7578125,45.41015625,-11.71875,-23.92578125,55.6640625
171.76171875,32.2265625,-3.90625,-2.9296875,32.71484375
171.765625,4.39453125,-13.18359375,-10.25390625,-41.015625
171.76953125,-26.3671875,-19.53125,-9.27734375,-37.59765625
171.7734375,-18.06640625,-14.16015625,-5.859375,-25.390625
171.77734375,21.484375,-14.16015625,-5.37109375,-3.90625
171.78125,31.73828125,-27.34375,-2.9296875,-52.24609375
171.78515625,12.20703125,-18.5546875,-8.7890625,-15.13671875
171.7890625,23.92578125,-1.953125,-20.99609375,21.484375
171.79296875,20.99609375,-6.34765625,-37.109375,-16.11328125
171.796875,47.36328125,-8.7890625,-30.2734375,-4.39453125
171.80078125,65.4296875,-6.34765625,-9.765625,-1.46484375
171.8046875,26.3671875,1.46484375,-25.87890625,-31.25
171.80859375,9.765625,8.30078125,-53.7109375,-35.64453125
171.8125,34.1796875,-5.859375,-48.33984375,23.4375
171.81640625,46.38671875,-16.6015625,-14.6484375,26.3671875
171.8203125,26.3671875,-19.04296875,-18.5546875,-44.43359375
171.82421875,0.0,-27.34375,-38.0859375,-75.1953125
171.828125,-1.46484375,-22.4609375,-46.38671875,-65.91796875
171.83203125,0.0,-20.5078125,-46.38671875,-67.87109375
171.8359375,5.859375,-21.97265625,-43.9453125,-20.01953125
171.83984375,27.34375,-9.27734375,-48.33984375,-24.90234375
171.84375,36.1328125,-19.53125,-41.9921875,-51.7578125
171.84765625,28.80859375,-31.73828125,-18.5546875,-20.01953125
171.8515625,32.2265625,-28.80859375,-8.7890625,-42.96875
171.85546875,32.71484375,-30.2734375,-14.6484375,-19.53125
171.859375,39.0625,-30.2734375,-17.08984375,33.69140625
171.86328125,68.84765625,-21.97265625,-23.4375,-13.18359375
171.8671875,68.84765625,-13.18359375,-39.0625,-15.13671875
171.87109375,20.99609375,-18.06640625,-45.41015625,-20.01953125
171.875,9.27734375,-20.99609375,-43.45703125,-37.109375
171.87890625,44.43359375,-21.97265625,-26.85546875,-9.765625
171.8828125,57.6171875,-26.85546875,-16.11328125,13.671875
171.88671875,66.89453125,-17.08984375,-33.69140625,-1.953125
171.890625,37.109375,-15.625,-34.66796875,-18.06640625
171.89453125,5.37109375,-32.2265625,-9.765625,-14.16015625
171.8984375,24.4140625,-26.3671875,2.9296875,24.90234375
171.90234375,57.6171875,-13.18359375,1.46484375,25.87890625
171.90625,59.08203125,-26.3671875,-10.25390625,-20.99609375
171.91015625,79.58984375,-18.5546875,-32.71484375,-10.25390625
171.9140625,75.68359375,-1.953125,-36.1328125,2.44140625
171.91796875,24.90234375,-4.39453125,-6.8359375,30.2734375
171.921875,-22.4609375,-11.23046875,6.8359375,19.53125
171.92578125,-17.08984375,-16.6015625,-6.8359375,-19.04296875
171.9296875,29.296875,-15.625,-28.3203125,6.8359375
171.93359375,20.01953125,-25.390625,-20.5078125,29.78515625
171.9375,1.953125,-29.296875,5.37109375,36.62109375
171.94140625,5.37109375,-27.34375,14.16015625,40.52734375
171.9453125,18.5546875,-27.83203125,7.32421875,30.2734375
171.94921875,-9.27734375,-21.97265625,5.859375,38.57421875
171.953125,-3.90625,-11.71875,12.6953125,21.484375
171.95703125,75.1953125,-8.7890625,-4.39453125,27.83203125
171.9609375,52.734375,-18.06640625,-9.27734375,29.78515625
171.96484375,-4.8828125,-20.99609375,3.90625,16.11328125
171.96875,14.6484375,-21.484375,9.27734375,0.9765625
171.97265625,30.76171875,-29.296875,10.25390625,-7.8125
171.9765625,39.55078125,-29.78515625,1.953125,21.97265625
171.98046875,43.9453125,-24.4140625,-8.30078125,67.87109375
171.984375,-23.92578125,-26.3671875,7.8125,36.1328125
171.98828125,-74.70703125,-33.69140625,17.578125,-3.41796875
171.9921875,-78.125,-45.8984375,-3.90625,24.90234375
171.99609375,-94.23828125,-39.0625,-3.41796875,-7.32421875
172.0,-100.5859375,-26.3671875,-4.39453125,-28.3203125
172.00390625,-83.49609375,-27.34375,-4.8828125,-16.6015625
172.0078125,-96.19140625,-32.2265625,-0.9765625,-21.484375
172.01171875,-144.53125,-35.15625,-13.18359375,-59.08203125
172.015625,-162.59765625,-34.1796875,-14.16015625,-67.3828125
172.01953125,-134.765625,-35.15625,-21.97265625,-63.4765625
172.0234375,-129.39453125,-34.66796875,-34.66796875,-56.640625
172.02734375,-147.94921875,-40.52734375,-4.8828125,-17.08984375
172.03125,-129.8828125,-65.4296875,16.6015625,11.71875
172.03515625,-77.63671875,-61.03515625,-4.8828125,-26.85546875
172.0390625,-80.56640625,-48.33984375,-22.4609375,-31.25
172.04296875,-123.53515625,-30.76171875,-7.8125,-89.84375
172.046875,-142.08984375,-6.8359375,5.859375,-124.51171875
172.05078125,-114.2578125,-5.859375,-20.01953125,-75.68359375
172.0546875,-106.93359375,-11.23046875,-30.2734375,0.0
172.05859375,-134.27734375,-14.16015625,4.8828125,-31.73828125
172.0625,-108.88671875,-13.671875,21.97265625,-95.703125
172.06640625,-84.47265625,-23.92578125,18.06640625,-39.0625
172.0703125,-96.6796875,-44.921875,24.4140625,-9.765625
172.07421875,-58.59375,-44.43359375,33.203125,-14.6484375
172.078125,-9.27734375,-36.62109375,26.85546875,35.64453125
172.08203125,-22.94921875,-24.90234375,20.99609375,70.80078125
172.0859375,-28.3203125,-21.97265625,19.53125,37.59765625
172.08984375,-20.5078125,-36.62109375,-9.765625,60.05859375
172.09375,8.7890625,-24.90234375,-26.85546875,70.3125
172.09765625,-3.41796875,-7.32421875,-5.37109375,39.55078125
172.1015625,-44.921875,6.8359375,3.41796875,-15.13671875
172.10546875,-44.43359375,-2.9296875,-6.34765625,-29.296875
172.109375,-34.1796875,-20.01953125,-12.20703125,10.25390625
172.11328125,-20.01953125,-16.11328125,-16.11328125,29.296875
172.1171875,0.0,-10.25390625,-14.16015625,37.109375
172.12109375,17.08984375,-14.16015625,-7.8125,100.09765625
172.125,6.8359375,-33.203125,-3.90625,96.19140625
172.12890625,67.3828125,-34.1796875,-18.06640625,76.66015625
172.1328125,93.26171875,-13.18359375,-59.08203125,82.03125
172.13671875,-32.71484375,-11.23046875,-41.9921875,71.77734375
172.140625,-68.359375,-26.85546875,5.37109375,75.68359375
172.14453125,-37.59765625,-23.92578125,18.06640625,84.47265625
172.1484375,-5.37109375,-15.13671875,16.6015625,65.91796875
172.15234375,22.4609375,-16.11328125,-2.9296875,96.6796875
172.15625,32.2265625,-20.99609375,-22.4609375,126.953125
172.16015625,-28.3203125,-26.85546875,-17.08984375,113.76953125
172.1640625,-112.3046875,-31.73828125,-5.859375,102.5390625
172.16796875,-110.3515625,-30.76171875,-9.765625,122.55859375
172.171875,-103.515625,-23.4375,-19.04296875,94.7265625
172.17578125,-116.2109375,-21.97265625,-4.39453125,62.98828125
172.1796875,-110.3515625,-18.06640625,7.8125,73.73046875
172.18359375,-64.453125,-21.97265625,0.9765625,109.86328125
172.1875,-41.50390625,-37.109375,-6.34765625,138.671875
172.19140625,-69.3359375,-32.71484375,-6.34765625,95.21484375
172.1953125,-82.51953125,-15.13671875,-9.765625,82.03125
172.19921875,-39.0625,-3.90625,-22.4609375,100.09765625
172.203125,-50.29296875,-20.01953125,-18.06640625,80.078125
172.20703125,-55.17578125,-31.73828125,-7.8125,78.125
172.2109375,-49.8046875,-31.73828125,-3.90625,74.21875
172.21484375,-69.82421875,-26.3671875,-1.46484375,70.3125
172.21875,-37.59765625,-18.5546875,-3.90625,59.5703125
172.22265625,-35.15625,-21.484375,7.8125,96.19140625
172.2265625,-37.59765625,-22.4609375,-5.859375,135.25390625
172.23046875,-22.94921875,-26.3671875,-35.64453125,30.76171875
172.234375,-20.01953125,-19.04296875,-14.6484375,23.92578125
172.23828125,-25.390625,-17.578125,-2.9296875,72.265625
172.2421875,-38.57421875,-22.94921875,-12.6953125,33.69140625
172.24609375,-27.83203125,-11.23046875,-4.39453125,11.23046875
172.25,-37.109375,-24.4140625,10.7421875,39.0625
172.25390625,-62.5,-50.29296875,24.90234375,29.78515625
172.2578125,-40.0390625,-37.109375,20.99609375,20.5078125
172.26171875,-16.6015625,-14.6484375,1.953125,53.7109375
172.265625,-24.4140625,-21.484375,0.0,73.73046875
172.26953125,-28.80859375,-28.3203125,9.27734375,50.29296875
172.2734375,-52.24609375,-30.2734375,4.39453125,-8.30078125
172.27734375,-49.31640625,-27.34375,0.9765625,-13.671875
172.28125,-56.15234375,-19.53125,-3.41796875,21.97265625
172.28515625,-53.7109375,-12.6953125,-20.5078125,26.3671875
172.2890625,-45.41015625,-19.53125,-5.859375,29.296875
172.29296875,-54.6875,-26.85546875,21.484375,-17.08984375
172.296875,-54.6875,-31.25,18.06640625,-1.953125
172.30078125,-50.29296875,-19.53125,-1.46484375,38.57421875
172.3046875,-56.15234375,-15.13671875,-7.8125,-36.1328125
172.30859375,-94.23828125,-22.94921875,6.34765625,-24.4140625
172.3125,-90.8203125,-25.87890625,19.53125,23.92578125
172.31640625,-71.77734375,-27.34375,30.76171875,-12.20703125
172.3203125,-104.4921875,-22.94921875,25.390625,-47.36328125
172.32421875,-113.28125,-19.53125,13.18359375,-48.828125
172.328125,-88.8671875,-13.671875,23.4375,4.8828125
172.33203125,-64.453125,-1.953125,13.671875,33.69140625
172.3359375,-83.0078125,-6.34765625,-3.41796875,-24.90234375
172.33984375,-117.1875,-20.01953125,3.41796875,-91.30859375
172.34375,-112.79296875,-36.1328125,11.71875,-65.91796875
172.34765625,-115.234375,-40.52734375,1.953125,17.578125
172.3515625,-132.32421875,-20.99609375,-9.27734375,11.71875
172.35546875,-150.390625,2.9296875,-3.90625,-54.19921875
172.359375,-132.32421875,6.34765625,7.32421875,-76.66015625
172.36328125,-124.0234375,-4.8828125,-10.7421875,-56.640625
172.3671875,-116.69921875,-14.6484375,-19.53125,-51.26953125
172.37109375,-112.3046875,-12.6953125,-15.625,-96.6796875
172.375,-124.0234375,-14.6484375,-23.4375,-151.3671875
172.37890625,-128.41796875,-26.3671875,-25.390625,-99.12109375
172.3828125,-106.93359375,-34.1796875,-21.484375,-38.57421875
172.38671875,-152.34375,-42.96875,-23.92578125,-97.65625
172.390625,-163.57421875,-36.62109375,-36.1328125,-113.76953125
172.39453125,-126.46484375,-25.390625,-38.57421875,-79.58984375
172.3984375,-147.4609375,-31.73828125,-24.90234375,-84.47265625
172.40234375,-135.25390625,-41.9921875,-15.625,-99.609375
172.40625,-136.71875,-35.15625,-17.578125,-108.3984375
172.41015625,-178.7109375,-20.01953125,-26.3671875,-121.58203125
172.4140625,-189.94140625,-16.11328125,-35.64453125,-106.93359375
172.41796875,-185.05859375,-15.13671875,-17.578125,-78.61328125
172.421875,-174.8046875,-31.25,-0.9765625,-99.609375
172.42578125,-192.87109375,-44.43359375,-12.6953125,-105.46875
172.4296875,-181.640625,-34.66796875,-24.90234375,-101.07421875
172.43359375,-194.82421875,-31.25,-4.39453125,-90.8203125
172.4375,-239.74609375,-30.76171875,7.32421875,-110.83984375
172.44140625,-212.890625,-27.83203125,-8.30078125,-127.44140625
172.4453125,-192.87109375,-24.90234375,-17.578125,-117.67578125
172.44921875,-162.109375,-15.13671875,-19.04296875,-91.30859375
172.453125,-159.1796875,-8.30078125,-26.3671875,-94.7265625
172.45703125,-182.12890625,-20.01953125,-21.97265625,-81.54296875
172.4609375,-179.6875,-27.34375,-13.18359375,-81.0546875
172.46484375,-167.96875,-24.90234375,-16.6015625,-104.98046875
172.46875,-126.46484375,-9.765625,-27.83203125,-96.6796875
172.47265625,-156.73828125,-17.08984375,-25.390625,-100.09765625
172.4765625,-187.98828125,-32.2265625,-12.20703125,-126.953125
172.48046875,-160.64453125,-27.83203125,-8.7890625,-104.00390625
172.484375,-159.66796875,-20.5078125,-1.953125,-93.75
172.48828125,-179.19921875,-22.4609375,0.48828125,-107.421875
172.4921875,-179.19921875,-35.64453125,-6.8359375,-117.67578125
172.49609375,-169.921875,-35.64453125,-4.8828125,-100.5859375
172.5,-166.9921875,-27.34375,-3.41796875,-71.77734375
172.50390625,-135.7421875,-20.5078125,-2.9296875,-79.1015625
172.5078125,-73.2421875,-13.18359375,-2.44140625,-83.0078125
172.51171875,-80.078125,-21.484375,-2.9296875,-98.14453125
172.515625,-121.09375,-30.76171875,7.8125,-94.7265625
172.51953125,-129.39453125,-30.2734375,14.6484375,-79.58984375
172.5234375,-130.859375,-31.25,-1.953125,-90.8203125
172.52734375,-123.046875,-24.90234375,-9.765625,-70.3125
172.53125,-106.4453125,-21.97265625,-4.39453125,-58.10546875
172.53515625,-85.9375,-29.78515625,-11.23046875,-34.66796875
172.5390625,-91.796875,-23.92578125,-10.7421875,7.32421875
172.54296875,-70.80078125,-10.25390625,-27.83203125,-41.9921875
172.546875,-54.19921875,-17.08984375,-31.25,-87.40234375
172.55078125,-99.609375,-31.25,-13.671875,-104.00390625
172.5546875,-109.375,-32.71484375,-26.3671875,-109.375
172.55859375,-92.7734375,-35.64453125,-31.73828125,-89.35546875
172.5625,-104.4921875,-40.52734375,-19.53125,-62.5
172.56640625,-101.5625,-17.578125,-30.2734375,-45.41015625
172.5703125,-117.1875,-10.7421875,-37.59765625,-79.1015625
172.57421875,-103.02734375,-25.87890625,-13.671875,-89.35546875
172.578125,-86.9140625,-22.4609375,-2.44140625,-71.77734375
172.58203125,-97.16796875,-20.99609375,-10.7421875,-80.078125
172.5859375,-77.1484375,-27.34375,-19.53125,-76.171875
172.58984375,-61.03515625,-26.3671875,-30.2734375,-50.78125
172.59375,-90.8203125,-25.390625,-45.41015625,-67.3828125
172.59765625,-92.7734375,-20.01953125,-52.734375,-109.375
172.6015625,-65.91796875,-18.5546875,-39.0625,-94.7265625
172.60546875,-71.2890625,-25.390625,-27.83203125,-60.05859375
172.609375,-81.54296875,-27.34375,-23.92578125,-57.6171875
172.61328125,-80.078125,-26.85546875,-30.2734375,-94.7265625
172.6171875,-89.35546875,-20.5078125,-37.109375,-108.88671875
172.62109375,-104.4921875,-21.484375,-35.64453125,-118.65234375
172.625,-133.7890625,-31.25,-28.80859375,-106.93359375
172.62890625,-151.85546875,-27.83203125,-15.13671875,-118.1640625
172.6328125,-141.11328125,-29.296875,-13.671875,-170.8984375
172.63671875,-107.91015625,-33.69140625,-21.97265625,-147.4609375
172.640625,-105.95703125,-46.38671875,-49.31640625,-123.53515625
172.64453125,-110.3515625,-46.875,-49.8046875,-118.65234375
172.6484375,-75.68359375,-28.3203125,-37.109375,-137.6953125
172.65234375,-76.66015625,-28.80859375,-44.921875,-55.6640625
172.65625,-97.65625,-23.4375,-52.24609375,-44.921875
172.66015625,-107.421875,-11.71875,-43.45703125,-142.578125
172.6640625,-89.84375,-3.90625,-26.85546875,-127.44140625
172.66796875,-99.12109375,-12.20703125,-12.6953125,-128.41796875
172.671875,-109.375,-24.90234375,-12.6953125,-141.11328125
172.67578125,-83.49609375,-22.94921875,-10.25390625,-113.28125
172.6796875,-53.7109375,-17.08984375,-7.8125,-106.4453125
172.68359375,-32.71484375,-10.7421875,-10.25390625,-104.98046875
172.6875,-41.9921875,-16.6015625,-12.20703125,-80.078125
172.69140625,-48.33984375,-21.97265625,-9.27734375,-35.15625
172.6953125,-90.33203125,-26.3671875,4.8828125,-9.27734375
172.69921875,-95.21484375,-31.25,18.5546875,-83.0078125
172.703125,-84.9609375,-29.78515625,15.625,-140.13671875
172.70703125,-93.75,-31.25,19.04296875,-137.20703125
172.7109375,-89.84375,-38.57421875,37.59765625,-118.1640625
172.71484375,-73.73046875,-45.41015625,37.59765625,-87.40234375
172.71875,-61.5234375,-40.0390625,31.25,-98.6328125
172.72265625,-68.84765625,-32.71484375,25.390625,-53.7109375
172.7265625,-68.359375,-34.1796875,3.41796875,-37.59765625
172.73046875,-42.48046875,-35.64453125,6.8359375,-70.3125
172.734375,-64.94140625,-29.296875,23.4375,-109.86328125
172.73828125,-54.19921875,-19.53125,14.6484375,-79.1015625
172.7421875,-46.875,-36.1328125,12.20703125,-91.796875
172.74609375,-65.4296875,-42.48046875,20.01953125,-117.67578125
172.75,-34.1796875,-34.66796875,18.06640625,-71.77734375
172.75390625,-35.64453125,-31.73828125,20.99609375,-62.5
172.7578125,-36.1328125,-32.2265625,16.6015625,-97.16796875
172.76171875,-23.92578125,-31.25,9.765625,-94.7265625
172.765625,0.0,-26.3671875,-2.9296875,-30.76171875
172.76953125,39.55078125,-24.90234375,-20.99609375,-31.73828125
172.7734375,45.41015625,-28.80859375,-23.92578125,-65.91796875
172.77734375,27.34375,-31.73828125,-2.9296875,-21.97265625
172.78125,28.80859375,-28.3203125,17.08984375,-40.0390625
172.78515625,26.3671875,-25.87890625,5.859375,-113.28125
172.7890625,19.53125,-27.34375,-16.6015625,-69.3359375
172.79296875,16.6015625,-24.4140625,-8.7890625,-26.85546875
172.796875,19.04296875,-21.484375,7.8125,-48.828125
172.80078125,18.5546875,-22.4609375,13.18359375,-73.73046875
172.8046875,10.25390625,-22.4609375,11.71875,-57.6171875
172.80859375,16.6015625,-13.671875,10.25390625,-42.96875
172.8125,12.6953125,-8.30078125,8.30078125,-25.390625
172.81640625,13.671875,-6.34765625,9.765625,14.6484375
172.8203125,23.92578125,-8.7890625,1.953125,2.9296875
172.82421875,41.50390625,-9.27734375,-14.6484375,-2.9296875
172.828125,40.52734375,-2.44140625,-16.11328125,-19.04296875
172.83203125,6.34765625,-7.32421875,-7.8125,-31.25
172.8359375,0.0,-10.7421875,0.9765625,-34.66796875
172.83984375,29.78515625,-17.08984375,-2.44140625,-52.734375
172.84375,32.71484375,-13.18359375,-16.6015625,-22.4609375
172.84765625,17.578125,-9.765625,-33.69140625,25.87890625
172.8515625,-5.37109375,-22.94921875,-21.97265625,9.765625
172.85546875,-1.953125,-28.3203125,-2.44140625,-26.85546875
172.859375,16.11328125,-33.203125,-5.37109375,-50.29296875
172.86328125,17.578125,-23.4375,-9.765625,-24.90234375
172.8671875,2.9296875,-17.08984375,-5.859375,-5.37109375
172.87109375,0.9765625,-17.578125,-13.18359375,-0.48828125
172.875,10.7421875,-18.06640625,-37.59765625,-31.25
172.87890625,-5.37109375,-19.53125,-33.203125,-57.6171875
172.8828125,-18.5546875,-13.671875,-12.6953125,-25.87890625
172.88671875,-15.13671875,-17.578125,-14.6484375,-41.9921875
172.890625,-11.71875,-28.3203125,-13.671875,-49.31640625
172.89453125,-27.34375,-31.25,-13.18359375,-38.0859375
172.8984375,5.859375,-20.99609375,-27.83203125,0.48828125
172.90234375,-18.06640625,-10.7421875,-37.59765625,-19.04296875
172.90625,-58.59375,-9.27734375,-29.296875,-54.19921875
172.91015625,-41.50390625,-8.30078125,-17.578125,-27.34375
172.9140625,-35.15625,-10.25390625,-4.39453125,-30.76171875
172.91796875,-15.625,-19.53125,1.953125,-29.78515625
172.921875,-5.37109375,-18.06640625,2.44140625,-26.85546875
172.92578125,6.8359375,-14.16015625,-1.46484375,-13.18359375
172.9296875,-10.7421875,-16.11328125,-10.7421875,-56.640625
172.93359375,-21.97265625,-17.578125,-11.23046875,-38.0859375
172.9375,-4.39453125,-17.578125,-8.30078125,-29.296875
172.94140625,3.90625,-18.06640625,0.0,-28.3203125
172.9453125,21.484375,-21.97265625,-1.46484375,8.30078125
172.94921875,29.296875,-15.625,-17.08984375,2.9296875
172.953125,-1.46484375,-7.32421875,-19.04296875,-20.01953125
172.95703125,-40.0390625,-13.18359375,-5.859375,-45.41015625
172.9609375,-42.96875,-4.39453125,-17.578125,-73.73046875
172.96484375,-15.625,10.7421875,-28.3203125,-79.1015625
172.96875,-21.484375,0.9765625,-17.578125,-71.77734375
172.97265625,-22.94921875,-7.8125,-13.671875,-18.06640625
172.9765625,-9.765625,-14.6484375,-27.83203125,-41.015625
172.98046875,-42.48046875,-16.6015625,-45.41015625,-108.88671875
172.984375,-73.73046875,-2.44140625,-40.52734375,-120.1171875
172.98828125,-33.69140625,17.578125,-25.87890625,-82.03125
172.9921875,-12.20703125,12.20703125,-37.109375,-71.2890625
172.99609375,-15.13671875,-2.9296875,-45.41015625,-77.63671875
173.0,-2.9296875,-2.9296875,-33.203125,-29.78515625
173.00390625,3.90625,0.48828125,-33.203125,-11.23046875
173.0078125,1.953125,1.46484375,-31.73828125,-55.6640625
173.01171875,1.46484375,0.0,-36.62109375,-74.70703125
173.015625,12.20703125,-11.71875,-58.59375,-61.03515625
173.01953125,0.0,-15.13671875,-45.41015625,-26.85546875
173.0234375,-7.8125,-1.953125,-11.71875,-28.3203125
173.02734375,0.9765625,5.859375,-1.46484375,-26.85546875
173.03125,8.30078125,5.859375,-13.18359375,4.8828125
173.03515625,2.9296875,7.32421875,-18.06640625,-0.48828125
173.0390625,12.6953125,9.765625,-8.7890625,-10.25390625
173.04296875,24.90234375,16.11328125,-5.859375,-42.96875
173.046875,-9.765625,16.6015625,-10.25390625,-41.015625
173.05078125,-25.390625,9.765625,-8.30078125,-21.97265625
173.0546875,1.953125,7.32421875,-5.37109375,-29.78515625
173.05859375,18.5546875,2.9296875,-19.53125,-7.32421875
173.0625,17.08984375,-4.39453125,-30.76171875,-10.7421875
173.06640625,20.99609375,-5.859375,-12.6953125,-20.99609375
173.0703125,35.15625,-5.37109375,1.953125,-15.625
173.07421875,30.2734375,2.9296875,4.39453125,-17.08984375
173.078125,15.625,3.90625,8.30078125,-25.390625
173.08203125,34.1796875,-0.9765625,3.90625,-20.99609375
173.0859375,46.875,4.8828125,-0.9765625,1.953125
173.08984375,36.1328125,2.9296875,-6.34765625,11.71875
173.09375,30.76171875,-0.48828125,-22.4609375,-14.16015625
173.09765625,27.83203125,-1.953125,-27.34375,-20.01953125
173.1015625,20.01953125,-7.32421875,-27.83203125,8.30078125
173.10546875,20.5078125,-12.20703125,-14.6484375,-16.6015625
173.109375,15.625,-15.13671875,-7.32421875,-50.29296875
173.11328125,14.6484375,-13.18359375,-30.2734375,-43.45703125
173.1171875,9.27734375,-15.625,-37.59765625,-21.484375
173.12109375,-1.46484375,-25.390625,-14.16015625,-33.69140625
173.125,-6.8359375,-24.90234375,0.48828125,-51.26953125
173.12890625,-15.13671875,-17.08984375,6.8359375,-64.453125
173.1328125,-35.64453125,-14.6484375,11.71875,-83.0078125
173.13671875,-55.6640625,-15.625,4.39453125,-89.35546875
173.140625,-62.01171875,-23.92578125,-7.32421875,-79.1015625
173.14453125,-69.82421875,-16.6015625,-11.71875,-94.7265625
173.1484375,-82.51953125,-5.859375,-4.39453125,-107.91015625
173.15234375,-66.89453125,-12.6953125,7.32421875,-94.23828125
173.15625,-81.0546875,-23.92578125,3.41796875,-91.796875
173.16015625,-108.3984375,-15.13671875,2.9296875,-100.09765625
173.1640625,-101.07421875,-13.671875,6.8359375,-136.23046875
173.16796875,-103.02734375,-31.25,-4.8828125,-176.26953125
173.171875,-143.06640625,-32.71484375,-33.69140625,-201.66015625
173.17578125,-182.6171875,-6.8359375,-42.48046875,-225.09765625
173.1796875,-186.5234375,-0.48828125,-28.3203125,-235.3515625
173.18359375,-138.18359375,-23.4375,-17.08984375,-180.6640625
173.1875,-132.8125,-18.06640625,-20.99609375,-154.78515625
173.19140625,-142.08984375,-41.9921875,-8.30078125,-133.7890625
173.1953125,-114.74609375,-46.38671875,-12.20703125,-133.7890625
173.19921875,-116.2109375,-39.0625,-14.6484375,-160.15625
173.203125,-148.4375,-24.4140625,-1.953125,-123.046875
173.20703125,-132.32421875,4.8828125,5.859375,-97.16796875
173.2109375,-125.48828125,4.8828125,7.8125,-116.69921875
173.21484375,-138.671875,0.0,-10.7421875,-111.81640625
173.21875,-116.2109375,-1.953125,-30.2734375,-61.5234375
173.22265625,-70.80078125,-11.23046875,-15.625,-41.50390625
173.2265625,-52.734375,-17.578125,-8.30078125,-108.3984375
173.23046875,-59.08203125,-16.11328125,-3.41796875,-101.07421875
173.234375,-36.1328125,-20.99609375,7.8125,-30.76171875
173.23828125,-43.9453125,-17.578125,4.8828125,-47.36328125
173.2421875,-56.640625,-2.9296875,2.9296875,-66.89453125
173.24609375,-34.1796875,12.20703125,0.0,-52.24609375
173.25,-8.30078125,12.6953125,-21.97265625,-50.78125
173.25390625,-3.90625,-2.44140625,-1.953125,-39.0625
173.2578125,-16.11328125,0.48828125,9.27734375,-14.6484375
173.26171875,-5.859375,6.34765625,-11.23046875,26.3671875
173.265625,-14.6484375,-5.859375,9.765625,39.55078125
173.26953125,-6.8359375,-2.9296875,28.3203125,15.13671875
173.2734375,12.20703125,-0.48828125,29.78515625,-39.0625
173.27734375,22.94921875,-7.8125,27.83203125,-33.203125
173.28125,29.296875,-6.8359375,8.30078125,-6.34765625
173.28515625,24.4140625,-2.44140625,3.90625,-5.859375
173.2890625,15.13671875,-3.90625,23.92578125,29.78515625
173.29296875,37.109375,-2.9296875,20.5078125,22.94921875
173.296875,37.59765625,-8.30078125,2.44140625,9.27734375
173.30078125,29.296875,-6.8359375,10.7421875,17.578125
173.3046875,36.62109375,-19.04296875,9.765625,18.06640625
173.30859375,51.7578125,-11.23046875,0.9765625,24.90234375
173.3125,75.68359375,15.625,1.953125,49.8046875
173.31640625,69.3359375,2.9296875,-3.90625,63.4765625
173.3203125,36.1328125,-13.18359375,-12.6953125,7.8125
173.32421875,7.32421875,-13.18359375,1.46484375,7.32421875
173.328125,22.4609375,-8.30078125,17.08984375,30.2734375
173.33203125,20.01953125,-6.34765625,17.578125,33.69140625
173.3359375,12.6953125,-21.484375,25.390625,38.57421875
173.33984375,36.1328125,-33.203125,29.78515625,17.578125
173.34375,23.92578125,-17.08984375,19.53125,48.33984375
173.34765625,23.4375,-3.90625,1.953125,61.5234375
173.3515625,41.9921875,-9.765625,-5.859375,23.92578125
173.35546875,39.55078125,-21.97265625,-1.953125,-10.7421875
173.359375,36.62109375,-23.92578125,9.765625,17.578125
173.36328125,48.828125,-11.71875,15.625,37.59765625
173.3671875,41.50390625,-0.48828125,6.34765625,35.64453125
173.37109375,34.1796875,-7.8125,12.6953125,64.453125
173.375,34.66796875,-14.16015625,7.8125,95.21484375
173.37890625,34.1796875,-23.92578125,-15.625,105.46875
173.3828125,7.32421875,-23.4375,-20.01953125,57.12890625
173.38671875,24.90234375,-25.390625,-7.8125,28.80859375
173.390625,48.828125,-28.3203125,7.8125,43.45703125
173.39453125,20.99609375,-18.5546875,0.48828125,26.3671875
173.3984375,0.48828125,-19.53125,-8.7890625,32.71484375
173.40234375,20.5078125,-20.99609375,-5.37109375,24.90234375
173.40625,55.17578125,-20.5078125,-26.3671875,-1.953125
173.41015625,34.66796875,-18.06640625,-29.78515625,20.5078125
173.4140625,11.71875,-19.04296875,-13.671875,59.08203125
173.41796875,20.01953125,-17.578125,-11.71875,32.2265625
173.421875,1.953125,-21.484375,-10.7421875,-20.01953125
173.42578125,-16.11328125,-26.85546875,-9.765625,-19.04296875
173.4296875,-2.9296875,-24.4140625,-10.25390625,7.8125
173.43359375,18.5546875,-24.4140625,-19.04296875,23.4375
173.4375,5.37109375,-32.71484375,-21.97265625,0.0
173.44140625,-17.08984375,-36.1328125,-17.578125,38.0859375
173.4453125,2.9296875,-26.3671875,-13.18359375,47.8515625
173.44921875,-16.11328125,-30.2734375,-15.13671875,-0.48828125
173.453125,-22.4609375,-31.73828125,-22.4609375,-3.41796875
173.45703125,-17.08984375,-22.4609375,-23.92578125,8.7890625
173.4609375,-18.06640625,-14.16015625,-39.0625,3.90625
173.46484375,-0.48828125,-8.7890625,-56.15234375,15.625
173.46875,-7.8125,-13.18359375,-37.59765625,24.4140625
173.47265625,-6.34765625,-15.625,-29.296875,20.99609375
173.4765625,20.99609375,-22.4609375,-42.96875,29.296875
173.48046875,3.41796875,-31.73828125,-31.73828125,8.30078125
173.484375,-26.85546875,-27.34375,-32.2265625,-16.6015625
173.48828125,-15.625,-26.3671875,-42.48046875,16.11328125
173.4921875,-6.34765625,-29.296875,-26.3671875,13.18359375
173.49609375,-8.30078125,-25.390625,-20.01953125,-2.9296875
173.5,-6.34765625,-32.2265625,-28.80859375,18.06640625
173.50390625,-2.9296875,-30.76171875,-32.2265625,19.04296875
173.5078125,-3.41796875,-14.6484375,-41.50390625,15.625
173.51171875,-16.6015625,-7.32421875,-50.29296875,19.53125
173.515625,-19.04296875,-12.20703125,-34.1796875,-0.48828125
173.51953125,-19.53125,-15.625,-16.11328125,-4.8828125
173.5234375,-16.6015625,-12.20703125,-18.5546875,-2.9296875
173.52734375,-22.94921875,-17.578125,-26.85546875,0.0
173.53125,-10.7421875,-21.484375,-30.2734375,28.3203125
173.53515625,6.8359375,-28.3203125,-44.921875,32.71484375
173.5390625,14.6484375,-24.4140625,-44.921875,30.2734375
173.54296875,27.34375,-25.390625,-31.73828125,47.36328125
173.546875,16.6015625,-20.01953125,-31.25,16.11328125
173.55078125,24.4140625,-16.11328125,-38.0859375,-19.04296875
173.5546875,11.71875,-34.1796875,-37.59765625,10.25390625
173.55859375,-25.390625,-38.0859375,-24.4140625,24.90234375
173.5625,-11.23046875,-28.3203125,-20.01953125,-31.25
173.56640625,-10.25390625,-23.4375,-32.2265625,-48.828125
173.5703125,-11.71875,-19.53125,-40.0390625,-48.33984375
173.57421875,6.34765625,-22.4609375,-49.8046875,-48.33984375
173.578125,16.6015625,-22.94921875,-56.15234375,-0.9765625
173.58203125,36.62109375,-8.7890625,-39.55078125,12.6953125
173.5859375,3.41796875,-14.16015625,-26.3671875,-31.25
173.58984375,-32.2265625,-24.90234375,-19.53125,-24.90234375
173.59375,-18.06640625,-27.34375,-13.671875,-4.8828125
173.59765625,-10.25390625,-24.90234375,-10.25390625,-2.44140625
173.6015625,5.859375,-11.23046875,-25.87890625,13.671875
173.60546875,10.7421875,-14.16015625,-41.9921875,14.16015625
173.609375,-8.30078125,-24.90234375,-29.78515625,13.18359375
173.61328125,-0.9765625,-21.484375,-20.5078125,20.01953125
173.6171875,6.8359375,-15.13671875,-22.4609375,29.296875
173.62109375,-10.7421875,-12.20703125,-20.01953125,26.85546875
173.625,-8.30078125,-11.71875,-28.3203125,67.3828125
173.62890625,-6.8359375,-17.08984375,-32.2265625,42.96875
173.6328125,-4.39453125,-31.73828125,-22.4609375,-31.25
173.63671875,9.27734375,-23.92578125,-9.765625,-14.16015625
173.640625,-2.44140625,-18.06640625,-10.25390625,-3.90625
173.64453125,-17.578125,-18.5546875,-26.3671875,-33.69140625
173.6484375,-14.6484375,-7.8125,-32.2265625,-30.2734375
173.65234375,5.37109375,-9.27734375,-16.6015625,25.390625
173.65625,15.13671875,-18.5546875,-22.94921875,18.5546875
173.66015625,7.32421875,-16.6015625,-28.3203125,1.46484375
173.6640625,15.625,-7.32421875,-21.97265625,24.4140625
173.66796875,12.6953125,-15.13671875,-27.83203125,51.7578125
173.671875,-5.859375,-22.4609375,-25.390625,30.2734375
173.67578125,-6.8359375,-15.13671875,-26.85546875,-31.73828125
173.6796875,6.34765625,-13.18359375,-28.3203125,-54.19921875
173.68359375,-8.7890625,-18.5546875,-26.85546875,-2.9296875
173.6875,-0.9765625,-20.99609375,-31.25,2.9296875
173.69140625,20.5078125,-18.5546875,-34.66796875,-7.8125
173.6953125,30.76171875,-15.13671875,-53.22265625,9.27734375
173.69921875,21.484375,-14.6484375,-49.31640625,5.37109375
173.703125,4.39453125,-19.04296875,-32.71484375,-14.16015625
173.70703125,21.484375,-25.390625,-31.25,13.18359375
173.7109375,0.48828125,-26.3671875,-29.296875,62.98828125
173.71484375,-11.71875,-28.80859375,-31.25,22.94921875
173.71875,24.90234375,-29.296875,-33.69140625,-13.671875
173.72265625,-1.953125,-39.0625,-19.53125,-29.296875
173.7265625,-41.015625,-39.0625,-18.5546875,-48.33984375
173.73046875,-36.1328125,-28.3203125,-29.296875,-34.66796875
173.734375,-26.85546875,-23.92578125,-33.203125,4.39453125
173.73828125,-8.30078125,-19.04296875,-43.45703125,9.765625
173.7421875,10.7421875,-24.90234375,-53.22265625,-3.90625
173.74609375,1.46484375,-41.015625,-38.0859375,10.25390625
173.75,-15.13671875,-47.8515625,-34.1796875,15.625
173.75390625,-4.39453125,-36.1328125,-29.296875,3.90625
173.7578125,-23.92578125,-31.25,-27.83203125,-17.08984375
173.76171875,-73.73046875,-30.76171875,-38.0859375,-33.69140625
173.765625,-84.9609375,-27.83203125,-33.203125,-32.71484375
173.76953125,-65.91796875,-19.04296875,-46.875,-1.953125
173.7734375,-58.59375,-22.94921875,-62.01171875,-16.6015625
173.77734375,-52.734375,-38.57421875,-36.1328125,-17.578125
173.78125,-39.55078125,-41.50390625,-10.25390625,-11.71875
173.78515625,-27.83203125,-40.52734375,-11.23046875,-39.55078125
173.7890625,-51.26953125,-47.36328125,-17.578125,-32.71484375
173.79296875,-52.24609375,-37.109375,-20.01953125,-27.83203125
173.796875,-50.29296875,-22.94921875,-36.62109375,-41.015625
173.80078125,-41.015625,-27.34375,-52.734375,-28.3203125
173.8046875,-41.50390625,-36.1328125,-40.52734375,-41.50390625
173.80859375,-44.921875,-36.62109375,-32.2265625,-66.40625
173.8125,-41.9921875,-34.66796875,-26.85546875,-58.59375
173.81640625,-63.4765625,-34.66796875,-17.08984375,-30.2734375
173.8203125,-59.5703125,-36.1328125,-19.53125,-31.73828125
173.82421875,-35.64453125,-46.38671875,-25.87890625,-54.6875
173.828125,-70.80078125,-47.36328125,-40.52734375,-49.8046875
173.83203125,-100.5859375,-28.3203125,-37.109375,-43.45703125
173.8359375,-73.73046875,-16.6015625,-40.0390625,-48.33984375
173.83984375,-22.94921875,-12.20703125,-61.5234375,-49.8046875
173.84375,-39.0625,-22.4609375,-47.36328125,-65.4296875
173.84765625,-67.87109375,-28.80859375,-31.25,-66.40625
173.8515625,-25.87890625,-18.5546875,-17.08984375,-32.2265625
173.85546875,-28.80859375,-28.3203125,-13.18359375,3.90625
173.859375,-63.4765625,-40.0390625,-11.23046875,-16.11328125
173.86328125,-70.3125,-33.203125,-9.27734375,-74.70703125
173.8671875,-79.1015625,-25.390625,-11.23046875,-86.42578125
173.87109375,-65.91796875,-29.296875,-25.87890625,-33.203125
173.875,-28.3203125,-25.87890625,-40.52734375,0.9765625
173.87890625,-36.62109375,-21.97265625,-30.2734375,-35.15625
173.8828125,-68.84765625,-28.80859375,-20.01953125,-47.8515625
173.88671875,-51.26953125,-25.87890625,-21.484375,-20.01953125
173.890625,-41.50390625,-37.109375,-25.87890625,-16.11328125
173.89453125,-50.29296875,-45.8984375,-26.3671875,-37.59765625
173.8984375,-53.7109375,-35.64453125,-23.4375,-38.57421875
173.90234375,-65.91796875,-36.62109375,-23.92578125,-3.90625
173.90625,-58.59375,-34.66796875,-35.64453125,-49.31640625
173.91015625,-18.5546875,-15.625,-46.875,-72.75390625
173.9140625,-23.4375,-20.5078125,-51.26953125,-41.015625
173.91796875,-24.4140625,-28.80859375,-40.52734375,-35.64453125
173.921875,-1.46484375,-22.94921875,-29.296875,-35.64453125
173.92578125,-2.9296875,-22.94921875,-31.25,-4.39453125
173.9296875,-12.20703125,-26.85546875,-26.85546875,-3.41796875
173.93359375,-30.76171875,-35.64453125,-22.4609375,-48.828125
173.9375,-27.34375,-32.71484375,-23.92578125,-49.8046875
173.94140625,0.0,-24.90234375,-21.97265625,-16.6015625
173.9453125,-11.23046875,-26.3671875,-27.83203125,3.90625
173.94921875,-14.16015625,-23.4375,-34.66796875,-22.94921875
173.953125,-1.953125,-27.34375,-29.78515625,-49.8046875
173.95703125,6.34765625,-28.80859375,-20.99609375,-31.25
173.9609375,-3.90625,-19.53125,-25.87890625,-34.66796875
173.96484375,-35.64453125,-15.13671875,-32.2265625,-43.45703125
173.96875,-26.85546875,-9.27734375,-31.25,-8.7890625
173.97265625,8.7890625,-11.23046875,-33.203125,11.23046875
173.9765625,-16.6015625,-21.484375,-26.85546875,-40.52734375
173.98046875,-25.87890625,-27.83203125,-19.53125,-26.3671875
173.984375,-5.859375,-29.296875,-30.76171875,16.6015625
173.98828125,-33.69140625,-28.80859375,-32.71484375,-4.8828125
173.9921875,-30.2734375,-28.80859375,-25.390625,-21.97265625
173.99609375,-14.16015625,-28.80859375,-22.4609375,-29.78515625
174.0,-5.37109375,-25.87890625,-35.15625,-41.50390625
174.00390625,-6.8359375,-19.53125,-30.76171875,-12.6953125
174.0078125,-17.08984375,-12.6953125,-22.94921875,48.33984375
174.01171875,-0.9765625,-2.9296875,-46.38671875,14.16015625
174.015625,-3.41796875,-13.18359375,-40.52734375,-21.484375
174.01953125,-7.8125,-25.390625,-36.62109375,-3.90625
174.0234375,-2.9296875,-23.92578125,-39.55078125,-33.203125
174.02734375,-20.01953125,-24.90234375,-17.578125,-24.4140625
174.03125,-4.39453125,-23.92578125,-5.859375,5.37109375
174.03515625,-54.19921875,-24.4140625,-19.04296875,5.37109375
174.0390625,-118.65234375,-21.97265625,-26.85546875,1.46484375
174.04296875,-130.37109375,-20.5078125,-24.90234375,-5.859375
174.046875,-112.79296875,-29.78515625,-22.94921875,3.90625
174.05078125,-107.421875,-32.71484375,-16.11328125,11.71875
174.0546875,-108.3984375,-21.484375,-23.4375,-15.13671875
174.05859375,-58.10546875,-21.97265625,-36.1328125,12.20703125
174.0625,-62.01171875,-39.55078125,-28.80859375,12.20703125
174.06640625,-74.21875,-29.78515625,-14.16015625,-0.9765625
174.0703125,-63.4765625,-27.83203125,-9.765625,11.71875
174.07421875,-63.96484375,-31.25,-15.13671875,14.16015625
174.078125,-55.17578125,-24.90234375,-32.71484375,-3.90625
174.08203125,-59.5703125,-24.90234375,-25.87890625,8.7890625
174.0859375,-62.98828125,-20.01953125,-23.92578125,33.203125
174.08984375,-64.453125,-22.4609375,-38.57421875,31.73828125
174.09375,-39.0625,-22.4609375,-29.78515625,32.2265625
174.09765625,-32.71484375,-21.484375,-25.390625,0.0
174.1015625,-31.25,-28.80859375,-21.484375,3.90625
174.10546875,-27.83203125,-22.4609375,-33.69140625,41.50390625
174.109375,-14.6484375,-23.92578125,-41.50390625,35.64453125
174.11328125,-12.6953125,-27.34375,-24.90234375,39.55078125
174.1171875,-33.69140625,-19.04296875,-25.390625,54.19921875
174.12109375,-35.64453125,-15.13671875,-21.484375,26.85546875
174.125,-28.3203125,-22.4609375,-20.99609375,22.94921875
174.12890625,-7.32421875,-30.2734375,-24.4140625,6.34765625
174.1328125,-13.671875,-24.4140625,-22.4609375,-19.53125
174.13671875,-27.83203125,-21.97265625,-22.94921875,-1.953125
174.140625,-20.5078125,-26.85546875,-21.97265625,-10.25390625
174.14453125,-28.3203125,-21.484375,-25.87890625,-0.48828125
174.1484375,-24.4140625,-7.8125,-36.1328125,44.43359375
174.15234375,-25.390625,-5.859375,-50.78125,33.203125
174.15625,-28.80859375,-22.4609375,-30.2734375,24.90234375
174.16015625,-19.04296875,-28.3203125,-12.20703125,29.78515625
174.1640625,-32.2265625,-27.34375,-7.8125,25.87890625
174.16796875,-21.97265625,-29.78515625,-0.48828125,42.96875
174.171875,-32.2265625,-19.04296875,-15.625,47.36328125
174.17578125,-62.98828125,-10.7421875,-34.1796875,28.3203125
174.1796875,-57.6171875,-12.20703125,-39.0625,13.18359375
174.18359375,-36.62109375,-5.37109375,-28.3203125,4.8828125
174.1875,-23.4375,-12.20703125,-15.625,14.16015625
174.19140625,-26.3671875,-17.08984375,-14.16015625,5.859375
174.1953125,-26.85546875,-9.27734375,-20.99609375,16.11328125
174.19921875,-37.59765625,-13.18359375,-26.85546875,33.203125
174.203125,-40.52734375,-23.4375,-18.5546875,20.01953125
174.20703125,-21.97265625,-33.69140625,-9.765625,25.390625
174.2109375,0.9765625,-33.69140625,-4.39453125,29.78515625
174.21484375,0.9765625,-25.390625,-8.7890625,40.52734375
174.21875,-3.41796875,-18.06640625,-19.04296875,61.5234375
174.22265625,6.34765625,-11.71875,-23.4375,40.52734375
174.2265625,-2.9296875,-6.34765625,-29.78515625,16.11328125
174.23046875,-13.18359375,-7.8125,-20.01953125,21.97265625
174.234375,-13.671875,-22.94921875,-11.71875,55.6640625
174.23828125,3.90625,-27.83203125,-13.671875,69.82421875
174.2421875,-17.578125,-20.01953125,-13.18359375,32.2265625
174.24609375,-25.87890625,-19.53125,-29.78515625,23.92578125
174.25,-14.6484375,-30.2734375,-40.52734375,-9.27734375
174.25390625,-23.92578125,-31.25,-23.92578125,-14.16015625
174.2578125,0.0,-12.6953125,-18.5546875,2.44140625
174.26171875,19.04296875,-8.30078125,-21.97265625,-15.13671875
174.265625,9.27734375,-16.6015625,-29.296875,-5.859375
174.26953125,6.8359375,-20.01953125,-30.76171875,13.671875
174.2734375,3.41796875,-28.80859375,-17.08984375,11.23046875
174.27734375,3.90625,-28.80859375,-10.25390625,-23.4375
174.28125,1.953125,-20.5078125,-20.99609375,-22.4609375
174.28515625,-5.37109375,-18.06640625,-25.390625,-12.6953125
174.2890625,-12.20703125,-14.6484375,-26.3671875,-62.98828125
174.29296875,-4.39453125,-11.71875,-15.13671875,-55.17578125
174.296875,21.484375,-9.27734375,-8.30078125,-8.30078125
174.30078125,20.5078125,-16.11328125,-21.484375,-21.484375
174.3046875,-1.46484375,-38.0859375,-26.85546875,-32.2265625
174.30859375,-11.23046875,-39.55078125,-23.92578125,-14.6484375
174.3125,24.4140625,-42.96875,-21.484375,-20.5078125
174.31640625,2.44140625,-54.19921875,-24.90234375,-21.97265625
174.3203125,-9.27734375,-46.38671875,-19.53125,0.0
174.32421875,-13.18359375,-36.1328125,-14.6484375,6.34765625
174.328125,-35.64453125,-28.3203125,-15.13671875,-25.87890625
174.33203125,-4.8828125,-17.08984375,-9.27734375,-59.08203125
174.3359375,3.41796875,-24.4140625,-7.8125,-53.7109375
174.33984375,10.25390625,-32.2265625,-22.94921875,-23.4375
174.34375,20.5078125,-23.4375,-39.55078125,-6.8359375
174.34765625,6.8359375,-30.2734375,-32.2265625,-15.625
174.3515625,11.71875,-40.52734375,-15.625,-33.203125
174.35546875,11.71875,-33.69140625,-18.06640625,-51.7578125
174.359375,-2.9296875,-33.69140625,-27.34375,-20.01953125
174.36328125,-22.94921875,-34.66796875,-24.90234375,-17.578125
174.3671875,-20.01953125,-33.69140625,-13.18359375,-51.26953125
174.37109375,-10.7421875,-35.64453125,-4.8828125,-21.97265625
174.375,7.8125,-39.0625,-6.34765625,11.23046875
174.37890625,7.32421875,-32.71484375,-19.53125,3.90625
174.3828125,6.8359375,-20.01953125,-24.4140625,-5.37109375
174.38671875,13.671875,-23.4375,-14.6484375,6.8359375
174.390625,32.2265625,-29.78515625,-10.7421875,2.44140625
174.39453125,43.45703125,-22.94921875,-38.0859375,-23.4375
174.3984375,18.06640625,-14.6484375,-48.828125,-4.39453125
174.40234375,16.6015625,-22.4609375,-18.5546875,35.15625
174.40625,14.16015625,-16.6015625,-7.32421875,11.71875
174.41015625,-4.39453125,-23.4375,-8.7890625,-3.90625
174.4140625,-3.41796875,-30.76171875,-1.953125,-9.765625
174.41796875,3.90625,-21.97265625,-14.16015625,37.59765625
174.421875,0.0,-29.78515625,-14.6484375,71.77734375
174.42578125,9.27734375,-41.50390625,3.41796875,41.015625
174.4296875,0.9765625,-42.96875,3.41796875,37.59765625
174.43359375,-0.9765625,-41.015625,-3.90625,48.33984375
174.4375,8.7890625,-48.33984375,-10.7421875,50.78125
174.44140625,-5.37109375,-43.9453125,-13.671875,64.453125
174.4453125,2.9296875,-32.2265625,-11.23046875,62.98828125
174.44921875,29.296875,-35.64453125,-8.7890625,58.59375
174.453125,20.99609375,-27.34375,-15.625,74.70703125
174.45703125,0.0,-23.92578125,-11.71875,51.26953125
174.4609375,-1.46484375,-26.85546875,2.44140625,43.45703125
174.46484375,0.0,-33.203125,3.90625,50.78125
174.46875,-10.7421875,-42.48046875,0.0,32.2265625
174.47265625,-4.8828125,-45.8984375,-0.9765625,32.71484375
174.4765625,-9.765625,-43.9453125,0.9765625,45.41015625
174.48046875,-26.85546875,-38.0859375,3.41796875,39.55078125
174.484375,-12.20703125,-32.71484375,-1.953125,43.45703125
174.48828125,5.859375,-34.1796875,-8.30078125,52.24609375
174.4921875,11.71875,-35.64453125,-17.08984375,80.56640625
174.49609375,19.04296875,-36.1328125,-11.23046875,70.80078125
174.5,5.37109375,-37.109375,7.8125,-4.8828125
174.50390625,13.671875,-31.73828125,17.08984375,0.48828125
174.5078125,12.20703125,-29.296875,8.30078125,5.859375
174.51171875,5.37109375,-36.1328125,-5.37109375,-9.765625
174.515625,7.8125,-35.15625,-22.94921875,2.44140625
174.51953125,9.27734375,-36.1328125,-22.94921875,-6.34765625
174.5234375,8.7890625,-34.66796875,-6.34765625,-45.41015625
174.52734375,-4.39453125,-37.109375,-1.46484375,-59.08203125
174.53125,-2.9296875,-35.64453125,-4.39453125,-54.19921875
174.53515625,-16.6015625,-33.203125,2.44140625,-31.73828125
174.5390625,-2.44140625,-42.48046875,-3.90625,-25.87890625
174.54296875,5.37109375,-40.0390625,-11.23046875,-25.87890625
174.546875,-13.18359375,-25.390625,-9.765625,-22.94921875
174.55078125,-10.25390625,-26.85546875,-16.6015625,-50.78125
174.5546875,-12.6953125,-30.76171875,-34.1796875,-39.0625
174.55859375,3.90625,-29.296875,-36.1328125,-9.27734375
174.5625,-1.46484375,-34.66796875,-21.484375,-47.8515625
174.56640625,-13.671875,-42.96875,-16.11328125,-44.43359375
174.5703125,7.32421875,-42.48046875,-19.53125,-29.78515625
174.57421875,1.953125,-22.94921875,-30.2734375,-18.5546875
174.578125,-8.7890625,-15.13671875,-26.85546875,-14.6484375
174.58203125,-17.08984375,-20.01953125,-17.08984375,-59.08203125
174.5859375,-26.3671875,-24.4140625,-15.13671875,-44.43359375
174.58984375,-10.25390625,-17.08984375,-11.71875,-20.99609375
174.59375,-11.71875,-15.625,-15.625,-63.96484375
174.59765625,-47.8515625,-28.80859375,-23.92578125,-80.56640625
174.6015625,-26.85546875,-31.25,-27.34375,-57.6171875
174.60546875,8.30078125,-24.90234375,-20.5078125,-60.546875
174.609375,-30.76171875,-27.34375,-10.7421875,-63.96484375
174.61328125,-39.55078125,-30.2734375,-14.16015625,-86.42578125
174.6171875,-3.90625,-25.390625,-24.90234375,-74.21875
174.62109375,11.71875,-13.18359375,-34.1796875,-41.50390625
174.625,-16.11328125,-18.5546875,-32.2265625,-83.0078125
174.62890625,-34.1796875,-26.85546875,-20.01953125,-109.86328125
174.6328125,-22.4609375,-28.80859375,-12.20703125,-78.125
174.63671875,-26.85546875,-23.92578125,-22.4609375,-50.78125
174.640625,-48.828125,-20.01953125,-23.92578125,-74.21875
174.64453125,-29.296875,-24.90234375,-11.23046875,-92.7734375
174.6484375,-11.71875,-37.109375,-7.8125,-72.265625
174.65234375,-42.96875,-34.1796875,-12.6953125,-80.078125
174.65625,-35.64453125,-18.06640625,-28.80859375,-83.49609375
174.66015625,-41.9921875,-22.4609375,-21.97265625,-87.890625
174.6640625,-62.5,-23.92578125,-6.8359375,-94.7265625
174.66796875,-65.4296875,-28.80859375,-9.27734375,-69.82421875
174.671875,-71.77734375,-37.109375,-14.6484375,-89.35546875
174.67578125,-62.5,-29.296875,-14.6484375,-84.47265625
174.6796875,-48.33984375,-13.671875,-17.578125,-64.94140625
174.68359375,-57.12890625,-10.7421875,-30.2734375,-65.4296875
174.6875,-43.9453125,-17.578125,-14.6484375,-63.96484375
174.69140625,-32.71484375,-26.85546875,3.90625,-57.6171875
174.6953125,-76.171875,-28.80859375,-3.90625,-104.98046875
174.69921875,-92.28515625,-34.66796875,-7.32421875,-112.3046875
174.703125,-72.265625,-35.15625,-8.7890625,-52.734375
174.70703125,-67.87109375,-22.4609375,-18.06640625,-77.63671875
174.7109375,-50.29296875,-28.3203125,-15.625,-83.984375
174.71484375,-59.5703125,-30.2734375,-18.06640625,-93.26171875
174.71875,-72.265625,-23.4375,-33.69140625,-115.234375
174.72265625,-67.3828125,-27.83203125,-26.3671875,-125.9765625
174.7265625,-52.24609375,-26.3671875,-13.671875,-87.890625
174.73046875,-40.52734375,-27.83203125,-7.32421875,-83.0078125
174.734375,-53.7109375,-35.15625,-8.7890625,-114.2578125
174.73828125,-52.24609375,-32.2265625,-15.13671875,-101.5625
174.7421875,-40.52734375,-32.2265625,-18.5546875,-83.49609375
174.74609375,-51.26953125,-39.0625,-20.01953125,-88.37890625
174.75,-20.5078125,-35.64453125,-14.6484375,-31.73828125
174.75390625,6.34765625,-23.92578125,-15.625,-16.11328125
174.7578125,-0.48828125,-28.3203125,-34.66796875,-76.66015625
174.76171875,-17.578125,-44.921875,-35.15625,-92.7734375
174.765625,-60.05859375,-44.921875,-19.04296875,-82.03125
174.76953125,-55.6640625,-29.78515625,-3.90625,-33.69140625
174.7734375,-50.29296875,-20.99609375,-6.34765625,-70.3125
174.77734375,-46.38671875,-16.11328125,-31.25,-90.33203125
174.78125,-34.1796875,-19.04296875,-24.4140625,-47.8515625
174.78515625,-26.85546875,-15.625,-10.7421875,-51.7578125
174.7890625,-13.671875,-19.53125,-18.06640625,-48.828125
174.79296875,-37.109375,-30.76171875,-20.5078125,-47.8515625
174.796875,-34.1796875,-29.78515625,-14.16015625,-62.98828125
174.80078125,-13.671875,-23.92578125,-10.25390625,-46.38671875
174.8046875,-6.8359375,-28.3203125,-6.34765625,-9.27734375
174.80859375,-12.20703125,-30.76171875,-9.765625,-43.45703125
174.8125,-35.15625,-26.85546875,-20.99609375,-87.40234375
174.81640625,-52.24609375,-20.99609375,-23.92578125,-82.03125
174.8203125,-44.43359375,-12.6953125,-10.7421875,-49.31640625
174.82421875,-21.97265625,-15.13671875,-10.7421875,-46.875
174.828125,-20.01953125,-20.99609375,-23.4375,-58.59375
174.83203125,-24.90234375,-23.4375,-16.11328125,-61.5234375
174.8359375,-17.578125,-23.4375,-4.39453125,-52.734375
174.83984375,-16.6015625,-26.85546875,-0.48828125,-40.52734375
174.84375,-31.73828125,-20.5078125,-5.859375,-35.15625
174.84765625,-46.38671875,-18.5546875,-11.71875,-41.015625
174.8515625,-37.109375,-23.4375,-15.13671875,-24.90234375
174.85546875,-12.6953125,-16.6015625,-26.85546875,-25.390625
174.859375,-17.578125,-18.5546875,-23.92578125,-57.6171875
174.86328125,-36.1328125,-24.90234375,-6.8359375,-44.921875
174.8671875,-40.52734375,-23.4375,-2.9296875,-28.3203125
174.87109375,-20.99609375,-14.6484375,-9.765625,-53.7109375
174.875,-20.99609375,-20.99609375,-5.37109375,-57.6171875
174.87890625,-39.55078125,-28.3203125,-1.953125,-42.48046875
174.8828125,-26.3671875,-22.4609375,-20.99609375,-43.9453125
174.88671875,-9.765625,-14.6484375,-33.69140625,-37.109375
174.890625,-20.5078125,-18.06640625,-27.34375,-20.01953125
174.89453125,-0.48828125,-29.78515625,-18.5546875,-6.8359375
174.8984375,8.30078125,-17.08984375,-29.296875,-20.01953125
174.90234375,-7.8125,-15.625,-26.85546875,-49.8046875
174.90625,-22.4609375,-17.08984375,-12.6953125,-52.734375
174.91015625,-44.921875,-8.7890625,-5.859375,-47.8515625
174.9140625,-48.828125,-1.46484375,-16.11328125,-43.45703125
174.91796875,-38.0859375,-3.41796875,-21.484375,-58.59375
174.921875,-30.76171875,-10.25390625,-14.16015625,-50.29296875
174.92578125,-33.203125,-9.765625,-16.11328125,-18.06640625
174.9296875,-20.01953125,-11.71875,-20.01953125,-20.5078125
174.93359375,-10.25390625,-26.3671875,-29.78515625,-48.33984375
174.9375,-20.99609375,-35.64453125,-21.97265625,-32.71484375
174.94140625,-16.11328125,-15.625,-22.94921875,-7.32421875
174.9453125,-6.34765625,1.46484375,-33.69140625,-24.4140625
174.94921875,-37.109375,-7.32421875,-24.90234375,-68.359375
174.953125,-41.9921875,-23.4375,-9.27734375,-68.84765625
174.95703125,-34.1796875,-22.4609375,-4.39453125,-41.015625
174.9609375,-43.45703125,-19.53125,-17.08984375,-42.48046875
174.96484375,-41.9921875,-19.53125,-26.85546875,-52.24609375
174.96875,-29.296875,-14.6484375,-23.4375,-31.25
174.97265625,-20.99609375,-12.20703125,-18.06640625,-33.203125
174.9765625,-30.76171875,-16.6015625,-12.20703125,-49.8046875
174.98046875,-41.015625,-26.3671875,-10.25390625,-48.33984375
174.984375,-31.25,-31.73828125,-2.44140625,-29.296875
174.98828125,-29.78515625,-34.1796875,3.90625,-19.04296875
174.9921875,-27.34375,-40.0390625,-13.18359375,-30.76171875
174.99609375,-17.08984375,-37.59765625,-24.4140625,-33.203125
175.0,-47.36328125,-24.4140625,-9.27734375,-53.7109375
175.00390625,-62.5,-19.04296875,-5.859375,-51.7578125
175.0078125,-46.875,-18.06640625,-13.18359375,-27.34375
175.01171875,-59.08203125,-21.97265625,-12.6953125,-45.41015625
175.015625,-80.56640625,-27.34375,-9.765625,-45.8984375
175.01953125,-58.59375,-23.92578125,-10.7421875,-38.57421875
175.0234375,-33.203125,-24.4140625,-19.53125,-51.26953125
175.02734375,-19.53125,-34.66796875,-18.5546875,-37.109375
175.03125,-32.71484375,-32.71484375,-8.7890625,-25.390625
175.03515625,-62.98828125,-24.4140625,-16.6015625,-62.01171875
175.0390625,-63.4765625,-19.53125,-33.69140625,-65.4296875
175.04296875,-33.69140625,-13.18359375,-32.2265625,-26.3671875
175.046875,-37.109375,-18.5546875,-20.5078125,-36.1328125
175.05078125,-36.1328125,-19.53125,-14.16015625,-40.52734375
175.0546875,-25.87890625,-13.671875,-16.6015625,-35.64453125
175.05859375,-35.15625,-15.625,-24.90234375,-34.1796875
175.0625,-43.9453125,-27.34375,-19.53125,-15.13671875
175.06640625,-32.71484375,-31.25,-10.7421875,-30.2734375
175.0703125,-32.71484375,-28.80859375,-10.25390625,-63.4765625
175.07421875,-37.109375,-39.0625,-19.04296875,-41.9921875
175.078125,-14.16015625,-37.109375,-20.01953125,-0.9765625
175.08203125,-20.99609375,-21.97265625,-18.5546875,20.01953125
175.0859375,-15.625,-15.625,-37.59765625,-8.7890625
175.08984375,-19.04296875,-24.4140625,-37.109375,-36.1328125
175.09375,-37.59765625,-23.92578125,-15.13671875,-41.015625
175.09765625,-20.99609375,-16.11328125,-5.37109375,-41.015625
175.1015625,-25.390625,-14.16015625,-13.671875,-27.83203125
175.10546875,-43.45703125,-20.99609375,-22.94921875,-45.8984375
175.109375,-32.71484375,-28.3203125,-17.578125,-32.2265625
175.11328125,-20.01953125,-21.484375,-22.94921875,-14.16015625
175.1171875,-35.15625,-26.85546875,-24.90234375,-33.69140625
175.12109375,-64.94140625,-29.296875,-15.625,-37.59765625
175.125,-50.29296875,-21.484375,-17.08984375,-27.83203125
175.12890625,-29.78515625,-17.578125,-34.1796875,-23.4375
175.1328125,-33.69140625,-13.671875,-28.80859375,-24.90234375
175.13671875,-22.4609375,-20.01953125,-7.32421875,3.90625
175.140625,-40.52734375,-24.4140625,-0.48828125,13.18359375
175.14453125,-59.5703125,-17.578125,-1.46484375,-36.1328125
175.1484375,-40.0390625,-17.578125,-5.859375,-49.8046875
175.15234375,-9.765625,-12.6953125,-7.8125,-42.96875
175.15625,3.90625,-4.39453125,-18.5546875,-16.6015625
175.16015625,-22.94921875,-14.6484375,-31.73828125,-16.11328125
175.1640625,-44.921875,-25.87890625,-16.11328125,-21.484375
175.16796875,-49.31640625,-27.83203125,-8.7890625,-30.2734375
175.171875,-38.0859375,-30.2734375,-14.16015625,-23.92578125
175.17578125,-40.0390625,-27.83203125,-7.8125,0.48828125
175.1796875,-33.69140625,-21.484375,-11.71875,25.87890625
175.18359375,-9.27734375,-14.6484375,-17.578125,-6.34765625
175.1875,-15.13671875,-19.04296875,-13.18359375,-41.9921875
175.19140625,-21.484375,-25.390625,-7.32421875,-20.99609375
175.1953125,-35.64453125,-32.2265625,-4.39453125,-15.625
175.19921875,-47.8515625,-34.1796875,-8.7890625,-30.76171875
175.203125,-32.71484375,-29.78515625,-11.23046875,-35.15625
175.20703125,-26.3671875,-21.484375,-20.5078125,-32.2265625
175.2109375,-33.69140625,-20.5078125,-18.5546875,-33.203125
175.21484375,-35.64453125,-28.3203125,-14.6484375,-23.92578125
175.21875,-36.1328125,-28.3203125,-19.04296875,-0.48828125
175.22265625,-34.66796875,-22.4609375,-8.30078125,-9.27734375
175.2265625,-36.62109375,-30.2734375,3.90625,-41.50390625
175.23046875,-35.15625,-35.15625,-0.48828125,-43.45703125
175.234375,-27.34375,-29.296875,-21.97265625,-39.0625
175.23828125,-43.9453125,-32.71484375,-15.13671875,-45.41015625
175.2421875,-57.12890625,-40.52734375,0.48828125,-40.0390625
175.24609375,-56.15234375,-36.62109375,-3.41796875,-20.99609375
175.25,-48.33984375,-28.80859375,-2.44140625,16.6015625
175.25390625,-34.1796875,-24.90234375,-5.37109375,6.8359375
175.2578125,-25.390625,-20.01953125,-9.27734375,-21.97265625
175.26171875,-31.25,-20.01953125,-6.34765625,-21.97265625
175.265625,-42.96875,-26.3671875,0.48828125,-30.76171875
175.26953125,-38.0859375,-29.78515625,-10.7421875,-26.85546875
175.2734375,-35.64453125,-22.94921875,-13.18359375,-13.671875
175.27734375,-24.90234375,-21.484375,-18.06640625,-3.41796875
175.28125,-21.97265625,-14.6484375,-23.4375,4.8828125
175.28515625,-24.4140625,-16.6015625,-19.53125,-21.97265625
175.2890625,-38.0859375,-29.78515625,-13.18359375,-39.0625
175.29296875,-62.5,-35.15625,-17.578125,-39.55078125
175.296875,-64.453125,-36.62109375,-29.296875,-38.57421875
175.30078125,-46.875,-34.1796875,-20.99609375,-35.15625
175.3046875,-41.50390625,-31.73828125,-16.11328125,-16.11328125
175.30859375,-33.69140625,-29.78515625,-17.578125,-29.296875
175.3125,-31.73828125,-32.2265625,-22.4609375,-40.52734375
175.31640625,-32.71484375,-31.73828125,-26.3671875,-31.73828125
175.3203125,-18.5546875,-28.3203125,-26.3671875,-11.23046875
175.32421875,-46.38671875,-28.80859375,-21.97265625,-34.1796875
175.328125,-84.9609375,-33.203125,-11.71875,-51.26953125
175.33203125,-89.35546875,-34.1796875,-26.85546875,-35.64453125
175.3359375,-91.796875,-22.94921875,-54.6875,-27.83203125
175.33984375,-80.078125,-20.99609375,-33.203125,-9.765625
175.34375,-74.21875,-28.3203125,-8.30078125,9.765625
175.34765625,-84.9609375,-34.1796875,-10.25390625,-21.484375
175.3515625,-80.078125,-38.0859375,-9.765625,-43.9453125
175.35546875,-50.29296875,-39.0625,-10.7421875,-41.50390625
175.359375,-57.6171875,-36.1328125,-18.06640625,-31.25
175.36328125,-79.1015625,-23.92578125,-15.625,-20.01953125
175.3671875,-85.44921875,-19.04296875,-15.625,-17.08984375
175.37109375,-55.6640625,-22.94921875,-24.4140625,1.953125
175.375,-39.0625,-36.62109375,-30.76171875,-21.484375
175.37890625,-55.17578125,-36.62109375,-17.578125,-31.25
175.3828125,-63.96484375,-25.87890625,-5.37109375,-20.99609375
175.38671875,-59.08203125,-19.53125,-12.20703125,-25.390625
175.390625,-65.91796875,-22.94921875,-15.625,-30.2734375
175.39453125,-56.640625,-23.4375,-10.7421875,-11.71875
175.3984375,-41.50390625,-14.6484375,-7.32421875,-0.9765625
175.40234375,-44.43359375,-20.99609375,-21.484375,-16.6015625
175.40625,-18.5546875,-23.4375,-23.92578125,-26.85546875
175.41015625,-21.97265625,-21.97265625,-8.7890625,-8.7890625
175.4140625,-41.9921875,-32.2265625,-15.13671875,-10.7421875
175.41796875,-21.97265625,-39.0625,-20.01953125,-16.11328125
175.421875,-20.01953125,-34.66796875,-12.20703125,-11.71875
175.42578125,-52.24609375,-21.97265625,-6.34765625,-33.69140625
175.4296875,-52.734375,-18.06640625,-10.7421875,-29.296875
175.43359375,-22.94921875,-22.4609375,-16.11328125,-21.97265625
175.4375,-13.671875,-21.484375,-17.08984375,-16.11328125
175.44140625,-28.3203125,-21.484375,-24.4140625,-12.20703125
175.4453125,-16.11328125,-20.5078125,-44.921875,7.8125
175.44921875,-9.765625,-20.01953125,-37.109375,-2.44140625
175.453125,-29.296875,-26.3671875,-7.32421875,-41.9921875
175.45703125,-33.69140625,-39.55078125,-0.9765625,-34.1796875
175.4609375,-44.43359375,-41.015625,-7.8125,-12.20703125
175.46484375,-14.6484375,-24.90234375,-13.671875,13.18359375
175.46875,8.30078125,-21.97265625,-9.765625,26.85546875
175.47265625,-36.62109375,-22.94921875,-9.27734375,-17.578125
175.4765625,-57.6171875,-18.5546875,-15.625,-64.453125
175.48046875,-61.03515625,-20.5078125,-6.34765625,-26.3671875
175.484375,-57.12890625,-26.85546875,-0.48828125,0.0
175.48828125,-71.77734375,-30.76171875,-3.41796875,-14.16015625
175.4921875,-67.3828125,-34.1796875,-1.953125,-26.85546875
175.49609375,-43.45703125,-22.94921875,-11.23046875,-32.71484375
175.5,-20.99609375,-17.578125,-25.87890625,-20.01953125
175.50390625,-32.71484375,-30.2734375,-16.6015625,-29.296875
175.5078125,-43.9453125,-42.96875,-6.8359375,-17.578125
175.51171875,-35.15625,-39.55078125,0.0,-11.71875
175.515625,-49.8046875,-40.52734375,-4.39453125,0.48828125
175.51953125,-48.33984375,-34.66796875,-22.4609375,-12.20703125
175.5234375,-32.71484375,-21.97265625,-16.6015625,-40.0390625
175.52734375,-28.80859375,-23.92578125,-2.44140625,-1.46484375
175.53125,-24.90234375,-28.3203125,-15.625,-5.37109375
175.53515625,-19.53125,-23.4375,-19.53125,-18.06640625
175.5390625,-27.34375,-15.625,-3.41796875,-9.765625
175.54296875,-21.97265625,-10.7421875,0.0,0.9765625
175.546875,-20.5078125,-21.97265625,-17.578125,-8.30078125
175.55078125,-21.484375,-44.43359375,-14.6484375,-20.01953125
175.5546875,-16.11328125,-29.78515625,-10.25390625,-11.71875
175.55859375,-27.34375,-4.8828125,-21.97265625,6.34765625
175.5625,-31.25,-7.32421875,-7.32421875,1.953125
175.56640625,-6.34765625,-13.671875,6.8359375,-36.1328125
175.5703125,-7.8125,-15.625,6.8359375,-27.83203125
175.57421875,-19.53125,-18.5546875,0.9765625,7.32421875
175.578125,-10.25390625,-26.3671875,-20.5078125,15.625
175.58203125,13.671875,-23.4375,-28.3203125,-19.53125
175.5859375,23.92578125,-9.765625,-29.296875,-31.73828125
175.58984375,-18.06640625,-16.11328125,-32.2265625,-35.15625
175.59375,-39.0625,-23.4375,-14.16015625,-20.5078125
175.59765625,-28.3203125,-30.76171875,0.0,-17.08984375
175.6015625,-26.85546875,-38.0859375,-0.48828125,-23.92578125
175.60546875,-41.015625,-27.34375,-7.8125,-11.23046875
175.609375,-29.296875,-21.97265625,-5.859375,-15.625
175.61328125,-45.41015625,-28.3203125,-10.25390625,-24.90234375
175.6171875,-51.26953125,-28.3203125,-22.94921875,-27.34375
175.62109375,-29.78515625,-25.390625,-20.01953125,-32.2265625
175.625,-22.94921875,-20.5078125,-26.85546875,-34.1796875
175.62890625,-19.53125,-15.625,-27.34375,-14.16015625
175.6328125,-15.13671875,-23.4375,-12.6953125,-8.7890625
175.63671875,-17.578125,-32.2265625,-20.99609375,-12.20703125
175.640625,-13.671875,-24.90234375,-40.52734375,-22.4609375
175.64453125,-19.04296875,-19.04296875,-15.625,-25.87890625
175.6484375,-33.69140625,-29.296875,-0.48828125,5.37109375
175.65234375,-19.04296875,-38.57421875,-14.16015625,-19.04296875
175.65625,-18.5546875,-36.1328125,-14.6484375,-38.0859375
175.66015625,-30.2734375,-29.78515625,-21.484375,-31.73828125
175.6640625,-20.01953125,-13.671875,-25.87890625,-40.0390625
175.66796875,-4.39453125,7.32421875,-24.4140625,-20.5078125
175.671875,-4.39453125,9.765625,-28.80859375,1.953125
175.67578125,-21.484375,-2.44140625,-19.53125,-1.46484375
175.6796875,-32.71484375,-12.6953125,-4.8828125,-6.34765625
175.68359375,-40.52734375,-23.4375,-2.44140625,-7.32421875
175.6875,-33.203125,-27.34375,-0.48828125,-0.48828125
175.69140625,-24.4140625,-19.04296875,-22.4609375,-11.23046875
175.6953125,-27.34375,-15.625,-38.57421875,-21.484375
175.69921875,-25.390625,-18.5546875,-29.78515625,-23.92578125
175.703125,-30.2734375,-9.765625,-21.97265625,-2.44140625
175.70703125,-34.66796875,-8.7890625,-20.01953125,14.6484375
175.7109375,-17.578125,-21.97265625,-20.5078125,-16.6015625
175.71484375,-25.87890625,-29.296875,-14.16015625,-8.30078125
175.71875,-39.55078125,-27.34375,-20.01953125,-20.99609375
175.72265625,-36.1328125,-16.11328125,-41.015625,-69.3359375
175.7265625,-42.96875,-2.9296875,-29.296875,-33.203125
175.73046875,-50.29296875,-16.6015625,-14.16015625,-29.78515625
175.734375,-35.64453125,-26.3671875,-18.06640625,-51.26953125
175.73828125,-4.39453125,-9.765625,-14.6484375,-23.92578125
175.7421875,-13.18359375,-10.25390625,-20.01953125,-24.90234375
175.74609375,-36.62109375,-17.08984375,-13.18359375,-48.33984375
175.75,-31.73828125,-15.13671875,-5.37109375,-45.41015625
175.75390625,-19.04296875,-20.5078125,-6.8359375,-30.2734375
175.7578125,-29.78515625,-20.99609375,-8.7890625,-28.80859375
175.76171875,-23.92578125,-16.6015625,-20.99609375,-22.94921875
175.765625,-16.6015625,-16.6015625,-23.4375,-2.9296875
175.76953125,-20.5078125,-20.01953125,-12.20703125,-12.6953125
175.7734375,-20.99609375,-20.01953125,-6.34765625,-24.4140625
175.77734375,-42.48046875,-21.484375,-15.13671875,-49.8046875
175.78125,-22.94921875,-20.99609375,-23.92578125,-74.21875
175.78515625,-1.953125,-12.6953125,-10.7421875,-29.296875
175.7890625,-7.8125,-14.16015625,-6.34765625,16.6015625
175.79296875,5.37109375,-7.8125,-9.765625,8.30078125
175.796875,6.34765625,-9.765625,-12.6953125,-16.6015625
175.80078125,6.8359375,-20.99609375,-16.6015625,-10.7421875
175.8046875,24.4140625,-24.4140625,-12.6953125,10.7421875
175.80859375,-1.953125,-27.34375,-1.46484375,-19.53125
175.8125,-37.59765625,-24.4140625,2.9296875,-17.08984375
175.81640625,-38.0859375,-21.97265625,7.32421875,25.87890625
175.8203125,-30.2734375,-23.92578125,9.27734375,-6.34765625
175.82421875,-23.92578125,-24.4140625,-12.6953125,-41.9921875
175.828125,-22.94921875,-25.390625,-12.6953125,-30.76171875
175.83203125,-21.484375,-27.34375,13.671875,-9.765625
175.8359375,-9.765625,-24.4140625,5.37109375,2.9296875
175.83984375,1.46484375,-28.80859375,-12.6953125,8.30078125
175.84375,-0.48828125,-35.64453125,-6.8359375,14.6484375
175.84765625,-6.34765625,-34.66796875,-5.859375,5.37109375
175.8515625,-7.8125,-32.2265625,-6.34765625,-12.6953125
175.85546875,-12.20703125,-34.1796875,6.34765625,-3.41796875
175.859375,-24.4140625,-37.109375,6.34765625,0.48828125
175.86328125,-2.44140625,-20.5078125,-24.4140625,21.484375
175.8671875,5.37109375,-23.4375,-25.390625,15.13671875
175.87109375,-16.11328125,-29.78515625,-3.90625,32.2265625
175.875,-36.62109375,-31.25,8.30078125,8.7890625
175.87890625,-31.73828125,-31.25,5.37109375,-21.484375
175.8828125,-38.57421875,-26.85546875,-14.6484375,-34.1796875
175.88671875,-35.15625,-22.94921875,-4.8828125,-24.90234375
175.890625,-9.27734375,-20.99609375,8.7890625,-3.90625
175.89453125,-14.6484375,-32.71484375,-1.953125,-14.6484375
175.8984375,-12.6953125,-33.203125,-4.39453125,-0.9765625
175.90234375,-9.27734375,-31.73828125,-7.8125,-1.46484375
175.90625,-12.6953125,-31.25,-14.16015625,-14.16015625
175.91015625,-16.11328125,-31.73828125,-17.08984375,-11.71875
175.9140625,-21.484375,-40.52734375,-21.484375,-30.2734375
175.91796875,-13.671875,-36.62109375,-20.99609375,-31.73828125
175.921875,-17.578125,-39.55078125,-26.3671875,-31.25
175.92578125,-25.390625,-42.96875,-22.94921875,-10.25390625
175.9296875,-23.4375,-31.25,-13.671875,2.9296875
175.93359375,-11.71875,-33.69140625,-9.765625,-23.92578125
175.9375,-14.6484375,-35.64453125,-12.20703125,-14.6484375
175.94140625,-5.859375,-28.80859375,-27.83203125,-7.8125
175.9453125,-17.08984375,-32.71484375,-40.52734375,-3.41796875
175.94921875,-22.4609375,-26.85546875,-28.80859375,-11.71875
175.953125,-4.39453125,-13.18359375,-15.13671875,-8.30078125
175.95703125,-23.92578125,-19.53125,-5.37109375,-14.16015625
175.9609375,-49.8046875,-28.3203125,-9.27734375,-48.33984375
175.96484375,-48.33984375,-29.78515625,-11.23046875,-36.1328125
175.96875,-43.45703125,-23.92578125,-4.8828125,-18.5546875
175.97265625,-26.3671875,-16.11328125,-18.06640625,-16.6015625
175.9765625,-31.73828125,-18.06640625,-25.390625,-21.484375
175.98046875,-39.0625,-21.97265625,-24.90234375,-28.3203125
175.984375,-21.97265625,-23.92578125,-31.25,-11.71875
175.98828125,-21.484375,-25.390625,-23.4375,-25.87890625
175.9921875,-24.4140625,-31.73828125,-16.11328125,-43.9453125
175.99609375,-34.1796875,-32.71484375,-21.97265625,-35.15625
176.0,-41.015625,-25.87890625,-21.484375,-29.78515625
176.00390625,-22.4609375,-29.296875,-10.7421875,-12.6953125
176.0078125,-1.953125,-22.94921875,-17.08984375,3.90625
176.01171875,-1.953125,-11.23046875,-41.015625,-2.9296875
176.015625,-18.5546875,-20.99609375,-26.85546875,-22.4609375
176.01953125,-20.99609375,-30.2734375,-13.671875,-35.64453125
176.0234375,-26.85546875,-32.2265625,-12.6953125,-38.57421875
176.02734375,-24.4140625,-25.87890625,-7.32421875,-31.25
176.03125,0.0,-18.06640625,-9.27734375,-9.27734375
176.03515625,-29.78515625,-24.90234375,-6.8359375,-9.765625
176.0390625,-34.1796875,-22.94921875,-6.34765625,1.46484375
176.04296875,-24.4140625,-24.4140625,-3.41796875,2.44140625
176.046875,-25.87890625,-29.78515625,-2.9296875,-26.85546875
176.05078125,-11.23046875,-28.80859375,-13.671875,-27.83203125
176.0546875,-2.9296875,-29.296875,-16.11328125,-6.8359375
176.05859375,-20.5078125,-33.203125,-20.01953125,-2.9296875
176.0625,-28.3203125,-33.203125,-7.8125,-6.8359375
176.06640625,-25.87890625,-26.85546875,9.27734375,-9.765625
176.0703125,-44.921875,-31.73828125,-0.48828125,-19.04296875
176.07421875,-33.69140625,-34.66796875,-3.90625,-9.27734375
176.078125,-19.04296875,-33.69140625,0.48828125,-4.8828125
176.08203125,-23.92578125,-32.71484375,-11.71875,-23.4375
176.0859375,-24.4140625,-29.78515625,-29.78515625,-36.1328125
176.08984375,-27.83203125,-34.66796875,-30.76171875,-19.53125
176.09375,-20.01953125,-30.76171875,-13.671875,24.4140625
176.09765625,-18.5546875,-16.6015625,-12.20703125,-6.8359375
176.1015625,-32.71484375,-18.5546875,-9.765625,-43.9453125
176.10546875,-16.6015625,-23.4375,10.7421875,8.7890625
176.109375,-6.34765625,-15.13671875,-2.9296875,27.34375
176.11328125,-9.27734375,-15.13671875,-27.34375,-14.16015625
176.1171875,-12.20703125,-29.296875,-31.73828125,-19.53125
176.12109375,-33.203125,-43.45703125,-20.5078125,-34.66796875
176.125,-35.64453125,-35.64453125,-7.8125,-32.71484375
176.12890625,-31.73828125,-28.80859375,-1.46484375,-19.53125
176.1328125,-19.53125,-20.01953125,-17.578125,-20.99609375
176.13671875,-15.625,-8.30078125,-37.109375,-4.39453125
176.140625,-20.5078125,-16.11328125,-35.15625,-9.765625
176.14453125,-7.32421875,-16.6015625,-8.7890625,-23.4375
176.1484375,-1.953125,-14.6484375,6.34765625,-6.34765625
176.15234375,3.41796875,-19.53125,-2.9296875,-2.9296875
176.15625,9.27734375,-24.4140625,-12.6953125,-4.39453125
176.16015625,10.25390625,-27.34375,-30.76171875,9.765625
176.1640625,-13.18359375,-16.6015625,-20.01953125,-7.32421875
176.16796875,-41.50390625,-12.20703125,-12.20703125,-34.1796875
176.171875,-48.828125,-22.94921875,-14.6484375,-25.87890625
176.17578125,-53.7109375,-29.296875,3.41796875,-3.90625
176.1796875,-57.6171875,-25.390625,-6.8359375,4.39453125
176.18359375,-51.26953125,-18.06640625,-16.6015625,35.15625
176.1875,-25.390625,-20.01953125,-19.53125,30.76171875
176.19140625,-20.01953125,-23.4375,-27.34375,-12.20703125
176.1953125,-39.55078125,-27.83203125,-8.7890625,-35.15625
176.19921875,-27.34375,-31.25,0.48828125,-2.44140625
176.203125,-12.20703125,-27.34375,-18.5546875,32.71484375
176.20703125,-41.9921875,-22.4609375,-43.9453125,-17.578125
176.2109375,-60.546875,-13.18359375,-33.203125,-58.59375
176.21484375,-61.03515625,0.48828125,-26.3671875,-31.25
176.21875,-43.9453125,-1.46484375,-36.1328125,-9.765625
176.22265625,-40.52734375,-14.6484375,-32.2265625,-53.22265625
176.2265625,-58.59375,-14.6484375,-32.71484375,-49.8046875
176.23046875,-58.10546875,-11.71875,-54.19921875,-42.48046875
176.234375,-66.40625,-16.6015625,-63.96484375,-82.03125
176.23828125,-62.01171875,-21.484375,-55.17578125,-95.21484375
176.2421875,-55.6640625,-15.625,-56.15234375,-93.75
176.24609375,-50.78125,-9.765625,-47.8515625,-78.125
176.25,-36.1328125,-12.20703125,-43.9453125,-40.52734375
176.25390625,-23.4375,-8.30078125,-47.8515625,-30.2734375
176.2578125,-23.4375,-5.37109375,-41.50390625,-41.50390625
176.26171875,-49.31640625,-5.859375,-57.12890625,-43.45703125
176.265625,-54.6875,-9.765625,-56.15234375,-19.53125
176.26953125,-44.43359375,-10.7421875,-43.45703125,-15.13671875
176.2734375,-28.3203125,-3.90625,-62.5,-28.3203125
176.27734375,-24.4140625,-8.7890625,-58.59375,-46.38671875
176.28125,-25.390625,-20.01953125,-35.15625,-53.22265625
176.28515625,-24.4140625,-20.99609375,-28.3203125,-17.578125
176.2890625,-21.97265625,-12.20703125,-39.0625,-31.25
176.29296875,-20.99609375,-11.71875,-43.45703125,-72.265625
176.296875,-42.48046875,-14.16015625,-34.1796875,-64.453125
176.30078125,-27.83203125,-14.6484375,-33.69140625,-41.015625
176.3046875,-3.41796875,-10.25390625,-33.69140625,-33.69140625
176.30859375,-16.6015625,-10.25390625,-42.48046875,-36.1328125
176.3125,-24.4140625,-16.6015625,-44.43359375,-33.69140625
176.31640625,-13.18359375,-8.30078125,-39.0625,-20.5078125
176.3203125,5.37109375,0.9765625,-34.1796875,8.7890625
176.32421875,-11.71875,-18.5546875,-31.25,-12.20703125
176.328125,-19.53125,-29.296875,-20.5078125,-35.64453125
176.33203125,-19.04296875,-19.04296875,-18.5546875,-26.85546875
176.3359375,-23.4375,-14.16015625,-26.3671875,-28.80859375
176.33984375,-12.20703125,-16.6015625,-18.06640625,2.9296875
176.34375,-27.34375,-20.99609375,-17.08984375,-2.44140625
176.34765625,-30.2734375,-12.20703125,-22.94921875,-19.04296875
176.3515625,-31.25,-15.625,-40.0390625,-34.1796875
176.35546875,-21.484375,-22.4609375,-43.9453125,-21.97265625
176.359375,-6.34765625,-12.20703125,-22.94921875,-11.71875
176.36328125,-20.5078125,-12.6953125,-22.94921875,-13.18359375
176.3671875,-38.57421875,-18.06640625,-24.90234375,-37.59765625
176.37109375,-27.34375,-21.97265625,-17.578125,-40.52734375
176.375,-19.04296875,-16.6015625,-15.13671875,-20.99609375
176.37890625,-20.5078125,-10.25390625,-11.23046875,-33.69140625
176.3828125,-19.53125,-9.27734375,-21.97265625,-34.66796875
176.38671875,-15.625,-11.23046875,-34.66796875,0.48828125
176.390625,-17.578125,-17.08984375,-27.83203125,-15.13671875
176.39453125,-9.27734375,-18.06640625,-16.6015625,-41.015625
176.3984375,-2.44140625,-8.7890625,-10.7421875,-20.01953125
176.40234375,-18.5546875,-10.7421875,-10.25390625,-20.5078125
176.40625,-21.97265625,-21.484375,-5.37109375,-13.671875
176.41015625,-26.3671875,-18.5546875,-21.484375,-35.15625
176.4140625,-41.50390625,-12.6953125,-45.41015625,-26.3671875
176.41796875,-34.66796875,-17.08984375,-41.9921875,5.859375
176.421875,-20.99609375,-15.13671875,-17.08984375,-20.01953125
176.42578125,-12.20703125,-3.41796875,-7.32421875,-15.13671875
176.4296875,-10.7421875,-14.16015625,-8.30078125,-20.5078125
176.43359375,-13.18359375,-30.2734375,-5.859375,-40.52734375
176.4375,-28.3203125,-24.90234375,-11.23046875,-43.9453125
176.44140625,-29.78515625,-20.5078125,-23.4375,-24.90234375
176.4453125,-15.625,-24.90234375,-29.296875,-11.71875
176.44921875,-20.01953125,-22.94921875,-24.4140625,-5.37109375
176.453125,-34.66796875,-19.04296875,-1.953125,5.37109375
176.45703125,-25.390625,-13.18359375,11.71875,-6.34765625
176.4609375,-22.4609375,-3.90625,-1.46484375,-34.66796875
176.46484375,13.18359375,8.7890625,-7.32421875,0.48828125
176.46875,67.87109375,7.32421875,-0.9765625,43.9453125
176.47265625,23.4375,-10.25390625,-9.27734375,7.8125
176.4765625,-53.7109375,-16.6015625,-5.859375,-63.4765625
176.48046875,-39.55078125,-19.04296875,9.765625,-50.29296875
176.484375,6.8359375,-17.578125,8.30078125,-4.8828125
176.48828125,-3.41796875,-19.04296875,-2.9296875,-9.27734375
176.4921875,-20.01953125,-36.1328125,6.8359375,-2.9296875
176.49609375,-40.0390625,-45.41015625,28.3203125,11.23046875
176.5,-22.4609375,-38.0859375,9.27734375,6.34765625
176.50390625,15.625,-37.109375,1.46484375,21.484375
176.5078125,-4.8828125,-45.41015625,30.76171875,36.62109375
176.51171875,-17.578125,-44.43359375,41.50390625,4.39453125
176.515625,-30.2734375,-45.41015625,34.1796875,-15.625
176.51953125,-27.34375,-44.43359375,43.9453125,4.8828125
176.5234375,3.41796875,-37.109375,46.38671875,4.39453125
176.52734375,-4.8828125,-38.0859375,13.671875,5.37109375
176.53125,-16.6015625,-35.15625,7.8125,-12.6953125
176.53515625,-12.6953125,-34.1796875,19.04296875,-25.87890625
176.5390625,-1.46484375,-33.69140625,20.01953125,12.20703125
176.54296875,15.625,-30.76171875,14.6484375,30.76171875
176.546875,-1.953125,-32.2265625,12.20703125,25.87890625
176.55078125,-7.32421875,-37.109375,4.39453125,-2.44140625
176.5546875,5.37109375,-51.26953125,8.30078125,-4.8828125
176.55859375,-0.48828125,-50.29296875,13.671875,19.53125
176.5625,-13.18359375,-34.1796875,23.4375,7.8125
176.56640625,-29.78515625,-27.34375,33.203125,6.8359375
176.5703125,-12.20703125,-22.94921875,4.8828125,38.0859375
176.57421875,7.8125,-26.85546875,-20.01953125,26.3671875
176.578125,-12.6953125,-26.85546875,-0.9765625,-5.37109375
176.58203125,-12.20703125,-27.34375,6.34765625,-34.66796875
176.5859375,10.25390625,-32.2265625,-9.765625,-53.7109375
176.58984375,7.8125,-36.1328125,-12.6953125,-12.20703125
176.59375,-18.06640625,-39.55078125,-7.8125,5.859375
176.59765625,-20.01953125,-27.83203125,-6.8359375,-2.9296875
176.6015625,-8.30078125,-23.92578125,-13.18359375,7.8125
176.60546875,-20.99609375,-32.2265625,-9.27734375,6.34765625
176.609375,-12.20703125,-38.0859375,-3.90625,12.6953125
176.61328125,-3.41796875,-40.0390625,-18.5546875,1.953125
176.6171875,-11.23046875,-35.15625,-15.13671875,-3.41796875
176.62109375,-26.3671875,-30.76171875,-9.765625,-3.41796875
176.625,-1.46484375,-20.5078125,-29.296875,2.9296875
176.62890625,22.94921875,-17.578125,-20.5078125,11.23046875
176.6328125,-12.6953125,-21.484375,-8.30078125,-7.32421875
176.63671875,-14.16015625,-21.484375,-13.18359375,-23.92578125
176.640625,-1.953125,-28.80859375,-23.92578125,-20.99609375
176.64453125,-19.04296875,-29.78515625,-5.37109375,-19.53125
176.6484375,-14.16015625,-22.4609375,11.23046875,-22.4609375
176.65234375,-23.4375,-28.80859375,0.48828125,-13.18359375
176.65625,-28.80859375,-29.78515625,1.953125,19.04296875
176.66015625,-20.01953125,-14.6484375,-1.46484375,-2.9296875
176.6640625,-11.23046875,-0.9765625,-17.08984375,-15.13671875
176.66796875,-11.23046875,-13.671875,-23.4375,-15.13671875
176.671875,-25.390625,-25.390625,-10.7421875,-17.08984375
176.67578125,-16.6015625,-22.4609375,-4.39453125,-15.625
176.6796875,-2.9296875,-21.484375,0.9765625,-20.5078125
176.68359375,1.46484375,-24.4140625,-0.48828125,-28.3203125
176.6875,-11.71875,-23.4375,-23.92578125,-19.04296875
176.69140625,-24.4140625,-19.53125,-41.015625,-7.8125
176.6953125,-20.99609375,-15.13671875,-21.97265625,-22.94921875
176.69921875,-3.90625,-8.30078125,0.48828125,0.0
176.703125,-6.8359375,-13.18359375,-11.23046875,14.16015625
176.70703125,-2.44140625,-28.80859375,-11.23046875,-33.69140625
176.7109375,14.6484375,-26.3671875,-5.859375,-18.06640625
176.71484375,14.16015625,-15.13671875,-19.53125,0.9765625
176.71875,20.99609375,-17.578125,-29.296875,40.52734375
176.72265625,16.11328125,-23.92578125,-24.4140625,20.5078125
176.7265625,-6.34765625,-31.25,-10.7421875,-37.109375
176.73046875,-7.32421875,-29.78515625,-5.859375,-20.5078125
176.734375,1.46484375,-32.71484375,-16.11328125,-25.87890625
176.73828125,-3.90625,-38.0859375,-17.08984375,-13.18359375
176.7421875,-20.01953125,-36.62109375,-12.20703125,3.90625
176.74609375,-18.5546875,-23.92578125,-14.6484375,-9.765625
176.75,-30.2734375,-14.6484375,-11.23046875,-20.5078125
176.75390625,-15.13671875,-17.578125,-12.20703125,-17.578125
176.7578125,2.44140625,-19.53125,-19.53125,-9.765625
176.76171875,1.46484375,-17.578125,-25.87890625,1.46484375
176.765625,17.08984375,-15.625,-44.921875,-6.34765625
176.76953125,9.765625,-16.11328125,-44.43359375,-21.484375
176.7734375,15.13671875,-8.7890625,-8.30078125,23.4375
176.77734375,7.8125,-15.13671875,-1.953125,1.46484375
176.78125,-35.15625,-28.3203125,-9.27734375,-62.01171875
176.78515625,-48.828125,-18.5546875,1.953125,-41.9921875
176.7890625,-44.921875,-16.11328125,0.48828125,-27.83203125
176.79296875,-38.57421875,-23.4375,-10.25390625,-34.66796875
176.796875,-28.80859375,-21.484375,-20.99609375,-5.37109375
176.80078125,-20.99609375,-15.13671875,-18.06640625,5.37109375
176.8046875,-17.08984375,-18.06640625,-21.484375,-11.71875
176.80859375,2.9296875,-20.5078125,-22.4609375,-24.90234375
176.8125,0.9765625,-15.625,-23.92578125,-15.625
176.81640625,-15.625,-21.484375,-14.6484375,-4.8828125
176.8203125,-0.48828125,-15.625,-0.48828125,-6.8359375
176.82421875,2.44140625,-5.37109375,-8.30078125,-10.7421875
176.828125,-6.8359375,-16.6015625,-21.97265625,-33.203125
176.83203125,-3.41796875,-18.06640625,-8.7890625,-16.6015625
176.8359375,-17.08984375,-21.484375,0.0,2.9296875
176.83984375,1.46484375,-25.390625,-11.23046875,6.34765625
176.84375,18.06640625,-13.18359375,-20.99609375,19.04296875
176.84765625,3.41796875,-21.97265625,-17.578125,-11.23046875
176.8515625,-5.37109375,-36.62109375,-4.8828125,-26.85546875
176.85546875,-9.765625,-32.2265625,-6.34765625,-48.828125
176.859375,-4.8828125,-34.1796875,-20.01953125,-40.0390625
176.86328125,1.46484375,-30.2734375,-37.109375,-39.0625
176.8671875,-14.16015625,-25.390625,-25.390625,-56.15234375
176.87109375,-9.27734375,-27.83203125,-16.6015625,-41.9921875
176.875,31.25,-12.20703125,-37.59765625,-1.953125
176.87890625,50.78125,-20.01953125,-32.71484375,14.16015625
176.8828125,-14.6484375,-36.62109375,-13.18359375,-25.390625
176.88671875,-24.90234375,-23.92578125,-11.71875,-38.0859375
176.890625,18.5546875,-19.53125,-16.6015625,-11.71875
176.89453125,-12.20703125,-28.80859375,-8.7890625,-26.85546875
176.8984375,-26.3671875,-36.62109375,-7.32421875,-37.59765625
176.90234375,-4.8828125,-33.203125,-6.34765625,-20.5078125
176.90625,-20.5078125,-29.78515625,-15.625,-20.5078125
176.91015625,-21.484375,-28.3203125,-21.484375,1.46484375
176.9140625,-3.41796875,-22.4609375,-13.671875,5.859375
176.91796875,1.953125,-31.73828125,-14.6484375,-9.765625
176.921875,-1.953125,-23.92578125,-2.9296875,-34.66796875
176.92578125,-4.39453125,-9.765625,-8.30078125,-39.0625
176.9296875,-18.5546875,-17.08984375,-29.78515625,-23.92578125
176.93359375,6.34765625,-23.4375,-19.04296875,-8.30078125
176.9375,21.97265625,-15.625,-12.20703125,3.90625
176.94140625,-6.8359375,-14.16015625,-30.76171875,-7.32421875
176.9453125,-28.80859375,-27.34375,-28.80859375,-29.78515625
176.94921875,-21.97265625,-40.52734375,-10.7421875,-22.94921875
176.953125,-13.671875,-48.33984375,-5.859375,-27.83203125
176.95703125,-11.23046875,-41.9921875,-26.3671875,-37.59765625
176.9609375,2.44140625,-24.4140625,-33.203125,-20.01953125
176.96484375,-3.41796875,-22.4609375,-7.8125,-17.08984375
176.96875,4.8828125,-28.3203125,1.46484375,-20.5078125
176.97265625,8.30078125,-20.01953125,-5.37109375,-42.48046875
176.9765625,-9.27734375,-15.13671875,-5.37109375,-37.109375
176.98046875,-12.6953125,-16.6015625,-2.9296875,-7.32421875
176.984375,-9.27734375,-15.13671875,-14.16015625,0.9765625
176.98828125,-21.484375,-25.390625,-31.25,16.11328125
176.9921875,-26.85546875,-29.296875,-27.83203125,-24.90234375
176.99609375,-27.83203125,-30.2734375,-28.80859375,-56.15234375
177.0,-15.13671875,-34.66796875,-29.78515625,-49.31640625
177.00390625,-6.34765625,-23.92578125,-26.85546875,-35.64453125
177.0078125,-25.390625,-22.94921875,-15.625,-7.32421875
177.01171875,-41.50390625,-25.390625,-23.4375,-12.20703125
177.015625,-26.85546875,-19.04296875,-48.828125,-18.5546875
177.01953125,-11.23046875,-20.01953125,-32.2265625,-33.203125
177.0234375,-9.765625,-18.5546875,2.9296875,0.9765625
177.02734375,-6.8359375,-14.6484375,13.18359375,16.6015625
177.03125,-19.53125,-21.484375,1.46484375,-53.22265625
177.03515625,-16.6015625,-26.3671875,-4.39453125,-27.34375
177.0390625,6.34765625,-8.30078125,-4.39453125,6.34765625
177.04296875,-0.9765625,2.9296875,-4.8828125,-7.8125
177.046875,-17.08984375,-10.7421875,2.44140625,-20.99609375
177.05078125,-11.23046875,-26.3671875,14.16015625,-28.80859375
177.0546875,17.08984375,-33.203125,10.25390625,0.9765625
177.05859375,31.73828125,-20.99609375,-14.6484375,27.34375
177.0625,-6.34765625,-8.7890625,-39.55078125,-14.16015625
177.06640625,-29.78515625,-4.8828125,-45.8984375,-63.96484375
177.0703125,-27.34375,-10.25390625,-29.296875,-64.453125
177.07421875,-49.31640625,-12.6953125,-25.390625,-55.6640625
177.078125,-56.640625,-9.27734375,-30.2734375,-42.48046875
177.08203125,-54.6875,-8.30078125,-36.1328125,-55.6640625
177.0859375,-44.43359375,-5.37109375,-34.1796875,-60.546875
177.08984375,-45.8984375,-10.25390625,-35.64453125,-73.2421875
177.09375,-40.0390625,-9.765625,-48.33984375,-85.44921875
177.09765625,-6.34765625,2.9296875,-61.5234375,-67.3828125
177.1015625,-12.20703125,-0.48828125,-52.734375,-29.78515625
177.10546875,-29.78515625,-12.6953125,-24.90234375,-45.41015625
177.109375,-25.390625,-18.5546875,-19.53125,-76.66015625
177.11328125,-15.625,-2.9296875,-30.2734375,-54.19921875
177.1171875,2.9296875,10.25390625,-54.6875,-40.0390625
177.12109375,-9.765625,-4.8828125,-66.40625,-12.20703125
177.125,-37.59765625,-18.5546875,-41.9921875,-39.0625
177.12890625,-37.59765625,-26.3671875,-14.6484375,-54.19921875
177.1328125,-29.78515625,-29.78515625,-24.90234375,-28.80859375
177.13671875,-23.92578125,-10.7421875,-33.203125,-40.0390625
177.140625,-27.83203125,0.48828125,-18.5546875,-64.94140625
177.14453125,-20.99609375,-2.44140625,-18.06640625,-61.03515625
177.1484375,-10.7421875,-7.8125,-25.390625,-61.5234375
177.15234375,-2.9296875,-17.578125,-30.2734375,-46.875
177.15625,0.0,-15.13671875,-40.0390625,-34.66796875
177.16015625,-15.13671875,-18.06640625,-36.62109375,-48.828125
177.1640625,-30.76171875,-20.01953125,-27.83203125,-47.36328125
177.16796875,-13.18359375,-16.11328125,-20.99609375,-45.8984375
177.171875,-1.46484375,-14.6484375,-35.64453125,-33.203125
177.17578125,10.25390625,-13.18359375,-48.828125,-31.25
177.1796875,-10.7421875,-20.5078125,-29.296875,-32.2265625
177.18359375,-30.76171875,-19.53125,-15.625,-24.90234375
177.1875,-23.92578125,-14.16015625,-16.6015625,-53.7109375
177.19140625,-16.6015625,-22.94921875,-16.6015625,-60.546875
177.1953125,-19.04296875,-26.3671875,-15.625,-9.765625
177.19921875,-12.6953125,-21.97265625,-14.6484375,-11.23046875
177.203125,-11.71875,-17.08984375,-14.16015625,-49.31640625
177.20703125,-16.11328125,-19.53125,-15.13671875,-52.734375
177.2109375,12.6953125,-19.04296875,-16.11328125,-20.5078125
177.21484375,5.37109375,-20.01953125,-11.71875,-12.20703125
177.21875,-12.20703125,-26.85546875,-11.23046875,-24.4140625
177.22265625,-4.8828125,-25.87890625,-16.11328125,-11.23046875
177.2265625,-0.9765625,-20.01953125,-36.1328125,-1.953125
177.23046875,-6.8359375,-32.71484375,-43.9453125,-17.08984375
177.234375,-2.44140625,-48.33984375,-10.7421875,-28.3203125
177.23828125,4.8828125,-36.1328125,2.9296875,-10.25390625
177.2421875,-15.625,-11.23046875,-16.11328125,-38.0859375
177.24609375,-54.6875,-1.46484375,-35.15625,-51.7578125
177.25,-52.734375,3.90625,-67.3828125,-46.875
177.25390625,-33.69140625,9.27734375,-45.8984375,-45.41015625
177.2578125,-22.94921875,-0.9765625,-11.23046875,-33.69140625
177.26171875,-31.73828125,-12.20703125,-18.06640625,-40.0390625
177.265625,-25.87890625,-7.8125,-38.0859375,-57.12890625
177.26953125,-16.6015625,-2.44140625,-48.33984375,-67.87109375
177.2734375,-26.3671875,-4.8828125,-47.8515625,-56.15234375
177.27734375,-23.4375,-9.765625,-52.734375,-70.80078125
177.28125,-13.18359375,-3.90625,-54.19921875,-77.1484375
177.28515625,-15.625,7.8125,-55.17578125,-83.984375
177.2890625,-15.625,11.23046875,-56.640625,-78.61328125
177.29296875,-8.30078125,8.7890625,-64.453125,-54.19921875
177.296875,-4.8828125,3.41796875,-64.94140625,-49.8046875
177.30078125,0.9765625,5.37109375,-64.94140625,-38.57421875
177.3046875,8.30078125,-0.48828125,-67.87109375,-53.7109375
177.30859375,21.97265625,-5.859375,-44.43359375,-69.82421875
177.3125,-3.41796875,0.9765625,-32.71484375,-28.80859375
177.31640625,7.32421875,13.18359375,-49.31640625,-6.8359375
177.3203125,6.34765625,20.5078125,-74.21875,-37.109375
177.32421875,-11.71875,3.90625,-59.08203125,-49.31640625
177.328125,2.9296875,-11.23046875,-39.0625,-48.828125
177.33203125,-2.9296875,-8.30078125,-44.43359375,-42.96875
177.3359375,2.44140625,-9.27734375,-43.9453125,-37.59765625
177.33984375,14.16015625,-11.71875,-38.0859375,-23.4375
177.34375,-2.9296875,-10.25390625,-51.26953125,-25.390625
177.34765625,-9.765625,-14.6484375,-48.828125,-49.31640625
177.3515625,0.48828125,-15.625,-27.34375,-62.01171875
177.35546875,-0.9765625,-8.30078125,-25.87890625,-47.8515625
177.359375,2.44140625,-13.18359375,-37.59765625,-11.23046875
177.36328125,8.7890625,-18.06640625,-38.57421875,-17.578125
177.3671875,0.48828125,-21.97265625,-35.15625,-28.3203125
177.37109375,-8.30078125,-25.390625,-50.29296875,-28.80859375
177.375,2.9296875,-23.92578125,-56.15234375,-3.90625
177.37890625,14.16015625,-19.04296875,-40.0390625,0.48828125
177.3828125,23.92578125,-12.6953125,-35.15625,-5.37109375
177.38671875,18.06640625,-2.44140625,-41.9921875,-19.53125
177.390625,0.0,-8.7890625,-34.66796875,-23.4375
177.39453125,1.953125,-25.390625,-27.83203125,-35.64453125
177.3984375,11.71875,-27.83203125,-38.0859375,-32.2265625
177.40234375,8.30078125,-26.85546875,-33.203125,-3.41796875
177.40625,-14.6484375,-26.85546875,-20.5078125,-16.6015625
177.41015625,-19.04296875,-21.484375,-22.94921875,-23.92578125
177.4140625,-8.30078125,-16.6015625,-31.25,-15.13671875
177.41796875,5.37109375,-18.06640625,-22.4609375,-22.4609375
177.421875,-0.9765625,-26.3671875,-9.27734375,-18.06640625
177.42578125,-21.484375,-34.1796875,-20.99609375,1.953125
177.4296875,12.20703125,-25.87890625,-43.9453125,34.1796875
177.43359375,11.23046875,-15.625,-57.12890625,-1.953125
177.4375,-27.83203125,-15.625,-38.57421875,-33.69140625
177.44140625,-38.57421875,-17.08984375,-18.5546875,-49.8046875
177.4453125,-25.390625,-21.484375,-22.4609375,-70.80078125
177.44921875,11.23046875,-19.04296875,-24.90234375,-55.17578125
177.453125,20.5078125,-14.16015625,-20.01953125,-20.5078125
177.45703125,-10.7421875,-20.5078125,-24.4140625,-25.390625
177.4609375,-22.4609375,-23.92578125,-41.015625,-10.25390625
177.46484375,20.5078125,-14.16015625,-35.15625,-1.953125
177.46875,15.13671875,-20.5078125,-22.94921875,-38.0859375
177.47265625,-1.953125,-32.71484375,-17.578125,-43.45703125
177.4765625,5.859375,-27.83203125,-18.06640625,-37.109375
177.48046875,9.765625,-24.90234375,-25.390625,-23.4375
177.484375,11.71875,-28.80859375,-31.73828125,-25.390625
177.48828125,12.6953125,-26.85546875,-48.33984375,-26.3671875
177.4921875,1.953125,-22.4609375,-43.9453125,-20.5078125
177.49609375,-21.484375,-24.90234375,-15.13671875,-37.109375
177.5,4.39453125,-33.69140625,-7.32421875,-4.8828125
177.50390625,10.25390625,-27.34375,-7.8125,6.8359375
177.5078125,-2.44140625,-20.99609375,-14.16015625,-22.94921875
177.51171875,11.71875,-9.765625,-26.3671875,-17.08984375
177.515625,4.39453125,-1.953125,-20.01953125,-5.37109375
177.51953125,-3.90625,-8.30078125,-24.90234375,15.13671875
177.5234375,4.39453125,-16.6015625,-32.2265625,6.8359375
177.52734375,13.18359375,-18.5546875,-23.4375,-39.55078125
177.53125,22.4609375,-10.25390625,-23.92578125,-21.484375
177.53515625,-3.90625,-6.8359375,-21.484375,-15.625
177.5390625,-21.97265625,-19.53125,-11.71875,-33.69140625
177.54296875,-12.6953125,-32.71484375,-8.30078125,-42.96875
177.546875,-10.25390625,-25.390625,-6.8359375,-15.13671875
177.55078125,-13.671875,-18.06640625,-6.34765625,21.97265625
177.5546875,-6.34765625,-12.6953125,-3.41796875,30.76171875
177.55859375,11.71875,-3.90625,-5.859375,20.99609375
177.5625,27.34375,9.765625,-33.69140625,-7.32421875
177.56640625,42.96875,9.765625,-47.36328125,-7.32421875
177.5703125,21.484375,-2.9296875,-14.16015625,12.6953125
177.57421875,-8.30078125,-21.484375,16.6015625,-15.625
177.578125,-30.2734375,-34.66796875,10.25390625,-34.66796875
177.58203125,-28.80859375,-32.71484375,-1.46484375,-18.5546875
177.5859375,-17.578125,-29.296875,6.8359375,-3.41796875
177.58984375,-23.4375,-32.71484375,17.578125,0.9765625
177.59375,-45.8984375,-41.9921875,13.671875,-36.62109375
177.59765625,-62.5,-47.36328125,13.671875,-36.62109375
177.6015625,-57.6171875,-44.43359375,16.11328125,-25.390625
177.60546875,-53.22265625,-41.015625,9.27734375,-48.828125
177.609375,-52.734375,-42.48046875,3.90625,-56.640625
177.61328125,-51.26953125,-39.0625,-1.46484375,-48.33984375
177.6171875,-56.15234375,-33.69140625,-8.7890625,-39.55078125
177.62109375,-47.8515625,-35.64453125,-17.578125,-46.38671875
177.625,-35.64453125,-32.2265625,-9.765625,-25.87890625
177.62890625,-30.76171875,-27.34375,-4.8828125,13.18359375
177.6328125,-42.96875,-26.85546875,-37.59765625,5.37109375
177.63671875,-49.8046875,-25.390625,-28.80859375,-13.18359375
177.640625,-35.64453125,-25.87890625,5.37109375,-20.01953125
177.64453125,-24.4140625,-20.5078125,4.8828125,-6.8359375
177.6484375,-28.3203125,-24.4140625,-7.8125,-24.90234375
177.65234375,-47.8515625,-42.48046875,-12.20703125,-33.203125
177.65625,-40.0390625,-44.921875,-7.8125,-28.3203125
177.66015625,-24.4140625,-34.66796875,-14.16015625,-31.25
177.6640625,-16.11328125,-28.80859375,-12.6953125,-11.23046875
177.66796875,-28.3203125,-33.69140625,-0.9765625,-25.87890625
177.671875,-37.109375,-39.55078125,3.90625,-22.94921875
177.67578125,-21.484375,-28.3203125,1.46484375,-6.8359375
177.6796875,-21.97265625,-13.671875,-15.625,-28.3203125
177.68359375,-25.87890625,-26.85546875,-10.7421875,-30.76171875
177.6875,-13.671875,-37.109375,3.41796875,-22.94921875
177.69140625,-8.7890625,-29.296875,-1.46484375,-30.76171875
177.6953125,-12.6953125,-23.4375,-4.39453125,-37.59765625
177.69921875,-18.5546875,-25.87890625,-1.953125,-41.9921875
177.703125,-8.30078125,-22.94921875,-2.9296875,-34.1796875
177.70703125,14.6484375,-17.578125,-7.32421875,-18.5546875
177.7109375,23.4375,-20.5078125,-13.671875,-3.41796875
177.71484375,51.7578125,-15.625,-28.80859375,8.30078125
177.71875,56.15234375,-15.625,-33.203125,6.8359375
177.72265625,20.5078125,-29.296875,-7.8125,-22.4609375
177.7265625,9.765625,-27.83203125,1.46484375,-33.203125
177.73046875,14.16015625,-16.11328125,-13.671875,-6.34765625
177.734375,8.7890625,-22.94921875,-14.16015625,-17.08984375
177.73828125,19.53125,-32.71484375,-11.71875,-14.16015625
177.7421875,15.625,-31.25,-13.18359375,2.44140625
177.74609375,10.7421875,-28.3203125,-10.25390625,-27.83203125
177.75,31.73828125,-26.85546875,-3.90625,-28.80859375
177.75390625,50.29296875,-41.015625,-0.48828125,-9.765625
177.7578125,40.52734375,-36.1328125,-8.7890625,-25.87890625
177.76171875,29.78515625,-22.4609375,-27.83203125,-28.80859375
177.765625,39.0625,-25.87890625,-40.52734375,-26.85546875
177.76953125,35.15625,-25.390625,-28.3203125,0.9765625
177.7734375,30.76171875,-17.578125,-17.578125,19.04296875
177.77734375,20.99609375,-22.94921875,-14.16015625,-0.48828125
177.78125,36.62109375,-34.1796875,-5.37109375,0.9765625
177.78515625,30.2734375,-29.296875,-0.9765625,19.53125
177.7890625,14.16015625,-22.94921875,-6.8359375,-11.71875
177.79296875,1.46484375,-19.53125,-20.5078125,-34.1796875
177.796875,3.90625,-17.578125,-23.4375,-31.25
177.80078125,3.90625,-18.5546875,-23.92578125,-21.484375
177.8046875,-2.44140625,-13.18359375,-24.4140625,-22.94921875
177.80859375,-4.8828125,-13.671875,-20.99609375,-15.625
177.8125,-4.39453125,-22.4609375,-19.53125,-17.578125
177.81640625,3.41796875,-29.296875,-43.45703125,-18.06640625
177.8203125,3.90625,-26.85546875,-57.6171875,-8.30078125
177.82421875,-2.9296875,-31.25,-38.0859375,-12.6953125
177.828125,19.53125,-35.15625,-34.66796875,-20.5078125
177.83203125,13.671875,-28.80859375,-29.296875,-11.71875
177.8359375,-14.16015625,-23.4375,-19.04296875,-12.6953125
177.83984375,9.27734375,-10.7421875,-16.11328125,-16.6015625
177.84375,13.671875,-15.13671875,-19.53125,-24.90234375
177.84765625,14.16015625,-26.85546875,-24.4140625,-30.76171875
177.8515625,23.4375,-28.80859375,-12.6953125,-18.5546875
177.85546875,11.23046875,-20.99609375,-11.71875,-9.27734375
177.859375,4.8828125,-4.8828125,-26.3671875,-6.8359375
177.86328125,-5.859375,-5.37109375,-39.55078125,6.8359375
177.8671875,-15.13671875,-23.4375,-29.78515625,4.8828125
177.87109375,-15.13671875,-27.83203125,-10.7421875,-19.04296875
177.875,-14.6484375,-21.484375,-12.20703125,-17.08984375
177.87890625,-13.671875,-20.01953125,-27.34375,-20.99609375
177.8828125,-7.32421875,-20.5078125,-28.3203125,-15.13671875
177.88671875,-10.25390625,-27.83203125,-15.13671875,-1.46484375
177.890625,-33.69140625,-30.76171875,-17.578125,-45.41015625
177.89453125,-31.25,-27.83203125,-16.11328125,-55.6640625
177.8984375,-35.15625,-26.85546875,-1.953125,-22.94921875
177.90234375,-38.0859375,-29.296875,7.8125,-8.30078125
177.90625,-25.87890625,-24.90234375,10.25390625,-9.765625
177.91015625,-8.30078125,-12.20703125,2.44140625,-7.8125
177.9140625,-18.06640625,-23.92578125,-2.44140625,-6.34765625
177.91796875,-30.76171875,-35.15625,16.11328125,3.41796875
177.921875,-46.38671875,-41.9921875,31.25,4.39453125
177.92578125,-41.9921875,-45.8984375,28.80859375,-14.6484375
177.9296875,-1.46484375,-41.50390625,10.7421875,7.32421875
177.93359375,5.859375,-39.0625,1.46484375,11.23046875
177.9375,-2.9296875,-33.69140625,2.44140625,-9.765625
177.94140625,-14.6484375,-30.76171875,5.37109375,-16.6015625
177.9453125,-40.0390625,-43.45703125,0.0,2.9296875
177.94921875,-35.64453125,-42.96875,1.46484375,0.48828125
177.953125,-11.71875,-24.90234375,-0.9765625,0.48828125
177.95703125,-13.671875,-23.92578125,-2.44140625,5.859375
177.9609375,-26.3671875,-31.25,10.25390625,-29.296875
177.96484375,-15.625,-26.85546875,16.6015625,-22.4609375
177.96875,-0.48828125,-22.4609375,9.765625,9.765625
177.97265625,-7.8125,-21.97265625,-4.39453125,6.34765625
177.9765625,-21.97265625,-29.78515625,0.48828125,-4.8828125
177.98046875,-16.6015625,-32.71484375,2.9296875,0.9765625
177.984375,-3.90625,-26.85546875,-4.39453125,-1.46484375
177.98828125,-2.44140625,-25.87890625,-13.671875,-6.8359375
177.9921875,-5.37109375,-20.01953125,-4.8828125,-15.625
177.99609375,-4.8828125,-18.06640625,6.8359375,-16.11328125
178.0,-0.9765625,-23.4375,11.71875,-11.71875
178.00390625,-0.9765625,-28.3203125,14.16015625,2.9296875
178.0078125,4.39453125,-24.4140625,10.7421875,5.37109375
178.01171875,-0.9765625,-28.80859375,1.953125,-0.9765625
178.015625,-2.9296875,-34.1796875,-6.8359375,-15.625
178.01953125,-2.9296875,-29.78515625,-10.25390625,-35.64453125
178.0234375,10.25390625,-23.4375,-14.6484375,-7.8125
178.02734375,19.04296875,-19.04296875,-13.18359375,44.921875
178.03125,19.53125,-21.97265625,-15.13671875,14.16015625
178.03515625,22.94921875,-24.90234375,-25.87890625,-8.30078125
178.0390625,7.8125,-32.2265625,-25.390625,20.5078125
178.04296875,-15.13671875,-31.73828125,-13.18359375,-31.25
178.046875,-13.18359375,-25.390625,0.9765625,-52.734375
178.05078125,1.46484375,-21.97265625,-3.41796875,-5.859375
178.0546875,4.39453125,-18.06640625,-20.01953125,6.8359375
178.05859375,14.16015625,-14.6484375,-9.765625,-1.953125
178.0625,14.16015625,-22.4609375,8.30078125,-3.90625
178.06640625,-1.46484375,-24.90234375,8.7890625,-2.9296875
178.0703125,-3.90625,-24.4140625,-3.90625,-2.44140625
178.07421875,-2.9296875,-32.71484375,0.48828125,-22.4609375
178.078125,-17.08984375,-32.71484375,-17.08984375,-12.20703125
178.08203125,-33.69140625,-21.97265625,-29.78515625,8.30078125
178.0859375,-24.90234375,-13.671875,-12.6953125,-14.16015625
178.08984375,-6.34765625,-19.53125,-15.625,-35.15625
178.09375,-0.48828125,-18.5546875,-15.13671875,-20.01953125
178.09765625,-4.39453125,-21.484375,-14.6484375,-8.30078125
178.1015625,-0.9765625,-22.4609375,-37.109375,-25.390625
178.10546875,0.9765625,-14.16015625,-32.2265625,-18.06640625
178.109375,-4.39453125,-16.6015625,-1.46484375,-24.90234375
178.11328125,-1.46484375,-19.04296875,11.71875,-24.4140625
178.1171875,-3.90625,-20.5078125,0.0,-15.625
178.12109375,-16.6015625,-26.85546875,-7.8125,-27.34375
178.125,-21.484375,-32.71484375,-5.859375,-30.76171875
178.12890625,-18.06640625,-31.25,-13.671875,-23.92578125
178.1328125,-3.90625,-18.5546875,-42.96875,-10.25390625
178.13671875,3.90625,-19.04296875,-36.1328125,5.859375
178.140625,-10.7421875,-31.25,2.44140625,4.39453125
178.14453125,-28.3203125,-29.78515625,11.23046875,-13.671875
178.1484375,-27.83203125,-28.3203125,2.44140625,-30.76171875
178.15234375,-15.13671875,-29.78515625,-8.30078125,-43.9453125
178.15625,-14.6484375,-27.34375,-20.01953125,-37.109375
178.16015625,-15.13671875,-19.04296875,-40.52734375,-22.4609375
178.1640625,-28.3203125,-22.94921875,-32.2265625,-39.55078125
178.16796875,-45.8984375,-36.62109375,-3.90625,-39.0625
178.171875,-11.71875,-30.76171875,-3.90625,-11.23046875
178.17578125,14.6484375,-19.53125,-19.04296875,-8.7890625
178.1796875,-12.6953125,-21.484375,-20.01953125,-27.34375
178.18359375,-24.4140625,-18.06640625,-12.20703125,-14.6484375
178.1875,-11.71875,-17.08984375,-11.23046875,-1.46484375
178.19140625,14.16015625,-30.76171875,-21.484375,-29.78515625
178.1953125,15.625,-30.76171875,-42.96875,-22.94921875
178.19921875,-19.53125,-6.34765625,-21.484375,-3.90625
178.203125,-22.4609375,9.27734375,5.859375,-25.87890625
178.20703125,-18.5546875,-4.39453125,-4.8828125,-41.9921875
178.2109375,-26.3671875,-8.30078125,-12.6953125,-35.64453125
178.21484375,-17.08984375,-11.23046875,-25.390625,-33.69140625
178.21875,-19.04296875,-14.16015625,-26.85546875,-24.4140625
178.22265625,-7.32421875,-12.20703125,-15.13671875,-10.7421875
178.2265625,11.23046875,-17.08984375,-23.92578125,-6.34765625
178.23046875,6.34765625,-20.5078125,-15.625,-26.85546875
178.234375,0.9765625,-14.16015625,-2.44140625,-9.765625
178.23828125,6.34765625,-6.8359375,-3.90625,2.44140625
178.2421875,4.8828125,-8.30078125,-20.99609375,-14.16015625
178.24609375,3.90625,-8.7890625,-31.73828125,-23.92578125
178.25,-25.87890625,-7.32421875,-14.6484375,-25.390625
178.25390625,-17.578125,-7.32421875,-0.9765625,-3.41796875
178.2578125,-2.44140625,-11.71875,-20.5078125,-28.3203125
178.26171875,-3.41796875,-18.5546875,-24.90234375,-66.40625
178.265625,-4.39453125,-15.625,-19.04296875,-35.15625
178.26953125,-3.90625,-8.7890625,-11.71875,-13.18359375
178.2734375,-6.8359375,-9.765625,-3.90625,-14.16015625
178.27734375,-6.34765625,-25.87890625,-2.9296875,-14.16015625
178.28125,-28.80859375,-36.62109375,-7.32421875,-8.7890625
178.28515625,-30.2734375,-24.4140625,-19.04296875,-7.32421875
178.2890625,-21.484375,-16.11328125,-21.97265625,-29.296875
178.29296875,-21.484375,-11.23046875,-21.484375,-10.25390625
178.296875,-6.8359375,-15.13671875,-32.2265625,1.46484375
178.30078125,-9.765625,-15.13671875,-22.4609375,4.39453125
178.3046875,-6.8359375,-9.765625,-18.06640625,0.48828125
178.30859375,9.765625,-10.25390625,-40.52734375,-3.41796875
178.3125,24.90234375,-5.37109375,-25.87890625,26.3671875
178.31640625,-6.34765625,-2.44140625,0.48828125,-9.27734375
178.3203125,-11.23046875,-5.37109375,-0.9765625,-45.41015625
178.32421875,4.8828125,-0.9765625,-27.83203125,-17.08984375
178.328125,-21.97265625,2.9296875,-32.71484375,-28.80859375
178.33203125,-16.11328125,2.44140625,-18.5546875,-52.734375
178.3359375,-9.765625,8.30078125,-25.87890625,-42.96875
178.33984375,-8.7890625,16.11328125,-31.25,-30.2734375
178.34375,-22.94921875,4.8828125,-29.296875,-32.2265625
178.34765625,-10.25390625,4.8828125,-40.0390625,-33.69140625
178.3515625,-5.37109375,13.671875,-53.7109375,-54.19921875
178.35546875,-19.04296875,15.13671875,-63.96484375,-73.73046875
178.359375,-7.32421875,17.08984375,-67.87109375,-44.43359375
178.36328125,-21.97265625,12.20703125,-68.359375,-76.171875
178.3671875,-23.4375,-1.953125,-73.2421875,-91.30859375
178.37109375,3.90625,-8.30078125,-73.2421875,-25.87890625
178.375,-8.30078125,-3.90625,-70.80078125,-11.71875
178.37890625,-11.23046875,3.90625,-74.21875,-58.59375
178.3828125,-6.8359375,16.6015625,-63.96484375,-68.84765625
178.38671875,-14.16015625,22.94921875,-52.734375,-29.296875
178.390625,-7.8125,13.18359375,-45.8984375,-20.5078125
178.39453125,8.7890625,11.23046875,-52.24609375,-4.39453125
178.3984375,2.9296875,6.8359375,-54.6875,9.27734375
178.40234375,0.9765625,-3.90625,-42.96875,-31.25
178.40625,11.71875,11.71875,-46.875,-21.97265625
178.41015625,19.04296875,12.6953125,-48.33984375,2.9296875
178.4140625,1.46484375,-7.8125,-41.50390625,-13.671875
178.41796875,-12.20703125,-7.8125,-41.50390625,-30.2734375
178.421875,3.41796875,2.44140625,-46.38671875,-25.87890625
178.42578125,12.6953125,3.90625,-32.2265625,-19.53125
178.4296875,19.04296875,2.9296875,-11.23046875,-19.04296875
178.43359375,39.55078125,-3.41796875,-13.18359375,-8.7890625
178.4375,30.76171875,-3.90625,-22.4609375,-7.32421875
178.44140625,31.73828125,-3.90625,-20.99609375,-19.04296875
178.4453125,35.64453125,-14.16015625,-27.83203125,-0.9765625
178.44921875,19.04296875,-9.27734375,-50.78125,27.83203125
178.453125,12.20703125,-2.9296875,-60.546875,5.859375
178.45703125,-26.3671875,-21.484375,-24.90234375,-26.85546875
178.4609375,-37.59765625,-21.97265625,2.44140625,-34.1796875
178.46484375,-19.04296875,-9.27734375,-2.9296875,-23.92578125
178.46875,-17.08984375,-4.8828125,-11.71875,-9.27734375
178.47265625,-6.8359375,0.9765625,-16.11328125,-3.41796875
178.4765625,27.34375,5.859375,-18.06640625,-0.9765625
178.48046875,18.5546875,9.765625,-14.16015625,17.578125
178.484375,-0.48828125,-8.30078125,-7.32421875,-6.34765625
178.48828125,1.46484375,-22.4609375,-2.44140625,-50.29296875
178.4921875,-6.34765625,-7.32421875,-2.9296875,-34.1796875
178.49609375,-26.3671875,1.46484375,-8.7890625,-23.4375
178.5,-17.08984375,0.48828125,-15.625,-30.2734375
178.50390625,-9.27734375,-7.8125,-17.578125,-26.85546875
178.5078125,-23.4375,-17.08984375,-16.6015625,-22.4609375
178.51171875,-40.0390625,-26.3671875,-17.08984375,-36.62109375
178.515625,-30.76171875,-28.3203125,-42.48046875,-42.48046875
178.51953125,-5.37109375,-20.01953125,-35.64453125,-18.5546875
178.5234375,-15.13671875,-16.11328125,-1.953125,-10.7421875
178.52734375,-31.25,-21.97265625,0.48828125,-38.57421875
178.53125,-18.5546875,-18.5546875,-12.6953125,-51.7578125
178.53515625,-14.16015625,-14.6484375,-16.6015625,-33.69140625
178.5390625,-23.4375,-18.5546875,-10.25390625,-17.08984375
178.54296875,-36.1328125,-17.578125,-8.7890625,-21.484375
178.546875,-25.390625,-18.06640625,-2.9296875,-40.0390625
178.55078125,-3.90625,-12.6953125,0.48828125,-40.0390625
178.5546875,5.37109375,-8.30078125,-13.671875,-21.484375
178.55859375,3.90625,-13.18359375,-13.671875,-11.71875
178.5625,-1.953125,-15.625,-1.953125,-2.9296875
178.56640625,-7.8125,-17.578125,7.32421875,-7.32421875
178.5703125,-21.97265625,-13.18359375,8.30078125,-19.04296875
178.57421875,-9.27734375,-10.25390625,-2.9296875,-13.671875
178.578125,-8.7890625,-17.08984375,-6.34765625,-23.92578125
178.58203125,-23.4375,-27.34375,-4.39453125,-41.50390625
178.5859375,-32.71484375,-31.73828125,-2.44140625,-27.83203125
178.58984375,-13.671875,-32.71484375,-13.671875,-20.01953125
178.59375,0.0,-15.13671875,-34.1796875,-8.30078125
178.59765625,-12.6953125,-5.859375,-20.5078125,-8.30078125
178.6015625,-17.08984375,-16.11328125,-1.953125,-8.7890625
178.60546875,-14.16015625,-22.4609375,-1.46484375,-20.99609375
178.609375,-16.11328125,-16.11328125,-2.44140625,-37.59765625
178.61328125,-15.13671875,-12.6953125,-1.46484375,-29.78515625
178.6171875,-2.44140625,-15.625,-3.90625,-32.2265625
178.62109375,3.90625,-15.625,-9.765625,-10.7421875
178.625,7.32421875,-21.484375,-9.765625,1.953125
178.62890625,-4.39453125,-26.85546875,-15.625,-45.41015625
178.6328125,-21.97265625,-28.80859375,-34.1796875,-54.19921875
178.63671875,-27.34375,-24.4140625,-33.69140625,-27.34375
178.640625,-24.4140625,-20.99609375,-17.08984375,-31.73828125
178.64453125,-11.71875,-16.6015625,-17.578125,-26.3671875
178.6484375,-6.34765625,-13.671875,-20.01953125,-0.9765625
178.65234375,-14.16015625,-20.01953125,-3.90625,-16.11328125
178.65625,-19.04296875,-20.01953125,10.7421875,-26.3671875
178.66015625,-17.578125,-17.578125,4.39453125,-30.76171875
178.6640625,-16.6015625,-22.4609375,-8.7890625,-13.671875
178.66796875,-1.953125,-24.90234375,-11.23046875,-9.27734375
178.671875,-14.6484375,-25.390625,-28.3203125,-39.0625
178.67578125,-21.97265625,-15.625,-22.94921875,-27.34375
178.6796875,-22.94921875,-19.04296875,-7.32421875,-32.71484375
178.68359375,-30.76171875,-26.85546875,-13.18359375,-38.0859375
178.6875,-28.80859375,-24.4140625,-14.6484375,-41.50390625
178.69140625,-28.80859375,-23.4375,-18.06640625,-46.875
178.6953125,-21.484375,-28.80859375,-16.11328125,-27.34375
178.69921875,-18.5546875,-34.66796875,-17.08984375,-23.92578125
178.703125,-10.25390625,-42.96875,-21.97265625,-17.08984375
178.70703125,0.48828125,-42.96875,-14.6484375,-0.9765625
178.7109375,-32.2265625,-30.76171875,-8.7890625,-22.94921875
178.71484375,-54.19921875,-24.4140625,-8.7890625,-29.78515625
178.71875,-42.96875,-25.390625,-8.30078125,-11.71875
178.72265625,-28.80859375,-26.85546875,-0.9765625,-18.06640625
178.7265625,-30.76171875,-23.4375,0.9765625,-31.73828125
178.73046875,-32.71484375,-22.94921875,-5.37109375,-34.1796875
178.734375,-6.8359375,-23.92578125,-20.01953125,-8.30078125
178.73828125,-12.6953125,-37.59765625,-18.5546875,-16.6015625
178.7421875,-34.1796875,-45.8984375,-0.9765625,-33.203125
178.74609375,-41.015625,-35.15625,-9.27734375,-32.71484375
178.75,-35.15625,-30.76171875,-21.484375,-45.8984375
178.75390625,-20.01953125,-26.3671875,-13.671875,-33.69140625
178.7578125,-13.18359375,-19.53125,-4.39453125,-24.90234375
178.76171875,-0.48828125,-26.85546875,0.48828125,-26.3671875
178.765625,-8.30078125,-29.78515625,3.41796875,-9.765625
178.76953125,-24.90234375,-23.92578125,-0.48828125,-2.9296875
178.7734375,-12.6953125,-24.90234375,-6.8359375,-26.85546875
178.77734375,-2.9296875,-37.59765625,-12.6953125,-28.3203125
178.78125,-14.16015625,-39.55078125,-17.08984375,-22.4609375
178.78515625,-4.39453125,-27.83203125,-19.53125,-19.04296875
178.7890625,7.8125,-24.4140625,-36.1328125,-12.6953125
178.79296875,12.20703125,-15.625,-34.1796875,-9.27734375
178.796875,20.5078125,-14.6484375,-22.4609375,2.9296875
178.80078125,-1.953125,-29.296875,-13.18359375,-6.8359375
178.8046875,-12.20703125,-33.69140625,-2.9296875,-11.71875
178.80859375,-8.30078125,-31.25,2.44140625,-33.69140625
178.8125,-15.625,-29.296875,-1.953125,-36.62109375
178.81640625,-15.625,-20.5078125,-12.6953125,-18.5546875
178.8203125,-10.7421875,-12.6953125,-2.44140625,-9.765625
178.82421875,-17.578125,-17.08984375,-4.39453125,-3.41796875
178.828125,-26.3671875,-15.13671875,-24.4140625,-3.41796875
178.83203125,-32.2265625,-17.578125,-8.7890625,-29.78515625
178.8359375,-16.11328125,-28.3203125,9.765625,-29.296875
178.83984375,0.9765625,-21.484375,6.34765625,-12.6953125
178.84375,-9.27734375,-21.97265625,-7.8125,-14.16015625
178.84765625,-8.30078125,-35.15625,-13.671875,-26.85546875
178.8515625,-24.90234375,-26.3671875,-6.34765625,-25.87890625
178.85546875,-40.0390625,-12.6953125,-0.9765625,-32.71484375
178.859375,-19.53125,-17.578125,-1.953125,-42.48046875
178.86328125,-23.92578125,-19.53125,-3.41796875,-14.6484375
178.8671875,-36.62109375,-16.11328125,-11.23046875,-8.30078125
178.87109375,-13.671875,-16.6015625,-19.53125,-21.484375
178.875,-3.90625,-17.08984375,-11.23046875,-17.578125
178.87890625,6.8359375,-27.34375,-2.44140625,-37.59765625
178.8828125,3.90625,-32.2265625,-2.9296875,-22.4609375
178.88671875,1.46484375,-22.4609375,-4.39453125,11.71875
178.890625,22.94921875,-16.11328125,-1.953125,20.99609375
178.89453125,4.8828125,-15.13671875,-13.18359375,-21.484375
178.8984375,-10.7421875,-15.625,-34.1796875,-33.69140625
178.90234375,-21.97265625,-19.53125,-47.8515625,-13.671875
178.90625,-22.4609375,-7.8125,-33.203125,-33.69140625
178.91015625,-18.06640625,-1.953125,-15.13671875,-62.01171875
178.9140625,-10.25390625,-2.44140625,-19.53125,-28.80859375
178.91796875,9.27734375,1.953125,-30.76171875,-33.69140625
178.921875,-3.90625,-11.23046875,-42.48046875,-34.1796875
178.92578125,-0.48828125,-17.578125,-39.55078125,-11.71875
178.9296875,-14.6484375,-1.953125,-42.48046875,-30.2734375
178.93359375,-44.43359375,5.37109375,-51.7578125,-42.48046875
178.9375,-42.48046875,2.9296875,-60.546875,-53.7109375
178.94140625,1.46484375,3.41796875,-59.5703125,-45.8984375
178.9453125,3.90625,-0.48828125,-51.26953125,-51.26953125
178.94921875,-15.13671875,-2.44140625,-73.2421875,-33.203125
178.953125,-10.25390625,0.0,-73.73046875,-35.64453125
178.95703125,-2.9296875,-9.27734375,-38.0859375,-58.59375
178.9609375,-1.953125,-21.484375,-28.3203125,-46.875
178.96484375,-22.94921875,-19.53125,-29.78515625,-34.1796875
178.96875,-24.90234375,-18.5546875,-28.3203125,-36.1328125
178.97265625,-5.37109375,-13.18359375,-40.0390625,-40.52734375
178.9765625,10.7421875,-6.34765625,-41.9921875,-30.2734375
178.98046875,9.27734375,-16.6015625,-29.78515625,-34.1796875
178.984375,-12.6953125,-22.94921875,-30.76171875,-36.1328125
178.98828125,-8.7890625,-9.27734375,-47.36328125,-46.875
178.9921875,-6.8359375,-0.9765625,-60.546875,-45.41015625
178.99609375,-4.8828125,0.0,-43.9453125,-9.765625
179.0,-12.20703125,-9.765625,-30.2734375,-32.2265625
179.00390625,-11.71875,-15.13671875,-19.53125,-57.6171875
179.0078125,5.859375,-8.7890625,-14.6484375,-36.62109375
179.01171875,-6.8359375,-12.6953125,-27.34375,-28.3203125
179.015625,-17.08984375,-19.53125,-21.484375,-14.6484375
179.01953125,-10.25390625,-9.765625,-9.27734375,-23.92578125
179.0234375,-11.23046875,-9.27734375,-16.6015625,-38.57421875
179.02734375,-5.37109375,-23.92578125,-13.18359375,-29.296875
179.03125,2.44140625,-23.4375,-10.7421875,-7.8125
179.03515625,24.90234375,-14.6484375,-26.3671875,7.8125
179.0390625,24.4140625,-15.13671875,-32.2265625,-3.41796875
179.04296875,20.5078125,-10.7421875,-18.5546875,-7.32421875
179.046875,7.32421875,-4.8828125,-13.671875,-11.23046875
179.05078125,-7.32421875,6.34765625,-12.6953125,-40.0390625
179.0546875,5.37109375,2.44140625,-30.76171875,-29.296875
179.05859375,22.4609375,-3.41796875,-31.73828125,-3.90625
179.0625,18.5546875,1.953125,1.953125,-14.16015625
179.06640625,-8.30078125,1.953125,-2.44140625,-48.33984375
179.0703125,-8.30078125,-11.23046875,-17.08984375,-23.4375
179.07421875,0.0,-22.94921875,-11.71875,-14.16015625
179.078125,-13.18359375,-22.94921875,-20.01953125,-22.4609375
179.08203125,-22.94921875,-20.01953125,-22.94921875,-19.04296875
179.0859375,-20.5078125,-15.625,-20.5078125,-25.87890625
179.08984375,-17.08984375,-11.23046875,-18.5546875,-25.87890625
179.09375,-10.25390625,-8.7890625,-7.8125,-20.5078125
179.09765625,-23.4375,-19.04296875,-9.765625,-16.6015625
179.1015625,-25.87890625,-24.90234375,-17.08984375,-33.203125
179.10546875,-21.484375,-18.06640625,-13.671875,-34.1796875
179.109375,-25.87890625,-17.08984375,-23.92578125,-31.73828125
179.11328125,-32.71484375,-16.11328125,-43.45703125,-27.83203125
179.1171875,-41.9921875,-12.20703125,-28.80859375,-5.37109375
179.12109375,-40.52734375,-19.04296875,-4.39453125,-10.25390625
179.125,-23.92578125,-20.5078125,-2.44140625,-17.578125
179.12890625,-21.484375,-10.25390625,-4.39453125,-10.7421875
179.1328125,-24.4140625,-9.27734375,-8.7890625,-21.97265625
179.13671875,-16.6015625,-8.30078125,-5.859375,-25.87890625
179.140625,-13.18359375,-9.27734375,-9.27734375,-27.83203125
179.14453125,-30.76171875,-11.71875,-12.6953125,-25.390625
179.1484375,-24.90234375,-7.32421875,-11.71875,-6.8359375
179.15234375,-6.8359375,-10.25390625,-10.25390625,-4.8828125
179.15625,-37.59765625,-15.13671875,-13.18359375,-20.99609375
179.16015625,-55.17578125,-17.08984375,-18.06640625,-7.8125
179.1640625,-31.73828125,-18.06640625,-16.6015625,-30.76171875
179.16796875,-24.4140625,-17.08984375,-9.765625,-49.8046875
179.171875,-22.4609375,-15.625,-9.27734375,-31.73828125
179.17578125,-12.6953125,-5.859375,-12.20703125,-24.90234375
179.1796875,-23.4375,0.9765625,-11.71875,-23.92578125
179.18359375,-50.29296875,-7.8125,-13.671875,-35.64453125
179.1875,-60.546875,-23.92578125,-2.44140625,-10.7421875
179.19140625,-53.7109375,-26.85546875,2.9296875,-15.625
179.1953125,-48.828125,-10.25390625,-12.6953125,-45.41015625
179.19921875,-54.19921875,0.0,-43.45703125,-38.0859375
179.203125,-49.31640625,-1.46484375,-48.828125,-39.0625
179.20703125,-41.50390625,-5.859375,-17.578125,-27.34375
179.2109375,-54.6875,-17.08984375,-9.765625,-20.5078125
179.21484375,-67.3828125,-22.94921875,-16.11328125,-58.59375
179.21875,-73.2421875,-15.625,-10.25390625,-64.453125
179.22265625,-65.91796875,-8.7890625,-9.765625,-49.8046875
179.2265625,-59.08203125,-13.18359375,-16.6015625,-57.6171875
179.23046875,-62.5,-14.6484375,-11.71875,-49.31640625
179.234375,-77.63671875,-9.765625,-13.18359375,-50.78125
179.23828125,-58.10546875,-15.625,-16.6015625,-39.55078125
179.2421875,-63.96484375,-20.01953125,-15.13671875,-36.62109375
179.24609375,-108.88671875,-12.6953125,-26.3671875,-48.828125
179.25,-64.453125,-8.7890625,-29.78515625,-0.9765625
179.25390625,-62.98828125,-20.99609375,-30.2734375,-38.57421875
179.2578125,-104.00390625,-33.69140625,-23.92578125,-79.1015625
179.26171875,-102.05078125,-30.2734375,-7.32421875,-63.4765625
179.265625,-91.796875,-25.87890625,-2.9296875,-77.63671875
179.26953125,-79.58984375,-19.04296875,-4.39453125,-67.87109375
179.2734375,-71.2890625,-5.37109375,-12.6953125,-49.8046875
179.27734375,-76.66015625,-9.27734375,-12.20703125,-41.9921875
179.28125,-89.35546875,-19.04296875,-17.578125,-45.8984375
179.28515625,-77.63671875,-8.7890625,-33.69140625,-50.78125
179.2890625,-65.91796875,-11.71875,-34.66796875,-36.1328125
179.29296875,-98.14453125,-33.203125,-27.83203125,-52.734375
179.296875,-112.79296875,-32.71484375,-16.11328125,-69.3359375
179.30078125,-101.07421875,-28.80859375,-3.41796875,-44.921875
179.3046875,-107.421875,-27.34375,-14.16015625,-37.109375
179.30859375,-118.65234375,-19.04296875,-34.1796875,-61.5234375
179.3125,-133.7890625,-12.6953125,-33.69140625,-61.5234375
179.31640625,-134.27734375,-7.8125,-26.85546875,-60.05859375
179.3203125,-119.62890625,-4.8828125,-22.4609375,-46.875
179.32421875,-107.421875,-10.25390625,-30.76171875,-57.6171875
179.328125,-111.328125,-15.13671875,-38.57421875,-68.359375
179.33203125,-95.21484375,-9.27734375,-35.64453125,-51.7578125
179.3359375,-79.1015625,-5.37109375,-45.8984375,-49.8046875
179.33984375,-104.00390625,-7.32421875,-52.734375,-42.48046875
179.34375,-111.328125,-15.625,-37.109375,-62.98828125
179.34765625,-113.76953125,-26.85546875,-18.06640625,-79.1015625
179.3515625,-118.65234375,-27.83203125,-20.5078125,-60.05859375
179.35546875,-118.65234375,-13.18359375,-40.52734375,-60.546875
179.359375,-123.53515625,-6.34765625,-30.2734375,-51.26953125
179.36328125,-130.37109375,-20.99609375,-9.27734375,-47.36328125
179.3671875,-130.37109375,-25.87890625,-13.671875,-68.359375
179.37109375,-110.83984375,-16.11328125,-21.484375,-66.40625
179.375,-101.5625,-18.06640625,-32.71484375,-60.05859375
179.37890625,-110.83984375,-18.5546875,-36.1328125,-62.5
179.3828125,-107.421875,-17.578125,-22.94921875,-65.4296875
179.38671875,-104.4921875,-18.06640625,-20.01953125,-57.6171875
179.390625,-105.95703125,-12.6953125,-19.53125,-53.7109375
179.39453125,-116.2109375,-11.71875,-19.04296875,-51.7578125
179.3984375,-121.09375,-20.01953125,-25.87890625,-51.7578125
179.40234375,-121.09375,-22.94921875,-31.73828125,-51.7578125
179.40625,-121.09375,-25.390625,-24.90234375,-55.17578125
179.41015625,-133.7890625,-29.78515625,-21.97265625,-51.7578125
179.4140625,-137.20703125,-20.5078125,-25.87890625,-69.82421875
179.41796875,-130.859375,-8.7890625,-20.5078125,-71.77734375
179.421875,-122.0703125,-13.18359375,-24.4140625,-53.22265625
179.42578125,-144.53125,-15.13671875,-28.3203125,-70.3125
179.4296875,-149.90234375,-14.16015625,-20.99609375,-68.84765625
179.43359375,-142.08984375,-13.18359375,-24.90234375,-67.87109375
179.4375,-159.1796875,-11.71875,-49.8046875,-89.35546875
179.44140625,-145.5078125,-2.44140625,-64.453125,-87.890625
179.4453125,-99.12109375,6.8359375,-56.640625,-53.7109375
179.44921875,-116.69921875,-5.859375,-40.0390625,-53.7109375
179.453125,-179.6875,-15.13671875,-30.2734375,-82.51953125
179.45703125,-211.9140625,-19.53125,-26.85546875,-116.2109375
179.4609375,-226.5625,-25.87890625,-25.390625,-138.671875
179.46484375,-243.65234375,-28.80859375,-19.53125,-145.01953125
179.46875,-259.27734375,-28.80859375,-17.578125,-133.7890625
179.47265625,-275.87890625,-31.73828125,-36.1328125,-142.578125
179.4765625,-291.015625,-46.875,-25.87890625,-188.4765625
179.48046875,-276.85546875,-56.640625,14.6484375,-166.9921875
179.484375,-281.25,-66.40625,30.76171875,-142.578125
179.48828125,-269.04296875,-71.77734375,31.73828125,-158.69140625
179.4921875,-228.02734375,-73.2421875,31.25,-126.46484375
179.49609375,-258.7890625,-68.84765625,23.92578125,-115.72265625
179.5,-264.6484375,-48.828125,24.90234375,-137.6953125
179.50390625,-248.53515625,-31.73828125,14.6484375,-128.90625
179.5078125,-258.30078125,-30.76171875,0.0,-134.765625
179.51171875,-240.72265625,-33.203125,8.30078125,-124.0234375
179.515625,-232.91015625,-41.015625,-2.44140625,-96.6796875
179.51953125,-214.35546875,-43.45703125,0.0,-81.0546875
179.5234375,-190.4296875,-41.9921875,21.97265625,-60.05859375
179.52734375,-190.91796875,-42.48046875,21.97265625,-66.40625
179.53125,-168.45703125,-37.59765625,15.13671875,-84.47265625
179.53515625,-162.59765625,-47.36328125,15.625,-68.359375
179.5390625,-164.55078125,-53.7109375,17.08984375,-46.875
179.54296875,-142.578125,-40.52734375,2.9296875,-35.64453125
179.546875,-142.08984375,-26.85546875,-1.46484375,-34.1796875
179.55078125,-136.71875,-29.78515625,-2.9296875,-28.3203125
179.5546875,-124.0234375,-42.96875,-15.625,-27.83203125
179.55859375,-138.18359375,-47.36328125,-9.765625,-42.96875
179.5625,-140.13671875,-45.8984375,-8.7890625,-28.3203125
179.56640625,-119.140625,-39.0625,-13.18359375,-13.18359375
179.5703125,-104.00390625,-37.109375,-16.11328125,-16.6015625
179.57421875,-96.6796875,-41.9921875,-9.27734375,-19.04296875
179.578125,-83.49609375,-37.109375,2.44140625,14.16015625
179.58203125,-103.02734375,-37.109375,11.71875,13.671875
179.5859375,-117.1875,-35.64453125,12.6953125,-5.859375
179.58984375,-117.67578125,-18.5546875,0.0,-6.8359375
179.59375,-121.58203125,-14.16015625,-13.18359375,-12.6953125
179.59765625,-120.60546875,-22.4609375,-12.6953125,-24.4140625
179.6015625,-121.58203125,-31.25,-11.71875,-25.390625
179.60546875,-85.44921875,-42.48046875,-25.390625,-0.48828125
179.609375,-59.5703125,-37.109375,-28.3203125,45.41015625
179.61328125,-93.26171875,-25.87890625,-16.6015625,32.71484375
179.6171875,-100.09765625,-12.6953125,0.9765625,-33.69140625
179.62109375,-93.26171875,-3.90625,5.37109375,-36.62109375
179.625,-104.4921875,-14.16015625,-7.32421875,-17.578125
179.62890625,-122.0703125,-21.484375,-2.9296875,-20.99609375
179.6328125,-117.67578125,-19.53125,0.9765625,-5.37109375
179.63671875,-103.515625,-23.4375,-1.953125,16.11328125
179.640625,-97.16796875,-31.73828125,-29.78515625,-4.8828125
179.64453125,-95.21484375,-38.0859375,-36.62109375,-25.390625
179.6484375,-105.95703125,-39.0625,-15.13671875,-18.5546875
179.65234375,-118.65234375,-31.73828125,-10.7421875,-13.18359375
179.65625,-104.4921875,-25.390625,-8.30078125,-5.37109375
179.66015625,-107.91015625,-19.53125,-11.71875,0.48828125
179.6640625,-117.1875,-21.97265625,-20.01953125,10.25390625
179.66796875,-108.88671875,-32.2265625,-22.4609375,12.6953125
179.671875,-111.328125,-29.296875,-28.80859375,-15.13671875
179.67578125,-75.1953125,-17.578125,-35.64453125,-5.859375
179.6796875,-63.96484375,-19.53125,-35.15625,-3.41796875
179.68359375,-108.88671875,-40.0390625,-20.5078125,-23.4375
179.6875,-112.79296875,-50.78125,-18.5546875,-31.25
179.69140625,-115.72265625,-30.76171875,-27.34375,-33.203125
179.6953125,-134.27734375,-12.6953125,-21.97265625,-24.90234375
179.69921875,-135.7421875,-10.25390625,-15.13671875,-18.5546875
179.703125,-113.28125,-7.32421875,-20.99609375,-8.7890625
179.70703125,-88.8671875,-6.34765625,-35.64453125,-17.08984375
179.7109375,-97.16796875,-10.7421875,-33.203125,-40.0390625
179.71484375,-92.7734375,-17.08984375,-21.484375,-27.83203125
179.71875,-68.359375,-27.83203125,-14.16015625,18.5546875
179.72265625,-69.82421875,-34.66796875,-10.25390625,-18.06640625
179.7265625,-81.0546875,-28.80859375,-11.71875,-51.26953125
179.73046875,-94.23828125,-18.06640625,-19.04296875,-35.64453125
179.734375,-111.328125,-16.11328125,-32.71484375,-31.25
179.73828125,-109.86328125,-17.578125,-35.15625,-9.765625
179.7421875,-90.33203125,-20.01953125,-34.66796875,-21.97265625
179.74609375,-94.7265625,-22.94921875,-35.64453125,-35.64453125
179.75,-104.00390625,-29.78515625,-33.203125,-14.6484375
179.75390625,-94.7265625,-32.71484375,-37.109375,-15.13671875
179.7578125,-62.01171875,-28.80859375,-48.33984375,-26.3671875
179.76171875,-40.52734375,-21.97265625,-44.43359375,-2.44140625
179.765625,-78.61328125,-27.34375,-28.3203125,-11.23046875
179.76953125,-126.953125,-39.55078125,-32.2265625,-44.43359375
179.7734375,-161.62109375,-31.25,-36.1328125,-67.3828125
179.77734375,-172.36328125,-20.5078125,-35.64453125,-81.0546875
179.78125,-156.25,-23.4375,-38.57421875,-56.15234375
179.78515625,-136.71875,-26.3671875,-29.296875,-10.7421875
179.7890625,-115.72265625,-25.87890625,-23.4375,-34.66796875
179.79296875,-102.05078125,-24.4140625,-31.73828125,-40.0390625
179.796875,-92.7734375,-22.94921875,-37.109375,10.25390625
179.80078125,-107.421875,-26.85546875,-40.52734375,-16.11328125
179.8046875,-125.48828125,-33.69140625,-41.9921875,-38.0859375
179.80859375,-103.02734375,-30.2734375,-42.48046875,-8.30078125
179.8125,-101.07421875,-33.203125,-34.66796875,-13.18359375
179.81640625,-119.140625,-44.43359375,-19.53125,-21.97265625
179.8203125,-114.2578125,-39.55078125,-1.46484375,-18.5546875
179.82421875,-114.2578125,-20.99609375,-6.34765625,-19.04296875
179.828125,-125.9765625,-10.25390625,-23.4375,-48.33984375
179.83203125,-112.79296875,-7.8125,-37.109375,-34.66796875
179.8359375,-105.46875,-16.11328125,-46.38671875,-24.4140625
179.83984375,-107.421875,-32.2265625,-26.85546875,-41.50390625
179.84375,-106.93359375,-36.1328125,-17.578125,-34.1796875
179.84765625,-108.88671875,-31.73828125,-19.53125,-37.109375
179.8515625,-104.00390625,-26.85546875,-22.94921875,-34.1796875
179.85546875,-89.35546875,-24.4140625,-24.4140625,-6.34765625
179.859375,-83.0078125,-20.99609375,-42.96875,9.27734375
179.86328125,-99.12109375,-16.6015625,-60.05859375,2.44140625
179.8671875,-103.515625,-20.5078125,-42.96875,-15.625
179.87109375,-93.75,-30.2734375,-24.90234375,-2.44140625
179.875,-98.14453125,-27.83203125,-30.76171875,5.37109375
179.87890625,-82.51953125,-25.87890625,-41.50390625,-15.625
179.8828125,-80.078125,-33.203125,-43.45703125,-56.15234375
179.88671875,-89.84375,-28.3203125,-41.9921875,-73.2421875
179.890625,-68.359375,-16.6015625,-49.31640625,-33.69140625
179.89453125,-80.078125,-17.578125,-47.36328125,-42.48046875
179.8984375,-104.4921875,-18.5546875,-34.66796875,-43.9453125
179.90234375,-99.609375,-15.625,-33.69140625,-32.71484375
179.90625,-96.6796875,-16.6015625,-48.828125,-25.390625
179.91015625,-88.8671875,-24.4140625,-40.52734375,-4.39453125
179.9140625,-89.35546875,-28.80859375,-28.80859375,-37.109375
179.91796875,-78.125,-26.85546875,-33.69140625,-38.0859375
179.921875,-59.08203125,-29.78515625,-43.9453125,-28.80859375
179.92578125,-31.25,-27.34375,-53.22265625,-40.0390625
179.9296875,-51.26953125,-29.78515625,-52.734375,-49.31640625
179.93359375,-94.7265625,-35.64453125,-49.31640625,-70.3125
179.9375,-90.33203125,-28.3203125,-36.62109375,-68.359375
179.94140625,-75.68359375,-22.94921875,-30.76171875,-47.36328125
179.9453125,-72.265625,-38.57421875,-30.76171875,-32.71484375
179.94921875,-78.61328125,-44.921875,-38.0859375,-39.55078125
179.953125,-91.30859375,-40.0390625,-47.36328125,-58.59375
179.95703125,-92.28515625,-29.296875,-42.96875,-35.15625
179.9609375,-92.28515625,-18.5546875,-42.96875,-30.76171875
179.96484375,-94.23828125,-17.578125,-43.45703125,-51.26953125
179.96875,-65.4296875,-13.671875,-38.57421875,-37.59765625
179.97265625,-36.1328125,-7.32421875,-40.0390625,8.30078125
179.9765625,-43.45703125,-14.16015625,-29.296875,-14.16015625
179.98046875,-55.17578125,-29.78515625,-31.73828125,-45.41015625
179.984375,-78.61328125,-35.64453125,-46.38671875,-29.296875
179.98828125,-70.3125,-28.3203125,-34.66796875,-27.83203125
179.9921875,-50.29296875,-27.34375,-22.4609375,-34.1796875
179.99609375,-66.40625,-29.78515625,-23.4375,-65.4296875
180.0,-64.453125,-26.85546875,-27.34375,-50.78125
180.00390625,-63.4765625,-25.87890625,-27.83203125,-18.5546875
180.0078125,-78.61328125,-20.5078125,-21.484375,-18.06640625
180.01171875,-68.84765625,-14.6484375,-26.3671875,-17.578125
180.015625,-62.5,-20.5078125,-42.48046875,-23.4375
180.01953125,-58.10546875,-22.4609375,-36.62109375,-20.99609375
180.0234375,-53.7109375,-27.34375,-39.55078125,-11.71875
180.02734375,-50.29296875,-20.01953125,-27.34375,-16.11328125
180.03125,-23.4375,-3.41796875,-16.6015625,-19.04296875
180.03515625,-39.55078125,-7.8125,-19.04296875,-30.76171875
180.0390625,-66.89453125,-17.578125,-7.8125,-37.109375
180.04296875,-64.453125,-21.97265625,-9.27734375,-44.921875
180.046875,-59.5703125,-16.11328125,-27.83203125,-36.62109375
180.05078125,-53.22265625,-6.34765625,-21.484375,-32.71484375
180.0546875,-56.15234375,-8.30078125,-8.7890625,-29.296875
180.05859375,-60.546875,-8.30078125,-10.25390625,-31.73828125
180.0625,-56.640625,-7.8125,-8.7890625,-39.55078125
180.06640625,-48.828125,-20.01953125,-6.8359375,-31.25
180.0703125,-29.296875,-29.78515625,-2.44140625,-4.39453125
180.07421875,-6.8359375,-26.3671875,4.8828125,23.92578125
180.078125,-32.71484375,-20.5078125,-5.859375,-4.8828125
180.08203125,-58.59375,-15.625,-16.11328125,-34.1796875
180.0859375,-44.43359375,-5.37109375,-35.15625,-38.57421875
180.08984375,-42.96875,-8.7890625,-51.26953125,-38.57421875
180.09375,-34.1796875,-13.671875,-39.0625,-39.0625
180.09765625,-34.66796875,-14.16015625,-31.25,-52.734375
180.1015625,-57.12890625,-13.671875,-31.73828125,-44.43359375
180.10546875,-53.22265625,-13.671875,-34.66796875,-30.2734375
180.109375,-33.69140625,-20.01953125,-35.64453125,-57.6171875
180.11328125,-46.38671875,-18.06640625,-34.66796875,-82.51953125
180.1171875,-27.83203125,-9.765625,-32.2265625,-35.15625
180.12109375,-18.5546875,-14.6484375,-26.85546875,12.6953125
180.125,-7.8125,-22.94921875,-45.41015625,-41.9921875
180.12890625,7.32421875,-21.97265625,-44.921875,-35.15625
180.1328125,-10.25390625,-19.53125,-29.78515625,-18.06640625
180.13671875,-19.04296875,-11.23046875,-32.2265625,-28.80859375
180.140625,-21.97265625,-4.39453125,-48.33984375,-3.90625
180.14453125,-23.4375,-0.9765625,-43.45703125,-2.9296875
180.1484375,-19.53125,-2.44140625,-28.3203125,-20.01953125
180.15234375,-12.6953125,-16.11328125,-28.80859375,-3.41796875
180.15625,5.37109375,-9.27734375,-39.55078125,22.4609375
180.16015625,-5.37109375,-0.48828125,-41.9921875,11.71875
180.1640625,-35.64453125,-11.71875,-34.66796875,-53.22265625
180.16796875,-20.5078125,-12.20703125,-34.1796875,-70.3125
180.171875,-4.8828125,-16.6015625,-32.71484375,-21.484375
180.17578125,-14.16015625,-24.90234375,-25.87890625,-31.25
180.1796875,-5.859375,-20.5078125,-31.73828125,-8.30078125
180.18359375,-22.4609375,-32.71484375,-41.9921875,24.90234375
180.1875,-47.36328125,-29.296875,-29.78515625,-23.4375
180.19140625,-41.015625,-8.30078125,-10.7421875,-29.296875
180.1953125,18.5546875,-15.625,-6.34765625,16.11328125
180.19921875,11.71875,-18.5546875,-17.08984375,29.78515625
180.203125,-44.921875,-10.7421875,-20.01953125,-17.08984375
180.20703125,-47.36328125,-2.44140625,-21.484375,-44.921875
180.2109375,-45.41015625,0.0,-28.80859375,-38.0859375
180.21484375,-32.71484375,1.46484375,-31.73828125,-50.78125
180.21875,-13.671875,0.9765625,-35.64453125,-48.33984375
180.22265625,-9.765625,-8.7890625,-48.33984375,-26.85546875
180.2265625,-9.27734375,-14.16015625,-45.8984375,-24.4140625
180.23046875,-28.3203125,-13.671875,-39.0625,-26.3671875
180.234375,-40.52734375,-13.671875,-42.96875,-38.0859375
180.23828125,-0.48828125,-11.23046875,-39.0625,-16.6015625
180.2421875,2.9296875,-20.01953125,-34.66796875,-2.44140625
180.24609375,-26.85546875,-34.1796875,-29.296875,-16.11328125
180.25,-9.27734375,-27.34375,-26.3671875,-17.08984375
180.25390625,3.90625,-11.23046875,-27.34375,-15.625
180.2578125,-10.7421875,-13.18359375,-23.92578125,-32.71484375
180.26171875,-33.203125,-23.4375,-33.69140625,-24.90234375
180.265625,-28.80859375,-14.6484375,-49.31640625,-20.5078125
180.26953125,-12.6953125,-8.7890625,-41.015625,-35.64453125
180.2734375,-10.7421875,-13.18359375,-28.3203125,-24.4140625
180.27734375,-13.671875,-18.5546875,-29.296875,-10.7421875
180.28125,-14.16015625,-31.25,-28.80859375,-29.78515625
180.28515625,-16.11328125,-33.69140625,-31.73828125,-22.4609375
180.2890625,-7.8125,-28.80859375,-36.1328125,-18.06640625
180.29296875,2.9296875,-18.5546875,-27.83203125,-29.78515625
180.296875,-6.34765625,0.48828125,-27.34375,-27.34375
180.30078125,-14.16015625,-3.90625,-27.83203125,-32.2265625
180.3046875,-17.578125,-15.13671875,-20.01953125,-36.62109375
180.30859375,-32.2265625,-18.5546875,-20.99609375,-32.2265625
180.3125,-45.41015625,-17.578125,-37.59765625,-42.96875
180.31640625,-30.76171875,-17.578125,-32.2265625,-27.34375
180.3203125,-18.5546875,-22.94921875,-18.5546875,-3.41796875
180.32421875,-16.6015625,-26.3671875,-32.71484375,-31.25
180.328125,4.39453125,-25.87890625,-34.66796875,-32.2265625
180.33203125,0.0,-23.4375,-26.85546875,-16.6015625
180.3359375,-20.99609375,-18.06640625,-24.90234375,-11.23046875
180.33984375,-25.390625,-15.13671875,-15.13671875,6.34765625
180.34375,-28.80859375,-22.94921875,-7.8125,-15.13671875
180.34765625,-13.671875,-27.83203125,-16.11328125,-24.90234375
180.3515625,-6.8359375,-22.94921875,-28.80859375,-17.08984375
180.35546875,-15.625,-19.04296875,-29.296875,-7.8125
180.359375,-18.5546875,-17.08984375,-21.97265625,-4.8828125
180.36328125,-29.296875,-20.99609375,-15.625,-20.5078125
180.3671875,-25.390625,-27.34375,-16.6015625,-20.99609375
180.37109375,-22.4609375,-27.34375,-15.625,-13.671875
180.375,-18.06640625,-9.765625,-20.99609375,-18.06640625
180.37890625,-19.04296875,-1.953125,-27.34375,-16.6015625
180.3828125,-12.6953125,-7.32421875,-17.08984375,-9.27734375
180.38671875,20.99609375,-10.25390625,-7.32421875,0.9765625
180.390625,24.4140625,-12.6953125,-20.99609375,28.80859375
180.39453125,3.90625,-15.13671875,-18.5546875,-3.90625
180.3984375,-11.71875,-16.6015625,-18.5546875,-32.2265625
180.40234375,3.90625,-18.5546875,-25.87890625,-15.625
180.40625,13.18359375,-19.04296875,-20.99609375,-14.6484375
180.41015625,15.13671875,-21.484375,-13.18359375,-9.765625
180.4140625,3.90625,-15.625,-14.16015625,-20.5078125
180.41796875,-12.20703125,-4.8828125,-15.13671875,-20.99609375
180.421875,-11.71875,-5.859375,-12.6953125,-7.32421875
180.42578125,-5.859375,-10.25390625,-24.4140625,-17.578125
180.4296875,0.0,-17.08984375,-22.4609375,-1.953125
180.43359375,14.6484375,-23.4375,-33.203125,29.296875
180.4375,6.34765625,-19.04296875,-50.29296875,12.6953125
180.44140625,-4.8828125,-10.7421875,-30.2734375,-7.8125
180.4453125,-3.90625,-13.18359375,-25.87890625,-5.859375
180.44921875,-15.13671875,-20.5078125,-20.99609375,-53.7109375
180.453125,-17.578125,-24.90234375,-6.34765625,-53.7109375
180.45703125,-21.97265625,-23.92578125,-4.39453125,-26.3671875
180.4609375,-4.39453125,-16.6015625,-10.7421875,-1.953125
180.46484375,0.9765625,-13.671875,-24.4140625,3.41796875
180.46875,1.46484375,-11.23046875,-29.296875,-9.27734375
180.47265625,36.62109375,-8.7890625,-39.0625,-0.48828125
180.4765625,51.26953125,-3.90625,-35.64453125,23.4375
180.48046875,26.85546875,-8.7890625,-21.97265625,7.8125
180.484375,-18.5546875,-23.4375,-18.06640625,-11.23046875
180.48828125,-39.0625,-13.18359375,-16.6015625,3.41796875
180.4921875,-36.1328125,-9.765625,-25.87890625,7.8125
180.49609375,-41.9921875,-26.85546875,-15.13671875,13.18359375
180.5,-51.7578125,-28.3203125,10.7421875,7.8125
180.50390625,-45.8984375,-34.1796875,27.34375,-39.0625
180.5078125,-43.9453125,-44.921875,27.34375,-38.0859375
180.51171875,-39.0625,-43.45703125,21.484375,-12.20703125
180.515625,-38.0859375,-45.41015625,21.97265625,-2.9296875
180.51953125,-27.34375,-38.57421875,17.08984375,2.44140625
180.5234375,-17.578125,-32.2265625,3.41796875,1.953125
180.52734375,-15.625,-33.203125,-1.46484375,8.30078125
180.53125,-11.23046875,-33.203125,-4.39453125,10.25390625
180.53515625,-3.90625,-32.2265625,-3.41796875,16.6015625
180.5390625,-31.25,-27.34375,2.44140625,0.9765625
180.54296875,-52.734375,-28.80859375,0.48828125,6.34765625
180.546875,-39.55078125,-37.59765625,5.859375,13.671875
180.55078125,-20.99609375,-37.59765625,10.25390625,-5.859375
180.5546875,3.41796875,-21.97265625,-12.20703125,-4.39453125
180.55859375,3.90625,-22.94921875,-8.7890625,-5.859375
180.5625,-16.11328125,-33.69140625,6.34765625,8.7890625
180.56640625,-7.8125,-28.3203125,0.0,5.37109375
180.5703125,23.4375,-20.5078125,4.8828125,9.765625
180.57421875,27.34375,-11.23046875,-1.46484375,14.6484375
180.578125,11.71875,-7.8125,-13.18359375,-2.44140625
180.58203125,1.953125,-13.671875,-0.48828125,3.41796875
180.5859375,5.37109375,-21.484375,12.20703125,-5.859375
180.58984375,7.32421875,-28.80859375,4.39453125,-3.41796875
180.59375,14.16015625,-24.90234375,-14.16015625,6.8359375
180.59765625,26.3671875,-25.390625,-20.01953125,-1.46484375
180.6015625,35.15625,-46.875,-5.859375,15.625
180.60546875,0.9765625,-47.8515625,-0.48828125,16.11328125
180.609375,-26.85546875,-31.73828125,-9.765625,-13.18359375
180.61328125,-17.08984375,-25.390625,-13.18359375,-27.83203125
180.6171875,-2.9296875,-15.625,4.39453125,-15.13671875
180.62109375,1.46484375,-15.13671875,4.8828125,0.0
180.625,20.5078125,-31.73828125,1.46484375,-0.48828125
180.62890625,16.6015625,-36.62109375,4.39453125,-3.41796875
180.6328125,7.8125,-31.73828125,-4.8828125,-11.23046875
180.63671875,6.8359375,-23.4375,-4.39453125,3.90625
180.640625,-15.13671875,-23.4375,-10.25390625,18.5546875
180.64453125,0.48828125,-30.2734375,-19.04296875,-56.15234375
180.6484375,13.671875,-40.0390625,-21.97265625,-55.6640625
180.65234375,0.0,-32.71484375,-24.90234375,-5.859375
180.65625,0.48828125,-18.06640625,-20.99609375,-7.8125
180.66015625,3.90625,-15.625,-12.6953125,-7.8125
180.6640625,4.8828125,-13.671875,-15.13671875,17.578125
180.66796875,16.11328125,-10.7421875,-32.71484375,12.20703125
180.671875,9.27734375,-17.578125,-21.484375,-13.671875
180.67578125,-2.44140625,-23.4375,-3.41796875,-18.06640625
180.6796875,5.859375,-24.4140625,-9.27734375,-12.20703125
180.68359375,-6.34765625,-30.2734375,-17.578125,-15.625
180.6875,-15.13671875,-28.3203125,-29.296875,-3.41796875
180.69140625,10.25390625,-20.5078125,-27.34375,3.41796875
180.6953125,15.625,-21.97265625,-25.87890625,-9.765625
180.69921875,0.48828125,-17.578125,-18.06640625,-17.08984375
180.703125,7.8125,-9.765625,-23.92578125,-11.71875
180.70703125,17.08984375,-11.23046875,-41.9921875,-9.27734375
180.7109375,16.6015625,-19.04296875,-33.203125,-21.97265625
180.71484375,1.46484375,-25.390625,-19.53125,-19.04296875
180.71875,1.46484375,-21.97265625,-14.6484375,-0.48828125
180.72265625,8.7890625,-20.01953125,-13.671875,-23.92578125
180.7265625,27.83203125,-24.4140625,-19.04296875,-31.73828125
180.73046875,18.06640625,-28.80859375,-28.3203125,10.7421875
180.734375,2.44140625,-22.4609375,-33.203125,12.20703125
180.73828125,11.23046875,-16.11328125,-35.15625,-28.3203125
180.7421875,10.25390625,-23.92578125,-30.76171875,-36.62109375
180.74609375,9.27734375,-22.4609375,-23.92578125,-11.23046875
180.75,16.6015625,-15.13671875,-22.4609375,-5.37109375
180.75390625,23.4375,-10.7421875,-40.52734375,-12.20703125
180.7578125,17.578125,-17.578125,-38.57421875,-15.625
180.76171875,4.39453125,-24.90234375,-15.625,-30.2734375
180.765625,-0.48828125,-26.85546875,-20.01953125,-42.96875
180.76953125,-3.41796875,-20.01953125,-26.85546875,-37.109375
180.7734375,1.953125,-16.6015625,-28.80859375,-23.92578125
180.77734375,15.625,-17.08984375,-34.1796875,-17.578125
180.78125,0.9765625,-20.5078125,-38.57421875,-15.13671875
180.78515625,-7.32421875,-29.296875,-31.73828125,-17.08984375
180.7890625,16.6015625,-23.4375,-19.53125,-8.30078125
180.79296875,-9.27734375,-14.6484375,-19.04296875,-17.08984375
180.796875,-10.25390625,-16.6015625,-17.578125,-28.80859375
180.80078125,7.8125,-16.6015625,-15.13671875,-21.484375
180.8046875,0.0,-17.08984375,-21.97265625,-34.1796875
180.80859375,20.01953125,-20.01953125,-23.4375,-29.296875
180.8125,20.99609375,-12.6953125,-21.484375,-7.32421875
180.81640625,0.0,-7.32421875,-19.04296875,-25.87890625
180.8203125,5.37109375,-9.27734375,-16.6015625,-31.25
180.82421875,26.85546875,-4.39453125,-26.85546875,-22.94921875
180.828125,36.1328125,-3.90625,-38.57421875,-4.8828125
180.83203125,34.1796875,-10.7421875,-19.53125,-8.7890625
180.8359375,43.9453125,-19.53125,-10.25390625,-29.78515625
180.83984375,20.01953125,-30.76171875,-10.7421875,-16.11328125
180.84375,5.37109375,-30.76171875,-6.8359375,-17.578125
180.84765625,0.9765625,-21.97265625,-12.20703125,-29.78515625
180.8515625,3.90625,-22.94921875,-17.08984375,-33.69140625
180.85546875,18.06640625,-20.5078125,-12.6953125,-32.71484375
180.859375,16.11328125,-15.625,-16.11328125,-12.6953125
180.86328125,18.5546875,-17.08984375,-33.69140625,-7.8125
180.8671875,21.484375,-21.97265625,-32.2265625,-10.25390625
180.87109375,21.97265625,-27.34375,-17.578125,-20.5078125
180.875,20.01953125,-29.78515625,-15.625,-23.92578125
180.87890625,9.765625,-30.2734375,-10.25390625,-15.625
180.8828125,15.625,-21.97265625,-7.8125,1.953125
180.88671875,12.20703125,-23.92578125,-21.484375,-0.48828125
180.890625,7.32421875,-26.3671875,-26.85546875,-8.30078125
180.89453125,24.4140625,-17.578125,-33.203125,-8.7890625
180.8984375,20.5078125,-20.5078125,-41.50390625,-20.01953125
180.90234375,1.46484375,-23.92578125,-38.0859375,-17.578125
180.90625,3.41796875,-20.99609375,-26.3671875,16.6015625
180.91015625,10.7421875,-19.53125,-13.18359375,-25.390625
180.9140625,3.41796875,-25.390625,-9.765625,-90.33203125
180.91796875,4.39453125,-30.2734375,-14.6484375,-53.22265625
180.921875,30.76171875,-34.66796875,-27.83203125,-29.296875
180.92578125,27.83203125,-38.0859375,-28.3203125,-23.4375
180.9296875,6.8359375,-32.2265625,-19.04296875,5.37109375
180.93359375,-2.9296875,-31.73828125,-23.4375,1.953125
180.9375,-3.90625,-28.80859375,-31.73828125,-20.99609375
180.94140625,0.0,-22.94921875,-31.73828125,-14.6484375
180.9453125,16.6015625,-21.484375,-25.87890625,-23.4375
180.94921875,30.76171875,-13.671875,-25.87890625,-20.99609375
180.953125,38.0859375,-10.25390625,-26.3671875,5.859375
180.95703125,17.08984375,-13.671875,-22.94921875,-2.9296875
180.9609375,-5.37109375,-13.671875,-16.11328125,-25.390625
180.96484375,-3.90625,-18.06640625,-24.4140625,-32.71484375
180.96875,8.7890625,-21.484375,-46.875,-29.296875
180.97265625,13.671875,-21.484375,-41.9921875,-6.34765625
180.9765625,5.37109375,-23.92578125,-20.01953125,-13.18359375
180.98046875,-0.9765625,-22.4609375,-16.6015625,-32.71484375
180.984375,10.7421875,-17.08984375,-12.20703125,-4.39453125
180.98828125,42.48046875,-22.4609375,1.46484375,29.78515625
180.9921875,53.7109375,-11.23046875,-24.4140625,27.83203125
180.99609375,22.94921875,-7.8125,-41.015625,2.9296875
181.0,-3.41796875,-20.5078125,-14.6484375,-23.92578125
181.00390625,-14.6484375,-18.06640625,-11.23046875,-66.89453125
181.0078125,-6.34765625,-9.765625,-23.4375,-62.5
181.01171875,16.11328125,-1.46484375,-26.3671875,-38.57421875
181.015625,12.20703125,0.48828125,-24.90234375,-31.73828125
181.01953125,14.16015625,-1.953125,-34.66796875,-33.69140625
181.0234375,10.25390625,-2.44140625,-42.96875,-29.78515625
181.02734375,3.41796875,2.44140625,-45.41015625,-17.578125
181.03125,19.53125,0.9765625,-50.78125,-44.43359375
181.03515625,32.2265625,-7.8125,-48.828125,-53.22265625
181.0390625,23.92578125,-7.8125,-50.29296875,-50.78125
181.04296875,29.296875,6.34765625,-59.08203125,-42.96875
181.046875,33.69140625,8.30078125,-68.359375,-51.26953125
181.05078125,31.73828125,0.48828125,-69.3359375,-52.734375
181.0546875,33.203125,-3.90625,-59.08203125,-34.1796875
181.05859375,23.4375,0.0,-62.5,-29.78515625
181.0625,20.99609375,3.41796875,-68.359375,-26.3671875
181.06640625,18.5546875,1.46484375,-50.29296875,-40.52734375
181.0703125,19.53125,2.44140625,-36.62109375,-31.25
181.07421875,41.015625,7.32421875,-43.9453125,-5.37109375
181.078125,41.9921875,-6.8359375,-43.9453125,-22.94921875
181.08203125,36.62109375,-22.4609375,-33.69140625,-42.96875
181.0859375,34.66796875,-10.25390625,-30.2734375,-37.109375
181.08984375,41.50390625,-5.37109375,-24.90234375,-13.671875
181.09375,41.015625,-11.23046875,-26.85546875,-19.04296875
181.09765625,43.9453125,-10.25390625,-34.66796875,-22.94921875
181.1015625,41.9921875,-6.8359375,-34.1796875,-7.8125
181.10546875,32.71484375,2.44140625,-32.71484375,-19.04296875
181.109375,29.296875,0.0,-33.69140625,-27.83203125
181.11328125,19.53125,-6.34765625,-32.71484375,-21.97265625
181.1171875,16.11328125,-10.25390625,-35.15625,-16.6015625
181.12109375,37.109375,-13.671875,-33.203125,-24.90234375
181.125,30.76171875,-15.13671875,-31.25,-28.80859375
181.12890625,20.5078125,-20.5078125,-26.85546875,17.578125
181.1328125,25.87890625,-23.92578125,-25.390625,-5.37109375
181.13671875,26.3671875,-9.27734375,-44.921875,-28.3203125
181.140625,37.109375,4.39453125,-42.48046875,32.2265625
181.14453125,20.01953125,-2.44140625,-19.53125,7.8125
181.1484375,7.8125,-14.16015625,-5.859375,-37.109375
181.15234375,28.80859375,-11.23046875,-5.37109375,-5.37109375
181.15625,35.64453125,-6.8359375,-9.27734375,-8.7890625
181.16015625,37.59765625,-11.71875,-13.671875,-24.4140625
181.1640625,30.2734375,-25.87890625,-17.578125,-20.99609375
181.16796875,19.53125,-16.11328125,-16.6015625,-11.71875
181.171875,22.94921875,2.44140625,-20.01953125,0.9765625
181.17578125,31.25,-0.48828125,-31.25,0.9765625
181.1796875,27.34375,-6.34765625,-21.97265625,13.18359375
181.18359375,12.20703125,-8.30078125,-6.34765625,-8.7890625
181.1875,18.06640625,-7.8125,-2.44140625,-11.71875
181.19140625,17.08984375,-3.41796875,-6.34765625,-2.44140625
181.1953125,0.9765625,-7.8125,-6.8359375,-18.06640625
181.19921875,14.6484375,-12.6953125,-11.23046875,-17.578125
181.203125,26.85546875,-16.11328125,-18.5546875,-32.71484375
181.20703125,33.203125,-22.4609375,-18.5546875,-21.97265625
181.2109375,34.1796875,-23.92578125,-16.6015625,0.9765625
181.21484375,33.69140625,-23.92578125,-17.578125,-8.7890625
181.21875,32.71484375,-16.11328125,-17.578125,-2.9296875
181.22265625,36.1328125,-1.46484375,-13.18359375,20.01953125
181.2265625,20.01953125,5.37109375,-15.625,-2.44140625
181.23046875,17.578125,-2.44140625,-19.04296875,-3.90625
181.234375,16.6015625,-14.16015625,-20.5078125,-4.8828125
181.23828125,8.30078125,-14.6484375,-22.4609375,-13.671875
181.2421875,12.20703125,-11.23046875,-26.3671875,-10.25390625
181.24609375,12.6953125,-10.7421875,-19.04296875,-2.9296875
181.25,16.11328125,-10.25390625,-27.34375,0.48828125
181.25390625,15.13671875,-9.765625,-42.96875,-15.13671875
181.2578125,32.2265625,-21.97265625,-22.94921875,-10.25390625
181.26171875,40.52734375,-24.4140625,-3.90625,-11.71875
181.265625,5.859375,-21.97265625,-0.9765625,-9.765625
181.26953125,-0.9765625,-17.578125,2.44140625,-1.46484375
181.2734375,19.53125,-8.7890625,4.39453125,4.8828125
181.27734375,0.9765625,-17.578125,-16.6015625,-8.30078125
181.28125,-18.06640625,-24.4140625,-31.25,-38.0859375
181.28515625,-20.01953125,-18.5546875,-22.94921875,-35.15625
181.2890625,-9.27734375,-19.04296875,-17.08984375,-27.34375
181.29296875,20.01953125,-22.94921875,-10.7421875,-29.296875
181.296875,-5.859375,-18.5546875,-11.23046875,-14.16015625
181.30078125,-9.765625,-7.8125,-20.01953125,3.41796875
181.3046875,-15.625,-6.34765625,-18.06640625,-18.06640625
181.30859375,-32.2265625,-12.20703125,-20.01953125,-33.69140625
181.3125,-15.13671875,-8.7890625,-18.06640625,-55.17578125
181.31640625,-20.5078125,-1.46484375,-13.18359375,-92.7734375
181.3203125,-43.45703125,1.953125,-29.296875,-84.47265625
181.32421875,-5.859375,-5.859375,-23.92578125,-17.08984375
181.328125,-5.859375,-17.08984375,-0.48828125,-34.1796875
181.33203125,-75.1953125,-13.671875,0.0,-100.5859375
181.3359375,-87.40234375,-21.97265625,-9.765625,-117.67578125
181.33984375,-73.73046875,-30.2734375,-15.13671875,-105.95703125
181.34375,-89.35546875,-33.203125,-8.7890625,-94.23828125
181.34765625,-119.62890625,-45.8984375,7.8125,-80.078125
181.3515625,-129.39453125,-55.6640625,10.7421875,-76.66015625
181.35546875,-90.33203125,-57.6171875,-5.37109375,-109.86328125
181.359375,-119.140625,-50.29296875,6.8359375,-120.1171875
181.36328125,-150.87890625,-43.45703125,35.64453125,-114.2578125
181.3671875,-131.8359375,-52.734375,38.57421875,-113.76953125
181.37109375,-124.0234375,-54.19921875,33.69140625,-63.4765625
181.375,-69.82421875,-50.78125,32.71484375,-37.59765625
181.37890625,-47.36328125,-51.7578125,37.109375,-55.17578125
181.3828125,-88.37890625,-57.12890625,43.45703125,-64.94140625
181.38671875,-99.609375,-55.6640625,38.57421875,-66.89453125
181.390625,-72.75390625,-40.52734375,14.6484375,-40.0390625
181.39453125,-31.73828125,-41.015625,-17.578125,-37.59765625
181.3984375,-7.8125,-50.29296875,-6.34765625,-6.8359375
181.40234375,-7.32421875,-37.109375,21.484375,43.45703125
181.40625,-0.48828125,-41.50390625,20.01953125,-19.53125
181.41015625,-12.20703125,-44.43359375,3.90625,-5.859375
181.4140625,-38.0859375,-37.59765625,13.18359375,-0.48828125
181.41796875,-18.06640625,-34.66796875,26.85546875,-4.39453125
181.421875,4.8828125,-31.73828125,20.01953125,28.3203125
181.42578125,-1.953125,-31.73828125,7.8125,10.7421875
181.4296875,-0.9765625,-31.73828125,2.9296875,17.08984375
181.43359375,13.671875,-22.94921875,2.9296875,22.4609375
181.4375,27.83203125,-27.83203125,0.9765625,16.11328125
181.44140625,30.76171875,-41.50390625,-17.08984375,20.99609375
181.4453125,40.52734375,-42.48046875,-28.80859375,25.390625
181.44921875,40.0390625,-41.015625,-10.25390625,41.015625
181.453125,19.53125,-34.66796875,-0.48828125,25.390625
181.45703125,34.66796875,-26.3671875,-20.5078125,40.52734375
181.4609375,27.83203125,-26.85546875,-30.2734375,46.38671875
181.46484375,18.5546875,-25.87890625,-7.8125,3.90625
181.46875,27.34375,-20.5078125,1.953125,6.8359375
181.47265625,47.8515625,-22.94921875,6.34765625,39.0625
181.4765625,60.05859375,-20.99609375,3.41796875,49.31640625
181.48046875,56.15234375,-16.11328125,-8.7890625,44.43359375
181.484375,39.55078125,-12.6953125,-21.97265625,39.55078125
181.48828125,38.0859375,-12.20703125,-22.94921875,47.36328125
181.4921875,58.10546875,-22.4609375,-14.6484375,32.71484375
181.49609375,56.15234375,-27.34375,-21.484375,-6.8359375
181.5,35.15625,-24.90234375,-30.2734375,40.52734375
181.50390625,22.4609375,-19.53125,-11.71875,55.6640625
181.5078125,15.13671875,-9.765625,-8.30078125,0.0
181.51171875,29.78515625,-7.8125,-30.76171875,44.43359375
181.515625,36.1328125,-17.578125,-26.3671875,44.921875
181.51953125,40.0390625,-31.73828125,-4.39453125,21.97265625
181.5234375,60.546875,-30.76171875,4.8828125,39.0625
181.52734375,38.0859375,-19.53125,3.41796875,20.5078125
181.53125,11.23046875,-16.11328125,-9.27734375,15.13671875
181.53515625,18.5546875,-14.16015625,-17.08984375,22.4609375
181.5390625,18.06640625,-23.4375,-17.578125,34.66796875
181.54296875,1.46484375,-39.0625,-20.01953125,37.59765625
181.546875,-13.671875,-29.78515625,-35.15625,-0.48828125
181.55078125,-15.13671875,-17.08984375,-23.4375,3.41796875
181.5546875,-15.625,-16.11328125,-7.32421875,15.13671875
181.55859375,-19.04296875,-21.484375,-3.90625,2.44140625
181.5625,-20.5078125,-21.484375,-1.46484375,19.53125
181.56640625,-18.06640625,-19.04296875,-16.11328125,33.203125
181.5703125,-1.953125,-24.90234375,-15.625,9.27734375
181.57421875,-7.32421875,-28.3203125,-15.13671875,-12.6953125
181.578125,-16.6015625,-26.3671875,-25.87890625,10.7421875
181.58203125,-4.39453125,-24.4140625,-20.5078125,32.2265625
181.5859375,-10.7421875,-25.87890625,-20.01953125,-9.765625
181.58984375,-11.23046875,-27.34375,-28.80859375,-27.83203125
181.59375,-1.46484375,-26.85546875,-23.92578125,6.34765625
181.59765625,2.9296875,-36.62109375,-10.25390625,17.578125
181.6015625,-12.20703125,-47.36328125,-4.39453125,15.625
181.60546875,-5.859375,-21.97265625,-21.97265625,40.0390625
181.609375,19.53125,-3.90625,-28.3203125,42.96875
181.61328125,13.671875,-15.625,-4.39453125,21.484375
181.6171875,-3.90625,-21.97265625,8.30078125,49.8046875
181.62109375,18.5546875,-20.5078125,14.6484375,68.359375
181.625,21.484375,-16.11328125,-0.48828125,20.99609375
181.62890625,-0.9765625,-9.27734375,-13.671875,-18.5546875
181.6328125,1.46484375,-16.11328125,-8.30078125,-14.6484375
181.63671875,4.39453125,-22.4609375,-16.6015625,-4.8828125
181.640625,6.34765625,-20.99609375,-4.39453125,-0.48828125
181.64453125,21.484375,-20.01953125,-7.32421875,17.08984375
181.6484375,31.73828125,-22.4609375,-33.69140625,28.80859375
181.65234375,33.69140625,-20.99609375,-22.4609375,24.90234375
181.65625,43.45703125,-20.99609375,-1.953125,26.3671875
181.66015625,43.45703125,-30.76171875,8.30078125,32.71484375
181.6640625,33.203125,-28.80859375,0.0,39.55078125
181.66796875,45.41015625,-19.53125,-12.6953125,37.109375
181.671875,31.25,-32.2265625,-11.23046875,19.04296875
181.67578125,18.06640625,-30.2734375,-10.25390625,14.16015625
181.6796875,19.53125,-17.578125,-16.11328125,22.94921875
181.68359375,3.90625,-20.99609375,-8.30078125,15.13671875
181.6875,-9.27734375,-30.2734375,-7.32421875,4.8828125
181.69140625,5.859375,-33.203125,-17.08984375,-0.48828125
181.6953125,24.90234375,-28.80859375,-21.97265625,20.5078125
181.69921875,22.4609375,-29.296875,-40.52734375,32.71484375
181.703125,30.2734375,-34.66796875,-43.9453125,-1.46484375
181.70703125,23.4375,-30.76171875,-21.484375,-5.859375
181.7109375,1.953125,-27.83203125,-21.97265625,-9.27734375
181.71484375,-2.44140625,-30.2734375,-20.99609375,2.44140625
181.71875,19.53125,-26.85546875,-7.8125,28.3203125
181.72265625,10.25390625,-28.3203125,0.9765625,11.23046875
181.7265625,12.20703125,-35.64453125,-2.44140625,-13.671875
181.73046875,16.11328125,-26.3671875,-12.6953125,-1.953125
181.734375,9.27734375,-14.6484375,-11.23046875,20.99609375
181.73828125,41.9921875,-14.6484375,-11.23046875,20.01953125
181.7421875,43.45703125,-15.13671875,-12.6953125,18.5546875
181.74609375,14.6484375,-14.6484375,-27.83203125,27.83203125
181.75,14.16015625,-21.97265625,-48.33984375,20.5078125
181.75390625,25.390625,-19.53125,-25.87890625,14.6484375
181.7578125,28.80859375,-11.23046875,-2.9296875,-4.8828125
181.76171875,27.83203125,-12.20703125,0.0,0.48828125
181.765625,32.2265625,-19.04296875,-1.953125,-0.9765625
181.76953125,17.08984375,-15.13671875,-10.25390625,-21.97265625
181.7734375,11.71875,-9.765625,-9.27734375,-10.7421875
181.77734375,11.71875,-14.6484375,-0.48828125,22.4609375
181.78125,5.859375,-11.23046875,-8.7890625,5.859375
181.78515625,32.71484375,-11.23046875,-17.08984375,12.20703125
181.7890625,54.19921875,-20.5078125,-8.7890625,43.45703125
181.79296875,24.4140625,-22.4609375,-16.6015625,9.765625
181.796875,13.671875,-25.390625,-19.53125,-21.97265625
181.80078125,16.11328125,-24.90234375,-20.99609375,-7.32421875
181.8046875,25.87890625,-13.671875,-41.015625,30.76171875
181.80859375,14.16015625,-20.01953125,-37.59765625,17.08984375
181.8125,-8.30078125,-31.73828125,-10.25390625,2.9296875
181.81640625,4.39453125,-29.296875,2.44140625,11.23046875
181.8203125,10.25390625,-24.4140625,-5.37109375,9.765625
181.82421875,8.30078125,-32.71484375,-18.5546875,4.8828125
181.828125,-1.46484375,-39.55078125,-21.97265625,-15.13671875
181.83203125,-24.90234375,-35.64453125,-17.08984375,12.6953125
181.8359375,-24.90234375,-24.4140625,-23.92578125,24.4140625
181.83984375,2.9296875,-28.3203125,-22.94921875,-13.671875
181.84375,22.4609375,-32.71484375,-21.97265625,-2.44140625
181.84765625,15.625,-18.5546875,-29.78515625,-1.953125
181.8515625,-11.23046875,-21.484375,-16.6015625,-4.39453125
181.85546875,-25.87890625,-25.390625,-13.18359375,-5.37109375
181.859375,-29.78515625,-18.06640625,-22.4609375,-11.23046875
181.86328125,-30.76171875,-23.92578125,-22.4609375,-6.8359375
181.8671875,-23.92578125,-31.73828125,-38.57421875,5.37109375
181.87109375,-11.71875,-28.3203125,-61.5234375,13.671875
181.875,-3.90625,-28.3203125,-47.8515625,38.57421875
181.87890625,-9.765625,-29.78515625,-24.4140625,4.39453125
181.8828125,-20.01953125,-26.85546875,-22.4609375,-31.25
181.88671875,-10.25390625,-25.390625,-22.4609375,-7.8125
181.890625,3.90625,-34.66796875,-19.04296875,-20.01953125
181.89453125,-9.765625,-46.38671875,-18.06640625,-28.3203125
181.8984375,-31.25,-36.1328125,-34.66796875,-8.7890625
181.90234375,-25.390625,-21.484375,-38.57421875,1.953125
181.90625,-15.625,-24.90234375,-14.6484375,-11.23046875
181.91015625,-26.3671875,-29.78515625,-13.18359375,-4.8828125
181.9140625,-15.13671875,-20.99609375,-11.71875,25.390625
181.91796875,12.6953125,-22.4609375,-12.6953125,6.8359375
181.921875,10.25390625,-30.76171875,-19.53125,-2.9296875
181.92578125,6.34765625,-38.57421875,-14.6484375,6.34765625
181.9296875,24.4140625,-45.41015625,-7.32421875,20.01953125
181.93359375,28.80859375,-40.0390625,-7.8125,36.62109375
181.9375,18.06640625,-24.4140625,-19.04296875,17.08984375
181.94140625,7.32421875,-14.6484375,-44.43359375,-3.90625
181.9453125,11.23046875,-16.6015625,-48.33984375,-5.859375
181.94921875,-4.39453125,-17.578125,-33.203125,-28.3203125
181.953125,1.953125,-20.99609375,-25.87890625,-43.45703125
181.95703125,-7.32421875,-23.4375,-28.3203125,-26.85546875
181.9609375,-23.92578125,-17.08984375,-33.69140625,-5.859375
181.96484375,-29.296875,-18.06640625,-40.52734375,-41.9921875
181.96875,-24.4140625,-21.484375,-50.78125,-48.828125
181.97265625,-17.578125,-18.5546875,-56.15234375,-28.80859375
181.9765625,-15.625,-12.6953125,-58.59375,-42.96875
181.98046875,-19.04296875,-4.39453125,-63.96484375,-40.0390625
181.984375,-34.1796875,-10.7421875,-80.56640625,-43.45703125
181.98828125,-12.20703125,-8.30078125,-80.56640625,-44.43359375
181.9921875,22.94921875,-2.44140625,-75.68359375,-52.24609375
181.99609375,9.765625,-8.7890625,-76.171875,-45.41015625
182.0,8.30078125,-0.48828125,-68.84765625,5.37109375
182.00390625,5.859375,4.8828125,-75.68359375,-3.90625
182.0078125,-2.9296875,-10.7421875,-71.2890625,-20.99609375
182.01171875,-0.48828125,-25.87890625,-59.08203125,-23.92578125
182.015625,1.953125,-28.3203125,-48.33984375,-28.3203125
182.01953125,0.0,-13.18359375,-40.52734375,-26.3671875
182.0234375,-6.8359375,-3.41796875,-36.62109375,-0.48828125
182.02734375,-7.8125,-2.44140625,-33.69140625,3.90625
182.03125,23.92578125,-6.34765625,-47.36328125,-48.828125
182.03515625,28.3203125,-12.6953125,-37.109375,-21.97265625
182.0390625,24.90234375,-12.6953125,-44.921875,11.71875
182.04296875,16.6015625,-10.7421875,-59.5703125,3.90625
182.046875,13.18359375,-18.5546875,-31.25,-6.8359375
182.05078125,38.57421875,-11.23046875,-17.08984375,19.04296875
182.0546875,24.90234375,9.27734375,-18.5546875,30.76171875
182.05859375,22.4609375,13.671875,-25.390625,0.9765625
182.0625,25.390625,4.8828125,-40.52734375,-13.671875
182.06640625,6.34765625,-5.37109375,-36.62109375,-38.57421875
182.0703125,-5.37109375,-10.25390625,-28.3203125,-34.1796875
182.07421875,2.9296875,-10.7421875,-27.34375,-22.4609375
182.078125,-0.48828125,-12.6953125,-24.90234375,-16.11328125
182.08203125,9.765625,-16.11328125,-18.5546875,7.32421875
182.0859375,30.2734375,-18.5546875,-20.99609375,6.34765625
182.08984375,28.3203125,-24.4140625,-28.3203125,4.8828125
182.09375,16.6015625,-27.34375,-26.85546875,-6.34765625
182.09765625,10.7421875,-17.08984375,-33.69140625,-22.4609375
182.1015625,16.11328125,-8.7890625,-45.8984375,-2.44140625
182.10546875,18.5546875,-9.765625,-30.76171875,24.4140625
182.109375,13.671875,-8.7890625,-14.16015625,-11.23046875
182.11328125,-20.5078125,-2.44140625,-12.20703125,-16.6015625
182.1171875,-10.25390625,-3.90625,-10.7421875,4.8828125
182.12109375,-4.8828125,-12.6953125,-5.37109375,-24.90234375
182.125,-7.8125,-12.20703125,-10.25390625,-18.5546875
182.12890625,25.390625,-9.27734375,-15.13671875,-16.6015625
182.1328125,43.45703125,-10.25390625,-21.484375,1.46484375
182.13671875,18.5546875,-18.5546875,-28.3203125,52.24609375
182.140625,9.27734375,-12.20703125,-14.6484375,7.8125
182.14453125,6.34765625,-11.23046875,-8.30078125,-48.828125
182.1484375,-9.27734375,-23.4375,-16.6015625,-39.55078125
182.15234375,-1.46484375,-20.01953125,-20.99609375,-19.53125
182.15625,-1.46484375,-32.71484375,-20.99609375,0.9765625
182.16015625,5.859375,-48.828125,-23.92578125,10.25390625
182.1640625,9.27734375,-31.73828125,-34.66796875,5.37109375
182.16796875,0.9765625,-14.16015625,-34.1796875,5.859375
182.171875,-4.39453125,-12.20703125,-20.01953125,2.9296875
182.17578125,-2.44140625,-8.7890625,-24.4140625,2.9296875
182.1796875,11.23046875,-8.30078125,-41.015625,4.39453125
182.18359375,20.01953125,-23.92578125,-24.4140625,-16.11328125
182.1875,-9.765625,-32.2265625,-7.8125,-24.4140625
182.19140625,-41.015625,-27.83203125,-12.6953125,-25.87890625
182.1953125,-30.76171875,-23.4375,-10.25390625,-10.7421875
182.19921875,-28.80859375,-30.2734375,-3.41796875,-4.8828125
182.203125,-15.625,-44.921875,-12.6953125,-17.08984375
182.20703125,-19.53125,-38.0859375,-14.6484375,-1.46484375
182.2109375,-30.2734375,-13.671875,-2.44140625,0.9765625
182.21484375,-10.25390625,-4.39453125,-5.859375,-6.34765625
182.21875,-23.4375,-11.71875,-11.71875,10.7421875
182.22265625,-30.2734375,-12.6953125,-8.30078125,-7.8125
182.2265625,-37.109375,-15.13671875,-21.484375,-20.01953125
182.23046875,-19.04296875,-30.76171875,-27.34375,-2.44140625
182.234375,0.9765625,-41.9921875,-18.06640625,-18.5546875
182.23828125,-17.08984375,-31.73828125,-21.484375,-27.34375
182.2421875,-18.06640625,-24.4140625,-20.01953125,1.46484375
182.24609375,-13.18359375,-30.76171875,-20.99609375,-7.32421875
182.25,-18.06640625,-29.78515625,-24.90234375,-19.53125
182.25390625,-8.7890625,-33.69140625,-16.6015625,0.0
182.2578125,-17.578125,-32.71484375,-14.16015625,-5.859375
182.26171875,-13.671875,-18.5546875,-23.92578125,7.8125
182.265625,-7.8125,-8.7890625,-26.3671875,9.765625
182.26953125,-20.99609375,-9.27734375,-11.71875,-25.390625
182.2734375,-20.01953125,-9.765625,-2.9296875,-19.04296875
182.27734375,-14.6484375,-15.13671875,-6.8359375,-17.08984375
182.28125,-4.8828125,-33.69140625,-6.8359375,-24.90234375
182.28515625,-5.37109375,-25.87890625,-4.39453125,-21.97265625
182.2890625,-16.6015625,-10.7421875,-9.27734375,-38.0859375
182.29296875,-31.25,-17.578125,-6.8359375,-25.87890625
182.296875,-33.203125,-19.53125,-18.06640625,-18.06640625
182.30078125,-20.01953125,-10.7421875,-38.0859375,-22.4609375
182.3046875,-18.5546875,-9.27734375,-19.53125,-12.20703125
182.30859375,-21.484375,-12.20703125,-5.37109375,-19.04296875
182.3125,-13.18359375,-15.625,-13.671875,5.859375
182.31640625,-23.4375,-17.578125,-6.8359375,-0.48828125
182.3203125,-25.390625,-24.90234375,-7.8125,-1.46484375
182.32421875,-30.76171875,-37.109375,-14.6484375,-3.90625
182.328125,-40.52734375,-32.2265625,-16.6015625,-44.43359375
182.33203125,-31.73828125,-19.04296875,-38.0859375,-65.91796875
182.3359375,-12.20703125,-20.99609375,-45.8984375,-52.24609375
182.33984375,-16.11328125,-29.78515625,-23.92578125,-22.4609375
182.34375,-35.15625,-26.85546875,-19.04296875,-30.2734375
182.34765625,-40.52734375,-19.53125,-21.97265625,-49.31640625
182.3515625,-31.25,-18.5546875,-17.578125,-25.87890625
182.35546875,-12.6953125,-24.90234375,-16.6015625,9.27734375
182.359375,1.953125,-21.97265625,-26.85546875,49.8046875
182.36328125,-22.4609375,-17.08984375,-35.15625,33.69140625
182.3671875,-55.17578125,-37.59765625,-22.94921875,-20.99609375
182.37109375,-34.66796875,-49.8046875,-10.7421875,-20.99609375
182.375,-9.27734375,-37.59765625,-12.20703125,-34.66796875
182.37890625,-20.99609375,-23.4375,-8.30078125,-23.4375
182.3828125,-25.87890625,-9.27734375,-19.53125,-16.11328125
182.38671875,-24.90234375,-9.27734375,-33.69140625,-31.73828125
182.390625,-24.4140625,-19.53125,-20.5078125,-24.90234375
182.39453125,-5.37109375,-14.6484375,-0.48828125,-26.3671875
182.3984375,-1.953125,-14.16015625,-1.46484375,-11.71875
182.40234375,-1.953125,-18.06640625,-18.06640625,-17.578125
182.40625,-0.48828125,-21.97265625,-21.484375,-10.7421875
182.41015625,-4.39453125,-23.4375,-23.4375,4.39453125
182.4140625,-11.23046875,-19.04296875,-22.94921875,-25.87890625
182.41796875,-23.4375,-22.4609375,-19.04296875,-50.78125
182.421875,-25.87890625,-20.5078125,-12.20703125,13.671875
182.42578125,-36.1328125,-5.37109375,-27.83203125,-3.41796875
182.4296875,-22.94921875,-7.32421875,-38.0859375,-33.203125
182.43359375,-30.2734375,-32.71484375,-20.5078125,-19.04296875
182.4375,-34.1796875,-36.1328125,-22.4609375,-26.85546875
182.44140625,-10.7421875,-19.04296875,-37.109375,-10.7421875
182.4453125,3.41796875,-26.85546875,-33.203125,10.7421875
182.44921875,-31.25,-29.78515625,-15.625,-34.66796875
182.453125,-40.52734375,-28.80859375,-11.23046875,-36.1328125
182.45703125,-0.9765625,-28.80859375,-18.06640625,-4.39453125
182.4609375,0.0,-29.296875,-9.27734375,-14.16015625
182.46484375,-17.578125,-32.71484375,-10.25390625,-26.3671875
182.46875,-22.4609375,-22.94921875,-24.4140625,-14.16015625
182.47265625,-10.7421875,-13.18359375,-23.92578125,-3.90625
182.4765625,-4.39453125,-10.25390625,-23.4375,9.765625
182.48046875,-12.6953125,-10.7421875,-31.25,0.48828125
182.484375,-13.18359375,-24.4140625,-26.85546875,-33.69140625
182.48828125,-20.01953125,-35.15625,-12.6953125,-29.296875
182.4921875,-24.90234375,-29.296875,-4.39453125,14.6484375
182.49609375,-30.2734375,-33.69140625,-10.7421875,-16.11328125
182.5,-25.87890625,-28.3203125,-30.76171875,-65.4296875
182.50390625,0.48828125,-11.71875,-26.85546875,-33.203125
182.5078125,-4.39453125,-15.625,-17.578125,-1.953125
182.51171875,-14.6484375,-19.04296875,-12.20703125,-8.30078125
182.515625,4.39453125,-12.20703125,-3.90625,-20.5078125
182.51953125,14.6484375,-8.30078125,-20.5078125,-1.46484375
182.5234375,19.04296875,-4.8828125,-31.25,3.41796875
182.52734375,-2.9296875,-23.4375,-28.3203125,3.41796875
182.53125,-18.5546875,-29.78515625,-31.25,-12.6953125
182.53515625,-15.625,-14.16015625,-31.73828125,-32.71484375
182.5390625,9.27734375,-7.8125,-52.734375,2.9296875
182.54296875,38.0859375,-20.01953125,-47.8515625,43.45703125
182.546875,-4.8828125,-36.62109375,-13.18359375,16.11328125
182.55078125,-37.109375,-34.1796875,-3.90625,-49.31640625
182.5546875,-28.3203125,-31.73828125,-2.9296875,-55.6640625
182.55859375,-15.625,-29.78515625,-7.32421875,-13.18359375
182.5625,-14.16015625,-31.73828125,-8.30078125,-4.8828125
182.56640625,-35.64453125,-39.55078125,7.32421875,-6.8359375
182.5703125,-55.6640625,-47.8515625,11.71875,-15.13671875
182.57421875,-37.59765625,-54.19921875,1.953125,-11.23046875
182.578125,-30.2734375,-45.8984375,10.25390625,-0.9765625
182.58203125,-56.640625,-48.828125,26.85546875,-1.46484375
182.5859375,-48.33984375,-57.6171875,28.80859375,22.94921875
182.58984375,-41.9921875,-46.38671875,24.90234375,-12.6953125
182.59375,-63.96484375,-48.33984375,39.55078125,-28.3203125
182.59765625,-49.8046875,-54.19921875,39.55078125,-16.6015625
182.6015625,-23.4375,-43.45703125,24.4140625,0.9765625
182.60546875,-50.29296875,-43.45703125,44.921875,24.90234375
182.609375,-61.03515625,-54.19921875,52.734375,14.6484375
182.61328125,-34.1796875,-58.59375,42.96875,10.7421875
182.6171875,-9.765625,-49.8046875,39.55078125,19.53125
182.62109375,-21.484375,-39.55078125,21.484375,4.8828125
182.625,-38.0859375,-35.15625,-0.9765625,-25.390625
182.62890625,-14.6484375,-25.390625,-1.953125,-6.34765625
182.6328125,-14.16015625,-36.62109375,1.953125,5.859375
182.63671875,-36.62109375,-47.36328125,-3.41796875,-18.5546875
182.640625,-26.3671875,-47.8515625,-6.8359375,-25.390625
182.64453125,-2.9296875,-47.36328125,-2.9296875,-4.39453125
182.6484375,3.90625,-42.48046875,-4.39453125,-8.30078125
182.65234375,-13.671875,-45.8984375,-7.32421875,-17.08984375
182.65625,-6.34765625,-49.31640625,-3.41796875,-6.8359375
182.66015625,0.48828125,-41.015625,-0.9765625,-6.34765625
182.6640625,0.9765625,-32.71484375,-5.859375,-46.875
182.66796875,6.34765625,-31.25,-20.01953125,-46.875
182.671875,18.5546875,-41.50390625,-23.92578125,-26.85546875
182.67578125,26.3671875,-37.59765625,-20.01953125,-20.5078125
182.6796875,11.23046875,-27.34375,-20.5078125,-18.06640625
182.68359375,0.48828125,-21.484375,-21.97265625,-22.4609375
182.6875,7.32421875,-16.6015625,-19.04296875,-33.203125
182.69140625,5.37109375,-15.625,-22.4609375,-37.59765625
182.6953125,-18.5546875,-24.4140625,-41.015625,-47.36328125
182.69921875,-25.87890625,-29.296875,-31.25,-44.921875
182.703125,-28.3203125,-31.25,-4.8828125,-44.921875
182.70703125,-25.87890625,-36.62109375,-0.48828125,-62.98828125
182.7109375,-26.85546875,-35.64453125,6.34765625,-58.10546875
182.71484375,-28.80859375,-30.76171875,-3.90625,-55.17578125
182.71875,-29.296875,-23.92578125,-16.11328125,-60.546875
182.72265625,-32.2265625,-25.390625,-11.71875,-63.4765625
182.7265625,-14.16015625,-21.97265625,-27.83203125,-42.96875
182.73046875,-13.18359375,-17.08984375,-29.78515625,-33.203125
182.734375,-29.296875,-25.390625,-19.04296875,-47.8515625
182.73828125,-19.04296875,-26.85546875,-23.4375,-64.94140625
182.7421875,-21.484375,-28.3203125,-24.4140625,-55.17578125
182.74609375,-41.50390625,-36.1328125,-27.83203125,-62.01171875
182.75,-37.109375,-33.203125,-29.78515625,-68.359375
182.75390625,-21.97265625,-34.66796875,-32.71484375,-49.8046875
182.7578125,0.48828125,-36.1328125,-34.1796875,-63.4765625
182.76171875,-2.9296875,-36.62109375,-15.13671875,-36.1328125
182.765625,-23.4375,-35.64453125,-10.25390625,-24.90234375
182.76953125,-8.7890625,-19.53125,-31.25,-46.38671875
182.7734375,-21.484375,-17.08984375,-38.57421875,-51.7578125
182.77734375,-37.109375,-26.85546875,-32.71484375,-55.6640625
182.78125,-8.7890625,-24.90234375,-25.390625,-52.24609375
182.78515625,-17.08984375,-17.578125,-19.04296875,-15.13671875
182.7890625,-46.38671875,-20.5078125,-29.78515625,12.20703125
182.79296875,-20.5078125,-26.3671875,-31.73828125,-53.22265625
182.796875,-20.5078125,-23.4375,-19.53125,-59.5703125
182.80078125,-35.15625,-22.4609375,-19.04296875,-54.6875
182.8046875,-22.4609375,-21.97265625,-24.4140625,-48.33984375
182.80859375,-16.11328125,-19.53125,-31.25,-31.25
182.8125,-32.2265625,-27.34375,-33.69140625,-54.19921875
182.81640625,-25.87890625,-37.59765625,-43.45703125,-73.73046875
182.8203125,0.48828125,-40.0390625,-47.36328125,-47.36328125
182.82421875,-10.25390625,-25.390625,-37.109375,-15.13671875
182.828125,-23.92578125,-11.71875,-40.52734375,-17.08984375
182.83203125,-38.57421875,-18.06640625,-37.109375,-43.45703125
182.8359375,-43.9453125,-25.87890625,-26.3671875,-53.7109375
182.83984375,-15.13671875,-28.3203125,-24.4140625,-37.59765625
182.84375,-16.6015625,-32.2265625,-34.1796875,-31.25
182.84765625,-31.73828125,-26.85546875,-42.96875,-37.109375
182.8515625,-34.66796875,-19.53125,-43.45703125,-43.45703125
182.85546875,-18.5546875,-18.5546875,-39.55078125,-36.1328125
182.859375,0.0,-16.11328125,-34.1796875,-20.99609375
182.86328125,-2.9296875,-20.01953125,-26.85546875,-12.20703125
182.8671875,-12.20703125,-21.484375,-28.80859375,-7.8125
182.87109375,-7.32421875,-21.97265625,-31.25,-18.5546875
182.875,19.04296875,-23.4375,-33.203125,-36.62109375
182.87890625,22.4609375,-12.20703125,-43.9453125,-28.3203125
182.8828125,-13.18359375,-13.18359375,-43.9453125,-18.06640625
182.88671875,-18.5546875,-20.99609375,-32.2265625,-29.78515625
182.890625,-10.7421875,-19.53125,-16.6015625,-47.8515625
182.89453125,-11.23046875,-11.23046875,-11.71875,-41.015625
182.8984375,-4.8828125,-3.90625,-38.57421875,-29.78515625
182.90234375,-7.8125,-12.20703125,-40.52734375,-30.76171875
182.90625,-18.5546875,-18.06640625,-9.27734375,-1.46484375
182.91015625,-8.30078125,-7.8125,5.37109375,6.34765625
182.9140625,-4.8828125,-6.34765625,-11.71875,-17.578125
182.91796875,-14.16015625,-24.90234375,-25.87890625,-28.80859375
182.921875,-5.859375,-37.59765625,-20.5078125,-26.3671875
182.92578125,9.27734375,-27.83203125,-13.18359375,-10.25390625
182.9296875,5.859375,-19.04296875,-12.20703125,-11.71875
182.93359375,5.37109375,-22.4609375,-9.765625,-27.34375
182.9375,0.9765625,-21.484375,-7.8125,-27.34375
182.94140625,-21.97265625,-17.08984375,-12.20703125,-20.5078125
182.9453125,-28.3203125,-14.16015625,-19.53125,-11.71875
182.94921875,3.90625,-3.90625,-30.2734375,-9.27734375
182.953125,-11.23046875,-11.23046875,-22.4609375,-18.06640625
182.95703125,-26.85546875,-26.85546875,-0.9765625,6.34765625
182.9609375,-11.23046875,-35.15625,0.0,18.5546875
182.96484375,-15.625,-30.76171875,-7.8125,-24.90234375
182.96875,-2.9296875,-11.71875,-14.6484375,-36.62109375
182.97265625,-0.48828125,-9.765625,-23.4375,-15.13671875
182.9765625,2.9296875,-14.16015625,-19.53125,-8.7890625
182.98046875,6.8359375,-20.5078125,-3.41796875,3.90625
182.984375,-9.27734375,-22.94921875,-1.46484375,-9.765625
182.98828125,-7.32421875,-10.7421875,-4.8828125,-1.46484375
182.9921875,-15.625,-13.671875,-11.71875,-3.90625
182.99609375,-29.296875,-22.4609375,-17.578125,-14.6484375
183.0,-5.859375,-12.20703125,-18.5546875,-3.41796875
183.00390625,1.953125,-10.25390625,-13.671875,-3.41796875
183.0078125,3.41796875,-10.7421875,-15.13671875,6.34765625
183.01171875,7.8125,-3.90625,-37.59765625,-8.30078125
183.015625,-7.8125,-9.27734375,-37.59765625,-20.01953125
183.01953125,-8.30078125,-26.3671875,-10.7421875,-8.7890625
183.0234375,3.41796875,-31.73828125,-11.71875,-13.18359375
183.02734375,-0.9765625,-26.85546875,-37.109375,-0.48828125
183.03125,-8.30078125,-25.87890625,-33.69140625,-9.765625
183.03515625,-2.44140625,-18.06640625,-13.671875,-19.53125
183.0390625,-11.71875,-15.625,-2.44140625,0.0
183.04296875,-9.765625,-16.6015625,-2.44140625,-15.625
183.046875,-2.44140625,-18.06640625,-16.11328125,-22.94921875
183.05078125,-6.34765625,-24.90234375,-13.18359375,8.7890625
183.0546875,-13.18359375,-28.80859375,-9.765625,-8.7890625
183.05859375,-15.13671875,-31.25,-8.30078125,-44.43359375
183.0625,-27.83203125,-35.64453125,-11.23046875,-23.92578125
183.06640625,-13.18359375,-26.85546875,-12.6953125,-4.39453125
183.0703125,6.8359375,-21.484375,-15.625,-15.13671875
183.07421875,31.25,-21.97265625,-33.203125,29.296875
183.078125,40.52734375,-13.671875,-31.73828125,33.69140625
183.08203125,1.953125,-25.87890625,-15.625,-3.90625
183.0859375,-23.4375,-38.57421875,-7.32421875,-15.625
183.08984375,-26.85546875,-30.2734375,-6.34765625,-29.296875
183.09375,-20.5078125,-25.87890625,-6.34765625,-20.5078125
183.09765625,-19.53125,-30.2734375,-19.53125,-18.5546875
183.1015625,-17.578125,-30.76171875,-49.31640625,-18.5546875
183.10546875,0.48828125,-16.6015625,-39.0625,-15.13671875
183.109375,-0.9765625,-9.27734375,-12.20703125,-3.41796875
183.11328125,6.8359375,-9.765625,3.41796875,-0.9765625
183.1171875,19.04296875,-12.20703125,14.16015625,7.8125
183.12109375,-3.41796875,-16.6015625,-11.23046875,27.83203125
183.125,8.30078125,-10.7421875,-33.203125,18.06640625
183.12890625,32.71484375,-14.6484375,-1.953125,10.7421875
183.1328125,41.015625,-21.97265625,12.20703125,17.08984375
183.13671875,30.76171875,-5.859375,-6.8359375,8.30078125
183.140625,-2.9296875,-1.46484375,-12.20703125,-15.625
183.14453125,-20.99609375,-14.16015625,-13.18359375,-15.13671875
183.1484375,-11.23046875,-18.5546875,-12.20703125,-25.390625
183.15234375,2.44140625,-8.30078125,-13.671875,-37.59765625
183.15625,-5.859375,-3.41796875,-23.4375,-35.64453125
183.16015625,-17.578125,-7.32421875,-34.1796875,-46.875
183.1640625,-13.671875,-14.16015625,-48.828125,-54.6875
183.16796875,3.90625,-15.625,-58.59375,-67.87109375
183.171875,-16.11328125,-6.34765625,-60.546875,-78.125
183.17578125,-28.80859375,-1.953125,-55.6640625,-78.61328125
183.1796875,-10.7421875,0.9765625,-65.91796875,-50.78125
183.18359375,-3.41796875,5.37109375,-77.1484375,-41.50390625
183.1875,-17.08984375,9.27734375,-63.4765625,-63.4765625
183.19140625,-20.99609375,8.7890625,-57.12890625,-52.734375
183.1953125,-3.41796875,7.8125,-62.01171875,-31.25
183.19921875,-3.90625,9.27734375,-59.5703125,-42.48046875
183.203125,4.39453125,10.7421875,-64.94140625,-32.2265625
183.20703125,14.6484375,14.6484375,-55.6640625,-35.15625
183.2109375,-15.13671875,8.7890625,-51.26953125,-61.5234375
183.21484375,-27.83203125,7.32421875,-58.10546875,-62.98828125
183.21875,-18.06640625,4.8828125,-52.734375,-62.98828125
183.22265625,-16.11328125,-1.953125,-49.31640625,-51.26953125
183.2265625,-9.27734375,-1.953125,-54.6875,-51.7578125
183.23046875,2.44140625,-6.8359375,-52.24609375,-57.12890625
183.234375,3.90625,-5.859375,-42.96875,-22.4609375
183.23828125,18.5546875,3.90625,-44.43359375,18.06640625
183.2421875,41.9921875,6.34765625,-56.640625,18.06640625
183.24609375,25.390625,2.44140625,-43.9453125,-25.87890625
183.25,5.859375,-1.953125,-26.85546875,-36.62109375
183.25390625,2.44140625,-13.18359375,-32.2265625,-13.18359375
183.2578125,3.90625,-17.578125,-18.5546875,-1.46484375
183.26171875,15.625,-5.859375,-18.5546875,-38.57421875
183.265625,24.4140625,4.39453125,-35.64453125,-33.203125
183.26953125,29.296875,2.9296875,-35.15625,-14.6484375
183.2734375,31.73828125,0.9765625,-17.578125,-19.53125
183.27734375,14.6484375,4.8828125,-10.25390625,-5.37109375
183.28125,-2.44140625,2.44140625,-18.06640625,-9.765625
183.28515625,0.48828125,-5.37109375,-20.5078125,-32.71484375
183.2890625,5.37109375,-6.34765625,-24.90234375,-25.390625
183.29296875,7.8125,-12.20703125,-25.87890625,-21.97265625
183.296875,10.7421875,-23.92578125,-24.90234375,-27.83203125
183.30078125,13.671875,-0.9765625,-38.0859375,-9.765625
183.3046875,0.0,9.765625,-41.015625,-6.34765625
183.30859375,-10.25390625,-6.8359375,-22.4609375,-14.6484375
183.3125,-9.765625,-11.23046875,-16.11328125,-41.015625
183.31640625,1.953125,-8.7890625,-25.390625,-40.52734375
183.3203125,-6.34765625,-10.25390625,-19.53125,-13.671875
183.32421875,-13.671875,-8.30078125,-13.671875,4.39453125
183.328125,-3.41796875,-9.27734375,-18.5546875,-1.953125
183.33203125,-18.06640625,-14.6484375,-20.5078125,-23.4375
183.3359375,-35.64453125,-10.7421875,-26.3671875,-20.99609375
183.33984375,-37.109375,-6.8359375,-28.80859375,-7.32421875
183.34375,-17.08984375,-1.953125,-26.85546875,-19.53125
183.34765625,-15.625,5.859375,-38.57421875,-23.4375
183.3515625,-25.87890625,2.44140625,-64.453125,-25.87890625
183.35546875,6.34765625,-10.7421875,-49.31640625,-11.23046875
183.359375,9.27734375,-20.99609375,-18.5546875,7.8125
183.36328125,-33.203125,-14.16015625,-11.23046875,-26.3671875
183.3671875,-27.34375,-0.9765625,-27.34375,-14.16015625
183.37109375,-1.46484375,3.90625,-29.296875,34.1796875
183.375,-15.625,1.953125,-26.3671875,-7.32421875
183.37890625,-35.64453125,4.39453125,-30.76171875,-46.875
183.3828125,-36.1328125,5.859375,-14.6484375,-9.765625
183.38671875,-31.25,-4.8828125,-17.08984375,-0.48828125
183.390625,-29.296875,-12.6953125,-42.48046875,0.0
183.39453125,-38.57421875,-12.20703125,-28.80859375,-10.25390625
183.3984375,-35.64453125,-16.11328125,-10.25390625,-25.390625
183.40234375,-20.99609375,-19.04296875,-12.20703125,-24.90234375
183.40625,-21.97265625,-24.4140625,-19.53125,-23.92578125
183.41015625,-30.76171875,-20.99609375,-18.5546875,-18.06640625
183.4140625,-45.8984375,-19.04296875,-18.06640625,-21.484375
183.41796875,-28.3203125,-20.01953125,-22.94921875,-21.97265625
183.421875,-22.4609375,-20.99609375,-27.83203125,-28.3203125
183.42578125,-40.52734375,-16.6015625,-28.3203125,-41.9921875
183.4296875,-29.78515625,-11.23046875,-36.62109375,-8.30078125
183.43359375,-32.2265625,-10.25390625,-36.1328125,-13.671875
183.4375,-53.22265625,-8.7890625,-17.578125,-27.34375
183.44140625,-64.94140625,-14.6484375,-15.625,-20.01953125
183.4453125,-57.12890625,-17.578125,-11.23046875,-31.73828125
183.44921875,-39.55078125,-20.5078125,-10.7421875,-16.11328125
183.453125,-34.1796875,-19.04296875,-19.53125,5.859375
183.45703125,-36.1328125,-16.11328125,-13.18359375,14.16015625
183.4609375,-46.38671875,-19.53125,-2.44140625,-18.06640625
183.46484375,-58.10546875,-12.20703125,4.39453125,-48.828125
183.46875,-67.87109375,-8.30078125,4.8828125,-45.41015625
183.47265625,-47.36328125,-8.30078125,-1.46484375,-17.578125
183.4765625,-46.875,-5.37109375,-16.11328125,-18.06640625
183.48046875,-82.51953125,-11.23046875,-20.01953125,-42.96875
183.484375,-81.0546875,-19.04296875,-25.390625,-35.64453125
183.48828125,-52.734375,-21.484375,-45.8984375,-7.8125
183.4921875,-45.41015625,-13.671875,-28.3203125,-5.37109375
183.49609375,-61.03515625,-5.37109375,-0.9765625,-19.53125
183.5,-66.89453125,-0.9765625,0.48828125,-31.73828125
183.50390625,-68.359375,-5.37109375,-8.30078125,-37.109375
183.5078125,-71.77734375,-13.671875,-17.08984375,-51.7578125
183.51171875,-84.9609375,-21.484375,-16.6015625,-67.87109375
183.515625,-70.80078125,-25.390625,-17.08984375,-42.96875
183.51953125,-72.75390625,-20.5078125,-29.296875,-22.94921875
183.5234375,-77.63671875,-17.578125,-27.34375,-41.9921875
183.52734375,-62.01171875,-24.90234375,-14.16015625,-56.640625
183.53125,-78.125,-22.4609375,-22.94921875,-50.29296875
183.53515625,-73.2421875,-15.13671875,-24.4140625,-42.48046875
183.5390625,-45.8984375,-22.4609375,-25.87890625,-33.203125
183.54296875,-68.84765625,-22.4609375,-36.62109375,-30.76171875
183.546875,-95.21484375,-9.27734375,-33.69140625,-41.015625
183.55078125,-73.73046875,-11.23046875,-30.2734375,-39.0625
183.5546875,-53.7109375,-10.7421875,-39.0625,-13.671875
183.55859375,-62.98828125,-5.37109375,-56.640625,-6.34765625
183.5625,-82.03125,-15.13671875,-38.57421875,-38.57421875
183.56640625,-82.51953125,-24.90234375,-21.97265625,-44.43359375
183.5703125,-68.359375,-24.4140625,-23.92578125,-24.4140625
183.57421875,-55.6640625,-20.5078125,-14.16015625,-39.0625
183.578125,-60.546875,-18.06640625,-14.16015625,-35.64453125
183.58203125,-74.70703125,-25.390625,-19.53125,-36.1328125
183.5859375,-67.87109375,-26.3671875,-22.94921875,-51.26953125
183.58984375,-13.671875,-11.23046875,-39.0625,-20.5078125
183.59375,8.7890625,-8.7890625,-50.78125,8.30078125
183.59765625,-43.45703125,-19.53125,-28.80859375,-20.99609375
183.6015625,-79.58984375,-25.390625,1.953125,-41.50390625
183.60546875,-97.65625,-29.78515625,0.9765625,-34.1796875
183.609375,-111.81640625,-41.50390625,-12.6953125,-50.29296875
183.61328125,-102.5390625,-55.17578125,-10.7421875,-44.43359375
183.6171875,-104.00390625,-54.19921875,2.9296875,-44.921875
183.62109375,-102.5390625,-43.45703125,14.16015625,-52.24609375
183.625,-110.83984375,-46.38671875,15.625,-39.0625
183.62890625,-122.55859375,-60.05859375,10.7421875,-61.5234375
183.6328125,-106.93359375,-65.91796875,8.7890625,-56.640625
183.63671875,-101.5625,-55.6640625,23.4375,-20.5078125
183.640625,-110.3515625,-43.9453125,38.0859375,-25.390625
183.64453125,-123.046875,-52.734375,49.31640625,-15.13671875
183.6484375,-118.1640625,-66.40625,61.03515625,15.13671875
183.65234375,-105.95703125,-56.15234375,60.546875,-8.7890625
183.65625,-96.19140625,-48.33984375,47.8515625,-22.94921875
183.66015625,-89.35546875,-45.41015625,32.71484375,-7.32421875
183.6640625,-104.00390625,-43.45703125,30.2734375,-15.625
183.66796875,-97.16796875,-43.45703125,44.43359375,-23.92578125
183.671875,-75.68359375,-45.41015625,43.9453125,-1.46484375
183.67578125,-88.8671875,-46.875,37.109375,9.27734375
183.6796875,-85.44921875,-44.43359375,38.57421875,1.953125
183.68359375,-62.5,-49.8046875,28.3203125,-15.13671875
183.6875,-73.73046875,-49.31640625,10.7421875,-24.90234375
183.69140625,-93.26171875,-41.9921875,17.578125,-25.390625
183.6953125,-103.515625,-38.57421875,17.578125,-12.20703125
183.69921875,-97.65625,-33.69140625,2.9296875,4.8828125
183.703125,-74.21875,-27.83203125,7.32421875,-8.30078125
183.70703125,-62.5,-28.80859375,13.18359375,-1.46484375
183.7109375,-64.453125,-35.15625,18.5546875,15.625
183.71484375,-59.5703125,-28.80859375,21.484375,-2.44140625
183.71875,-68.359375,-20.99609375,-3.41796875,5.859375
183.72265625,-74.21875,-22.4609375,-7.32421875,7.32421875
183.7265625,-65.4296875,-29.78515625,12.6953125,-10.7421875
183.73046875,-75.68359375,-31.73828125,20.99609375,-38.57421875
183.734375,-75.68359375,-39.0625,19.04296875,-48.33984375
183.73828125,-66.89453125,-41.015625,13.18359375,-20.5078125
183.7421875,-63.4765625,-26.3671875,17.578125,18.06640625
183.74609375,-78.125,-20.99609375,12.20703125,-29.296875
183.75,-74.70703125,-19.53125,1.46484375,-47.36328125
183.75390625,-53.7109375,-15.625,2.44140625,-15.13671875
183.7578125,-50.29296875,-16.6015625,-11.23046875,-1.953125
183.76171875,-63.4765625,-21.97265625,-32.71484375,4.39453125
183.765625,-79.58984375,-30.76171875,-17.578125,-25.87890625
183.76953125,-66.89453125,-35.64453125,5.859375,-36.62109375
183.7734375,-69.3359375,-30.76171875,14.6484375,-40.0390625
183.77734375,-89.35546875,-25.87890625,3.90625,-22.4609375
183.78125,-89.35546875,-28.80859375,-7.32421875,-38.57421875
183.78515625,-86.42578125,-35.15625,0.0,-48.828125
183.7890625,-86.9140625,-36.62109375,0.0,-23.4375
183.79296875,-69.3359375,-31.73828125,-19.04296875,-20.01953125
183.796875,-57.6171875,-21.484375,-33.69140625,-15.625
183.80078125,-64.94140625,-10.25390625,-5.859375,-25.390625
183.8046875,-81.0546875,-7.32421875,6.8359375,-48.828125
183.80859375,-76.171875,-8.30078125,-9.765625,-41.9921875
183.8125,-66.89453125,-9.765625,-19.04296875,-25.87890625
183.81640625,-70.3125,-14.16015625,-20.01953125,-17.578125
183.8203125,-74.70703125,-16.6015625,-13.18359375,-40.52734375
183.82421875,-72.265625,-20.01953125,-8.30078125,-35.15625
183.828125,-47.8515625,-11.23046875,-19.04296875,-9.765625
183.83203125,-42.48046875,-8.7890625,-29.78515625,-27.83203125
183.8359375,-57.12890625,-23.4375,-23.92578125,-49.31640625
183.83984375,-79.58984375,-33.69140625,-14.16015625,-39.0625
183.84375,-80.56640625,-34.66796875,-13.18359375,-60.05859375
183.84765625,-71.77734375,-37.59765625,-12.20703125,-52.24609375
183.8515625,-82.03125,-40.52734375,-11.71875,-19.53125
183.85546875,-86.9140625,-33.203125,-24.90234375,-20.01953125
183.859375,-70.80078125,-21.97265625,-33.69140625,-25.390625
183.86328125,-70.3125,-18.5546875,-23.92578125,-17.578125
183.8671875,-86.9140625,-23.92578125,-11.23046875,-16.11328125
183.87109375,-66.40625,-32.2265625,-8.30078125,-59.5703125
183.875,-38.0859375,-23.92578125,-20.5078125,-54.6875
183.87890625,-60.546875,-7.32421875,-45.41015625,-38.0859375
183.8828125,-79.1015625,-20.5078125,-41.9921875,-56.640625
183.88671875,-59.08203125,-31.25,-24.4140625,-55.17578125
183.890625,-64.453125,-25.87890625,-22.94921875,-46.38671875
183.89453125,-64.453125,-20.01953125,-13.18359375,-39.55078125
183.8984375,-65.91796875,-17.08984375,-12.20703125,-52.734375
183.90234375,-76.66015625,-18.5546875,-17.08984375,-19.04296875
183.90625,-64.94140625,-22.4609375,-18.5546875,-20.5078125
183.91015625,-64.94140625,-21.97265625,-20.99609375,-52.734375
183.9140625,-67.3828125,-17.578125,-29.296875,-54.6875
183.91796875,-49.8046875,-19.04296875,-48.33984375,-45.8984375
183.921875,-61.03515625,-27.83203125,-50.29296875,-18.5546875
183.92578125,-73.73046875,-26.3671875,-24.4140625,-56.15234375
183.9296875,-81.54296875,-24.90234375,-15.625,-87.890625
183.93359375,-74.21875,-16.11328125,-19.04296875,-47.8515625
183.9375,-58.10546875,-10.25390625,-13.18359375,-36.62109375
183.94140625,-61.5234375,-26.85546875,-7.8125,-62.01171875
183.9453125,-63.4765625,-32.71484375,-12.6953125,-69.3359375
183.94921875,-65.91796875,-30.2734375,-16.11328125,-78.61328125
183.953125,-84.9609375,-27.83203125,-21.484375,-71.77734375
183.95703125,-101.5625,-19.53125,-37.59765625,-56.640625
183.9609375,-95.703125,-18.06640625,-35.15625,-62.98828125
183.96484375,-104.00390625,-30.76171875,-32.2265625,-50.78125
183.96875,-116.69921875,-23.4375,-21.97265625,-62.5
183.97265625,-128.41796875,-12.20703125,-1.953125,-64.94140625
183.9765625,-139.6484375,-18.5546875,-7.32421875,-46.38671875
183.98046875,-119.140625,-22.94921875,-11.23046875,-62.01171875
183.984375,-84.9609375,-18.5546875,-18.5546875,-79.1015625
183.98828125,-78.61328125,-24.4140625,-35.64453125,-59.5703125
183.9921875,-86.9140625,-32.2265625,-17.578125,-64.94140625
183.99609375,-113.76953125,-26.3671875,-3.90625,-78.61328125
184.0,-111.328125,-19.53125,-15.13671875,-66.40625
184.00390625,-93.75,-26.3671875,-26.3671875,-67.3828125
184.0078125,-95.21484375,-33.203125,-53.22265625,-46.38671875
184.01171875,-91.796875,-26.85546875,-49.8046875,-31.73828125
184.015625,-92.7734375,-27.34375,-26.3671875,-59.5703125
184.01953125,-85.44921875,-23.92578125,-26.85546875,-66.40625
184.0234375,-86.9140625,-26.3671875,-24.90234375,-67.3828125
184.02734375,-99.12109375,-29.78515625,-27.83203125,-65.4296875
184.03125,-91.30859375,-27.83203125,-35.15625,-44.43359375
184.03515625,-77.63671875,-20.01953125,-25.87890625,-37.59765625
184.0390625,-69.3359375,-16.6015625,-23.4375,-32.2265625
184.04296875,-76.171875,-27.83203125,-18.5546875,-47.8515625
184.046875,-91.30859375,-34.1796875,-17.08984375,-51.7578125
184.05078125,-105.46875,-29.296875,-17.578125,-50.78125
184.0546875,-95.21484375,-27.34375,-22.94921875,-35.64453125
184.05859375,-86.9140625,-28.80859375,-29.296875,-29.78515625
184.0625,-92.28515625,-26.85546875,-31.25,-32.2265625
184.06640625,-96.19140625,-29.296875,-36.1328125,-31.25
184.0703125,-71.2890625,-22.4609375,-39.0625,-38.57421875
184.07421875,-65.4296875,-21.97265625,-37.109375,-45.41015625
184.078125,-79.1015625,-30.2734375,-19.53125,-42.48046875
184.08203125,-78.125,-35.15625,-8.7890625,-39.55078125
184.0859375,-66.89453125,-31.73828125,-12.20703125,-41.015625
184.08984375,-70.80078125,-29.296875,-15.625,-29.78515625
184.09375,-58.59375,-31.73828125,-28.80859375,-7.8125
184.09765625,-64.94140625,-32.71484375,-49.8046875,-17.578125
184.1015625,-76.171875,-33.69140625,-36.62109375,-26.3671875
184.10546875,-71.2890625,-32.71484375,-20.01953125,-31.25
184.109375,-70.3125,-24.90234375,-23.4375,-23.92578125
184.11328125,-72.265625,-25.87890625,-28.3203125,-16.11328125
184.1171875,-89.35546875,-32.2265625,-22.4609375,-24.90234375
184.12109375,-90.33203125,-32.2265625,-12.20703125,-19.04296875
184.125,-66.89453125,-30.2734375,-16.11328125,-28.80859375
184.12890625,-39.55078125,-26.3671875,-22.94921875,-41.9921875
184.1328125,-48.828125,-25.390625,-20.99609375,-45.41015625
184.13671875,-62.01171875,-32.2265625,-22.4609375,-33.203125
184.140625,-53.22265625,-29.296875,-16.6015625,-15.625
184.14453125,-52.734375,-21.484375,-13.18359375,-31.25
184.1484375,-58.59375,-25.390625,-16.6015625,-48.33984375
184.15234375,-65.91796875,-29.296875,-16.6015625,-41.50390625
184.15625,-56.15234375,-24.90234375,-18.06640625,-24.4140625
184.16015625,-42.48046875,-23.4375,-19.04296875,-12.20703125
184.1640625,-56.640625,-20.01953125,-14.16015625,-15.625
184.16796875,-65.91796875,-18.06640625,-13.671875,-27.34375
184.171875,-49.8046875,-18.5546875,-26.85546875,-31.73828125
184.17578125,-37.109375,-27.83203125,-22.4609375,-30.76171875
184.1796875,-47.8515625,-35.64453125,-5.37109375,-30.76171875
184.18359375,-56.640625,-28.3203125,-5.859375,-34.66796875
184.1875,-50.78125,-26.3671875,-12.20703125,-49.8046875
184.19140625,-45.41015625,-24.4140625,-27.83203125,-32.2265625
184.1953125,-26.85546875,-27.83203125,-56.640625,4.8828125
184.19921875,-18.5546875,-35.64453125,-43.9453125,-34.66796875
184.203125,-44.921875,-33.203125,-14.6484375,-58.10546875
184.20703125,-44.43359375,-28.3203125,-2.9296875,-43.45703125
184.2109375,-40.52734375,-26.3671875,-3.41796875,-39.55078125
184.21484375,-47.8515625,-28.80859375,-9.765625,-31.73828125
184.21875,-33.203125,-21.484375,-12.6953125,-19.04296875
184.22265625,-45.8984375,-24.4140625,-15.625,-19.04296875
184.2265625,-55.6640625,-30.2734375,-25.390625,-30.76171875
184.23046875,-48.33984375,-20.5078125,-36.62109375,-18.5546875
184.234375,-45.41015625,-36.62109375,-28.3203125,-32.71484375
184.23828125,-44.43359375,-44.921875,-17.578125,-51.7578125
184.2421875,-44.921875,-31.73828125,-18.06640625,-34.66796875
184.24609375,-48.828125,-29.296875,-20.99609375,-34.1796875
184.25,-55.17578125,-30.2734375,-21.484375,-41.50390625
184.25390625,-56.15234375,-29.296875,-20.99609375,-39.55078125
184.2578125,-58.10546875,-25.390625,-16.6015625,-44.921875
184.26171875,-47.36328125,-23.92578125,-12.6953125,-37.109375
184.265625,-40.0390625,-32.2265625,-20.01953125,-45.41015625
184.26953125,-43.45703125,-34.66796875,-19.53125,-32.2265625
184.2734375,-50.78125,-31.73828125,-20.99609375,-21.484375
184.27734375,-30.76171875,-27.83203125,-33.203125,-11.71875
184.28125,-17.578125,-29.296875,-43.9453125,-9.27734375
184.28515625,-50.29296875,-33.69140625,-30.76171875,-36.62109375
184.2890625,-55.17578125,-35.64453125,-15.13671875,-33.69140625
184.29296875,-59.5703125,-35.15625,-14.16015625,-33.203125
184.296875,-58.10546875,-26.3671875,-9.27734375,-28.80859375
184.30078125,-46.38671875,-21.97265625,-11.23046875,-51.7578125
184.3046875,-40.0390625,-26.3671875,-20.5078125,-45.8984375
184.30859375,-19.04296875,-27.83203125,-16.11328125,-9.765625
184.3125,-21.484375,-32.71484375,-17.08984375,-12.6953125
184.31640625,-29.296875,-27.34375,-25.390625,-24.90234375
184.3203125,-18.06640625,-19.53125,-32.71484375,2.44140625
184.32421875,-13.671875,-20.5078125,-48.828125,18.06640625
184.328125,-46.875,-18.5546875,-40.52734375,-15.625
184.33203125,-51.7578125,-19.04296875,-7.32421875,-48.828125
184.3359375,-45.8984375,-19.53125,5.37109375,-20.01953125
184.33984375,-54.6875,-16.11328125,1.46484375,5.37109375
184.34375,-44.43359375,-18.06640625,-10.7421875,-20.01953125
184.34765625,-38.57421875,-18.06640625,-12.6953125,-25.87890625
184.3515625,-45.8984375,-15.625,-10.7421875,-21.484375
184.35546875,-39.55078125,-18.5546875,-14.6484375,-16.6015625
184.359375,-25.87890625,-24.90234375,-23.4375,-20.99609375
184.36328125,-9.27734375,-27.83203125,-34.66796875,-24.4140625
184.3671875,-16.11328125,-30.76171875,-29.78515625,-20.5078125
184.37109375,-28.80859375,-26.85546875,-23.4375,-34.66796875
184.375,-22.4609375,-20.5078125,-37.109375,-32.71484375
184.37890625,-18.5546875,-23.92578125,-42.48046875,-26.85546875
184.3828125,-18.5546875,-27.34375,-12.20703125,-24.4140625
184.38671875,-34.1796875,-22.4609375,3.90625,-13.671875
184.390625,-38.57421875,-16.11328125,-0.48828125,6.8359375
184.39453125,-26.85546875,-11.23046875,-11.23046875,-42.48046875
184.3984375,-19.53125,-18.06640625,-25.390625,-53.22265625
184.40234375,-17.08984375,-22.4609375,-20.5078125,-28.3203125
184.40625,-26.3671875,-25.87890625,-13.18359375,-30.76171875
184.41015625,-16.11328125,-29.296875,-15.13671875,-19.53125
184.4140625,-6.34765625,-30.76171875,-20.5078125,-19.53125
184.41796875,-16.6015625,-31.25,-14.16015625,-25.390625
184.421875,-26.3671875,-21.97265625,-34.1796875,-9.27734375
184.42578125,-30.2734375,-23.92578125,-41.50390625,-13.671875
184.4296875,-29.78515625,-37.109375,-8.7890625,-35.15625
184.43359375,-39.55078125,-41.015625,-17.08984375,-26.85546875
184.4375,-28.3203125,-29.78515625,-43.9453125,-19.53125
184.44140625,-37.109375,-28.3203125,-39.0625,-40.52734375
184.4453125,-53.7109375,-30.76171875,-19.04296875,-44.43359375
184.44921875,-44.921875,-31.25,-12.6953125,-28.80859375
184.453125,-33.69140625,-37.109375,-18.5546875,-21.97265625
184.45703125,-34.66796875,-23.92578125,-22.4609375,-17.578125
184.4609375,-33.203125,-23.92578125,-19.04296875,-29.296875
184.46484375,-19.04296875,-34.1796875,-19.04296875,-28.80859375
184.46875,-24.90234375,-32.2265625,-28.80859375,-13.18359375
184.47265625,-28.3203125,-27.34375,-26.3671875,-41.50390625
184.4765625,-8.30078125,-22.4609375,-17.08984375,-37.109375
184.48046875,-3.90625,-16.6015625,-13.18359375,-32.2265625
184.484375,-18.5546875,-20.01953125,-18.5546875,-45.8984375
184.48828125,1.953125,-31.73828125,-31.25,-31.25
184.4921875,2.9296875,-32.2265625,-31.73828125,-19.04296875
184.49609375,-18.5546875,-37.59765625,-28.3203125,-8.7890625
184.5,-21.97265625,-38.57421875,-20.5078125,-17.578125
184.50390625,-13.18359375,-16.11328125,-20.99609375,-17.08984375
184.5078125,3.41796875,-10.7421875,-44.921875,-23.92578125
184.51171875,-7.32421875,-21.97265625,-43.45703125,-7.32421875
184.515625,-14.6484375,-32.71484375,-20.99609375,4.8828125
184.51953125,11.71875,-35.64453125,-1.953125,-11.71875
184.5234375,17.578125,-24.4140625,2.44140625,-10.25390625
184.52734375,0.48828125,-9.27734375,-19.53125,-17.08984375
184.53125,-15.13671875,-10.7421875,-40.52734375,-24.4140625
184.53515625,-42.96875,-17.08984375,-34.66796875,-44.921875
184.5390625,-50.29296875,-17.08984375,-31.25,-71.2890625
184.54296875,-45.8984375,-12.6953125,-25.390625,-75.68359375
184.546875,-47.8515625,-13.671875,-30.2734375,-64.94140625
184.55078125,-74.70703125,-14.16015625,-43.9453125,-61.03515625
184.5546875,-94.23828125,-5.859375,-50.29296875,-70.80078125
184.55859375,-78.125,-0.9765625,-61.03515625,-100.5859375
184.5625,-103.02734375,4.8828125,-67.3828125,-89.84375
184.56640625,-128.90625,10.7421875,-70.80078125,-62.98828125
184.5703125,-108.3984375,8.7890625,-73.73046875,-88.8671875
184.57421875,-88.8671875,1.953125,-74.70703125,-90.8203125
184.578125,-59.08203125,6.8359375,-86.42578125,-72.265625
184.58203125,-54.19921875,19.53125,-89.35546875,-99.609375
184.5859375,-72.265625,11.71875,-79.58984375,-121.09375
184.58984375,-79.58984375,0.9765625,-73.2421875,-102.05078125
184.59375,-77.63671875,-1.953125,-70.3125,-93.26171875
184.59765625,-90.8203125,0.0,-76.171875,-115.234375
184.6015625,-90.33203125,4.8828125,-85.44921875,-103.02734375
184.60546875,-41.50390625,7.8125,-89.84375,-74.21875
184.609375,-23.4375,10.7421875,-83.0078125,-62.98828125
184.61328125,-49.8046875,20.5078125,-71.2890625,-81.54296875
184.6171875,-57.12890625,26.85546875,-62.98828125,-89.84375
184.62109375,-38.57421875,23.92578125,-71.2890625,-56.15234375
184.625,-37.59765625,13.671875,-75.68359375,-41.50390625
184.62890625,-39.55078125,7.32421875,-55.6640625,-41.50390625
184.6328125,-38.57421875,4.39453125,-50.78125,-79.58984375
184.63671875,-40.52734375,-0.9765625,-52.24609375,-85.9375
184.640625,-35.64453125,-0.48828125,-49.31640625,-53.22265625
184.64453125,-23.92578125,3.41796875,-49.31640625,-32.71484375
184.6484375,-9.27734375,5.37109375,-59.08203125,-38.0859375
184.65234375,13.18359375,9.765625,-71.77734375,-30.76171875
184.65625,10.7421875,5.37109375,-52.734375,-16.11328125
184.66015625,-13.18359375,-3.41796875,-30.76171875,-44.921875
184.6640625,-23.4375,-9.27734375,-27.34375,-53.22265625
184.66796875,-16.11328125,-15.13671875,-29.78515625,-45.41015625
184.671875,-9.765625,-19.04296875,-40.0390625,-57.12890625
184.67578125,-4.39453125,-19.04296875,-44.43359375,-20.5078125
184.6796875,-11.23046875,-11.71875,-39.0625,-9.765625
184.68359375,-20.5078125,-3.90625,-40.0390625,-50.78125
184.6875,-13.18359375,2.9296875,-57.6171875,-42.96875
184.69140625,0.0,2.44140625,-72.265625,-16.11328125
184.6953125,0.9765625,-6.8359375,-47.8515625,-22.4609375
184.69921875,-9.765625,-12.20703125,-29.296875,-36.62109375
184.703125,-8.30078125,-12.20703125,-32.71484375,-36.62109375
184.70703125,-1.46484375,-10.25390625,-28.80859375,-24.90234375
184.7109375,-11.23046875,-8.7890625,-30.76171875,-21.97265625
184.71484375,-1.46484375,-3.41796875,-33.69140625,-12.20703125
184.71875,7.8125,-1.953125,-29.296875,-26.85546875
184.72265625,6.34765625,-4.8828125,-31.73828125,-18.5546875
184.7265625,3.41796875,-3.41796875,-28.80859375,-10.25390625
184.73046875,-5.859375,-0.48828125,-31.73828125,-20.5078125
184.734375,3.41796875,-3.41796875,-44.921875,-12.6953125
184.73828125,9.765625,-7.8125,-34.66796875,-28.80859375
184.7421875,6.34765625,-10.7421875,-21.484375,-35.15625
184.74609375,33.203125,-18.06640625,-19.53125,-3.41796875
184.75,2.9296875,-24.90234375,-27.83203125,-30.76171875
184.75390625,-38.0859375,-18.5546875,-24.4140625,-59.5703125
184.7578125,-32.71484375,-10.7421875,-28.80859375,-33.69140625
184.76171875,-9.765625,-12.20703125,-39.55078125,3.90625
184.765625,16.11328125,-15.13671875,-22.4609375,3.41796875
184.76953125,22.4609375,-19.04296875,-9.765625,-14.16015625
184.7734375,3.90625,-20.99609375,-20.01953125,-17.08984375
184.77734375,2.44140625,-16.6015625,-37.59765625,-20.99609375
184.78125,3.41796875,-13.18359375,-31.25,-21.97265625
184.78515625,3.90625,-27.34375,-14.6484375,-17.08984375
184.7890625,28.3203125,-32.71484375,-5.37109375,-2.44140625
184.79296875,25.87890625,-13.671875,-10.7421875,-12.20703125
184.796875,3.90625,-4.8828125,-19.04296875,-7.32421875
184.80078125,-5.37109375,-12.6953125,-17.08984375,-22.4609375
184.8046875,-5.37109375,-17.08984375,-14.6484375,-25.87890625
184.80859375,-1.953125,-15.625,-14.16015625,-2.44140625
184.8125,9.765625,-7.8125,-23.92578125,-9.765625
184.81640625,19.53125,-5.37109375,-30.2734375,-20.01953125
184.8203125,0.9765625,-16.6015625,-6.34765625,-17.578125
184.82421875,-3.41796875,-29.78515625,6.8359375,-5.859375
184.828125,19.04296875,-23.92578125,3.41796875,6.34765625
184.83203125,3.90625,-16.6015625,-1.953125,-19.53125
184.8359375,-8.7890625,-21.97265625,-8.30078125,-33.203125
184.83984375,1.953125,-22.94921875,-10.7421875,-3.41796875
184.84375,6.8359375,-17.578125,-14.6484375,6.34765625
184.84765625,16.11328125,-3.41796875,-18.06640625,-3.90625
184.8515625,24.4140625,-0.48828125,-31.25,-3.90625
184.85546875,12.20703125,-12.20703125,-20.5078125,-5.859375
184.859375,19.53125,-22.4609375,-6.34765625,-12.6953125
184.86328125,22.4609375,-22.4609375,0.0,-10.7421875
184.8671875,-19.04296875,-20.99609375,-6.34765625,-20.5078125
184.87109375,-31.73828125,-20.01953125,-21.484375,-28.3203125
184.875,-33.69140625,-21.97265625,-24.4140625,-25.87890625
184.87890625,-48.33984375,-19.53125,-26.3671875,-16.11328125
184.8828125,-34.66796875,-18.06640625,-38.57421875,-38.57421875
184.88671875,-26.3671875,-16.6015625,-42.96875,-41.015625
184.890625,-15.13671875,-16.11328125,-33.203125,-11.71875
184.89453125,-7.32421875,-18.06640625,-30.2734375,1.46484375
184.8984375,-17.578125,-16.11328125,-25.390625,-18.5546875
184.90234375,-5.37109375,-15.13671875,-41.015625,-29.296875
184.90625,5.37109375,-20.01953125,-45.41015625,-16.11328125
184.91015625,7.32421875,-14.16015625,-27.34375,-17.578125
184.9140625,19.04296875,-10.25390625,-17.578125,-29.78515625
184.91796875,15.625,-18.5546875,-18.5546875,-31.25
184.921875,5.37109375,-19.04296875,-27.83203125,-17.578125
184.92578125,13.18359375,-11.71875,-25.390625,-12.6953125
184.9296875,30.76171875,-7.8125,-24.4140625,-1.953125
184.93359375,19.53125,-10.7421875,-27.83203125,12.20703125
184.9375,6.34765625,-10.7421875,-40.0390625,-2.9296875
184.94140625,19.53125,-2.9296875,-51.26953125,-7.8125
184.9453125,6.8359375,-8.7890625,-41.9921875,-7.8125
184.94921875,-11.23046875,-22.94921875,-28.3203125,-2.44140625
184.953125,-13.18359375,-29.78515625,-24.4140625,-21.484375
184.95703125,-13.671875,-34.1796875,-24.90234375,-31.73828125
184.9609375,-2.9296875,-29.296875,-22.4609375,-12.20703125
184.96484375,15.13671875,-19.04296875,-22.94921875,-17.578125
184.96875,15.13671875,-18.06640625,-31.25,-26.3671875
184.97265625,15.625,-13.671875,-33.203125,-18.5546875
184.9765625,9.765625,-12.6953125,-27.83203125,-13.671875
184.98046875,3.90625,-16.6015625,-29.78515625,-21.484375
184.984375,14.16015625,-13.671875,-30.2734375,-26.3671875
184.98828125,13.671875,-10.7421875,-26.85546875,-20.5078125
184.9921875,9.27734375,-18.06640625,-29.78515625,-17.08984375
184.99609375,0.48828125,-22.4609375,-31.25,-9.27734375
185.0,-5.37109375,-19.53125,-25.87890625,-9.765625
185.00390625,3.41796875,-25.390625,-28.80859375,-6.8359375
185.0078125,7.32421875,-31.25,-46.875,-13.671875
185.01171875,2.9296875,-22.4609375,-38.57421875,-20.01953125
185.015625,-12.20703125,-13.671875,-14.6484375,-16.6015625
185.01953125,-8.7890625,-14.6484375,-11.71875,-28.3203125
185.0234375,1.953125,-16.6015625,-11.23046875,-33.203125
185.02734375,1.46484375,-15.625,-14.6484375,-38.0859375
185.03125,2.44140625,-15.625,-20.5078125,-32.71484375
185.03515625,-5.37109375,-14.16015625,-21.484375,-24.4140625
185.0390625,-4.39453125,-14.6484375,-20.99609375,-7.32421875
185.04296875,3.90625,-28.3203125,-17.08984375,0.48828125
185.046875,4.8828125,-28.80859375,-20.5078125,-12.20703125
185.05078125,3.90625,-17.578125,-24.4140625,-12.6953125
185.0546875,20.5078125,-13.671875,-14.6484375,-1.46484375
185.05859375,32.71484375,-13.671875,-11.23046875,-5.859375
185.0625,24.4140625,-7.8125,-22.94921875,-23.92578125
185.06640625,11.23046875,-5.37109375,-26.85546875,-20.01953125
185.0703125,5.37109375,-8.30078125,-25.390625,-17.578125
185.07421875,-5.37109375,-8.7890625,-32.71484375,-31.25
185.078125,-26.85546875,-15.625,-42.96875,-36.62109375
185.08203125,-11.71875,-14.16015625,-38.57421875,-16.6015625
185.0859375,20.01953125,-15.625,-15.13671875,1.46484375
185.08984375,0.9765625,-24.90234375,-10.7421875,6.34765625
185.09375,-44.43359375,-31.25,-10.7421875,-37.109375
185.09765625,-82.51953125,-36.62109375,2.9296875,-80.56640625
185.1015625,-104.4921875,-35.64453125,-3.90625,-76.66015625
185.10546875,-103.515625,-38.57421875,0.0,-85.9375
185.109375,-100.5859375,-41.015625,4.39453125,-81.0546875
185.11328125,-100.09765625,-49.8046875,10.7421875,-106.93359375
185.1171875,-118.1640625,-56.640625,13.671875,-118.65234375
185.12109375,-124.0234375,-52.24609375,16.11328125,-90.33203125
185.125,-134.27734375,-63.4765625,31.25,-108.88671875
185.12890625,-144.04296875,-70.3125,38.57421875,-127.9296875
185.1328125,-138.671875,-62.98828125,38.57421875,-108.3984375
185.13671875,-129.8828125,-63.4765625,20.01953125,-85.44921875
185.140625,-117.67578125,-77.1484375,21.97265625,-62.5
185.14453125,-130.37109375,-83.0078125,40.0390625,-69.3359375
185.1484375,-126.953125,-68.359375,57.12890625,-72.265625
185.15234375,-129.8828125,-65.4296875,72.265625,-83.49609375
185.15625,-130.859375,-69.3359375,76.171875,-84.9609375
185.16015625,-105.95703125,-68.84765625,81.54296875,-74.70703125
185.1640625,-92.7734375,-71.2890625,55.6640625,-88.37890625
185.16796875,-98.14453125,-67.3828125,31.25,-65.4296875
185.171875,-92.28515625,-66.40625,52.24609375,-17.578125
185.17578125,-81.0546875,-72.265625,67.87109375,2.44140625
185.1796875,-96.19140625,-67.87109375,72.75390625,2.44140625
185.18359375,-108.3984375,-62.5,62.01171875,4.39453125
185.1875,-81.54296875,-66.40625,51.26953125,10.25390625
185.19140625,-68.84765625,-64.94140625,44.43359375,23.4375
185.1953125,-81.54296875,-63.4765625,37.109375,37.109375
185.19921875,-76.171875,-60.05859375,36.1328125,-1.46484375
185.203125,-55.6640625,-55.6640625,23.92578125,-3.90625
185.20703125,-25.390625,-55.6640625,13.671875,34.1796875
185.2109375,-22.94921875,-48.33984375,2.44140625,22.4609375
185.21484375,-14.6484375,-39.0625,-7.8125,30.2734375
185.21875,12.6953125,-44.921875,-1.46484375,52.24609375
185.22265625,7.8125,-38.0859375,6.8359375,38.0859375
185.2265625,3.90625,-20.99609375,13.671875,32.2265625
185.23046875,-1.953125,-28.3203125,14.16015625,28.80859375
185.234375,-13.18359375,-43.45703125,10.7421875,20.99609375
185.23828125,4.39453125,-31.25,12.20703125,26.85546875
185.2421875,18.06640625,-24.4140625,8.30078125,37.109375
185.24609375,18.06640625,-36.62109375,1.953125,34.1796875
185.25,16.11328125,-30.76171875,6.34765625,25.390625
185.25390625,23.4375,-21.484375,10.7421875,56.15234375
185.2578125,32.2265625,-31.73828125,-6.34765625,53.7109375
185.26171875,44.921875,-35.64453125,-23.92578125,32.71484375
185.265625,22.4609375,-22.94921875,-10.7421875,41.9921875
185.26953125,-5.37109375,-17.08984375,2.44140625,36.1328125
185.2734375,-9.765625,-12.20703125,0.0,34.1796875
185.27734375,2.9296875,-10.7421875,-7.8125,41.50390625
185.28125,31.73828125,-11.71875,-17.578125,19.04296875
185.28515625,15.13671875,-19.53125,-10.25390625,-7.8125
185.2890625,-15.625,-25.390625,3.90625,7.32421875
185.29296875,-13.671875,-27.83203125,0.0,35.64453125
185.296875,9.27734375,-24.4140625,-13.671875,4.39453125
185.30078125,-6.8359375,-25.87890625,-6.34765625,-10.25390625
185.3046875,-57.6171875,-25.390625,-3.90625,2.9296875
185.30859375,-57.6171875,-14.16015625,-18.06640625,25.390625
185.3125,-45.8984375,-16.6015625,-23.92578125,35.15625
185.31640625,-47.8515625,-20.99609375,-13.18359375,21.484375
185.3203125,-41.015625,-17.578125,-18.06640625,20.01953125
185.32421875,-44.43359375,-18.5546875,-20.01953125,4.8828125
185.328125,-46.38671875,-14.6484375,-3.90625,-0.9765625
185.33203125,-51.7578125,-19.04296875,-10.7421875,6.8359375
185.3359375,-54.6875,-22.94921875,-29.78515625,33.203125
185.33984375,-31.25,-18.5546875,-36.1328125,8.30078125
185.34375,-31.73828125,-28.80859375,-32.2265625,-30.2734375
185.34765625,-39.55078125,-34.66796875,-23.4375,-26.85546875
185.3515625,-39.55078125,-32.71484375,-11.71875,-28.80859375
185.35546875,-43.9453125,-27.83203125,-8.7890625,-11.71875
185.359375,-38.0859375,-22.4609375,-20.99609375,-3.90625
185.36328125,-29.78515625,-14.6484375,-24.4140625,-13.18359375
185.3671875,-35.15625,-8.7890625,-15.13671875,6.8359375
185.37109375,-51.26953125,-14.6484375,-18.06640625,-7.32421875
185.375,-32.2265625,-20.01953125,-22.4609375,-12.6953125
185.37890625,-22.94921875,-21.484375,-15.625,-12.20703125
185.3828125,-37.109375,-23.4375,-22.94921875,-24.4140625
185.38671875,-25.390625,-21.97265625,-45.8984375,-14.6484375
185.390625,-21.97265625,-9.765625,-41.9921875,-8.7890625
185.39453125,-28.80859375,-4.8828125,-22.94921875,-21.484375
185.3984375,-38.0859375,-19.53125,-14.16015625,-45.41015625
185.40234375,-36.1328125,-21.97265625,-1.953125,-49.31640625
185.40625,-23.92578125,-19.53125,-14.16015625,-21.97265625
185.41015625,-34.1796875,-26.3671875,-31.73828125,-2.44140625
185.4140625,-60.05859375,-28.80859375,-25.87890625,-25.390625
185.41796875,-50.29296875,-29.78515625,-24.4140625,-23.92578125
185.421875,-32.71484375,-26.3671875,-12.20703125,-7.8125
185.42578125,-27.83203125,-16.6015625,-9.27734375,-13.671875
185.4296875,-19.53125,-13.671875,-28.3203125,-7.32421875
185.43359375,-38.57421875,-13.18359375,-25.87890625,-20.99609375
185.4375,-36.1328125,-17.08984375,-15.625,-29.296875
185.44140625,-34.1796875,-17.578125,-17.08984375,-46.875
185.4453125,-43.9453125,-18.5546875,-22.94921875,-51.7578125
185.44921875,-39.0625,-17.578125,-26.85546875,-33.203125
185.453125,-45.41015625,-15.625,-26.3671875,-23.92578125
185.45703125,-41.015625,-16.11328125,-29.296875,-28.80859375
185.4609375,-19.53125,-18.5546875,-36.62109375,-26.3671875
185.46484375,-32.2265625,-23.4375,-40.0390625,-35.64453125
185.46875,-55.6640625,-27.83203125,-30.76171875,-31.25
185.47265625,-65.91796875,-30.76171875,-23.92578125,-42.96875
185.4765625,-56.15234375,-30.76171875,-37.109375,-52.24609375
185.48046875,-53.7109375,-29.296875,-34.1796875,-44.921875
185.484375,-50.29296875,-28.3203125,-26.3671875,-8.7890625
185.48828125,-52.734375,-32.2265625,-24.90234375,13.671875
185.4921875,-48.828125,-24.90234375,-23.92578125,-15.625
185.49609375,-37.109375,-12.6953125,-41.50390625,-33.69140625
185.5,-47.8515625,-23.92578125,-34.1796875,-31.73828125
185.50390625,-52.24609375,-40.52734375,-6.34765625,-39.0625
185.5078125,-45.8984375,-34.1796875,-4.8828125,-45.8984375
185.51171875,-53.7109375,-27.34375,-19.53125,0.48828125
185.515625,-46.875,-20.5078125,-24.90234375,-43.45703125
185.51953125,-39.55078125,-9.765625,-25.390625,-108.3984375
185.5234375,-36.62109375,-16.11328125,-17.578125,-54.19921875
185.52734375,-30.76171875,-25.390625,-29.296875,-24.90234375
185.53125,-26.3671875,-26.85546875,-45.41015625,-15.625
185.53515625,-11.71875,-27.83203125,-33.203125,-10.7421875
185.5390625,-14.16015625,-34.66796875,-21.97265625,-13.18359375
185.54296875,1.953125,-27.83203125,-22.4609375,-5.37109375
185.546875,22.94921875,-23.92578125,-24.90234375,-13.18359375
185.55078125,-4.8828125,-27.34375,-21.97265625,-19.04296875
185.5546875,-36.1328125,-27.83203125,-14.6484375,-9.765625
185.55859375,-34.66796875,-23.92578125,-10.25390625,15.625
185.5625,-19.04296875,-20.5078125,-14.6484375,0.0
185.56640625,-12.20703125,-25.390625,-19.53125,-53.7109375
185.5703125,-5.859375,-34.66796875,-22.94921875,-21.484375
185.57421875,22.94921875,-36.1328125,-21.484375,3.41796875
185.578125,6.34765625,-27.83203125,-28.3203125,-34.1796875
185.58203125,-44.43359375,-21.97265625,-37.109375,-74.70703125
185.5859375,-36.62109375,-16.6015625,-40.0390625,-47.8515625
185.58984375,-41.015625,-15.625,-44.921875,-40.52734375
185.59375,-48.828125,-16.6015625,-58.10546875,-66.89453125
185.59765625,-33.203125,-7.8125,-60.546875,-72.75390625
185.6015625,-43.9453125,-9.765625,-60.05859375,-62.01171875
185.60546875,-62.01171875,-11.23046875,-65.4296875,-66.40625
185.609375,-54.6875,-6.8359375,-71.2890625,-96.19140625
185.61328125,-48.33984375,-5.37109375,-83.0078125,-102.5390625
185.6171875,-41.9921875,-0.48828125,-83.984375,-82.03125
185.62109375,-37.109375,1.953125,-86.42578125,-80.56640625
185.625,-32.71484375,0.9765625,-88.37890625,-100.5859375
185.62890625,-27.83203125,1.953125,-68.359375,-79.1015625
185.6328125,-27.83203125,-3.41796875,-59.08203125,-79.58984375
185.63671875,-17.578125,-11.23046875,-67.3828125,-91.30859375
185.640625,-19.04296875,-19.04296875,-69.82421875,-66.89453125
185.64453125,-28.80859375,-16.11328125,-78.61328125,-33.203125
185.6484375,-32.2265625,-7.8125,-81.0546875,-70.3125
185.65234375,-33.69140625,-7.32421875,-70.3125,-102.05078125
185.65625,-30.76171875,-11.71875,-64.94140625,-77.63671875
185.66015625,-30.2734375,-16.11328125,-63.96484375,-62.5
185.6640625,-17.08984375,-18.5546875,-63.96484375,-79.58984375
185.66796875,-26.3671875,-12.20703125,-61.03515625,-60.546875
185.671875,-11.23046875,-5.859375,-52.24609375,-19.04296875
185.67578125,3.90625,-9.765625,-44.43359375,-30.76171875
185.6796875,-18.5546875,-14.16015625,-40.52734375,-48.33984375
185.68359375,-27.83203125,-17.578125,-50.78125,-58.59375
185.6875,-17.578125,-22.4609375,-58.59375,-58.10546875
185.69140625,-8.7890625,-20.01953125,-49.31640625,-39.55078125
185.6953125,-1.46484375,-15.625,-36.62109375,-34.1796875
185.69921875,9.765625,-10.25390625,-36.62109375,-44.43359375
185.703125,12.20703125,-10.7421875,-36.1328125,-29.296875
185.70703125,24.90234375,-13.18359375,-42.96875,2.9296875
185.7109375,34.66796875,-12.20703125,-54.19921875,-18.5546875
185.71484375,10.25390625,-20.01953125,-36.62109375,-56.640625
185.71875,-6.8359375,-22.94921875,-34.66796875,-45.41015625
185.72265625,4.39453125,-20.99609375,-46.875,-27.34375
185.7265625,13.18359375,-16.11328125,-36.1328125,-51.26953125
185.73046875,13.671875,-14.16015625,-17.578125,-61.03515625
185.734375,-0.9765625,-17.08984375,-7.8125,-53.7109375
185.73828125,3.41796875,-12.6953125,-10.7421875,-39.55078125
185.7421875,12.6953125,-12.6953125,-21.484375,-19.53125
185.74609375,16.11328125,-18.5546875,-30.76171875,-26.3671875
185.75,-4.8828125,-23.4375,-22.4609375,-14.16015625
185.75390625,-15.625,-20.99609375,-13.671875,8.30078125
185.7578125,7.8125,-13.671875,-20.01953125,-20.01953125
185.76171875,14.16015625,-10.7421875,-29.296875,-44.43359375
185.765625,-2.44140625,-12.20703125,-27.34375,-55.17578125
185.76953125,-2.44140625,-20.01953125,-21.97265625,-42.48046875
185.7734375,11.71875,-10.25390625,-33.203125,-20.01953125
185.77734375,21.484375,-5.37109375,-45.8984375,-38.57421875
185.78125,9.27734375,-18.5546875,-31.73828125,-43.45703125
185.78515625,0.0,-20.5078125,-23.4375,-27.34375
185.7890625,7.8125,-21.484375,-25.390625,-20.99609375
185.79296875,8.30078125,-22.4609375,-18.5546875,-29.78515625
185.796875,-1.953125,-14.16015625,-15.625,-42.48046875
185.80078125,0.48828125,-14.6484375,-24.4140625,-32.71484375
185.8046875,7.32421875,-15.625,-29.296875,-34.66796875
185.80859375,10.25390625,-19.53125,-28.3203125,-52.24609375
185.8125,-2.9296875,-21.97265625,-32.71484375,-16.6015625
185.81640625,12.6953125,-21.97265625,-44.921875,33.203125
185.8203125,21.97265625,-26.3671875,-36.1328125,-23.4375
185.82421875,0.0,-27.83203125,-24.4140625,-52.24609375
185.828125,13.18359375,-21.484375,-38.0859375,-9.765625
185.83203125,10.25390625,-11.71875,-39.0625,-26.3671875
185.8359375,-3.41796875,-18.5546875,-27.34375,-35.64453125
185.83984375,1.46484375,-25.87890625,-28.80859375,-7.32421875
185.84375,4.39453125,-22.4609375,-24.90234375,-43.9453125
185.84765625,-7.32421875,-16.6015625,-21.97265625,-56.640625
185.8515625,-16.11328125,-12.6953125,-30.2734375,-53.7109375
185.85546875,0.9765625,-13.18359375,-28.3203125,-39.0625
185.859375,9.765625,-19.53125,-12.6953125,-20.5078125
185.86328125,7.32421875,-21.484375,-12.6953125,-22.94921875
185.8671875,1.953125,-14.16015625,-18.5546875,-24.90234375
185.87109375,-1.46484375,-3.90625,-10.7421875,-13.18359375
185.875,-2.44140625,-10.25390625,-17.578125,-10.7421875
185.87890625,2.44140625,-13.671875,-37.59765625,-17.578125
185.8828125,6.34765625,-7.8125,-26.85546875,-8.30078125
185.88671875,8.7890625,-6.8359375,-12.6953125,7.32421875
185.890625,7.32421875,-5.37109375,-27.34375,5.859375
185.89453125,13.671875,-9.27734375,-20.01953125,-18.06640625
185.8984375,16.11328125,-11.23046875,-4.39453125,-36.1328125
185.90234375,9.27734375,-9.27734375,-5.37109375,-25.87890625
185.90625,9.765625,-10.25390625,-7.8125,-26.85546875
185.91015625,13.18359375,-5.37109375,-9.27734375,-42.96875
185.9140625,13.671875,-9.27734375,-5.859375,-35.64453125
185.91796875,4.39453125,-19.53125,-12.20703125,-21.484375
185.921875,20.5078125,-16.11328125,-15.625,-1.953125
185.92578125,40.0390625,-5.37109375,-11.71875,0.9765625
185.9296875,20.5078125,-2.9296875,-13.671875,11.71875
185.93359375,-1.46484375,-9.27734375,-31.73828125,9.27734375
185.9375,10.7421875,-16.6015625,-39.55078125,-29.78515625
185.94140625,29.78515625,-23.92578125,-13.671875,-24.90234375
185.9453125,7.8125,-34.66796875,-4.8828125,-16.6015625
185.94921875,-16.11328125,-36.62109375,-2.44140625,-7.32421875
185.953125,8.7890625,-25.87890625,2.44140625,-4.39453125
185.95703125,-12.20703125,-23.92578125,-6.34765625,0.48828125
185.9609375,-7.8125,-29.296875,-12.20703125,-10.7421875
185.96484375,21.97265625,-23.4375,-18.5546875,2.9296875
185.96875,-6.8359375,-21.97265625,-18.06640625,3.90625
185.97265625,-28.80859375,-20.99609375,-11.71875,-51.26953125
185.9765625,-21.97265625,-24.90234375,-12.20703125,-51.26953125
185.98046875,-36.62109375,-30.2734375,-21.97265625,-14.6484375
185.984375,-24.4140625,-26.3671875,-31.25,-25.87890625
185.98828125,-0.48828125,-23.4375,-19.53125,-71.77734375
185.9921875,-19.04296875,-27.34375,-7.8125,-49.8046875
185.99609375,2.44140625,-26.3671875,-11.71875,-11.71875
186.0,37.109375,-18.06640625,-25.87890625,-10.25390625
186.00390625,17.08984375,-12.20703125,-32.71484375,-37.59765625
186.0078125,-10.25390625,-24.90234375,-24.4140625,-47.36328125
186.01171875,-2.9296875,-31.73828125,-15.625,-35.15625
186.015625,0.0,-31.25,-9.765625,-10.7421875
186.01953125,1.46484375,-31.25,-16.6015625,-6.8359375
186.0234375,10.7421875,-27.34375,-19.53125,-28.3203125
186.02734375,7.32421875,-34.1796875,-1.953125,-8.30078125
186.03125,6.34765625,-31.25,-9.27734375,-11.71875
186.03515625,-9.27734375,-25.87890625,-37.109375,-52.24609375
186.0390625,-5.859375,-26.85546875,-39.55078125,-40.52734375
186.04296875,12.20703125,-20.99609375,-53.7109375,-24.90234375
186.046875,-5.37109375,-6.8359375,-50.29296875,-28.80859375
186.05078125,-49.8046875,-2.44140625,-30.2734375,-43.9453125
186.0546875,-36.62109375,-0.48828125,-37.59765625,-39.0625
186.05859375,1.46484375,-7.32421875,-40.0390625,-29.78515625
186.0625,-5.37109375,-13.18359375,-39.55078125,-26.3671875
186.06640625,-19.53125,-5.37109375,-45.41015625,-37.109375
186.0703125,-19.04296875,-3.90625,-54.6875,-74.21875
186.07421875,0.9765625,-11.71875,-62.01171875,-66.40625
186.078125,-7.8125,-10.7421875,-65.91796875,-66.40625
186.08203125,-4.39453125,1.46484375,-68.359375,-65.4296875
186.0859375,-1.46484375,-2.44140625,-72.265625,-63.96484375
186.08984375,-10.7421875,-16.6015625,-63.96484375,-90.8203125
186.09375,6.34765625,-10.7421875,-61.5234375,-71.77734375
186.09765625,20.5078125,-1.953125,-74.70703125,-28.80859375
186.1015625,17.08984375,1.953125,-67.3828125,-34.1796875
186.10546875,-0.48828125,4.39453125,-52.734375,-68.359375
186.109375,10.7421875,9.27734375,-41.50390625,-49.31640625
186.11328125,25.390625,0.9765625,-43.45703125,-27.83203125
186.1171875,13.18359375,-4.8828125,-52.24609375,-51.26953125
186.12109375,20.5078125,-0.9765625,-38.57421875,-30.76171875
186.125,18.06640625,0.0,-42.96875,-51.7578125
186.12890625,19.53125,2.44140625,-54.6875,-58.10546875
186.1328125,22.94921875,-3.41796875,-43.45703125,-8.7890625
186.13671875,-5.859375,-7.8125,-52.24609375,-35.64453125
186.140625,16.6015625,-12.6953125,-64.453125,-51.7578125
186.14453125,33.69140625,-11.71875,-38.57421875,-40.0390625
186.1484375,21.97265625,-5.37109375,-19.04296875,-37.59765625
186.15234375,19.04296875,-8.30078125,-17.578125,-26.3671875
186.15625,35.64453125,-6.34765625,-15.625,-27.34375
186.16015625,65.91796875,2.44140625,-33.203125,-7.32421875
186.1640625,39.55078125,-4.8828125,-46.875,-8.30078125
186.16796875,15.625,-13.671875,-26.85546875,-25.87890625
186.171875,20.99609375,-17.578125,-17.578125,-30.2734375
186.17578125,11.71875,-13.18359375,-25.87890625,-50.78125
186.1796875,27.34375,0.48828125,-39.0625,-36.1328125
186.18359375,32.2265625,-6.34765625,-37.109375,-12.6953125
186.1875,6.8359375,-13.671875,-27.83203125,-20.01953125
186.19140625,20.5078125,-9.765625,-24.90234375,-26.3671875
186.1953125,34.1796875,-15.13671875,-28.3203125,-46.38671875
186.19921875,23.92578125,-18.06640625,-30.76171875,-41.015625
186.203125,12.6953125,-16.11328125,-32.71484375,-14.6484375
186.20703125,8.30078125,-11.71875,-32.71484375,-13.18359375
186.2109375,11.23046875,-3.41796875,-37.59765625,-7.8125
186.21484375,20.5078125,0.9765625,-52.734375,-10.25390625
186.21875,24.4140625,-6.34765625,-48.33984375,4.39453125
186.22265625,-5.37109375,-4.39453125,-29.78515625,3.41796875
186.2265625,-8.7890625,1.953125,-26.85546875,-14.16015625
186.23046875,-3.90625,0.0,-26.85546875,0.0
186.234375,-20.01953125,-3.90625,-25.390625,-26.3671875
186.23828125,-12.6953125,-11.71875,-26.85546875,-37.109375
186.2421875,10.25390625,-12.20703125,-29.78515625,-9.765625
186.24609375,6.34765625,-8.7890625,-29.296875,-19.53125
186.25,2.9296875,-3.90625,-24.4140625,-14.6484375
186.25390625,1.953125,-0.48828125,-28.3203125,-11.23046875
186.2578125,-2.44140625,-7.8125,-30.2734375,9.27734375
186.26171875,8.7890625,-12.20703125,-25.87890625,17.08984375
186.265625,14.16015625,-12.20703125,-28.3203125,-6.34765625
186.26953125,23.4375,-7.32421875,-31.73828125,-22.4609375
186.2734375,25.390625,-11.23046875,-33.69140625,-41.50390625
186.27734375,16.6015625,-10.7421875,-37.59765625,-38.0859375
186.28125,19.04296875,-3.41796875,-41.50390625,-20.99609375
186.28515625,41.9921875,-15.625,-28.3203125,-22.4609375
186.2890625,41.9921875,-22.4609375,-16.11328125,-24.90234375
186.29296875,17.578125,-22.4609375,-20.5078125,-24.4140625
186.296875,22.94921875,-20.01953125,-40.52734375,-43.45703125
186.30078125,28.80859375,-9.27734375,-50.78125,-24.90234375
186.3046875,34.66796875,-13.18359375,-29.296875,-4.39453125
186.30859375,52.734375,-27.83203125,-8.7890625,-34.1796875
186.3125,49.8046875,-20.01953125,-8.7890625,-7.32421875
186.31640625,40.52734375,1.46484375,-8.7890625,3.41796875
186.3203125,31.25,3.41796875,-9.765625,-15.625
186.32421875,35.15625,-2.9296875,-16.6015625,-16.11328125
186.328125,39.0625,-3.41796875,-16.11328125,-15.13671875
186.33203125,34.1796875,-4.8828125,-20.01953125,-13.18359375
186.3359375,36.62109375,-10.25390625,-22.94921875,-36.1328125
186.33984375,28.80859375,-17.578125,-19.04296875,-18.5546875
186.34375,47.8515625,-22.4609375,-40.52734375,26.3671875
186.34765625,51.7578125,-22.94921875,-44.921875,-36.1328125
186.3515625,14.16015625,-17.578125,-14.16015625,-45.41015625
186.35546875,11.71875,-7.8125,-0.48828125,17.08984375
186.359375,26.3671875,-1.953125,-8.30078125,18.5546875
186.36328125,8.30078125,-8.30078125,-16.6015625,-9.27734375
186.3671875,17.08984375,-19.53125,-21.484375,-15.625
186.37109375,17.08984375,-22.4609375,-27.34375,-17.08984375
186.375,6.34765625,-16.11328125,-18.5546875,-11.23046875
186.37890625,7.8125,-14.16015625,-14.6484375,-13.18359375
186.3828125,-5.859375,-14.6484375,-20.99609375,-19.53125
186.38671875,-11.23046875,-12.6953125,-21.97265625,-43.9453125
186.390625,-3.90625,-10.25390625,-26.85546875,-44.43359375
186.39453125,17.08984375,0.9765625,-53.22265625,-0.9765625
186.3984375,26.85546875,-4.8828125,-62.98828125,13.671875
186.40234375,5.859375,-22.94921875,-23.92578125,-24.90234375
186.40625,-38.57421875,-27.34375,-8.30078125,-51.7578125
186.41015625,-82.51953125,-34.1796875,-17.08984375,-67.87109375
186.4140625,-91.30859375,-37.109375,-11.71875,-65.4296875
186.41796875,-85.9375,-29.78515625,-7.32421875,-81.54296875
186.421875,-104.4921875,-30.76171875,-0.48828125,-88.8671875
186.42578125,-119.62890625,-38.0859375,7.32421875,-82.03125
186.4296875,-134.27734375,-50.29296875,8.7890625,-112.3046875
186.43359375,-146.97265625,-62.5,9.27734375,-114.2578125
186.4375,-135.25390625,-64.94140625,17.578125,-110.83984375
186.44140625,-161.1328125,-75.1953125,32.2265625,-129.39453125
186.4453125,-165.0390625,-82.51953125,44.921875,-115.234375
186.44921875,-142.08984375,-71.2890625,49.31640625,-96.6796875
186.453125,-150.390625,-55.17578125,46.38671875,-90.33203125
186.45703125,-148.92578125,-52.24609375,38.0859375,-85.9375
186.4609375,-142.08984375,-58.10546875,27.34375,-73.2421875
186.46484375,-116.2109375,-63.4765625,28.80859375,-60.05859375
186.46875,-105.46875,-74.21875,35.64453125,-48.33984375
186.47265625,-90.8203125,-68.359375,25.87890625,-37.109375
186.4765625,-75.1953125,-64.453125,29.296875,-21.484375
186.48046875,-100.5859375,-75.68359375,48.828125,-37.109375
186.484375,-109.375,-83.0078125,61.5234375,-33.203125
186.48828125,-69.3359375,-90.33203125,66.89453125,6.34765625
186.4921875,-50.29296875,-80.078125,50.29296875,-6.8359375
186.49609375,-30.2734375,-66.40625,29.296875,-24.90234375
186.5,-35.64453125,-63.96484375,22.94921875,-19.04296875
186.50390625,-45.8984375,-58.10546875,29.78515625,5.37109375
186.5078125,-25.87890625,-58.59375,30.2734375,22.94921875
186.51171875,-14.16015625,-62.5,20.99609375,15.13671875
186.515625,-23.4375,-57.6171875,4.39453125,6.34765625
186.51953125,-18.06640625,-55.6640625,-0.9765625,18.5546875
186.5234375,-0.9765625,-50.29296875,11.23046875,27.34375
186.52734375,0.9765625,-40.52734375,20.5078125,28.3203125
186.53125,-1.46484375,-38.57421875,11.71875,33.69140625
186.53515625,-37.109375,-40.0390625,0.48828125,41.50390625
186.5390625,-55.6640625,-44.43359375,5.37109375,45.8984375
186.54296875,-45.41015625,-42.96875,-2.9296875,41.9921875
186.546875,-48.828125,-50.78125,-15.13671875,66.40625
186.55078125,-37.59765625,-50.78125,-4.8828125,30.76171875
186.5546875,-31.25,-42.96875,8.30078125,35.15625
186.55859375,-12.6953125,-41.9921875,7.8125,60.546875
186.5625,-9.765625,-42.96875,-3.90625,12.6953125
186.56640625,-34.66796875,-47.36328125,-9.27734375,0.9765625
186.5703125,-19.53125,-41.50390625,-16.11328125,30.76171875
186.57421875,-16.11328125,-35.64453125,-19.04296875,43.9453125
186.578125,-2.44140625,-35.15625,-17.578125,61.5234375
186.58203125,4.8828125,-33.203125,-9.765625,59.5703125
186.5859375,6.34765625,-29.78515625,-5.859375,44.921875
186.58984375,26.3671875,-25.390625,-8.7890625,30.76171875
186.59375,26.3671875,-24.4140625,-3.90625,13.18359375
186.59765625,20.01953125,-26.85546875,7.32421875,31.73828125
186.6015625,36.62109375,-25.87890625,3.90625,73.73046875
186.60546875,43.45703125,-14.16015625,-18.5546875,68.84765625
186.609375,29.78515625,-13.671875,-10.25390625,65.4296875
186.61328125,-7.32421875,-31.73828125,2.9296875,52.24609375
186.6171875,-53.22265625,-37.59765625,-16.6015625,17.08984375
186.62109375,-63.4765625,-25.390625,-29.296875,19.04296875
186.625,-56.15234375,-11.71875,-14.16015625,17.08984375
186.62890625,-46.38671875,-9.27734375,-3.41796875,15.13671875
186.6328125,-44.43359375,-23.92578125,-0.9765625,17.08984375
186.63671875,-21.97265625,-35.15625,1.46484375,30.2734375
186.640625,-15.13671875,-34.1796875,-0.48828125,32.2265625
186.64453125,-28.80859375,-27.34375,-10.7421875,17.08984375
186.6484375,-25.390625,-18.06640625,-10.25390625,9.765625
186.65234375,-23.4375,-17.08984375,-3.90625,4.8828125
186.65625,-18.06640625,-15.625,0.48828125,29.296875
186.66015625,3.90625,-8.7890625,-3.90625,39.0625
186.6640625,19.53125,-10.7421875,-24.4140625,35.15625
186.66796875,20.01953125,-12.6953125,-22.4609375,20.01953125
186.671875,13.18359375,-20.99609375,-13.18359375,-2.9296875
186.67578125,-3.41796875,-30.76171875,-9.27734375,9.765625
186.6796875,-3.90625,-28.80859375,-6.34765625,7.32421875
186.68359375,4.8828125,-27.34375,-12.20703125,0.9765625
186.6875,-0.9765625,-26.85546875,-18.5546875,20.5078125
186.69140625,-6.8359375,-26.85546875,-19.53125,-10.7421875
186.6953125,11.23046875,-22.4609375,-14.16015625,-3.90625
186.69921875,24.4140625,-31.25,-20.99609375,10.25390625
186.703125,16.11328125,-42.96875,-40.52734375,-5.859375
186.70703125,11.71875,-35.15625,-23.92578125,20.99609375
186.7109375,12.6953125,-11.23046875,-20.99609375,10.7421875
186.71484375,21.484375,-2.44140625,-34.66796875,-2.9296875
186.71875,3.90625,-20.01953125,-29.78515625,12.6953125
186.72265625,2.44140625,-16.11328125,-12.20703125,3.41796875
186.7265625,23.92578125,-1.46484375,-13.671875,20.99609375
186.73046875,20.99609375,-11.71875,-26.85546875,10.7421875
186.734375,1.953125,-25.87890625,-20.01953125,-37.59765625
186.73828125,0.48828125,-19.53125,-12.20703125,-25.390625
186.7421875,25.87890625,-11.71875,-14.16015625,-10.25390625
186.74609375,15.13671875,-12.20703125,-20.5078125,19.53125
186.75,19.53125,-13.671875,-19.04296875,18.5546875
186.75390625,30.2734375,-19.53125,-15.13671875,16.11328125
186.7578125,26.3671875,-27.34375,-21.484375,14.6484375
186.76171875,32.71484375,-27.83203125,-19.53125,-14.6484375
186.765625,18.06640625,-22.94921875,-15.625,-35.64453125
186.76953125,16.11328125,-11.71875,-37.109375,-17.08984375
186.7734375,18.06640625,-11.23046875,-34.66796875,14.16015625
186.77734375,-4.39453125,-21.484375,-12.20703125,3.90625
186.78125,-2.44140625,-20.99609375,-2.9296875,-1.953125
186.78515625,14.16015625,-11.23046875,1.46484375,38.0859375
186.7890625,14.6484375,-16.6015625,-5.859375,10.7421875
186.79296875,13.671875,-32.2265625,-14.16015625,-33.203125
186.796875,27.83203125,-34.1796875,-18.5546875,2.44140625
186.80078125,29.78515625,-21.97265625,-23.4375,28.80859375
186.8046875,33.203125,-19.04296875,-19.04296875,5.859375
186.80859375,19.04296875,-22.94921875,-16.11328125,5.859375
186.8125,-17.08984375,-20.99609375,-27.34375,-11.23046875
186.81640625,-30.76171875,-20.99609375,-24.90234375,-22.4609375
186.8203125,-22.94921875,-31.73828125,-11.23046875,-17.08984375
186.82421875,-30.76171875,-40.0390625,-8.7890625,-43.45703125
186.828125,-26.3671875,-37.59765625,-25.390625,-25.87890625
186.83203125,-31.73828125,-32.2265625,-32.71484375,-30.2734375
186.8359375,-35.15625,-28.80859375,-20.99609375,-32.2265625
186.83984375,-3.90625,-26.3671875,-7.8125,-3.41796875
186.84375,0.0,-24.4140625,-13.671875,-22.94921875
186.84765625,-15.13671875,-25.390625,-22.4609375,-42.96875
186.8515625,-4.8828125,-24.4140625,-20.99609375,-16.11328125
186.85546875,11.71875,-21.484375,-27.34375,18.06640625
186.859375,11.71875,-28.3203125,-22.4609375,18.06640625
186.86328125,-0.9765625,-28.80859375,-10.25390625,2.9296875
186.8671875,-15.13671875,-25.390625,-16.11328125,-25.390625
186.87109375,-22.4609375,-25.87890625,-20.99609375,-31.25
186.875,-20.01953125,-28.80859375,-19.04296875,-20.99609375
186.87890625,-15.13671875,-26.85546875,-11.71875,-10.7421875
186.8828125,-0.48828125,-16.6015625,-12.6953125,-15.13671875
186.88671875,6.8359375,-14.6484375,-21.97265625,-17.08984375
186.890625,1.46484375,-23.4375,-22.4609375,-8.30078125
186.89453125,1.46484375,-25.87890625,-21.484375,2.9296875
186.8984375,2.9296875,-20.01953125,-12.20703125,18.5546875
186.90234375,31.25,-12.6953125,-17.578125,14.16015625
186.90625,51.26953125,-20.5078125,-37.109375,11.71875
186.91015625,37.59765625,-34.66796875,-15.625,29.296875
186.9140625,31.25,-24.90234375,-0.48828125,43.45703125
186.91796875,22.4609375,-5.859375,-11.23046875,32.71484375
186.921875,9.27734375,-13.18359375,-14.6484375,-0.48828125
186.92578125,2.44140625,-30.2734375,-12.6953125,-33.203125
186.9296875,9.27734375,-33.203125,-15.13671875,-25.390625
186.93359375,-4.39453125,-29.78515625,-20.01953125,-22.94921875
186.9375,-3.90625,-28.80859375,-18.5546875,-15.13671875
186.94140625,11.23046875,-28.3203125,-27.34375,6.34765625
186.9453125,-1.953125,-40.52734375,-33.69140625,-12.6953125
186.94921875,-19.04296875,-44.921875,-29.78515625,-40.0390625
186.953125,-8.7890625,-31.73828125,-38.0859375,-11.23046875
186.95703125,13.671875,-25.87890625,-36.62109375,9.765625
186.9609375,-10.25390625,-32.71484375,-16.11328125,7.8125
186.96484375,-19.04296875,-36.62109375,-6.8359375,-11.23046875
186.96875,15.13671875,-39.55078125,-4.8828125,-22.4609375
186.97265625,16.11328125,-41.015625,-12.20703125,-10.7421875
186.9765625,2.9296875,-37.59765625,-25.390625,-5.37109375
186.98046875,-0.9765625,-39.0625,-25.87890625,-13.18359375
186.984375,-19.04296875,-34.1796875,-25.390625,4.39453125
186.98828125,-3.90625,-18.06640625,-31.73828125,8.30078125
186.9921875,15.625,-8.7890625,-15.625,-9.27734375
186.99609375,22.94921875,-15.13671875,-2.44140625,-10.7421875
187.0,14.16015625,-23.4375,-13.671875,-17.578125
187.00390625,12.6953125,-21.484375,-20.01953125,-11.23046875
187.0078125,28.80859375,-17.578125,-13.18359375,20.5078125
187.01171875,32.71484375,-20.99609375,-29.296875,7.32421875
187.015625,45.41015625,-25.390625,-31.25,9.27734375
187.01953125,54.6875,-25.390625,-14.6484375,11.23046875
187.0234375,19.53125,-20.01953125,-22.4609375,-16.11328125
187.02734375,16.11328125,-13.18359375,-38.57421875,23.92578125
187.03125,41.9921875,-12.20703125,-39.0625,8.7890625
187.03515625,22.94921875,-17.08984375,-23.4375,-25.390625
187.0390625,25.390625,-12.6953125,-21.484375,-15.13671875
187.04296875,14.6484375,-13.18359375,-29.78515625,-33.69140625
187.046875,-2.9296875,-20.01953125,-33.203125,-27.34375
187.05078125,25.87890625,-17.578125,-29.296875,4.39453125
187.0546875,32.2265625,-25.87890625,-27.34375,0.9765625
187.05859375,36.1328125,-32.71484375,-16.6015625,-1.953125
187.0625,32.71484375,-19.53125,-26.85546875,10.7421875
187.06640625,20.5078125,-19.04296875,-43.45703125,-7.32421875
187.0703125,17.08984375,-26.85546875,-19.04296875,-20.5078125
187.07421875,14.16015625,-32.2265625,0.0,-0.48828125
187.078125,16.11328125,-21.97265625,-2.44140625,-9.27734375
187.08203125,20.01953125,-8.30078125,-23.92578125,-24.4140625
187.0859375,-0.9765625,-12.6953125,-45.41015625,-13.18359375
187.08984375,-20.01953125,-13.671875,-36.1328125,-25.390625
187.09375,-10.7421875,-10.7421875,-24.4140625,-27.34375
187.09765625,10.25390625,-19.04296875,-27.34375,-8.30078125
187.1015625,44.43359375,-31.25,-23.4375,19.04296875
187.10546875,40.0390625,-24.4140625,-10.7421875,4.39453125
187.109375,10.25390625,-20.01953125,-8.30078125,-21.484375
187.11328125,10.25390625,-22.4609375,-16.11328125,7.8125
187.1171875,18.5546875,-13.671875,-26.85546875,24.4140625
187.12109375,9.27734375,-0.9765625,-23.92578125,13.18359375
187.125,17.578125,-6.34765625,-17.08984375,7.8125
187.12890625,21.484375,-21.484375,-12.20703125,-8.7890625
187.1328125,29.78515625,-19.53125,-20.99609375,5.859375
187.13671875,41.50390625,-17.08984375,-21.484375,41.9921875
187.140625,17.08984375,-29.296875,-14.6484375,-12.20703125
187.14453125,19.53125,-27.83203125,-17.578125,-23.92578125
187.1484375,48.33984375,-25.390625,-17.08984375,6.34765625
187.15234375,32.71484375,-24.90234375,-6.8359375,5.37109375
187.15625,-5.859375,-16.11328125,-19.53125,7.32421875
187.16015625,3.41796875,-17.08984375,-36.1328125,17.578125
187.1640625,48.828125,-24.4140625,-23.4375,33.69140625
187.16796875,22.4609375,-23.4375,-9.27734375,29.296875
187.171875,-4.39453125,-11.23046875,-15.625,3.41796875
187.17578125,-17.578125,-14.16015625,-17.08984375,0.9765625
187.1796875,-6.8359375,-12.20703125,-6.8359375,-15.625
187.18359375,8.7890625,-5.37109375,-5.859375,-13.18359375
187.1875,4.8828125,-15.13671875,-19.04296875,11.71875
187.19140625,32.2265625,-7.32421875,-29.78515625,1.953125
187.1953125,41.015625,-0.9765625,-16.11328125,-8.30078125
187.19921875,15.625,-11.71875,-13.18359375,1.46484375
187.203125,9.27734375,-20.01953125,-18.5546875,20.99609375
187.20703125,6.8359375,-24.90234375,-22.4609375,-13.18359375
187.2109375,22.4609375,-17.578125,-22.4609375,18.5546875
187.21484375,9.765625,-19.53125,-17.08984375,35.64453125
187.21875,-27.83203125,-13.18359375,-13.671875,-14.6484375
187.22265625,-16.6015625,-1.46484375,-24.4140625,16.6015625
187.2265625,-1.953125,-18.5546875,-27.83203125,0.0
187.23046875,-8.30078125,-24.4140625,-18.5546875,-25.390625
187.234375,-4.8828125,-9.765625,-15.13671875,5.859375
187.23828125,18.5546875,-7.32421875,-5.37109375,27.34375
187.2421875,20.99609375,-10.25390625,-11.23046875,15.13671875
187.24609375,-4.39453125,-13.671875,-19.53125,-4.8828125
187.25,2.9296875,-7.32421875,-18.06640625,37.59765625
187.25390625,18.06640625,3.41796875,-19.04296875,50.78125
187.2578125,11.71875,-1.46484375,-12.20703125,24.4140625
187.26171875,-5.37109375,-15.13671875,-12.6953125,26.3671875
187.265625,-10.7421875,-18.5546875,-17.578125,-14.16015625
187.26953125,3.90625,-16.11328125,-10.25390625,-14.6484375
187.2734375,13.671875,-17.578125,-9.27734375,11.23046875
187.27734375,12.6953125,-12.6953125,-8.7890625,70.3125
187.28125,17.578125,-8.30078125,-7.8125,69.3359375
187.28515625,8.7890625,-9.765625,-32.71484375,-38.57421875
187.2890625,-7.8125,-13.18359375,-32.2265625,-20.99609375
187.29296875,1.953125,-13.18359375,-2.44140625,11.71875
187.296875,29.296875,-13.671875,3.90625,12.20703125
187.30078125,10.25390625,-13.671875,-3.90625,28.3203125
187.3046875,-13.671875,-1.953125,-9.765625,-3.90625
187.30859375,-7.32421875,-0.9765625,-16.6015625,-24.4140625
187.3125,7.8125,-2.9296875,-18.06640625,-11.23046875
187.31640625,16.11328125,0.48828125,-13.18359375,38.0859375
187.3203125,14.16015625,1.953125,-5.37109375,69.3359375
187.32421875,19.04296875,10.25390625,-20.5078125,40.0390625
187.328125,26.3671875,10.7421875,-33.203125,20.5078125
187.33203125,16.6015625,5.859375,-14.6484375,20.99609375
187.3359375,22.4609375,10.25390625,1.46484375,0.48828125
187.33984375,10.7421875,3.90625,0.0,10.25390625
187.34375,3.90625,-4.8828125,-9.765625,37.59765625
187.34765625,8.30078125,-5.859375,-15.13671875,21.97265625
187.3515625,2.44140625,-1.46484375,-5.859375,22.4609375
187.35546875,-11.23046875,6.8359375,1.46484375,16.11328125
187.359375,-9.765625,9.765625,1.953125,-7.32421875
187.36328125,4.8828125,14.16015625,-7.32421875,23.92578125
187.3671875,19.04296875,17.578125,-24.4140625,-13.18359375
187.37109375,15.625,6.34765625,-13.671875,-33.203125
187.375,-6.8359375,7.8125,-2.9296875,3.90625
187.37890625,-17.08984375,17.578125,-11.71875,6.8359375
187.3828125,-2.9296875,6.34765625,-6.34765625,36.1328125
187.38671875,-7.8125,1.46484375,-3.41796875,-0.9765625
187.390625,-33.69140625,3.90625,-1.46484375,-5.859375
187.39453125,-52.24609375,-0.9765625,-8.7890625,-19.04296875
187.3984375,-33.203125,-3.41796875,-15.625,-59.08203125
187.40234375,-21.484375,7.32421875,-19.53125,-45.8984375
187.40625,-78.61328125,-3.41796875,-19.53125,-73.73046875
187.41015625,-86.42578125,-26.85546875,3.41796875,-85.9375
187.4140625,-63.4765625,-26.3671875,11.23046875,-50.78125
187.41796875,-79.58984375,-11.23046875,-1.46484375,-87.890625
187.421875,-116.69921875,-2.44140625,-3.90625,-119.62890625
187.42578125,-148.92578125,-2.9296875,-4.8828125,-103.02734375
187.4296875,-155.2734375,-14.6484375,1.46484375,-104.00390625
187.43359375,-139.16015625,-19.04296875,13.18359375,-133.30078125
187.4375,-146.484375,-11.71875,-10.25390625,-145.01953125
187.44140625,-119.140625,-16.11328125,-20.01953125,-102.5390625
187.4453125,-95.21484375,-24.4140625,-1.953125,-64.453125
187.44921875,-94.23828125,-20.01953125,5.859375,-90.33203125
187.453125,-97.65625,-20.5078125,-5.37109375,-93.26171875
187.45703125,-131.34765625,-32.71484375,10.25390625,-60.05859375
187.4609375,-65.4296875,-35.15625,-18.5546875,-31.73828125
187.46484375,-37.109375,-33.203125,-44.43359375,12.6953125
187.46875,-89.35546875,-36.62109375,-8.7890625,-30.76171875
187.47265625,-51.7578125,-23.4375,18.06640625,-62.98828125
187.4765625,-14.6484375,-15.13671875,15.13671875,-58.10546875
187.48046875,-31.25,-11.23046875,7.8125,-54.6875
187.484375,-34.1796875,-14.16015625,12.6953125,-8.30078125
187.48828125,13.671875,-23.4375,18.06640625,18.06640625
187.4921875,63.4765625,-18.06640625,19.04296875,38.57421875
187.49609375,98.6328125,4.8828125,-2.9296875,53.22265625
187.5,81.0546875,-1.46484375,-12.6953125,59.5703125
187.50390625,63.96484375,-9.27734375,-16.11328125,28.3203125
187.5078125,56.640625,6.34765625,-25.87890625,18.06640625
187.51171875,63.4765625,1.46484375,-7.8125,29.296875
187.515625,91.796875,-8.7890625,1.46484375,39.55078125
187.51953125,89.35546875,-2.9296875,-4.8828125,34.66796875
187.5234375,101.07421875,3.90625,-10.7421875,68.84765625
187.52734375,113.28125,4.39453125,-6.34765625,68.359375
187.53125,107.91015625,7.8125,-10.7421875,27.34375
187.53515625,66.89453125,13.18359375,-9.765625,37.109375
187.5390625,110.83984375,19.04296875,-6.8359375,66.89453125
187.54296875,121.09375,3.90625,-23.92578125,83.49609375
187.546875,61.03515625,-15.625,-22.94921875,77.1484375
187.55078125,83.984375,-0.9765625,-11.71875,56.15234375
187.5546875,101.07421875,10.7421875,-10.7421875,48.828125
187.55859375,66.89453125,0.0,-4.8828125,33.69140625
187.5625,62.98828125,-14.16015625,-6.34765625,17.08984375
187.56640625,92.7734375,-6.34765625,-16.6015625,39.55078125
187.5703125,87.890625,-4.39453125,-21.97265625,80.078125
187.57421875,92.28515625,-7.8125,-13.671875,61.03515625
187.578125,82.03125,-2.44140625,-15.13671875,21.97265625
187.58203125,58.59375,-15.13671875,-30.76171875,68.359375
187.5859375,101.5625,-20.01953125,-30.2734375,62.01171875
187.58984375,111.81640625,-16.6015625,-14.16015625,-18.5546875
187.59375,106.93359375,-14.16015625,-9.765625,-15.13671875
187.59765625,81.0546875,-10.25390625,-24.90234375,20.01953125
187.6015625,100.5859375,-4.8828125,-19.53125,2.44140625
187.60546875,110.3515625,-8.30078125,-6.34765625,-10.25390625
187.609375,99.609375,-9.27734375,-6.8359375,0.48828125
187.61328125,108.3984375,-2.9296875,-13.18359375,31.25
187.6171875,84.47265625,-9.27734375,-12.6953125,22.94921875
187.62109375,92.7734375,-12.20703125,-7.8125,3.90625
187.625,117.67578125,-4.8828125,-14.6484375,71.2890625
187.62890625,100.09765625,-12.20703125,-13.671875,37.59765625
187.6328125,65.4296875,-15.625,-11.23046875,-7.8125
187.63671875,65.91796875,-20.99609375,-4.8828125,56.640625
187.640625,117.1875,-25.390625,-3.90625,27.83203125
187.64453125,60.546875,-11.71875,-17.578125,-21.484375
187.6484375,32.71484375,-3.90625,-24.4140625,-30.76171875
187.65234375,78.61328125,0.0,-23.4375,-54.19921875
187.65625,73.73046875,-7.32421875,-17.578125,-60.05859375
187.66015625,58.10546875,-16.6015625,-12.6953125,-55.6640625
187.6640625,46.38671875,-19.04296875,-20.5078125,-57.12890625
187.66796875,53.22265625,-16.6015625,-29.78515625,-40.0390625
187.671875,29.78515625,-15.625,-31.73828125,-38.57421875
187.67578125,16.6015625,-10.7421875,-29.78515625,-35.15625
187.6796875,32.71484375,-0.48828125,-37.109375,-22.94921875
187.68359375,27.34375,-0.9765625,-32.71484375,-34.66796875
187.6875,18.5546875,-15.13671875,-22.4609375,-24.4140625
187.69140625,16.6015625,-13.18359375,-18.06640625,-46.38671875
187.6953125,23.4375,-4.39453125,-17.578125,-51.7578125
187.69921875,18.06640625,-19.04296875,-19.04296875,-4.39453125
187.703125,-12.20703125,-19.53125,-34.66796875,-52.24609375
187.70703125,4.8828125,-1.953125,-39.0625,-71.77734375
187.7109375,17.578125,-14.16015625,-23.4375,-49.8046875
187.71484375,12.20703125,-27.83203125,-10.7421875,-62.5
187.71875,9.27734375,-19.53125,-19.53125,-50.78125
187.72265625,1.46484375,-8.7890625,-21.484375,-46.38671875
187.7265625,-9.27734375,-5.37109375,-13.18359375,-55.6640625
187.73046875,4.8828125,-11.23046875,-21.97265625,-49.31640625
187.734375,0.48828125,-15.625,-20.01953125,-16.11328125
187.73828125,-58.10546875,-9.765625,-18.06640625,-53.22265625
187.7421875,-48.33984375,-0.9765625,-36.1328125,-71.77734375
187.74609375,-34.66796875,5.37109375,-45.8984375,-29.296875
187.75,-48.828125,-4.8828125,-21.484375,12.6953125
187.75390625,-58.10546875,-19.53125,-7.8125,-47.36328125
187.7578125,-78.61328125,-18.06640625,-10.7421875,-85.44921875
187.76171875,-80.078125,-15.13671875,-12.6953125,-58.10546875
187.765625,-69.3359375,-12.6953125,-21.484375,-82.51953125
187.76953125,-79.1015625,-11.71875,-31.25,-68.84765625
187.7734375,-82.03125,-30.2734375,-30.2734375,-58.10546875
187.77734375,-78.61328125,-29.78515625,-37.109375,-77.1484375
187.78125,-88.8671875,-8.7890625,-50.29296875,-72.265625
187.78515625,-87.40234375,-10.7421875,-44.43359375,-62.5
187.7890625,-103.02734375,-18.5546875,-33.69140625,-89.35546875
187.79296875,-104.98046875,-17.08984375,-27.34375,-95.703125
187.796875,-101.07421875,-18.06640625,-28.80859375,-104.98046875
187.80078125,-99.609375,-15.625,-31.25,-106.93359375
187.8046875,-108.3984375,-14.6484375,-34.1796875,-70.80078125
187.80859375,-74.21875,-13.671875,-47.8515625,-65.91796875
187.8125,-67.3828125,-22.94921875,-42.48046875,-66.40625
187.81640625,-98.14453125,-29.296875,-18.5546875,-85.9375
187.8203125,-111.328125,-24.90234375,-19.04296875,-103.02734375
187.82421875,-87.890625,-6.34765625,-22.4609375,-51.26953125
187.828125,-72.75390625,-8.30078125,-36.1328125,-71.77734375
187.83203125,-89.84375,-23.92578125,-42.48046875,-140.13671875
187.8359375,-97.16796875,-22.4609375,-25.87890625,-113.28125
187.83984375,-104.4921875,-17.08984375,-20.01953125,-107.421875
187.84375,-95.21484375,-16.6015625,-22.4609375,-101.07421875
187.84765625,-109.86328125,-14.16015625,-26.3671875,-47.36328125
187.8515625,-111.81640625,-16.6015625,-26.3671875,-101.07421875
187.85546875,-77.63671875,-14.16015625,-41.50390625,-97.16796875
187.859375,-50.78125,-17.578125,-49.8046875,-67.3828125
187.86328125,-86.42578125,-29.78515625,-34.66796875,-75.68359375
187.8671875,-113.28125,-19.04296875,-32.71484375,-83.49609375
187.87109375,-113.28125,-23.4375,-33.203125,-78.125
187.875,-133.7890625,-47.8515625,-22.4609375,-89.35546875
187.87890625,-152.34375,-31.73828125,-31.73828125,-106.4453125
187.8828125,-149.90234375,-10.25390625,-43.9453125,-83.49609375
187.88671875,-171.38671875,-22.94921875,-45.8984375,-96.19140625
187.890625,-166.9921875,-33.69140625,-43.9453125,-104.98046875
187.89453125,-148.92578125,-22.4609375,-37.109375,-98.14453125
187.8984375,-150.87890625,-26.85546875,-37.59765625,-82.51953125
187.90234375,-150.87890625,-47.8515625,-29.296875,-76.171875
187.90625,-179.19921875,-49.31640625,-22.4609375,-119.140625
187.91015625,-184.08203125,-36.1328125,-27.83203125,-106.93359375
187.9140625,-158.203125,-37.59765625,-30.2734375,-108.88671875
187.91796875,-161.1328125,-38.0859375,-32.71484375,-111.81640625
187.921875,-194.82421875,-34.66796875,-45.41015625,-121.09375
187.92578125,-218.75,-43.45703125,-50.29296875,-155.76171875
187.9296875,-222.16796875,-56.640625,-34.66796875,-163.57421875
187.93359375,-234.86328125,-66.40625,-26.3671875,-171.38671875
187.9375,-254.39453125,-54.6875,-27.34375,-168.9453125
187.94140625,-228.515625,-37.59765625,-15.625,-154.78515625
187.9453125,-170.41015625,-34.1796875,-16.6015625,-108.88671875
187.94921875,-164.55078125,-45.41015625,-31.73828125,-126.953125
187.953125,-197.75390625,-49.31640625,-26.3671875,-139.6484375
187.95703125,-188.96484375,-38.0859375,-7.8125,-107.91015625
187.9609375,-155.76171875,-31.73828125,-7.32421875,-84.9609375
187.96484375,-144.53125,-44.43359375,-16.11328125,-49.31640625
187.96875,-147.4609375,-50.29296875,-21.484375,-62.01171875
187.97265625,-97.65625,-38.57421875,-8.7890625,-63.96484375
187.9765625,-61.5234375,-38.0859375,2.44140625,-45.41015625
187.98046875,-83.984375,-50.29296875,-1.953125,-25.390625
187.984375,-63.96484375,-51.7578125,-6.34765625,-59.08203125
187.98828125,-56.15234375,-43.45703125,-18.5546875,-46.875
187.9921875,-73.2421875,-38.0859375,-18.5546875,-30.2734375
187.99609375,-51.7578125,-38.57421875,-6.34765625,-27.83203125
188.0,-38.57421875,-44.43359375,-12.20703125,-5.37109375
188.00390625,-41.50390625,-38.57421875,-19.53125,10.7421875
188.0078125,-32.2265625,-39.55078125,-13.671875,33.69140625
188.01171875,-30.2734375,-38.57421875,-13.18359375,-4.8828125
188.015625,-29.78515625,-27.34375,-21.97265625,-26.85546875
188.01953125,-6.8359375,-18.06640625,-25.390625,7.32421875
188.0234375,-9.27734375,-22.94921875,-23.4375,5.859375
188.02734375,-26.3671875,-35.64453125,-19.04296875,-9.765625
188.03125,-36.1328125,-41.9921875,-16.11328125,-5.37109375
188.03515625,-23.92578125,-41.50390625,-15.625,-4.39453125
188.0390625,-1.46484375,-32.2265625,-15.625,-16.6015625
188.04296875,-9.27734375,-41.9921875,-20.99609375,-34.66796875
188.046875,-21.97265625,-50.78125,-17.08984375,-33.203125
188.05078125,-20.01953125,-44.921875,-9.765625,-24.90234375
188.0546875,-23.92578125,-41.015625,-18.06640625,-28.3203125
188.05859375,-40.52734375,-44.921875,-28.80859375,-0.9765625
188.0625,-22.94921875,-42.96875,-29.78515625,-28.80859375
188.06640625,-9.27734375,-28.3203125,-20.01953125,-57.12890625
188.0703125,-38.0859375,-36.62109375,-8.30078125,-48.33984375
188.07421875,-63.96484375,-48.33984375,-4.39453125,-69.82421875
188.078125,-83.984375,-51.7578125,-20.01953125,-90.33203125
188.08203125,-108.88671875,-53.7109375,-20.99609375,-89.84375
188.0859375,-104.00390625,-41.50390625,-16.11328125,-87.40234375
188.08984375,-83.984375,-37.59765625,-14.6484375,-106.93359375
188.09375,-111.328125,-52.24609375,-10.7421875,-146.484375
188.09765625,-141.6015625,-54.6875,-13.671875,-143.5546875
188.1015625,-145.5078125,-47.36328125,-31.73828125,-124.51171875
188.10546875,-141.11328125,-35.15625,-31.25,-125.48828125
188.109375,-132.8125,-24.4140625,-10.25390625,-114.2578125
188.11328125,-126.46484375,-22.4609375,-23.4375,-113.28125
188.1171875,-114.2578125,-23.92578125,-21.484375,-121.09375
188.12109375,-123.53515625,-31.25,1.953125,-127.44140625
188.125,-130.859375,-38.0859375,1.46484375,-122.55859375
188.12890625,-109.375,-31.73828125,1.953125,-83.0078125
188.1328125,-107.421875,-19.04296875,0.48828125,-72.75390625
188.13671875,-85.44921875,-5.859375,-8.30078125,-61.03515625
188.140625,-58.59375,-20.5078125,-3.90625,-45.8984375
188.14453125,-46.875,-36.62109375,-27.83203125,-46.38671875
188.1484375,-46.38671875,-33.69140625,-44.43359375,-33.203125
188.15234375,-54.19921875,-34.66796875,-6.34765625,-48.828125
188.15625,-35.64453125,-22.94921875,3.90625,-35.15625
188.16015625,-25.87890625,-14.16015625,-6.8359375,-1.46484375
188.1640625,-19.04296875,-17.578125,-4.8828125,-13.671875
188.16796875,-17.08984375,-10.7421875,-13.18359375,-24.4140625
188.171875,-10.7421875,-6.34765625,-23.92578125,-19.04296875
188.17578125,-6.34765625,-7.32421875,-18.06640625,-3.90625
188.1796875,13.18359375,-8.7890625,-25.87890625,24.4140625
188.18359375,53.22265625,-8.7890625,-55.6640625,58.59375
188.1875,46.875,-11.23046875,-48.33984375,32.2265625
188.19140625,39.55078125,-11.23046875,-31.73828125,22.94921875
188.1953125,39.0625,-16.11328125,-22.94921875,26.85546875
188.19921875,19.04296875,-32.71484375,-15.13671875,11.23046875
188.203125,17.08984375,-29.296875,-26.85546875,12.6953125
188.20703125,22.4609375,-17.578125,-41.50390625,25.390625
188.2109375,14.16015625,-24.90234375,-34.1796875,10.25390625
188.21484375,24.90234375,-28.80859375,-26.3671875,11.23046875
188.21875,27.83203125,-25.390625,-25.87890625,29.78515625
188.22265625,43.45703125,-22.94921875,-27.83203125,22.94921875
188.2265625,54.6875,-10.7421875,-30.76171875,12.6953125
188.23046875,27.83203125,-9.765625,-30.2734375,22.94921875
188.234375,58.59375,-26.3671875,-24.90234375,41.015625
188.23828125,59.08203125,-18.06640625,-26.3671875,56.15234375
188.2421875,27.34375,0.9765625,-35.64453125,57.6171875
188.24609375,52.24609375,-1.953125,-42.96875,43.9453125
188.25,49.8046875,-7.32421875,-50.78125,34.1796875
188.25390625,34.1796875,-15.13671875,-42.48046875,23.4375
188.2578125,25.390625,-20.99609375,-23.92578125,18.5546875
188.26171875,22.4609375,-20.01953125,-16.11328125,27.83203125
188.265625,29.78515625,-17.578125,-22.94921875,19.04296875
188.26953125,28.3203125,-20.5078125,-30.2734375,5.37109375
188.2734375,41.50390625,-21.484375,-24.90234375,18.5546875
188.27734375,49.8046875,-25.390625,-28.3203125,38.0859375
188.28125,16.6015625,-28.80859375,-27.34375,42.96875
188.28515625,0.9765625,-10.7421875,-20.01953125,25.390625
188.2890625,5.859375,-0.48828125,-24.90234375,17.08984375
188.29296875,-1.953125,-11.71875,-29.296875,-9.765625
188.296875,-16.6015625,-22.4609375,-25.87890625,-35.64453125
188.30078125,-36.1328125,-29.78515625,-14.6484375,-29.78515625
188.3046875,-51.26953125,-41.9921875,-16.6015625,-16.11328125
188.30859375,-48.828125,-46.38671875,-12.20703125,-36.1328125
188.3125,-54.19921875,-46.38671875,1.953125,-49.31640625
188.31640625,-55.6640625,-45.8984375,-1.953125,-68.84765625
188.3203125,-69.3359375,-39.0625,-8.7890625,-109.375
188.32421875,-122.0703125,-36.1328125,-20.5078125,-114.74609375
188.328125,-125.9765625,-34.66796875,-62.5,-120.1171875
188.33203125,-124.51171875,-25.390625,-70.3125,-139.6484375
188.3359375,-118.1640625,-19.53125,-28.80859375,-133.30078125
188.33984375,-97.65625,-27.83203125,-8.30078125,-129.8828125
188.34375,-91.30859375,-34.66796875,-26.3671875,-134.27734375
188.34765625,-99.609375,-29.78515625,-34.66796875,-121.58203125
188.3515625,-102.05078125,-32.71484375,-36.1328125,-116.69921875
188.35546875,-91.796875,-21.484375,-50.78125,-115.72265625
188.359375,-72.265625,1.953125,-61.03515625,-91.796875
188.36328125,-52.24609375,8.7890625,-55.17578125,-68.84765625
188.3671875,-44.43359375,-0.9765625,-45.8984375,-81.0546875
188.37109375,-38.57421875,-17.08984375,-34.1796875,-78.61328125
188.375,-13.18359375,-32.71484375,-28.80859375,-25.87890625
188.37890625,-59.5703125,-23.4375,-23.92578125,-62.98828125
188.3828125,-50.29296875,-6.34765625,-20.99609375,-38.0859375
188.38671875,-8.7890625,-2.9296875,-31.73828125,7.32421875
188.390625,9.765625,1.953125,-22.94921875,-10.25390625
188.39453125,25.390625,-2.44140625,-16.11328125,17.08984375
188.3984375,20.5078125,-11.71875,-24.4140625,21.97265625
188.40234375,34.66796875,-1.46484375,-27.83203125,41.50390625
188.40625,69.82421875,4.39453125,-41.9921875,56.15234375
188.41015625,70.80078125,-14.16015625,-32.2265625,36.1328125
188.4140625,62.5,-23.92578125,-17.08984375,36.62109375
188.41796875,65.4296875,-28.80859375,-20.01953125,35.64453125
188.421875,45.8984375,-27.34375,-19.53125,34.1796875
188.42578125,70.80078125,-16.11328125,-19.53125,38.0859375
188.4296875,96.19140625,-10.7421875,-25.390625,33.69140625
188.43359375,49.31640625,-6.34765625,-31.73828125,36.62109375
188.4375,37.109375,-10.25390625,-23.4375,50.78125
188.44140625,58.10546875,-13.671875,-25.390625,80.078125
188.4453125,71.77734375,-14.6484375,-48.828125,75.1953125
188.44921875,49.31640625,-18.06640625,-50.29296875,23.4375
188.453125,59.08203125,-15.13671875,-30.2734375,20.99609375
188.45703125,94.23828125,-6.34765625,-24.90234375,50.78125
188.4609375,72.75390625,-10.7421875,-22.94921875,59.5703125
188.46484375,35.64453125,-25.390625,-14.16015625,41.015625
188.46875,41.50390625,-34.1796875,-10.7421875,23.92578125
188.47265625,63.96484375,-29.78515625,-22.94921875,53.22265625
188.4765625,66.40625,-30.76171875,-32.71484375,66.89453125
188.48046875,58.10546875,-20.99609375,-27.83203125,38.57421875
188.484375,41.015625,-6.34765625,-28.3203125,59.5703125
188.48828125,35.15625,-14.6484375,-31.25,47.8515625
188.4921875,38.0859375,-26.85546875,-19.04296875,53.22265625
188.49609375,41.9921875,-22.4609375,-29.296875,55.6640625
188.5,43.9453125,-19.04296875,-41.50390625,-3.41796875
188.50390625,42.96875,-15.13671875,-36.1328125,12.20703125
188.5078125,48.828125,-17.578125,-41.015625,41.9921875
188.51171875,68.359375,-30.76171875,-29.78515625,46.875
188.515625,56.15234375,-30.2734375,-19.04296875,41.9921875
188.51953125,58.59375,-17.578125,-26.85546875,36.1328125
188.5234375,50.29296875,-18.5546875,-32.71484375,50.78125
188.52734375,35.64453125,-24.4140625,-30.2734375,33.69140625
188.53125,57.12890625,-29.296875,-28.3203125,19.53125
188.53515625,42.48046875,-25.390625,-21.484375,23.92578125
188.5390625,18.06640625,-16.6015625,-17.578125,28.80859375
188.54296875,0.0,-19.04296875,-16.6015625,39.0625
188.546875,18.5546875,-9.765625,-22.94921875,23.92578125
188.55078125,67.3828125,5.37109375,-38.57421875,25.87890625
188.5546875,28.80859375,-10.7421875,-34.66796875,9.27734375
188.55859375,26.3671875,-26.3671875,-23.92578125,-0.9765625
188.5625,51.26953125,-24.4140625,-13.671875,47.8515625
188.56640625,20.01953125,-33.69140625,-20.01953125,79.1015625
188.5703125,10.25390625,-36.1328125,-35.64453125,83.984375
188.57421875,42.96875,-23.92578125,-37.59765625,27.34375
188.578125,32.2265625,-15.625,-36.62109375,3.41796875
188.58203125,7.8125,-16.6015625,-23.92578125,13.18359375
188.5859375,13.671875,-13.671875,-15.625,20.5078125
188.58984375,5.37109375,-8.7890625,-21.97265625,21.484375
188.59375,-12.20703125,-19.53125,-19.04296875,-11.23046875
188.59765625,-11.71875,-22.94921875,-17.08984375,-33.203125
188.6015625,-11.23046875,-24.90234375,-23.4375,-5.37109375
188.60546875,-0.48828125,-31.25,-38.57421875,11.23046875
188.609375,28.3203125,-39.0625,-32.71484375,18.06640625
188.61328125,19.53125,-33.203125,-12.20703125,49.8046875
188.6171875,13.671875,-18.06640625,-35.64453125,28.3203125
188.62109375,32.2265625,-20.5078125,-54.6875,-6.8359375
188.625,22.94921875,-25.390625,-20.5078125,34.1796875
188.62890625,-8.7890625,-20.99609375,0.9765625,10.25390625
188.6328125,-15.13671875,-15.625,-12.6953125,-41.015625
188.63671875,-8.7890625,-14.16015625,-25.390625,-12.6953125
188.640625,-4.39453125,-12.20703125,-32.71484375,6.8359375
188.64453125,-3.90625,-18.06640625,-29.78515625,-9.27734375
188.6484375,37.109375,-50.78125,-26.85546875,8.7890625
188.65234375,35.64453125,-53.7109375,-37.59765625,-6.34765625
188.65625,15.625,-26.85546875,-41.015625,8.30078125
188.66015625,1.46484375,-18.06640625,-30.2734375,8.7890625
188.6640625,-4.8828125,-16.6015625,-15.625,-20.5078125
188.66796875,17.578125,-17.578125,-21.484375,-20.01953125
188.671875,-17.08984375,-16.11328125,-24.4140625,-2.9296875
188.67578125,-11.23046875,-10.7421875,-17.08984375,-14.16015625
188.6796875,6.8359375,-16.11328125,-20.01953125,-18.5546875
188.68359375,1.46484375,-30.2734375,-20.01953125,1.46484375
188.6875,2.9296875,-31.25,-24.90234375,-4.8828125
188.69140625,-6.34765625,-28.3203125,-42.48046875,2.44140625
188.6953125,7.8125,-26.3671875,-53.7109375,-7.8125
188.69921875,-9.765625,-33.203125,-41.50390625,-17.08984375
188.703125,-11.23046875,-33.69140625,-28.80859375,25.390625
188.70703125,15.13671875,-14.6484375,-27.83203125,-1.953125
188.7109375,-3.41796875,-24.90234375,-21.484375,-28.3203125
188.71484375,11.71875,-35.15625,-22.4609375,-20.99609375
188.71875,8.7890625,-29.296875,-33.203125,-33.203125
188.72265625,-1.46484375,-29.296875,-24.90234375,-13.671875
188.7265625,-16.6015625,-35.64453125,-12.6953125,8.7890625
188.73046875,-12.6953125,-35.15625,-17.578125,5.37109375
188.734375,16.6015625,-15.625,-31.25,10.25390625
188.73828125,14.6484375,-13.671875,-31.73828125,0.9765625
188.7421875,11.23046875,-22.94921875,-22.4609375,-20.01953125
188.74609375,5.37109375,-26.85546875,-12.20703125,3.90625
188.75,14.16015625,-31.25,-12.6953125,1.953125
188.75390625,20.99609375,-37.109375,-20.5078125,-47.36328125
188.7578125,7.8125,-34.66796875,-28.3203125,-21.97265625
188.76171875,29.78515625,-20.99609375,-25.87890625,37.109375
188.765625,41.015625,-20.99609375,-16.11328125,38.57421875
188.76953125,0.0,-29.296875,-13.18359375,-30.2734375
188.7734375,-14.16015625,-27.83203125,-9.27734375,-20.5078125
188.77734375,9.27734375,-27.34375,-15.625,-10.7421875
188.78125,-0.9765625,-33.69140625,-13.671875,-12.6953125
188.78515625,-24.4140625,-40.52734375,-0.9765625,13.18359375
188.7890625,-14.16015625,-40.52734375,-5.37109375,-33.69140625
188.79296875,-2.9296875,-42.96875,-10.25390625,-46.38671875
188.796875,4.39453125,-48.33984375,8.30078125,-2.44140625
188.80078125,4.39453125,-37.109375,14.16015625,-17.08984375
188.8046875,15.625,-21.97265625,-13.671875,-23.92578125
188.80859375,16.6015625,-19.04296875,-33.203125,-11.23046875
188.8125,0.9765625,-20.99609375,-17.08984375,-7.32421875
188.81640625,-13.671875,-25.390625,6.8359375,-15.13671875
188.8203125,-16.6015625,-25.87890625,14.16015625,-5.859375
188.82421875,1.953125,-22.4609375,4.39453125,-16.6015625
188.828125,17.08984375,-20.01953125,-22.94921875,-7.32421875
188.83203125,24.4140625,-29.78515625,-26.85546875,1.953125
188.8359375,5.859375,-31.25,4.39453125,-28.80859375
188.83984375,-16.11328125,-25.390625,18.5546875,-35.15625
188.84375,-16.11328125,-21.484375,5.37109375,19.04296875
188.84765625,13.671875,-19.04296875,-14.6484375,11.71875
188.8515625,20.99609375,-10.7421875,-15.625,-14.16015625
188.85546875,0.9765625,-13.671875,-3.41796875,-42.48046875
188.859375,-8.7890625,-23.4375,13.18359375,-37.109375
188.86328125,-7.8125,-25.390625,10.25390625,-19.04296875
188.8671875,5.859375,-23.4375,-22.94921875,-21.97265625
188.87109375,24.4140625,-14.6484375,-17.08984375,12.20703125
188.875,21.97265625,-8.7890625,5.859375,0.48828125
188.87890625,6.8359375,-12.20703125,1.953125,-20.99609375
188.8828125,2.9296875,-20.99609375,5.37109375,-22.94921875
188.88671875,-13.18359375,-25.390625,6.8359375,-23.92578125
188.890625,0.0,-18.06640625,-1.46484375,-4.39453125
188.89453125,22.4609375,-22.94921875,-10.25390625,-17.578125
188.8984375,19.04296875,-25.390625,-10.7421875,-19.04296875
188.90234375,-2.9296875,-19.53125,-5.37109375,-0.9765625
188.90625,-10.25390625,-17.08984375,-11.23046875,-42.96875
188.91015625,13.671875,-7.8125,-25.87890625,-41.015625
188.9140625,-6.8359375,-14.6484375,-41.9921875,-38.57421875
188.91796875,-43.9453125,-29.296875,-28.3203125,-50.29296875
188.921875,-36.62109375,-30.2734375,-2.44140625,-13.671875
188.92578125,-46.38671875,-25.390625,-2.44140625,-57.6171875
188.9296875,-82.03125,-21.484375,-11.71875,-97.65625
188.93359375,-102.05078125,-22.94921875,-8.30078125,-108.88671875
188.9375,-114.74609375,-26.85546875,-7.8125,-132.8125
188.94140625,-146.97265625,-34.66796875,-9.765625,-148.92578125
188.9453125,-160.15625,-39.55078125,-7.32421875,-133.30078125
188.94921875,-120.1171875,-25.87890625,-16.11328125,-123.046875
188.953125,-95.703125,-30.2734375,-20.99609375,-169.921875
188.95703125,-142.578125,-56.15234375,-0.48828125,-143.5546875
188.9609375,-198.2421875,-57.6171875,13.671875,-173.828125
188.96484375,-187.98828125,-40.52734375,-9.27734375,-244.140625
188.96875,-159.66796875,-38.0859375,-26.85546875,-204.58984375
188.97265625,-154.78515625,-38.0859375,-4.8828125,-159.66796875
188.9765625,-162.109375,-23.4375,2.9296875,-145.01953125
188.98046875,-151.3671875,-20.99609375,7.32421875,-132.8125
188.984375,-139.16015625,-33.69140625,16.6015625,-154.78515625
188.98828125,-119.140625,-30.2734375,4.39453125,-114.2578125
188.9921875,-78.61328125,-22.4609375,-1.46484375,-92.28515625
188.99609375,-74.70703125,-26.85546875,8.7890625,-97.16796875
189.0,-68.84765625,-26.3671875,16.6015625,-89.84375
189.00390625,-48.828125,-22.4609375,11.23046875,-65.91796875
189.0078125,-35.64453125,-15.625,-8.30078125,-39.55078125
189.01171875,-29.296875,-12.20703125,-11.23046875,-54.6875
189.015625,-12.20703125,-17.578125,-7.8125,-18.5546875
189.01953125,0.9765625,-21.97265625,-5.859375,67.87109375
189.0234375,-4.8828125,-7.32421875,-14.16015625,22.94921875
189.02734375,15.13671875,-15.13671875,-23.4375,-21.484375
189.03125,-11.71875,-32.2265625,-11.71875,-36.62109375
189.03515625,5.859375,-19.53125,-2.44140625,-7.32421875
189.0390625,32.71484375,-20.99609375,-4.39453125,31.73828125
189.04296875,43.9453125,-30.76171875,-4.39453125,27.83203125
189.046875,58.10546875,-26.3671875,-2.9296875,28.3203125
189.05078125,59.5703125,-19.04296875,-3.41796875,21.97265625
189.0546875,60.05859375,-18.5546875,-2.44140625,30.2734375
189.05859375,41.9921875,-16.11328125,-2.9296875,33.203125
189.0625,41.50390625,-15.13671875,-5.859375,29.296875
189.06640625,54.19921875,-23.4375,-12.20703125,71.77734375
189.0703125,52.734375,-22.4609375,-35.15625,66.40625
189.07421875,56.15234375,-25.390625,-49.8046875,38.57421875
189.078125,34.1796875,-39.55078125,-31.25,43.9453125
189.08203125,29.78515625,-30.76171875,-9.765625,21.484375
189.0859375,63.4765625,-12.20703125,-7.8125,11.23046875
189.08984375,60.546875,-10.7421875,-12.20703125,27.34375
189.09375,46.875,-15.13671875,-14.6484375,48.33984375
189.09765625,42.96875,-13.671875,-15.13671875,54.19921875
189.1015625,65.4296875,-17.578125,-17.578125,57.6171875
189.10546875,68.84765625,-23.4375,-28.80859375,40.52734375
189.109375,38.57421875,-17.578125,-26.3671875,25.390625
189.11328125,32.2265625,-12.6953125,-17.08984375,36.1328125
189.1171875,44.43359375,-19.53125,-21.97265625,44.43359375
189.12109375,39.0625,-18.06640625,-30.2734375,42.96875
189.125,36.62109375,-22.94921875,-27.83203125,46.38671875
189.12890625,50.29296875,-28.80859375,-21.484375,41.9921875
189.1328125,61.03515625,-20.99609375,-38.0859375,49.31640625
189.13671875,45.41015625,-17.08984375,-51.26953125,68.84765625
189.140625,40.0390625,-18.06640625,-16.6015625,41.9921875
189.14453125,50.29296875,-22.4609375,3.90625,31.73828125
189.1484375,13.18359375,-33.203125,-9.27734375,23.92578125
189.15234375,14.6484375,-33.69140625,-11.71875,4.39453125
189.15625,40.52734375,-20.5078125,-20.5078125,1.953125
189.16015625,28.80859375,-8.7890625,-30.2734375,11.23046875
189.1640625,40.52734375,3.41796875,-25.87890625,22.94921875
189.16796875,57.6171875,-1.46484375,-28.80859375,31.73828125
189.171875,47.36328125,-23.92578125,-24.4140625,50.78125
189.17578125,30.76171875,-29.78515625,-11.71875,38.0859375
189.1796875,16.6015625,-21.484375,-28.3203125,24.4140625
189.18359375,-2.9296875,-13.671875,-44.921875,-1.953125
189.1875,5.37109375,-24.4140625,-30.2734375,-16.6015625
189.19140625,33.69140625,-25.87890625,-6.34765625,17.08984375
189.1953125,43.9453125,-12.20703125,-7.8125,50.29296875
189.19921875,37.59765625,-17.08984375,-24.4140625,64.94140625
189.203125,15.625,-29.296875,-18.06640625,45.41015625
189.20703125,-12.6953125,-27.83203125,-8.30078125,6.34765625
189.2109375,-20.5078125,-30.76171875,-7.8125,-10.25390625
189.21484375,-2.44140625,-31.25,-5.37109375,24.4140625
189.21875,18.06640625,-18.06640625,-7.8125,50.78125
189.22265625,4.39453125,-19.04296875,-8.30078125,-8.7890625
189.2265625,3.90625,-19.04296875,-11.23046875,-11.23046875
189.23046875,13.671875,-21.484375,-14.6484375,-2.44140625
189.234375,-4.8828125,-25.390625,-13.671875,-1.953125
189.23828125,0.0,-21.484375,-1.953125,22.4609375
189.2421875,2.9296875,-21.484375,2.9296875,56.15234375
189.24609375,16.6015625,-26.3671875,-9.27734375,62.5
189.25,41.50390625,-35.15625,-18.06640625,29.78515625
189.25390625,18.5546875,-30.76171875,-20.01953125,21.484375
189.2578125,-14.6484375,-20.99609375,-6.34765625,-15.13671875
189.26171875,-15.625,-24.90234375,2.44140625,-9.27734375
189.265625,-4.8828125,-22.94921875,-6.8359375,21.484375
189.26953125,5.37109375,-13.18359375,-16.6015625,19.04296875
189.2734375,7.32421875,-12.20703125,-18.06640625,20.5078125
189.27734375,-0.9765625,-19.04296875,-4.39453125,18.5546875
189.28125,-25.87890625,-26.3671875,3.41796875,-4.39453125
189.28515625,-25.87890625,-28.80859375,6.8359375,-40.52734375
189.2890625,11.23046875,-17.08984375,-7.8125,-19.04296875
189.29296875,20.5078125,-19.53125,-14.16015625,7.32421875
189.296875,-6.34765625,-25.390625,-3.90625,-7.8125
189.30078125,-3.41796875,-20.99609375,3.41796875,9.765625
189.3046875,7.8125,-20.99609375,-2.9296875,1.953125
189.30859375,12.6953125,-20.5078125,-25.87890625,-8.30078125
189.3125,35.15625,-10.7421875,-41.50390625,20.01953125
189.31640625,4.8828125,-14.16015625,-21.484375,6.34765625
189.3203125,-9.765625,-24.90234375,0.0,-4.39453125
189.32421875,-7.32421875,-20.01953125,-9.765625,-8.30078125
189.328125,-1.46484375,-11.23046875,-14.16015625,-12.6953125
189.33203125,5.37109375,-25.390625,-25.390625,-26.3671875
189.3359375,16.11328125,-26.85546875,-18.5546875,-13.18359375
189.33984375,28.3203125,-9.27734375,6.8359375,42.48046875
189.34375,3.90625,-10.25390625,-5.37109375,-8.7890625
189.34765625,-18.5546875,-18.06640625,-16.11328125,-53.7109375
189.3515625,-24.4140625,-17.08984375,-14.6484375,-15.625
189.35546875,-17.578125,-19.53125,-9.765625,13.18359375
189.359375,-11.71875,-18.06640625,-13.18359375,-3.90625
189.36328125,-8.7890625,-19.04296875,-20.5078125,-19.04296875
189.3671875,14.16015625,-23.4375,-23.92578125,18.06640625
189.37109375,13.18359375,-22.4609375,-29.296875,1.46484375
189.375,0.48828125,-24.4140625,-32.71484375,-35.64453125
189.37890625,8.7890625,-17.578125,-29.296875,-2.9296875
189.3828125,4.39453125,-12.20703125,-32.71484375,24.4140625
189.38671875,-2.44140625,-16.11328125,-15.625,-17.578125
189.390625,-11.23046875,-19.53125,4.39453125,-35.64453125
189.39453125,6.34765625,-15.13671875,1.953125,-0.9765625
189.3984375,21.484375,-10.25390625,-15.13671875,10.25390625
189.40234375,2.44140625,-17.578125,-19.04296875,12.6953125
189.40625,1.953125,-22.4609375,-14.16015625,8.7890625
189.41015625,1.953125,-25.390625,-12.20703125,-7.32421875
189.4140625,-19.04296875,-24.90234375,-10.7421875,-24.4140625
189.41796875,-24.4140625,-22.4609375,-22.94921875,-32.71484375
189.421875,-13.671875,-22.4609375,-25.390625,-10.25390625
189.42578125,5.859375,-28.80859375,-18.06640625,9.27734375
189.4296875,8.30078125,-32.2265625,-8.30078125,15.13671875
189.43359375,-14.6484375,-8.30078125,-18.06640625,15.625
189.4375,-9.27734375,3.90625,-39.55078125,30.76171875
189.44140625,-6.8359375,-3.90625,-29.78515625,-7.32421875
189.4453125,-25.87890625,-5.37109375,-13.671875,-57.12890625
189.44921875,-25.390625,-9.27734375,-1.953125,-48.33984375
189.453125,-28.80859375,-13.671875,-3.90625,-32.71484375
189.45703125,-36.1328125,-20.5078125,-9.27734375,-11.71875
189.4609375,-3.90625,-19.04296875,-14.6484375,10.7421875
189.46484375,-20.5078125,-18.06640625,-32.2265625,-7.8125
189.46875,-35.64453125,-32.71484375,-24.4140625,-5.37109375
189.47265625,-30.2734375,-37.109375,-0.9765625,46.875
189.4765625,-26.3671875,-29.296875,1.953125,-0.48828125
189.48046875,0.48828125,-12.20703125,-15.625,-36.1328125
189.484375,-27.34375,-16.11328125,-24.4140625,-25.390625
189.48828125,-40.0390625,-26.85546875,-17.578125,-42.48046875
189.4921875,-17.578125,-21.97265625,-11.23046875,-38.57421875
189.49609375,-8.30078125,-18.5546875,-14.6484375,-15.13671875
189.5,-4.39453125,-15.625,-12.20703125,-0.48828125
189.50390625,-15.13671875,-12.6953125,-15.625,-35.15625
189.5078125,-24.4140625,-19.04296875,-21.97265625,-32.71484375
189.51171875,-38.0859375,-21.484375,-17.08984375,-11.23046875
189.515625,-28.3203125,-15.625,-11.23046875,-20.01953125
189.51953125,3.41796875,-14.6484375,-3.90625,12.20703125
189.5234375,18.5546875,-12.20703125,-20.99609375,5.859375
189.52734375,15.13671875,-20.5078125,-21.484375,-2.9296875
189.53125,-9.765625,-32.2265625,-13.671875,-31.25
189.53515625,-24.4140625,-32.71484375,-7.8125,-39.55078125
189.5390625,-15.625,-20.5078125,-16.11328125,-21.97265625
189.54296875,-20.01953125,-14.16015625,-25.390625,-13.18359375
189.546875,-19.04296875,-12.20703125,-13.671875,-18.06640625
189.55078125,-12.6953125,-10.7421875,-14.16015625,-23.92578125
189.5546875,-2.9296875,-3.41796875,-22.94921875,21.484375
189.55859375,12.6953125,-7.8125,-23.92578125,6.8359375
189.5625,-15.13671875,-27.83203125,-15.625,-11.71875
189.56640625,-20.01953125,-30.2734375,-17.578125,17.08984375
189.5703125,-28.80859375,-16.6015625,-24.90234375,0.48828125
189.57421875,-13.18359375,-16.11328125,-23.92578125,5.859375
189.578125,0.48828125,-15.13671875,-32.71484375,-1.953125
189.58203125,-25.87890625,-6.8359375,-23.4375,-10.25390625
189.5859375,-13.18359375,-6.34765625,-24.90234375,-12.6953125
189.58984375,13.671875,-12.20703125,-30.76171875,-12.6953125
189.59375,6.8359375,-20.99609375,-1.46484375,4.39453125
189.59765625,-5.37109375,-17.578125,12.20703125,0.0
189.6015625,-18.06640625,-8.7890625,7.8125,-6.34765625
189.60546875,-17.578125,-20.01953125,-2.9296875,13.18359375
189.609375,-7.32421875,-34.1796875,-24.90234375,16.11328125
189.61328125,-8.30078125,-32.71484375,-32.2265625,-12.20703125
189.6171875,-8.30078125,-29.296875,-21.484375,-28.80859375
189.62109375,-19.53125,-25.87890625,-15.13671875,-25.390625
189.625,-34.66796875,-15.625,-14.16015625,-16.11328125
189.62890625,-26.3671875,-13.18359375,-10.7421875,-13.671875
189.6328125,-26.3671875,-15.13671875,-23.92578125,-21.484375
189.63671875,-25.390625,-13.18359375,-23.92578125,-17.578125
189.640625,-16.11328125,-18.06640625,-16.6015625,-19.04296875
189.64453125,-13.18359375,-23.92578125,-19.04296875,-21.484375
189.6484375,-3.90625,-24.90234375,-15.13671875,23.92578125
189.65234375,-0.9765625,-22.4609375,-14.6484375,54.6875
189.65625,-0.9765625,-15.625,-31.25,4.39453125
189.66015625,10.25390625,-10.7421875,-44.921875,-34.66796875
189.6640625,-4.8828125,-23.92578125,-25.87890625,-19.04296875
189.66796875,-25.390625,-30.2734375,-1.953125,-10.25390625
189.671875,-24.4140625,-28.80859375,3.90625,-15.13671875
189.67578125,-11.23046875,-12.6953125,-4.8828125,0.48828125
189.6796875,1.953125,-2.9296875,-12.20703125,24.90234375
189.68359375,-17.08984375,-26.3671875,-11.23046875,-0.9765625
189.6875,-26.3671875,-26.85546875,-15.625,-46.38671875
189.69140625,7.8125,-8.7890625,-16.11328125,-35.15625
189.6953125,-5.37109375,-10.7421875,-9.27734375,1.46484375
189.69921875,-16.11328125,-20.99609375,-8.30078125,18.06640625
189.703125,12.20703125,-20.01953125,-12.20703125,13.671875
189.70703125,-0.48828125,-18.06640625,-19.53125,-34.1796875
189.7109375,-38.0859375,-21.97265625,-21.484375,-46.38671875
189.71484375,-45.8984375,-23.4375,-9.765625,-16.6015625
189.71875,-38.57421875,-21.484375,-13.18359375,-4.8828125
189.72265625,-25.390625,-26.3671875,-34.1796875,-21.484375
189.7265625,-19.53125,-37.59765625,-27.83203125,-25.390625
189.73046875,-37.109375,-32.71484375,-18.06640625,-53.7109375
189.734375,-57.6171875,-24.4140625,-16.11328125,-60.05859375
189.73828125,-43.45703125,-27.34375,-9.27734375,-57.12890625
189.7421875,-27.34375,-22.4609375,-18.06640625,-28.3203125
189.74609375,-15.625,-20.01953125,-24.90234375,-3.90625
189.75,0.0,-32.2265625,-23.4375,24.90234375
189.75390625,20.99609375,-37.109375,-20.5078125,73.2421875
189.7578125,16.11328125,-17.578125,-14.6484375,14.6484375
189.76171875,-15.13671875,-2.44140625,-29.78515625,-37.109375
189.765625,-23.4375,-0.48828125,-33.203125,-21.97265625
189.76953125,-28.3203125,-6.34765625,-9.27734375,-22.4609375
189.7734375,-39.0625,-13.18359375,-10.25390625,-21.97265625
189.77734375,-21.97265625,-20.01953125,-13.18359375,-1.953125
189.78125,-21.484375,-21.484375,-2.9296875,3.41796875
189.78515625,-32.71484375,-14.16015625,6.34765625,1.46484375
189.7890625,-17.08984375,-7.8125,-6.8359375,-3.41796875
189.79296875,-4.8828125,-10.25390625,-22.4609375,5.859375
189.796875,-1.953125,-16.11328125,-12.20703125,-2.44140625
189.80078125,-5.859375,-18.06640625,6.8359375,8.7890625
189.8046875,-16.11328125,-20.99609375,5.37109375,-3.90625
189.80859375,-4.39453125,-24.90234375,-5.37109375,-37.109375
189.8125,-17.08984375,-14.16015625,-11.23046875,-16.11328125
189.81640625,-30.76171875,1.953125,-20.99609375,-9.27734375
189.8203125,-21.97265625,-7.8125,-16.11328125,-4.39453125
189.82421875,-34.66796875,-23.92578125,-5.859375,-10.25390625
189.828125,-15.625,-23.92578125,-4.8828125,-17.08984375
189.83203125,-15.13671875,-22.94921875,-9.765625,-16.11328125
189.8359375,-28.80859375,-26.3671875,-17.578125,-32.2265625
189.83984375,-10.7421875,-27.34375,-11.23046875,-9.765625
189.84375,-14.6484375,-28.3203125,-6.8359375,16.11328125
189.84765625,-18.06640625,-27.34375,-5.859375,-2.9296875
189.8515625,-11.23046875,-24.4140625,-11.23046875,-13.671875
189.85546875,-13.671875,-16.11328125,-27.83203125,-16.6015625
189.859375,-28.3203125,-14.16015625,-21.484375,-19.53125
189.86328125,-28.3203125,-20.99609375,0.0,-9.765625
189.8671875,-21.484375,-24.90234375,-8.30078125,-33.69140625
189.87109375,-19.04296875,-32.2265625,-35.15625,-28.80859375
189.875,-15.13671875,-35.64453125,-36.62109375,-24.4140625
189.87890625,-5.37109375,-13.671875,-37.59765625,-17.578125
189.8828125,-8.7890625,-2.9296875,-34.1796875,-11.71875
189.88671875,-33.203125,-23.92578125,-13.18359375,-12.6953125
189.890625,-50.78125,-36.1328125,-2.44140625,-18.06640625
189.89453125,-54.19921875,-20.01953125,-3.90625,-33.69140625
189.8984375,-31.73828125,-11.71875,-8.30078125,-22.4609375
189.90234375,-11.23046875,-16.11328125,-31.25,-13.18359375
189.90625,-19.53125,-19.04296875,-36.62109375,16.11328125
189.91015625,-17.08984375,-18.5546875,-20.01953125,39.0625
189.9140625,-16.6015625,-37.59765625,-20.99609375,-24.90234375
189.91796875,-34.66796875,-48.33984375,-8.7890625,-49.8046875
189.921875,-32.71484375,-30.2734375,0.9765625,-10.7421875
189.92578125,-24.4140625,-19.53125,-16.11328125,-20.99609375
189.9296875,-16.6015625,-9.765625,-31.73828125,-35.64453125
189.93359375,-14.16015625,-11.71875,-45.8984375,-19.04296875
189.9375,-18.06640625,-32.71484375,-32.71484375,-5.859375
189.94140625,-11.71875,-43.9453125,-17.08984375,-9.27734375
189.9453125,-10.7421875,-37.59765625,-20.99609375,-23.4375
189.94921875,-22.4609375,-23.92578125,-14.16015625,-10.7421875
189.953125,-19.53125,-12.6953125,-8.30078125,-23.4375
189.95703125,-27.83203125,-13.18359375,-10.25390625,-10.7421875
189.9609375,-23.92578125,-14.16015625,-23.92578125,-18.5546875
189.96484375,-17.578125,-17.578125,-22.4609375,-45.8984375
189.96875,-19.04296875,-20.99609375,-7.8125,-29.78515625
189.97265625,-20.5078125,-17.578125,-9.27734375,-41.9921875
189.9765625,0.0,-11.71875,-9.27734375,-28.80859375
189.98046875,-4.39453125,-17.08984375,-13.18359375,2.44140625
189.984375,-12.20703125,-24.4140625,-21.97265625,7.32421875
189.98828125,13.18359375,-17.08984375,-22.4609375,10.25390625
189.9921875,35.15625,-11.23046875,-16.11328125,43.45703125
189.99609375,28.80859375,-20.99609375,0.9765625,63.96484375
190.0,-16.11328125,-8.30078125,-14.6484375,4.39453125
190.00390625,-40.52734375,1.46484375,-18.5546875,-41.9921875
190.0078125,-19.53125,-15.625,-2.44140625,-11.23046875
190.01171875,-25.390625,-20.99609375,-1.46484375,-3.90625
190.015625,-19.53125,-25.87890625,0.0,-20.5078125
190.01953125,0.9765625,-32.2265625,-1.953125,-22.94921875
190.0234375,-16.6015625,-29.296875,-6.34765625,-5.859375
190.02734375,-15.625,-19.04296875,-20.01953125,-10.7421875
190.03125,5.37109375,-14.16015625,-27.34375,-14.6484375
190.03515625,-11.23046875,-20.01953125,-16.11328125,-6.34765625
190.0390625,-24.4140625,-25.87890625,-15.625,20.5078125
190.04296875,3.90625,-21.97265625,-28.80859375,45.41015625
190.046875,5.37109375,-31.73828125,-27.34375,17.578125
190.05078125,-15.13671875,-44.921875,-23.4375,-28.3203125
190.0546875,-8.30078125,-36.62109375,-20.01953125,-42.96875
190.05859375,-18.06640625,-21.97265625,-14.6484375,-16.11328125
190.0625,-19.53125,-25.390625,-18.5546875,8.7890625
190.06640625,7.32421875,-27.34375,-13.671875,2.9296875
190.0703125,-3.90625,-12.6953125,-16.6015625,0.0
190.07421875,-34.66796875,-16.11328125,-24.90234375,-17.08984375
190.078125,-32.71484375,-20.99609375,-12.20703125,-11.23046875
190.08203125,-23.92578125,-19.53125,-12.20703125,-18.5546875
190.0859375,-27.34375,-24.90234375,-22.4609375,-14.16015625
190.08984375,-17.578125,-26.85546875,-29.296875,-13.671875
190.09375,0.48828125,-21.97265625,-36.62109375,-6.34765625
190.09765625,8.30078125,-23.4375,-27.83203125,9.765625
190.1015625,3.41796875,-28.80859375,-19.53125,-3.41796875
190.10546875,-26.3671875,-30.2734375,-16.11328125,-21.484375
190.109375,-14.16015625,-26.85546875,-17.578125,2.9296875
190.11328125,-7.32421875,-26.85546875,-13.18359375,1.46484375
190.1171875,-18.5546875,-24.90234375,-14.16015625,-17.08984375
190.12109375,-9.27734375,-13.18359375,-30.2734375,-21.484375
190.125,0.9765625,-8.30078125,-39.0625,-14.6484375
190.12890625,-12.6953125,-23.4375,-35.64453125,2.9296875
190.1328125,-24.4140625,-35.64453125,-25.87890625,-22.94921875
190.13671875,-11.23046875,-27.34375,-21.484375,-22.4609375
190.140625,5.859375,-17.578125,-24.90234375,0.48828125
190.14453125,19.04296875,-19.53125,-32.71484375,-11.71875
190.1484375,15.625,-32.2265625,-30.2734375,-4.8828125
190.15234375,3.41796875,-17.08984375,-20.99609375,20.99609375
190.15625,-2.9296875,-6.34765625,-20.01953125,-0.48828125
190.16015625,-26.3671875,-19.53125,-19.04296875,-24.90234375
190.1640625,-18.06640625,-19.53125,-23.92578125,-17.578125
190.16796875,-10.25390625,-8.7890625,-35.15625,-10.7421875
190.171875,-30.2734375,-6.8359375,-37.59765625,-12.6953125
190.17578125,-34.66796875,-13.671875,-23.92578125,-44.43359375
190.1796875,-20.01953125,-16.11328125,-17.578125,-37.109375
190.18359375,-18.06640625,-22.4609375,-19.53125,-21.97265625
190.1875,-13.671875,-30.2734375,-19.04296875,-53.7109375
190.19140625,-15.13671875,-32.2265625,-30.2734375,-42.48046875
190.1953125,-17.08984375,-43.9453125,-44.43359375,-27.34375
190.19921875,-3.90625,-45.8984375,-34.1796875,-38.0859375
190.203125,-18.06640625,-35.64453125,-23.92578125,-30.76171875
190.20703125,-43.9453125,-36.1328125,-26.85546875,-22.4609375
190.2109375,-25.390625,-27.83203125,-27.83203125,-24.90234375
190.21484375,-17.08984375,-15.625,-33.69140625,-10.7421875
190.21875,-42.48046875,-22.94921875,-30.2734375,-18.5546875
190.22265625,-23.4375,-48.828125,-19.04296875,-28.80859375
190.2265625,6.8359375,-42.48046875,-21.97265625,-17.08984375
190.23046875,-15.625,-16.11328125,-32.71484375,-24.4140625
190.234375,-41.015625,-9.765625,-45.41015625,-36.1328125
190.23828125,-41.9921875,-12.20703125,-48.828125,-29.78515625
190.2421875,-13.671875,-17.08984375,-32.71484375,-28.80859375
190.24609375,-11.71875,-21.97265625,-18.5546875,-22.94921875
190.25,-45.41015625,-25.390625,-53.22265625,-42.48046875
190.25390625,-41.50390625,-28.80859375,-54.6875,-55.17578125
190.2578125,0.9765625,-22.4609375,0.0,-21.484375
190.26171875,-3.90625,-15.13671875,5.37109375,1.953125
190.265625,-34.1796875,-28.3203125,-8.7890625,-11.23046875
190.26953125,-23.92578125,-39.55078125,-22.4609375,2.9296875
190.2734375,-18.5546875,-44.43359375,-28.80859375,10.25390625
190.27734375,-42.96875,-29.296875,-24.90234375,-22.94921875
190.28125,-52.24609375,-13.18359375,-20.99609375,-36.1328125
190.28515625,-49.31640625,-17.08984375,-19.04296875,-16.6015625
190.2890625,-38.0859375,-23.92578125,-26.85546875,-26.85546875
190.29296875,-13.18359375,-29.78515625,-33.69140625,-48.33984375
190.296875,-33.69140625,-34.66796875,-32.2265625,-57.6171875
190.30078125,-30.76171875,-17.578125,-29.296875,-30.76171875
190.3046875,-3.41796875,-10.25390625,-37.109375,-5.859375
190.30859375,-6.8359375,-22.94921875,-36.1328125,-43.9453125
190.3125,-11.23046875,-22.94921875,-18.5546875,-46.875
190.31640625,-10.25390625,-27.34375,-11.23046875,-9.27734375
190.3203125,-9.27734375,-33.203125,-14.16015625,12.20703125
190.32421875,20.5078125,-27.34375,-9.27734375,20.5078125
190.328125,37.59765625,-17.578125,-10.25390625,13.18359375
190.33203125,0.0,-9.27734375,-20.01953125,-38.57421875
190.3359375,-15.13671875,-8.7890625,-23.4375,-62.01171875
190.33984375,-1.46484375,-14.16015625,-23.4375,-25.390625
190.34375,-5.859375,-18.5546875,-22.4609375,-18.5546875
190.34765625,-17.08984375,-20.99609375,-24.4140625,-28.3203125
190.3515625,-4.8828125,-21.484375,-21.484375,-9.27734375
190.35546875,-14.6484375,-16.6015625,-18.5546875,-21.484375
190.359375,-20.99609375,-15.625,-20.99609375,-39.55078125
190.36328125,-18.06640625,-18.06640625,-24.90234375,-28.80859375
190.3671875,-0.9765625,-19.53125,-26.3671875,-9.765625
190.37109375,1.46484375,-22.94921875,-26.3671875,-4.8828125
190.375,-9.27734375,-14.16015625,-38.0859375,2.9296875
190.37890625,4.8828125,-5.37109375,-50.29296875,24.4140625
190.3828125,-5.37109375,-19.53125,-35.64453125,26.3671875
190.38671875,-17.08984375,-29.296875,-21.97265625,-2.44140625
190.390625,10.25390625,-27.34375,-28.3203125,-45.41015625
190.39453125,-8.30078125,-20.5078125,-38.57421875,-51.26953125
190.3984375,-30.2734375,-15.13671875,-35.15625,-34.66796875
190.40234375,-18.06640625,-13.18359375,-24.90234375,-22.94921875
190.40625,-6.34765625,-23.4375,-12.6953125,-12.20703125
190.41015625,-10.25390625,-14.16015625,-14.6484375,-22.94921875
190.4140625,-21.484375,-6.34765625,-25.390625,-35.64453125
190.41796875,-13.18359375,-8.7890625,-35.15625,-23.92578125
190.421875,-6.34765625,-7.32421875,-48.33984375,9.27734375
190.42578125,-8.30078125,-15.13671875,-40.52734375,23.92578125
190.4296875,21.97265625,-14.16015625,-33.203125,15.625
190.43359375,10.7421875,-10.25390625,-34.66796875,-27.83203125
190.4375,-22.4609375,-21.484375,-15.13671875,-60.546875
190.44140625,-18.5546875,-23.92578125,-1.953125,-38.0859375
190.4453125,-18.5546875,-22.4609375,-5.859375,-24.90234375
190.44921875,-4.39453125,-22.94921875,-5.37109375,-18.5546875
190.453125,13.671875,-15.13671875,-17.08984375,3.90625
190.45703125,-3.90625,-13.671875,-46.875,13.18359375
190.4609375,7.32421875,-13.18359375,-38.57421875,20.99609375
190.46484375,32.71484375,-6.8359375,-12.6953125,3.41796875
190.46875,10.25390625,-16.6015625,-11.71875,-21.97265625
190.47265625,-5.859375,-30.2734375,-11.23046875,-22.94921875
190.4765625,-6.34765625,-27.34375,-10.7421875,-28.80859375
190.48046875,0.9765625,-23.92578125,-7.32421875,1.46484375
190.484375,6.8359375,-24.90234375,-12.6953125,-18.5546875
190.48828125,17.08984375,-16.6015625,-37.59765625,-34.1796875
190.4921875,15.13671875,-10.25390625,-48.828125,-16.6015625
190.49609375,1.46484375,-10.7421875,-33.203125,-21.97265625
190.5,-4.39453125,-18.5546875,-20.5078125,-23.4375
190.50390625,11.23046875,-20.5078125,-1.46484375,-0.9765625
190.5078125,37.109375,-28.80859375,14.16015625,14.16015625
190.51171875,13.671875,-27.83203125,-5.37109375,-12.20703125
190.515625,12.20703125,-1.953125,-22.94921875,-7.8125
190.51953125,7.32421875,-7.8125,-26.85546875,5.859375
190.5234375,-1.953125,-22.4609375,-27.83203125,-10.7421875
190.52734375,8.7890625,-17.08984375,-26.3671875,-0.9765625
190.53125,6.8359375,-20.99609375,-21.97265625,-28.80859375
190.53515625,19.04296875,-21.484375,-17.08984375,-33.203125
190.5390625,1.953125,-17.578125,-19.04296875,-18.5546875
190.54296875,-19.04296875,-22.94921875,-26.3671875,-49.31640625
190.546875,-9.27734375,-20.01953125,-21.97265625,-45.8984375
190.55078125,-6.8359375,-14.16015625,-8.7890625,-23.4375
190.5546875,-14.6484375,-17.578125,-5.859375,-27.83203125
190.55859375,4.8828125,-18.06640625,-20.99609375,-15.625
190.5625,18.5546875,-10.25390625,-36.1328125,1.953125
190.56640625,1.953125,-16.11328125,-39.0625,-30.2734375
190.5703125,-21.97265625,-26.85546875,-14.16015625,-19.53125
190.57421875,-22.94921875,-18.5546875,-6.34765625,11.23046875
190.578125,2.44140625,-13.18359375,-15.625,-24.90234375
190.58203125,0.9765625,-19.04296875,-21.97265625,-38.0859375
190.5859375,1.46484375,-15.13671875,-29.78515625,-12.6953125
190.58984375,1.953125,-7.32421875,-23.4375,12.6953125
190.59375,1.46484375,-3.90625,-13.18359375,-4.39453125
190.59765625,0.48828125,-10.7421875,-9.27734375,-29.78515625
190.6015625,-19.04296875,-22.4609375,-16.11328125,-29.296875
190.60546875,-21.97265625,-17.578125,-25.87890625,-14.6484375
190.609375,-2.9296875,-13.671875,-45.8984375,-16.6015625
190.61328125,-6.8359375,-21.484375,-33.69140625,-10.7421875
190.6171875,-9.27734375,-23.4375,-7.32421875,-15.625
190.62109375,-3.41796875,-12.20703125,-12.20703125,-15.13671875
190.625,-20.01953125,-12.6953125,-29.78515625,-13.18359375
190.62890625,-28.80859375,-18.5546875,-22.4609375,-8.7890625
190.6328125,-4.8828125,-22.4609375,-12.6953125,2.9296875
190.63671875,3.90625,-20.5078125,-19.04296875,-15.13671875
190.640625,-12.6953125,-11.23046875,-27.83203125,-22.94921875
190.64453125,-40.52734375,-11.71875,-34.1796875,2.44140625
190.6484375,-43.45703125,-23.4375,-20.99609375,-28.3203125
190.65234375,-19.04296875,-16.11328125,-26.3671875,-18.5546875
190.65625,-19.04296875,-25.390625,-35.15625,-14.6484375
190.66015625,-22.94921875,-33.69140625,-23.4375,-38.57421875
190.6640625,-25.87890625,-16.11328125,-25.390625,-15.13671875
190.66796875,-23.92578125,-18.5546875,-22.4609375,-25.87890625
190.671875,-23.4375,-31.25,-7.8125,-2.9296875
190.67578125,-26.85546875,-24.90234375,-1.46484375,8.30078125
190.6796875,-31.73828125,-15.13671875,-7.32421875,-53.22265625
190.68359375,-33.203125,-19.53125,-16.6015625,-47.8515625
190.6875,-36.1328125,-21.484375,-29.296875,-10.7421875
190.69140625,-28.80859375,-26.3671875,-29.296875,-36.1328125
190.6953125,-13.18359375,-27.34375,-19.04296875,-44.43359375
190.69921875,-25.87890625,-15.13671875,-11.71875,0.48828125
190.703125,-32.2265625,-7.32421875,-27.34375,-13.671875
190.70703125,-43.45703125,-19.53125,-36.1328125,-28.3203125
190.7109375,-54.19921875,-27.83203125,-21.484375,-22.4609375
190.71484375,-46.875,-29.296875,-18.06640625,-25.390625
190.71875,-42.96875,-27.34375,-23.4375,-35.64453125
190.72265625,-31.73828125,-16.6015625,-12.20703125,-53.22265625
190.7265625,-41.015625,-14.16015625,-7.8125,-52.24609375
190.73046875,-42.48046875,-14.6484375,-21.484375,-46.38671875
190.734375,-50.29296875,-20.01953125,-25.390625,-47.36328125
190.73828125,-81.54296875,-22.94921875,-16.6015625,-58.59375
190.7421875,-71.77734375,-16.11328125,-9.27734375,-38.57421875
190.74609375,-78.125,-23.92578125,-5.859375,-27.34375
190.75,-106.93359375,-27.34375,-8.7890625,-109.375
190.75390625,-138.671875,-25.87890625,-18.06640625,-143.06640625
190.7578125,-148.4375,-35.64453125,-9.765625,-86.42578125
190.76171875,-103.02734375,-31.25,-14.6484375,-93.26171875
190.765625,-141.11328125,-32.71484375,-33.69140625,-160.15625
190.76953125,-185.05859375,-56.15234375,-16.6015625,-170.41015625
190.7734375,-177.734375,-50.29296875,1.953125,-152.34375
190.77734375,-187.98828125,-30.2734375,-5.37109375,-146.97265625
190.78125,-156.73828125,-31.25,-16.6015625,-163.0859375
190.78515625,-145.01953125,-33.69140625,-14.6484375,-165.52734375
190.7890625,-165.52734375,-24.90234375,-20.01953125,-152.34375
190.79296875,-149.90234375,-26.85546875,-18.06640625,-127.44140625
190.796875,-150.390625,-28.3203125,1.953125,-98.14453125
190.80078125,-121.09375,-16.6015625,-3.41796875,-111.81640625
190.8046875,-87.40234375,-21.484375,-8.7890625,-102.5390625
190.80859375,-107.421875,-27.83203125,1.953125,-88.8671875
190.8125,-102.05078125,-39.55078125,0.0,-75.68359375
190.81640625,-65.4296875,-49.31640625,1.46484375,-51.7578125
190.8203125,-66.89453125,-24.90234375,-3.41796875,-23.92578125
190.82421875,-65.91796875,-17.08984375,-13.671875,-38.57421875
190.828125,-60.05859375,-25.390625,-12.6953125,-25.87890625
190.83203125,-48.33984375,-23.92578125,-17.578125,-1.953125
190.8359375,-38.57421875,-19.04296875,-16.6015625,-27.83203125
190.83984375,-1.953125,-24.90234375,-30.76171875,-19.53125
190.84375,21.484375,-28.3203125,-46.38671875,6.34765625
190.84765625,-25.390625,-23.92578125,-25.87890625,7.32421875
190.8515625,-18.06640625,-17.578125,-20.99609375,27.83203125
190.85546875,2.9296875,-12.20703125,-28.80859375,30.2734375
190.859375,-18.5546875,-31.73828125,-17.578125,0.9765625
190.86328125,-6.8359375,-45.8984375,-7.32421875,-33.203125
190.8671875,11.71875,-34.1796875,-25.87890625,-2.44140625
190.87109375,10.7421875,-29.78515625,-43.45703125,57.6171875
190.875,14.16015625,-30.2734375,-32.2265625,30.2734375
190.87890625,25.390625,-24.90234375,-31.25,-1.953125
190.8828125,-3.90625,-25.87890625,-31.25,29.78515625
190.88671875,-23.92578125,-33.69140625,-15.13671875,-15.13671875
190.890625,11.71875,-25.390625,-1.46484375,-20.5078125
190.89453125,14.16015625,-23.4375,-3.41796875,37.109375
190.8984375,9.765625,-31.73828125,-6.8359375,23.92578125
190.90234375,34.1796875,-17.578125,-12.6953125,40.52734375
190.90625,60.05859375,-7.8125,-38.57421875,69.82421875
190.91015625,60.05859375,-21.484375,-30.76171875,56.640625
190.9140625,11.23046875,-22.4609375,-8.7890625,25.87890625
190.91796875,1.953125,-16.6015625,-1.953125,6.34765625
190.921875,-3.90625,-15.13671875,-7.32421875,16.11328125
190.92578125,-7.8125,-13.671875,-11.23046875,22.94921875
190.9296875,10.25390625,-11.23046875,-20.99609375,33.203125
190.93359375,-7.32421875,-12.20703125,-40.52734375,25.87890625
190.9375,19.04296875,-26.85546875,-23.4375,28.3203125
190.94140625,39.0625,-37.59765625,-11.23046875,18.06640625
190.9453125,23.4375,-23.92578125,-25.87890625,13.671875
190.94921875,22.94921875,-14.16015625,-25.390625,18.06640625
190.953125,16.11328125,-18.06640625,-12.20703125,12.6953125
190.95703125,28.3203125,-6.8359375,-6.8359375,16.11328125
190.9609375,33.203125,-3.41796875,-23.4375,46.38671875
190.96484375,3.41796875,-16.11328125,-26.85546875,23.4375
190.96875,-18.5546875,-19.04296875,-25.87890625,16.11328125
190.97265625,3.41796875,-15.625,-27.34375,49.8046875
190.9765625,20.99609375,-20.99609375,-20.01953125,22.94921875
190.98046875,0.48828125,-20.99609375,-29.296875,-7.8125
190.984375,-4.8828125,-21.484375,-30.2734375,4.8828125
190.98828125,4.8828125,-17.578125,-17.578125,7.8125
190.9921875,6.8359375,-15.625,-19.53125,-4.39453125
190.99609375,6.8359375,-21.97265625,-20.99609375,20.5078125
191.0,18.06640625,-13.18359375,-39.0625,20.5078125
191.00390625,8.7890625,-6.8359375,-38.57421875,15.625
191.0078125,-0.48828125,-7.8125,-20.01953125,23.92578125
191.01171875,-6.8359375,-15.625,-20.01953125,0.0
191.015625,-2.44140625,-18.06640625,-19.04296875,-4.8828125
191.01953125,12.20703125,-2.9296875,-17.08984375,10.25390625
191.0234375,-7.8125,-8.30078125,-24.4140625,-30.2734375
191.02734375,-37.59765625,-24.90234375,-21.97265625,-16.11328125
191.03125,-17.578125,-21.97265625,-18.06640625,20.01953125
191.03515625,-1.953125,-14.16015625,-11.23046875,51.26953125
191.0390625,4.39453125,-7.8125,-20.01953125,53.7109375
191.04296875,37.109375,-21.484375,-40.52734375,20.01953125
191.046875,23.4375,-41.015625,-25.390625,-0.9765625
191.05078125,-28.3203125,-33.69140625,-10.25390625,-20.5078125
191.0546875,-48.828125,-22.4609375,-15.13671875,-14.16015625
191.05859375,-21.97265625,-10.25390625,-26.85546875,-22.4609375
191.0625,-29.296875,-13.18359375,-38.57421875,-23.92578125
191.06640625,-33.203125,-23.92578125,-20.01953125,-7.8125
191.0703125,-7.32421875,-19.53125,-14.6484375,-12.20703125
191.07421875,-11.71875,-15.625,-37.59765625,-14.16015625
191.078125,-20.5078125,-17.578125,-33.69140625,-1.953125
191.08203125,-17.578125,-18.5546875,-9.27734375,24.4140625
191.0859375,-11.71875,-27.34375,-12.20703125,17.08984375
191.08984375,10.7421875,-34.1796875,-13.671875,-6.8359375
191.09375,0.9765625,-27.34375,-7.32421875,-6.34765625
191.09765625,-1.953125,-20.99609375,-18.5546875,-7.8125
191.1015625,-5.859375,-16.11328125,-25.390625,-8.7890625
191.10546875,-22.94921875,-17.08984375,-24.4140625,-19.04296875
191.109375,-15.625,-7.8125,-42.48046875,0.9765625
191.11328125,11.23046875,1.46484375,-56.640625,8.30078125
191.1171875,2.44140625,-19.04296875,-32.2265625,-2.9296875
191.12109375,-26.3671875,-33.203125,-16.11328125,-18.06640625
191.125,-17.08984375,-24.90234375,-27.83203125,-8.7890625
191.12890625,-21.97265625,-7.32421875,-23.4375,-26.3671875
191.1328125,-41.50390625,-11.71875,-7.8125,-62.5
191.13671875,-24.90234375,-15.13671875,-10.25390625,-29.78515625
191.140625,-12.20703125,-6.34765625,-16.11328125,-2.44140625
191.14453125,-11.71875,-20.99609375,-11.71875,12.20703125
191.1484375,4.39453125,-32.71484375,-13.18359375,-1.46484375
191.15234375,6.34765625,-13.671875,-34.1796875,-29.296875
191.15625,-1.953125,-8.30078125,-39.0625,-2.44140625
191.16015625,-7.8125,-15.13671875,-21.97265625,15.13671875
191.1640625,-1.953125,-7.32421875,-12.20703125,-7.32421875
191.16796875,5.37109375,-5.859375,-9.27734375,11.23046875
191.171875,7.32421875,-14.16015625,-4.8828125,34.66796875
191.17578125,-4.39453125,-19.04296875,-5.859375,12.20703125
191.1796875,-16.11328125,-15.13671875,-13.18359375,3.41796875
191.18359375,1.46484375,2.44140625,-20.5078125,-19.04296875
191.1875,16.11328125,16.6015625,-22.94921875,-21.97265625
191.19140625,11.23046875,9.27734375,-21.484375,-7.8125
191.1953125,-34.66796875,-6.34765625,-11.71875,12.20703125
191.19921875,-31.73828125,-15.625,-9.27734375,-17.578125
191.203125,-8.7890625,-20.5078125,-19.53125,-43.45703125
191.20703125,-9.27734375,-15.625,-31.25,-18.5546875
191.2109375,0.48828125,-5.37109375,-50.29296875,-12.6953125
191.21484375,-15.13671875,-5.37109375,-40.52734375,-22.4609375
191.21875,-38.57421875,-8.30078125,-0.48828125,-30.2734375
191.22265625,-31.73828125,-4.39453125,5.859375,-32.2265625
191.2265625,-29.296875,-5.37109375,-17.578125,-2.44140625
191.23046875,-25.87890625,-13.671875,-14.16015625,-7.8125
191.234375,-1.46484375,-21.97265625,-0.48828125,-26.3671875
191.23828125,-0.9765625,-10.7421875,-2.9296875,-20.01953125
191.2421875,-7.8125,-0.9765625,0.9765625,-21.484375
191.24609375,-5.37109375,-8.7890625,-8.7890625,5.859375
191.25,-9.27734375,-3.41796875,-37.109375,32.2265625
191.25390625,-31.25,0.9765625,-19.04296875,10.7421875
191.2578125,-33.69140625,-16.11328125,6.8359375,-19.53125
191.26171875,-35.64453125,-21.97265625,-2.9296875,-51.26953125
191.265625,-22.94921875,-10.7421875,-17.578125,-27.34375
191.26953125,-19.53125,-15.13671875,-18.5546875,-3.41796875
191.2734375,-34.66796875,-19.53125,-6.34765625,-29.296875
191.27734375,-28.3203125,-8.7890625,-2.44140625,-18.5546875
191.28125,-33.203125,-11.23046875,-3.41796875,-13.18359375
191.28515625,-31.25,-13.671875,-17.08984375,-32.71484375
191.2890625,-17.08984375,-0.48828125,-21.97265625,-6.8359375
191.29296875,20.5078125,3.90625,-14.6484375,35.15625
191.296875,22.4609375,-2.44140625,-15.625,21.484375
191.30078125,-34.66796875,-9.765625,-15.625,-43.9453125
191.3046875,-44.921875,-16.11328125,-2.44140625,-31.73828125
191.30859375,-18.5546875,-17.08984375,4.8828125,-13.18359375
191.3125,-29.78515625,-17.08984375,-2.9296875,-28.80859375
191.31640625,-25.390625,-20.5078125,1.46484375,-8.30078125
191.3203125,-14.16015625,-25.87890625,12.6953125,11.23046875
191.32421875,-23.92578125,-21.97265625,9.765625,-5.37109375
191.328125,-10.7421875,-18.5546875,13.671875,28.80859375
191.33203125,6.34765625,-25.87890625,18.5546875,56.640625
191.3359375,-7.8125,-24.4140625,2.9296875,3.90625
191.33984375,-1.46484375,-8.7890625,-24.90234375,2.9296875
191.34375,17.578125,-17.578125,-27.83203125,39.55078125
191.34765625,8.30078125,-26.85546875,-3.90625,12.6953125
191.3515625,-20.99609375,-20.01953125,-0.48828125,-4.39453125
191.35546875,-1.953125,-27.34375,-0.48828125,20.5078125
191.359375,14.16015625,-41.9921875,4.39453125,15.625
191.36328125,-11.71875,-31.25,22.94921875,10.25390625
191.3671875,-22.94921875,-11.23046875,16.11328125,4.39453125
191.37109375,-17.578125,0.9765625,2.9296875,-16.11328125
191.375,-19.04296875,1.953125,16.6015625,-3.41796875
191.37890625,-14.16015625,0.48828125,22.94921875,43.9453125
191.3828125,4.8828125,-1.46484375,17.08984375,31.25
191.38671875,-3.90625,-13.18359375,-6.34765625,-20.99609375
191.390625,-6.8359375,-12.20703125,-12.20703125,-29.78515625
191.39453125,-10.25390625,-18.5546875,-2.9296875,-16.11328125
191.3984375,-23.4375,-24.4140625,7.8125,-29.296875
191.40234375,-15.13671875,-18.06640625,-9.765625,-20.99609375
191.40625,-10.7421875,-16.6015625,-25.390625,8.7890625
191.41015625,-11.23046875,-7.32421875,-0.48828125,-6.34765625
191.4140625,-3.90625,-1.953125,9.27734375,8.7890625
191.41796875,-22.4609375,-12.6953125,-2.9296875,8.7890625
191.421875,-33.203125,-19.04296875,1.953125,-1.953125
191.42578125,-17.578125,-19.53125,0.0,2.9296875
191.4296875,-20.01953125,-27.34375,-13.671875,6.34765625
191.43359375,-32.71484375,-24.90234375,-4.39453125,-6.34765625
191.4375,-33.203125,-18.5546875,6.8359375,-32.71484375
191.44140625,-44.921875,-20.01953125,-0.48828125,-37.109375
191.4453125,-45.8984375,-21.484375,0.48828125,-44.43359375
191.44921875,-38.0859375,-22.94921875,-1.953125,-51.26953125
191.453125,-38.57421875,-24.4140625,-5.859375,-36.1328125
191.45703125,-32.71484375,-27.34375,-5.37109375,-20.5078125
191.4609375,-36.1328125,-25.87890625,-12.20703125,-50.78125
191.46484375,-66.89453125,-22.4609375,-17.08984375,-66.89453125
191.46875,-71.2890625,-21.97265625,-14.6484375,-71.2890625
191.47265625,-90.8203125,-33.203125,-7.8125,-71.77734375
191.4765625,-93.26171875,-34.66796875,5.37109375,-95.21484375
191.48046875,-83.49609375,-30.2734375,3.41796875,-111.81640625
191.484375,-85.9375,-24.4140625,-17.08984375,-93.26171875
191.48828125,-98.6328125,-12.20703125,-26.85546875,-108.88671875
191.4921875,-146.97265625,-27.34375,-13.671875,-134.765625
191.49609375,-166.9921875,-41.9921875,0.0,-129.39453125
191.5,-161.1328125,-42.96875,0.9765625,-145.99609375
191.50390625,-172.8515625,-43.45703125,-5.859375,-154.78515625
191.5078125,-171.875,-36.62109375,-7.8125,-167.48046875
191.51171875,-150.390625,-40.52734375,-19.53125,-144.53125
191.515625,-124.0234375,-48.828125,-24.90234375,-111.81640625
191.51953125,-117.67578125,-37.59765625,8.30078125,-124.0234375
191.5234375,-136.71875,-20.99609375,23.92578125,-131.8359375
191.52734375,-162.59765625,-20.5078125,11.23046875,-147.94921875
191.53125,-141.6015625,-14.6484375,-8.7890625,-134.765625
191.53515625,-99.609375,-3.41796875,-32.2265625,-104.4921875
191.5390625,-100.5859375,-12.6953125,-33.203125,-83.49609375
191.54296875,-90.8203125,-27.34375,-18.06640625,-71.2890625
191.546875,-70.80078125,-22.4609375,-8.30078125,-83.49609375
191.55078125,-62.5,-27.83203125,-3.90625,-102.5390625
191.5546875,-52.734375,-38.0859375,-11.23046875,-61.5234375
191.55859375,-45.8984375,-19.04296875,-15.625,-13.18359375
191.5625,-29.296875,-8.7890625,-17.578125,-19.04296875
191.56640625,-15.625,-12.20703125,-32.71484375,-18.5546875
191.5703125,-20.99609375,-10.25390625,-26.3671875,-4.39453125
191.57421875,-14.6484375,-13.671875,-12.6953125,-0.48828125
191.578125,0.48828125,-20.01953125,-8.30078125,4.8828125
191.58203125,20.01953125,-24.4140625,-11.23046875,18.5546875
191.5859375,13.671875,-21.484375,-22.94921875,18.06640625
191.58984375,23.92578125,-8.30078125,-30.76171875,12.6953125
191.59375,33.203125,-5.859375,-31.25,31.73828125
191.59765625,7.32421875,-10.25390625,-23.4375,49.8046875
191.6015625,-9.27734375,-16.11328125,-10.7421875,29.296875
191.60546875,-6.8359375,-18.06640625,-4.39453125,3.41796875
191.609375,-4.39453125,-18.5546875,-13.18359375,-0.48828125
191.61328125,3.41796875,-20.01953125,-18.5546875,16.6015625
191.6171875,17.08984375,-19.53125,-21.484375,37.109375
191.62109375,26.85546875,-26.3671875,-26.3671875,46.875
191.625,42.96875,-23.92578125,-38.57421875,50.78125
191.62890625,17.578125,-28.80859375,-33.203125,27.34375
191.6328125,0.9765625,-40.0390625,-8.30078125,0.48828125
191.63671875,16.11328125,-22.4609375,-7.32421875,16.11328125
191.640625,11.23046875,-9.765625,-16.11328125,36.62109375
191.64453125,18.06640625,-18.06640625,-11.71875,32.71484375
191.6484375,42.96875,-10.7421875,-20.01953125,24.90234375
191.65234375,43.9453125,1.953125,-38.57421875,37.109375
191.65625,22.4609375,-7.8125,-34.1796875,43.9453125
191.66015625,25.390625,-11.23046875,-5.37109375,42.96875
191.6640625,28.80859375,-12.20703125,-1.46484375,41.9921875
191.66796875,15.625,-23.4375,-21.484375,14.16015625
191.671875,7.8125,-21.97265625,-22.94921875,20.01953125
191.67578125,11.23046875,-14.6484375,-14.16015625,38.57421875
191.6796875,9.765625,-8.7890625,-9.27734375,30.2734375
191.68359375,28.3203125,-5.37109375,-18.06640625,22.4609375
191.6875,43.9453125,-10.7421875,-27.83203125,45.41015625
191.69140625,25.390625,-6.8359375,-26.3671875,23.92578125
191.6953125,18.5546875,-10.7421875,-20.01953125,1.953125
191.69921875,34.1796875,-15.625,-9.765625,21.97265625
191.703125,26.3671875,-10.7421875,-8.7890625,6.8359375
191.70703125,28.80859375,-13.671875,-2.9296875,32.2265625
191.7109375,69.82421875,-20.01953125,10.7421875,63.4765625
191.71484375,55.17578125,-24.4140625,-3.90625,46.38671875
191.71875,0.0,-13.18359375,-33.69140625,24.4140625
191.72265625,-9.27734375,-2.9296875,-41.015625,-10.7421875
191.7265625,10.7421875,-1.46484375,-31.73828125,-18.06640625
191.73046875,17.08984375,6.34765625,-42.96875,-27.83203125
191.734375,-3.90625,10.25390625,-56.15234375,-10.7421875
191.73828125,-23.92578125,5.37109375,-45.8984375,-22.4609375
191.7421875,-24.4140625,-1.953125,-40.0390625,-25.390625
191.74609375,-4.8828125,-11.71875,-46.38671875,-25.390625
191.75,-2.9296875,-15.625,-47.36328125,-47.36328125
191.75390625,3.41796875,-23.92578125,-42.48046875,-32.2265625
191.7578125,7.8125,-25.390625,-35.15625,-9.27734375
191.76171875,6.8359375,-16.6015625,-24.90234375,41.015625
191.765625,30.2734375,-0.48828125,-50.29296875,-7.8125
191.76953125,20.01953125,14.16015625,-56.15234375,-44.921875
191.7734375,2.44140625,15.13671875,-32.71484375,-23.92578125
191.77734375,11.23046875,-3.41796875,-21.97265625,-15.625
191.78125,12.20703125,-4.39453125,-14.6484375,5.859375
191.78515625,-10.7421875,-1.953125,-22.94921875,-14.16015625
191.7890625,-17.08984375,-16.11328125,-34.66796875,-22.94921875
191.79296875,0.48828125,-10.7421875,-33.203125,-13.671875
191.796875,7.32421875,5.859375,-18.06640625,-4.8828125
191.80078125,4.39453125,8.30078125,-12.6953125,-1.953125
191.8046875,11.23046875,7.32421875,-15.625,-12.20703125
191.80859375,3.41796875,5.37109375,-10.7421875,28.3203125
191.8125,0.48828125,-3.41796875,-20.99609375,43.45703125
191.81640625,20.99609375,-9.27734375,-18.06640625,4.8828125
191.8203125,16.6015625,0.48828125,-12.20703125,-5.37109375
191.82421875,-0.48828125,8.30078125,-36.1328125,-27.34375
191.828125,-18.5546875,-1.46484375,-33.203125,-45.8984375
191.83203125,-20.5078125,-8.7890625,-6.8359375,-15.13671875
191.8359375,0.48828125,-16.11328125,-6.34765625,-1.46484375
191.83984375,-13.671875,-20.01953125,-13.671875,2.44140625
191.84375,0.48828125,-23.4375,-10.7421875,16.11328125
191.84765625,8.30078125,-13.18359375,-19.53125,1.46484375
191.8515625,-8.30078125,-5.37109375,-38.0859375,-16.6015625
191.85546875,-3.41796875,-11.23046875,-39.0625,0.48828125
191.859375,-15.13671875,-16.11328125,-29.296875,6.34765625
191.86328125,2.9296875,-15.625,-25.390625,-5.859375
191.8671875,-0.48828125,-9.27734375,-19.04296875,-16.6015625
191.87109375,-23.92578125,-10.25390625,-10.7421875,-25.87890625
191.875,-12.6953125,-13.18359375,-17.08984375,-7.8125
191.87890625,12.20703125,-12.6953125,-30.76171875,14.6484375
191.8828125,3.90625,-17.578125,-13.671875,8.30078125
191.88671875,-11.23046875,-20.01953125,-4.39453125,20.01953125
191.890625,-5.859375,-13.18359375,-31.73828125,14.16015625
191.89453125,-21.484375,-19.53125,-41.015625,-44.921875
191.8984375,-25.87890625,-26.3671875,-27.83203125,-54.6875
191.90234375,-33.203125,-26.85546875,-28.3203125,-46.875
191.90625,-40.0390625,-24.90234375,-32.71484375,-48.828125
191.91015625,-21.484375,-15.13671875,-33.69140625,-36.1328125
191.9140625,0.0,-14.16015625,-41.9921875,-18.5546875
191.91796875,3.41796875,-19.53125,-43.9453125,-6.8359375
191.921875,-15.13671875,-29.296875,-34.66796875,-32.2265625
191.92578125,-13.18359375,-34.1796875,-27.83203125,-44.921875
191.9296875,-2.44140625,-16.6015625,-23.92578125,-18.06640625
191.93359375,-13.671875,-16.11328125,-32.71484375,6.34765625
191.9375,-13.18359375,-20.99609375,-28.80859375,10.25390625
191.94140625,4.39453125,-8.7890625,-9.27734375,-22.4609375
191.9453125,8.30078125,-17.08984375,-6.8359375,-39.55078125
191.94921875,-14.16015625,-28.80859375,-7.8125,-7.8125
191.953125,-31.73828125,-21.484375,-18.06640625,-41.50390625
191.95703125,-11.23046875,-17.08984375,-22.4609375,-63.96484375
191.9609375,-28.80859375,-28.3203125,-24.4140625,-23.92578125
191.96484375,-62.01171875,-30.2734375,-23.4375,0.9765625
191.96875,-22.4609375,-14.16015625,-24.4140625,-23.92578125
191.97265625,4.39453125,-1.953125,-24.4140625,-2.9296875
191.9765625,-12.20703125,-15.13671875,-7.8125,-5.859375
191.98046875,-14.6484375,-22.4609375,-11.23046875,-58.10546875
191.984375,-13.671875,-17.08984375,-22.94921875,-18.5546875
191.98828125,-0.48828125,-13.671875,-18.5546875,17.08984375
191.9921875,-13.671875,-32.2265625,-23.92578125,-0.48828125
191.99609375,-27.83203125,-41.50390625,-30.76171875,4.39453125
192.0,-10.25390625,-15.625,-13.671875,-27.83203125
192.00390625,4.8828125,1.46484375,13.671875,11.23046875
192.0078125,5.859375,12.20703125,3.41796875,31.25
192.01171875,-33.69140625,10.7421875,-30.76171875,-49.8046875
192.015625,-65.91796875,-6.34765625,-38.0859375,-65.91796875
192.01953125,-60.05859375,-25.390625,-23.92578125,-54.19921875
192.0234375,-68.359375,-40.52734375,-9.765625,-69.3359375
192.02734375,-77.63671875,-62.98828125,-1.46484375,-83.0078125
192.03125,-96.6796875,-52.734375,-20.99609375,-106.93359375
192.03515625,-84.47265625,-10.25390625,-54.19921875,-121.58203125
192.0390625,-81.0546875,-5.37109375,-61.03515625,-99.12109375
192.04296875,-135.25390625,-12.6953125,-21.97265625,-71.77734375
192.046875,-136.71875,2.44140625,-6.8359375,-95.703125
192.05078125,-113.28125,3.41796875,-15.13671875,-136.71875
192.0546875,-72.265625,-6.34765625,-25.87890625,-124.0234375
192.05859375,-20.5078125,-10.7421875,-43.45703125,-71.2890625
192.0625,-31.73828125,-10.7421875,-29.296875,-50.29296875
192.06640625,-60.05859375,-2.9296875,-15.13671875,-52.24609375
192.0703125,-38.57421875,-3.41796875,-25.390625,-66.89453125
192.07421875,-28.80859375,-21.484375,-29.78515625,-62.5
192.078125,-27.34375,-20.01953125,-25.87890625,-32.71484375
192.08203125,-25.390625,-20.5078125,-29.296875,-19.04296875
192.0859375,-12.6953125,-10.25390625,-32.71484375,7.8125
192.08984375,-13.671875,-11.71875,-26.85546875,-26.3671875
192.09375,-29.78515625,-31.25,-22.4609375,-59.5703125
192.09765625,-34.66796875,-26.85546875,-28.80859375,-59.08203125
192.1015625,-19.04296875,-27.83203125,-22.4609375,-45.8984375
192.10546875,-28.3203125,-20.99609375,-17.578125,-22.4609375
192.109375,-20.99609375,-6.8359375,-33.69140625,-48.33984375
192.11328125,0.9765625,-6.8359375,-34.1796875,-33.69140625
192.1171875,-2.44140625,-13.18359375,-26.3671875,-12.20703125
192.12109375,34.1796875,-0.9765625,-26.3671875,-1.953125
192.125,11.23046875,-0.9765625,-38.0859375,-16.6015625
192.12890625,-14.6484375,-20.01953125,-33.69140625,-35.64453125
192.1328125,-13.18359375,-20.99609375,-20.01953125,-40.52734375
192.13671875,-6.8359375,-12.6953125,-12.20703125,-33.69140625
192.140625,6.8359375,-15.13671875,-12.20703125,-15.13671875
192.14453125,7.8125,-20.99609375,-13.18359375,-10.25390625
192.1484375,-0.48828125,-19.04296875,-10.7421875,-7.32421875
192.15234375,3.41796875,-5.859375,-18.5546875,-9.765625
192.15625,13.18359375,-10.7421875,-25.87890625,-1.46484375
192.16015625,16.6015625,-25.87890625,-15.625,29.78515625
192.1640625,4.8828125,-25.87890625,-16.6015625,-12.6953125
192.16796875,3.41796875,-10.25390625,-13.671875,-38.57421875
192.171875,0.9765625,-9.765625,-5.859375,-31.25
192.17578125,0.9765625,-24.90234375,-3.41796875,-26.3671875
192.1796875,10.25390625,-24.4140625,-7.8125,-35.15625
192.18359375,12.6953125,-11.71875,-38.0859375,-43.45703125
192.1875,4.39453125,-18.5546875,-39.55078125,-37.59765625
192.19140625,10.25390625,-23.4375,-14.6484375,-48.33984375
192.1953125,8.7890625,-16.6015625,-9.765625,-12.20703125
192.19921875,-3.90625,-22.4609375,-11.23046875,-16.6015625
192.203125,-10.25390625,-29.296875,-18.06640625,-62.01171875
192.20703125,5.859375,-25.390625,-24.90234375,-17.08984375
192.2109375,40.52734375,-25.390625,-26.3671875,-4.39453125
192.21484375,40.52734375,-18.5546875,-20.01953125,-39.0625
192.21875,3.90625,-13.671875,-6.34765625,-20.99609375
192.22265625,-6.8359375,-22.4609375,-17.08984375,-28.3203125
192.2265625,13.671875,-28.3203125,-40.52734375,-48.33984375
192.23046875,11.71875,-37.59765625,-24.90234375,-20.01953125
192.234375,-2.44140625,-43.9453125,-2.9296875,15.625
192.23828125,-0.9765625,-31.25,-13.18359375,-47.36328125
192.2421875,-1.46484375,-20.99609375,-28.3203125,-76.171875
192.24609375,-1.46484375,-18.06640625,-30.2734375,-18.5546875
192.25,25.87890625,-16.6015625,-49.31640625,-9.765625
192.25390625,37.59765625,-17.08984375,-53.22265625,-2.9296875
192.2578125,-9.27734375,-28.3203125,-37.59765625,-34.66796875
192.26171875,-13.671875,-31.25,-18.06640625,-49.8046875
192.265625,11.23046875,-23.92578125,-8.30078125,-0.9765625
192.26953125,40.0390625,-16.6015625,-18.5546875,43.45703125
192.2734375,44.43359375,-20.5078125,-11.71875,13.671875
192.27734375,24.4140625,-26.3671875,-3.41796875,-0.48828125
192.28125,23.92578125,-23.4375,-4.39453125,19.53125
192.28515625,29.78515625,-20.99609375,-7.32421875,18.06640625
192.2890625,41.9921875,-19.04296875,-22.94921875,-4.39453125
192.29296875,27.83203125,-19.53125,-23.92578125,-11.71875
192.296875,31.25,-21.97265625,-6.34765625,21.97265625
192.30078125,41.9921875,-24.4140625,7.32421875,54.19921875
192.3046875,52.24609375,-17.08984375,2.44140625,37.59765625
192.30859375,48.33984375,-16.11328125,-18.5546875,30.2734375
192.3125,42.96875,-28.3203125,-19.53125,61.03515625
192.31640625,57.12890625,-42.96875,-17.578125,33.69140625
192.3203125,73.2421875,-33.69140625,-36.62109375,42.96875
192.32421875,61.03515625,-23.92578125,-30.76171875,62.98828125
192.328125,16.6015625,-22.94921875,-7.8125,6.34765625
192.33203125,12.6953125,-19.53125,-11.23046875,13.671875
192.3359375,19.53125,-20.5078125,-7.32421875,49.31640625
192.33984375,5.37109375,-15.13671875,6.34765625,2.44140625
192.34375,16.6015625,-17.578125,3.41796875,18.06640625
192.34765625,27.34375,-28.80859375,-14.16015625,45.8984375
192.3515625,46.875,-27.83203125,-33.69140625,0.0
192.35546875,39.0625,-15.625,-25.390625,1.953125
192.359375,3.41796875,-16.6015625,-10.25390625,15.625
192.36328125,-3.41796875,-23.4375,-0.9765625,3.90625
192.3671875,-9.27734375,-20.99609375,-2.44140625,4.39453125
192.37109375,5.37109375,-21.484375,-11.71875,-3.41796875
192.375,8.30078125,-28.3203125,-16.6015625,-10.7421875
192.37890625,0.0,-23.92578125,-20.5078125,4.39453125
192.3828125,2.9296875,-24.90234375,-35.64453125,23.4375
192.38671875,5.859375,-35.15625,-39.0625,3.41796875
192.390625,5.859375,-36.1328125,-20.01953125,3.90625
192.39453125,29.296875,-33.203125,-5.859375,16.11328125
192.3984375,36.1328125,-30.2734375,-8.7890625,-20.99609375
192.40234375,-2.9296875,-32.71484375,-20.01953125,-31.25
192.40625,-15.13671875,-36.1328125,-40.52734375,-11.71875
192.41015625,2.44140625,-47.36328125,-41.015625,18.5546875
192.4140625,17.578125,-46.38671875,-18.5546875,16.6015625
192.41796875,14.6484375,-29.296875,-1.46484375,18.06640625
192.421875,20.01953125,-17.08984375,3.90625,19.53125
192.42578125,4.39453125,-14.6484375,-15.13671875,7.8125
192.4296875,0.48828125,-16.6015625,-27.83203125,-18.06640625
192.43359375,3.90625,-12.20703125,-18.06640625,0.48828125
192.4375,1.46484375,-10.7421875,-18.06640625,30.76171875
192.44140625,19.04296875,-13.671875,-9.765625,12.6953125
192.4453125,12.6953125,-24.90234375,-12.6953125,-36.1328125
192.44921875,-1.953125,-25.390625,-17.08984375,-33.69140625
192.453125,-12.20703125,-19.04296875,-13.18359375,-7.8125
192.45703125,-8.7890625,-21.97265625,-17.578125,2.44140625
192.4609375,-6.34765625,-21.97265625,-11.71875,1.953125
192.46484375,-12.20703125,-16.6015625,-9.765625,-1.953125
192.46875,-23.4375,-22.4609375,-12.6953125,22.94921875
192.47265625,-19.53125,-26.3671875,-15.625,41.015625
192.4765625,16.6015625,-9.27734375,-33.69140625,-17.578125
192.48046875,21.484375,-6.34765625,-30.76171875,-30.76171875
192.484375,15.625,-12.20703125,-14.6484375,-18.5546875
192.48828125,15.13671875,-11.71875,-8.7890625,-21.97265625
192.4921875,4.39453125,-14.6484375,-3.41796875,-19.53125
192.49609375,3.41796875,-23.92578125,-3.90625,-7.8125
192.5,-4.8828125,-33.203125,-3.41796875,-6.8359375
192.50390625,-6.8359375,-34.1796875,-1.953125,14.6484375
192.5078125,-10.25390625,-32.71484375,-13.671875,10.25390625
192.51171875,-29.296875,-24.90234375,-16.6015625,-17.08984375
192.515625,-25.390625,-19.04296875,-13.671875,-28.80859375
192.51953125,-32.71484375,-16.6015625,-22.94921875,-41.015625
192.5234375,-10.25390625,-12.6953125,-39.0625,-21.97265625
192.52734375,-14.6484375,-11.23046875,-35.64453125,-2.9296875
192.53125,-49.31640625,-27.83203125,-12.20703125,-44.43359375
192.53515625,-52.24609375,-41.015625,2.44140625,-71.77734375
192.5390625,-54.6875,-32.71484375,0.0,-63.96484375
192.54296875,-53.7109375,-23.4375,-18.06640625,-50.29296875
192.546875,-66.89453125,-16.6015625,-33.69140625,-59.5703125
192.55078125,-93.75,-20.01953125,-23.4375,-91.30859375
192.5546875,-98.14453125,-26.3671875,-11.71875,-86.42578125
192.55859375,-101.5625,-21.484375,-2.9296875,-62.01171875
192.5625,-103.02734375,-26.85546875,-5.859375,-66.89453125
192.56640625,-100.09765625,-36.1328125,-23.92578125,-135.7421875
192.5703125,-84.9609375,-35.64453125,-23.4375,-142.08984375
192.57421875,-97.16796875,-31.73828125,-14.6484375,-109.375
192.578125,-128.90625,-39.55078125,-20.01953125,-117.67578125
192.58203125,-144.04296875,-48.33984375,-22.4609375,-144.04296875
192.5859375,-145.99609375,-47.36328125,-25.390625,-141.11328125
192.58984375,-145.01953125,-49.31640625,-41.50390625,-128.41796875
192.59375,-134.765625,-45.8984375,-31.73828125,-132.32421875
192.59765625,-142.578125,-45.8984375,-21.97265625,-158.203125
192.6015625,-219.7265625,-58.59375,-24.4140625,-187.98828125
192.60546875,-235.3515625,-71.2890625,-30.2734375,-192.3828125
192.609375,-207.03125,-67.87109375,-36.1328125,-224.12109375
192.61328125,-224.12109375,-62.5,-33.203125,-189.94140625
192.6171875,-204.1015625,-55.17578125,-32.2265625,-145.01953125
192.62109375,-177.734375,-42.48046875,-49.8046875,-211.42578125
192.625,-176.26953125,-47.36328125,-58.10546875,-229.4921875
192.62890625,-168.9453125,-58.10546875,-38.0859375,-190.4296875
192.6328125,-180.6640625,-53.7109375,-32.71484375,-172.36328125
192.63671875,-167.96875,-50.29296875,-32.71484375,-158.69140625
192.640625,-148.92578125,-51.26953125,-46.38671875,-171.875
192.64453125,-148.4375,-51.26953125,-45.41015625,-139.6484375
192.6484375,-145.01953125,-53.22265625,-29.78515625,-94.7265625
192.65234375,-144.53125,-44.43359375,-16.6015625,-96.19140625
192.65625,-110.83984375,-30.76171875,-41.015625,-112.3046875
192.66015625,-64.453125,-27.83203125,-66.89453125,-130.37109375
192.6640625,-57.12890625,-36.1328125,-19.53125,-94.23828125
192.66796875,-78.125,-35.15625,-4.8828125,-59.5703125
192.671875,-62.5,-33.69140625,-23.4375,-50.29296875
192.67578125,-45.8984375,-26.85546875,-22.94921875,-41.015625
192.6796875,-33.203125,-21.484375,-28.3203125,-51.26953125
192.68359375,-20.01953125,-22.94921875,-28.80859375,-57.12890625
192.6875,-25.390625,-34.66796875,-18.06640625,-5.37109375
192.69140625,-27.34375,-45.8984375,-3.41796875,2.9296875
192.6953125,-21.97265625,-32.2265625,-14.16015625,-41.50390625
192.69921875,-8.30078125,-16.11328125,-37.109375,-16.11328125
192.703125,-20.5078125,-23.4375,-48.828125,-5.37109375
192.70703125,-11.23046875,-28.80859375,-45.8984375,-29.78515625
192.7109375,10.7421875,-23.92578125,-31.25,8.7890625
192.71484375,8.30078125,-21.97265625,-28.3203125,4.39453125
192.71875,-0.48828125,-24.90234375,-39.0625,-4.8828125
192.72265625,6.34765625,-27.34375,-35.64453125,6.34765625
192.7265625,-4.39453125,-35.15625,-30.76171875,12.6953125
192.73046875,-14.16015625,-38.57421875,-25.87890625,15.13671875
192.734375,5.37109375,-35.64453125,-22.94921875,6.8359375
192.73828125,7.8125,-31.25,-28.3203125,-12.6953125
192.7421875,0.48828125,-31.25,-27.83203125,0.48828125
192.74609375,-0.48828125,-23.92578125,-29.78515625,30.76171875
192.75,4.39453125,-20.01953125,-30.2734375,6.34765625
192.75390625,14.6484375,-23.4375,-25.87890625,-4.39453125
192.7578125,15.625,-21.97265625,-41.50390625,2.9296875
192.76171875,15.625,-16.11328125,-48.828125,-2.9296875
192.765625,23.4375,-13.18359375,-20.5078125,3.90625
192.76953125,30.76171875,-18.5546875,-5.859375,16.6015625
192.7734375,16.6015625,-23.92578125,-23.4375,12.6953125
192.77734375,16.11328125,-21.97265625,-27.34375,1.46484375
192.78125,32.2265625,-19.04296875,-12.6953125,29.78515625
192.78515625,29.296875,-24.90234375,-9.27734375,48.828125
192.7890625,47.8515625,-23.4375,-19.53125,51.26953125
192.79296875,32.2265625,-21.97265625,-39.0625,64.453125
192.796875,2.44140625,-16.11328125,-51.7578125,19.04296875
192.80078125,1.46484375,-5.37109375,-27.83203125,-8.30078125
192.8046875,1.46484375,-5.37109375,-4.39453125,1.46484375
192.80859375,-4.8828125,-11.71875,3.41796875,-21.484375
192.8125,10.7421875,-12.6953125,-5.859375,-24.4140625
192.81640625,24.90234375,-11.71875,-27.83203125,17.578125
192.8203125,24.4140625,-17.08984375,-31.73828125,19.53125
192.82421875,35.15625,-18.5546875,-27.83203125,-0.48828125
192.828125,34.1796875,-14.6484375,-22.4609375,-5.37109375
192.83203125,34.66796875,-11.23046875,-16.6015625,7.32421875
192.8359375,33.203125,-12.6953125,-11.23046875,17.578125
192.83984375,29.78515625,-11.71875,-6.34765625,49.31640625
192.84375,18.5546875,-18.5546875,-2.9296875,35.64453125
192.84765625,6.34765625,-20.99609375,-11.23046875,0.0
192.8515625,27.34375,-12.6953125,-24.4140625,-14.16015625
192.85546875,26.85546875,-14.16015625,-21.484375,-37.59765625
192.859375,0.0,-19.04296875,-15.625,-20.01953125
192.86328125,-28.80859375,-15.625,-21.97265625,-22.4609375
192.8671875,-39.0625,-16.11328125,-26.3671875,-54.6875
192.87109375,-14.6484375,-20.01953125,-18.5546875,-28.3203125
192.875,-27.83203125,-23.92578125,-15.625,-38.0859375
192.87890625,-40.52734375,-19.04296875,-25.390625,-55.6640625
192.8828125,-38.57421875,-19.53125,-17.08984375,-51.26953125
192.88671875,-65.91796875,-29.296875,-6.8359375,-72.265625
192.890625,-58.59375,-26.3671875,-18.5546875,-82.03125
192.89453125,-76.66015625,-23.92578125,-13.18359375,-90.33203125
192.8984375,-128.90625,-32.71484375,-0.9765625,-99.12109375
192.90234375,-136.71875,-37.59765625,-6.34765625,-115.72265625
192.90625,-133.7890625,-35.15625,-9.27734375,-122.0703125
192.91015625,-122.0703125,-34.66796875,-8.30078125,-106.93359375
192.9140625,-101.5625,-34.66796875,-14.6484375,-140.625
192.91796875,-122.55859375,-20.99609375,-16.6015625,-138.18359375
192.921875,-153.80859375,-28.80859375,-9.27734375,-159.66796875
192.92578125,-175.29296875,-38.0859375,0.0,-195.3125
192.9296875,-177.24609375,-31.25,2.44140625,-186.03515625
192.93359375,-155.76171875,-35.64453125,0.0,-160.64453125
192.9375,-134.27734375,-39.55078125,-13.18359375,-123.046875
192.94140625,-132.8125,-37.59765625,-22.4609375,-123.046875
192.9453125,-127.9296875,-29.296875,-17.578125,-129.8828125
192.94921875,-106.4453125,-20.01953125,-14.16015625,-97.65625
192.953125,-115.234375,-21.484375,-14.6484375,-115.72265625
192.95703125,-107.91015625,-30.2734375,-10.7421875,-138.18359375
192.9609375,-58.10546875,-35.64453125,0.9765625,-96.19140625
192.96484375,-39.55078125,-25.390625,-20.5078125,-67.3828125
192.96875,-38.57421875,-15.625,-31.25,-72.265625
192.97265625,-8.7890625,-23.92578125,-11.23046875,-64.94140625
192.9765625,-16.6015625,-25.87890625,-4.8828125,-52.24609375
192.98046875,-41.50390625,-19.04296875,0.0,-55.6640625
192.984375,-30.2734375,-4.8828125,-2.9296875,-67.87109375
192.98828125,-9.27734375,3.90625,-20.99609375,-39.0625
192.9921875,-5.859375,-8.30078125,-12.6953125,-35.64453125
192.99609375,-13.671875,-17.08984375,1.46484375,-51.7578125
193.0,14.16015625,-16.6015625,0.9765625,-1.953125
193.00390625,26.85546875,-16.11328125,-4.39453125,20.01953125
193.0078125,17.578125,-14.6484375,-15.13671875,-11.71875
193.01171875,18.5546875,-13.18359375,-23.4375,-4.39453125
193.015625,17.578125,-23.92578125,-26.3671875,25.390625
193.01953125,20.01953125,-20.99609375,-17.578125,15.625
193.0234375,29.78515625,-15.13671875,-14.16015625,12.20703125
193.02734375,54.19921875,-17.578125,-21.97265625,58.10546875
193.03125,104.00390625,-7.8125,-38.57421875,28.80859375
193.03515625,88.37890625,-9.27734375,-56.15234375,31.25
193.0390625,28.80859375,-9.765625,-41.015625,63.4765625
193.04296875,14.16015625,-5.859375,-12.20703125,28.3203125
193.046875,27.83203125,-11.71875,5.859375,39.55078125
193.05078125,25.390625,-16.11328125,8.30078125,75.1953125
193.0546875,41.9921875,-14.6484375,-10.25390625,64.94140625
193.05859375,82.03125,-1.46484375,-38.0859375,60.05859375
193.0625,82.03125,-10.25390625,-36.62109375,62.01171875
193.06640625,63.4765625,-29.296875,-20.99609375,36.1328125
193.0703125,44.43359375,-19.53125,-20.01953125,56.15234375
193.07421875,61.03515625,-5.37109375,-25.390625,140.625
193.078125,62.01171875,-7.8125,-32.2265625,229.98046875
193.08203125,30.76171875,-5.37109375,-43.45703125,229.4921875
193.0859375,23.92578125,-3.41796875,-23.92578125,193.359375
193.08984375,46.38671875,-6.34765625,2.9296875,220.21484375
193.09375,62.01171875,-9.765625,-0.9765625,244.140625
193.09765625,56.15234375,-11.71875,-1.46484375,266.11328125
193.1015625,53.7109375,-8.7890625,-14.6484375,338.8671875
193.10546875,42.48046875,-5.859375,-31.25,368.1640625
193.109375,45.8984375,-20.01953125,-40.52734375,340.33203125
193.11328125,58.59375,-36.1328125,-37.109375,323.2421875
193.1171875,20.01953125,-36.62109375,-25.390625,354.4921875
193.12109375,6.8359375,-20.99609375,-9.27734375,361.328125
193.125,49.31640625,2.44140625,-32.2265625,253.90625
193.12890625,55.6640625,5.859375,-45.8984375,234.86328125
193.1328125,56.640625,-3.41796875,-18.5546875,245.1171875
193.13671875,41.50390625,-20.01953125,-20.01953125,279.296875
193.140625,33.203125,-27.83203125,-41.50390625,293.9453125
193.14453125,40.52734375,-25.87890625,-49.8046875,260.25390625
193.1484375,24.4140625,-30.2734375,-36.62109375,304.6875
193.15234375,20.5078125,-28.80859375,-18.06640625,291.50390625
193.15625,60.546875,-26.3671875,-16.6015625,241.2109375
193.16015625,75.68359375,-19.53125,-28.3203125,216.30859375
193.1640625,20.5078125,-15.625,-27.83203125,220.703125
193.16796875,-9.27734375,-14.6484375,-24.90234375,248.046875
193.171875,22.4609375,-6.8359375,-34.66796875,232.91015625
193.17578125,44.921875,-11.23046875,-28.80859375,211.9140625
193.1796875,22.4609375,-34.1796875,-6.8359375,196.2890625
193.18359375,-24.90234375,-38.57421875,-14.16015625,191.40625
193.1875,-16.6015625,-35.64453125,-41.50390625,185.546875
193.19140625,35.64453125,-24.90234375,-26.3671875,156.73828125
193.1953125,36.62109375,-13.671875,-13.18359375,137.20703125
193.19921875,24.90234375,-23.92578125,-23.4375,141.11328125
193.203125,38.57421875,-15.625,-40.52734375,136.71875
193.20703125,45.8984375,-0.9765625,-40.52734375,90.8203125
193.2109375,38.0859375,-11.23046875,-30.76171875,89.35546875
193.21484375,44.43359375,-12.6953125,-41.015625,108.3984375
193.21875,43.9453125,-1.953125,-40.52734375,102.05078125
193.22265625,24.90234375,-13.671875,-44.921875,65.4296875
193.2265625,15.13671875,-19.04296875,-40.0390625,89.35546875
193.23046875,20.99609375,-25.390625,-23.4375,141.11328125
193.234375,37.59765625,-32.71484375,-32.2265625,124.51171875
193.23828125,37.109375,-20.99609375,-44.43359375,142.578125
193.2421875,37.59765625,-13.18359375,-43.45703125,136.71875
193.24609375,46.38671875,-22.94921875,-37.109375,143.06640625
193.25,36.1328125,-22.94921875,-37.59765625,144.04296875
193.25390625,44.43359375,-7.8125,-41.9921875,127.44140625
193.2578125,74.70703125,-24.90234375,-28.3203125,118.1640625
193.26171875,77.1484375,-35.15625,-25.87890625,73.2421875
193.265625,97.16796875,-10.7421875,-42.96875,0.0
193.26953125,102.5390625,-6.8359375,-56.15234375,-54.6875
193.2734375,83.0078125,-19.04296875,-43.45703125,-92.28515625
193.27734375,8.30078125,-11.71875,-36.1328125,-113.28125
193.28125,-93.26171875,-10.7421875,-45.41015625,-101.07421875
193.28515625,-124.51171875,-16.11328125,-31.25,-100.09765625
193.2890625,-93.75,-31.25,-17.578125,-95.703125
193.29296875,-75.68359375,-49.31640625,-18.5546875,-91.30859375
193.296875,-79.58984375,-28.80859375,-17.578125,-117.1875
193.30078125,-78.125,-7.32421875,-21.97265625,-143.5546875
193.3046875,-71.2890625,-11.23046875,-29.296875,-151.85546875
193.30859375,-107.91015625,-14.6484375,-37.109375,-141.11328125
193.3125,-125.48828125,-26.85546875,-40.0390625,-107.91015625
193.31640625,-113.28125,-44.921875,-33.203125,-74.21875
193.3203125,-133.7890625,-37.109375,-48.828125,-56.15234375
193.32421875,-142.08984375,-24.4140625,-57.6171875,-84.9609375
193.328125,-126.953125,-16.6015625,-37.59765625,-83.984375
193.33203125,-120.1171875,-21.97265625,-41.50390625,-100.5859375
193.3359375,-119.62890625,-45.41015625,-47.8515625,-93.26171875
193.33984375,-103.02734375,-59.08203125,-34.1796875,-46.875
193.34375,-81.0546875,-42.48046875,-30.2734375,-54.6875
193.34765625,-93.26171875,-19.53125,-27.34375,-78.125
193.3515625,-89.35546875,-22.94921875,-38.0859375,-71.77734375
193.35546875,-62.5,-28.3203125,-43.9453125,-53.7109375
193.359375,-52.734375,-24.4140625,-53.7109375,-28.80859375
193.36328125,-42.96875,-23.92578125,-64.94140625,-13.671875
193.3671875,-51.26953125,-29.78515625,-64.453125,-14.16015625
193.37109375,-42.96875,-45.41015625,-62.01171875,-4.39453125
193.375,-12.20703125,-51.7578125,-54.19921875,57.12890625
193.37890625,-36.1328125,-44.43359375,-58.59375,27.83203125
193.3828125,-49.8046875,-41.9921875,-64.94140625,-43.9453125
193.38671875,-11.23046875,-36.62109375,-55.17578125,-17.08984375
193.390625,16.6015625,-22.4609375,-57.6171875,-7.8125
193.39453125,41.50390625,-13.671875,-67.3828125,31.25
193.3984375,21.484375,-41.015625,-58.10546875,42.96875
193.40234375,-1.46484375,-49.8046875,-66.89453125,3.41796875
193.40625,13.18359375,-28.80859375,-56.15234375,44.43359375
193.41015625,-8.7890625,-30.2734375,-23.92578125,30.76171875
193.4140625,0.0,-35.15625,-21.97265625,4.8828125
193.41796875,32.71484375,-49.8046875,-24.4140625,36.1328125
193.421875,62.5,-42.96875,-34.66796875,52.734375
193.42578125,68.359375,-5.859375,-48.828125,55.17578125
193.4296875,58.10546875,1.953125,-49.8046875,0.9765625
193.43359375,46.875,-8.30078125,-32.71484375,6.8359375
193.4375,25.87890625,-18.06640625,-28.3203125,43.9453125
193.44140625,15.625,-26.3671875,-28.3203125,32.2265625
193.4453125,43.45703125,-31.73828125,-38.57421875,-14.6484375
193.44921875,41.9921875,-33.203125,-49.31640625,32.2265625
193.453125,23.92578125,-34.1796875,-45.41015625,49.8046875
193.45703125,61.5234375,-29.78515625,-42.96875,-2.9296875
193.4609375,71.77734375,-19.04296875,-58.59375,37.109375
193.46484375,40.52734375,-17.578125,-61.5234375,30.76171875
193.46875,17.08984375,-15.13671875,-29.78515625,32.71484375
193.47265625,11.23046875,-8.30078125,-25.87890625,35.15625
193.4765625,27.34375,-16.11328125,-29.78515625,23.92578125
193.48046875,39.55078125,-19.53125,-15.625,3.41796875
193.484375,41.015625,-10.7421875,-20.01953125,-0.9765625
193.48828125,41.9921875,-2.44140625,-33.203125,13.18359375
193.4921875,45.8984375,-5.37109375,-34.1796875,5.859375
193.49609375,56.15234375,-10.7421875,-18.06640625,16.11328125
193.5,72.75390625,-2.44140625,-20.5078125,12.6953125
193.50390625,58.10546875,-7.8125,-31.25,-11.23046875
193.5078125,42.96875,-16.6015625,-28.3203125,21.484375
193.51171875,29.78515625,-16.6015625,-28.3203125,18.06640625
193.515625,33.69140625,-10.7421875,-29.296875,-1.953125
193.51953125,75.68359375,-7.8125,-29.296875,25.390625
193.5234375,90.33203125,-12.6953125,-48.33984375,40.0390625
193.52734375,43.45703125,-16.6015625,-45.8984375,62.01171875
193.53125,21.484375,-19.53125,-27.34375,2.44140625
193.53515625,26.85546875,-12.20703125,-30.76171875,-29.78515625
193.5390625,24.90234375,-12.6953125,-26.3671875,-11.71875
193.54296875,52.24609375,-12.20703125,-29.78515625,6.8359375
193.546875,25.87890625,-6.34765625,-34.1796875,1.953125
193.55078125,7.8125,-10.7421875,-29.296875,-3.41796875
193.5546875,25.87890625,-20.01953125,-31.25,16.11328125
193.55859375,56.15234375,-25.87890625,-32.2265625,41.9921875
193.5625,90.33203125,-26.3671875,-26.85546875,62.5
193.56640625,110.3515625,-9.27734375,-28.80859375,75.68359375
193.5703125,103.02734375,5.859375,-42.96875,81.0546875
193.57421875,76.66015625,-15.625,-41.50390625,99.12109375
193.578125,64.453125,-32.2265625,-20.99609375,101.07421875
193.58203125,84.47265625,-22.94921875,-3.90625,87.40234375
193.5859375,92.7734375,-17.578125,-12.6953125,42.48046875
193.58984375,63.96484375,-14.16015625,-17.08984375,4.8828125
193.59375,50.29296875,-13.18359375,-8.30078125,23.4375
193.59765625,70.80078125,-14.16015625,-14.16015625,35.15625
193.6015625,76.171875,-13.671875,-22.4609375,50.78125
193.60546875,67.3828125,-14.6484375,-15.625,53.7109375
193.609375,71.77734375,-11.23046875,-13.18359375,41.9921875
193.61328125,61.03515625,-1.953125,-18.5546875,46.38671875
193.6171875,36.62109375,-9.27734375,0.48828125,52.734375
193.62109375,39.55078125,-18.06640625,8.30078125,10.25390625
193.625,36.62109375,-15.625,-1.46484375,-6.34765625
193.62890625,28.3203125,-10.25390625,-14.6484375,3.41796875
193.6328125,32.2265625,-6.34765625,-38.57421875,20.99609375
193.63671875,16.11328125,-9.765625,-35.15625,-7.32421875
193.640625,8.7890625,-13.18359375,-14.6484375,-6.8359375
193.64453125,38.57421875,-11.71875,-13.18359375,-14.16015625
193.6484375,10.25390625,-18.5546875,-20.01953125,-32.71484375
193.65234375,-42.48046875,-25.390625,-17.578125,-0.48828125
193.65625,-33.203125,-26.85546875,-13.18359375,-8.7890625
193.66015625,-48.33984375,-24.90234375,-17.08984375,-2.44140625
193.6640625,-99.12109375,-16.11328125,-28.80859375,4.39453125
193.66796875,-86.42578125,-8.30078125,-29.78515625,-12.20703125
193.671875,-126.953125,-17.08984375,-18.06640625,-31.25
193.67578125,-126.953125,-27.83203125,-8.7890625,-28.3203125
193.6796875,-104.98046875,-15.625,-17.08984375,-29.296875
193.68359375,-125.48828125,-15.625,-20.5078125,-51.7578125
193.6875,-128.90625,-19.04296875,-2.44140625,-62.98828125
193.69140625,-131.34765625,-14.16015625,0.0,-34.66796875
193.6953125,-120.1171875,-17.578125,-13.18359375,-28.80859375
193.69921875,-91.30859375,-21.484375,-19.04296875,-34.66796875
193.703125,-102.05078125,-22.4609375,-21.484375,-39.0625
193.70703125,-102.05078125,-18.5546875,-21.97265625,-11.23046875
193.7109375,-96.19140625,-15.625,-24.90234375,-6.8359375
193.71484375,-116.69921875,-19.04296875,-16.6015625,-75.68359375
193.71875,-117.1875,-21.97265625,-16.11328125,-109.375
193.72265625,-104.98046875,-21.484375,-16.6015625,-88.37890625
193.7265625,-86.9140625,-20.5078125,-9.765625,-71.77734375
193.73046875,-81.54296875,-22.4609375,-5.859375,-41.9921875
193.734375,-90.8203125,-19.53125,-21.97265625,-46.875
193.73828125,-91.796875,-15.13671875,-47.8515625,-88.8671875
193.7421875,-70.3125,-22.94921875,-52.24609375,-68.84765625
193.74609375,-77.1484375,-25.87890625,-31.73828125,-21.97265625
193.75,-74.21875,-10.25390625,-24.90234375,-54.6875
193.75390625,-61.5234375,-14.16015625,-36.62109375,-82.51953125
193.7578125,-74.70703125,-29.78515625,-24.90234375,-109.86328125
193.76171875,-81.0546875,-18.06640625,-19.53125,-122.0703125
193.765625,-87.40234375,-13.18359375,-31.73828125,-95.703125
193.76953125,-91.30859375,-20.01953125,-24.90234375,-92.7734375
193.7734375,-109.375,-16.6015625,-28.80859375,-65.91796875
193.77734375,-93.75,-6.8359375,-44.921875,-64.94140625
193.78125,-84.9609375,-9.765625,-41.9921875,-64.453125
193.78515625,-109.375,-21.97265625,-37.59765625,-79.58984375
193.7890625,-108.88671875,-28.3203125,-30.76171875,-88.37890625
193.79296875,-94.7265625,-28.80859375,-17.08984375,-56.15234375
193.796875,-102.05078125,-19.53125,-17.08984375,-77.1484375
193.80078125,-92.7734375,-12.20703125,-23.4375,-100.09765625
193.8046875,-62.5,-16.11328125,-27.34375,-40.52734375
193.80859375,-52.734375,-11.71875,-17.578125,-29.78515625
193.8125,-66.89453125,-13.671875,-7.8125,-41.50390625
193.81640625,-62.5,-31.73828125,-26.85546875,-74.21875
193.8203125,-47.36328125,-27.83203125,-42.96875,-59.08203125
193.82421875,-75.1953125,-17.08984375,-29.296875,-18.5546875
193.828125,-83.49609375,-24.4140625,-11.71875,-48.33984375
193.83203125,-50.78125,-23.92578125,-7.32421875,-69.82421875
193.8359375,-64.94140625,-10.25390625,-25.87890625,-59.08203125
193.83984375,-80.078125,0.9765625,-36.62109375,-54.19921875
193.84375,-83.49609375,-10.7421875,-20.5078125,-59.5703125
193.84765625,-83.49609375,-29.78515625,-29.78515625,-53.22265625
193.8515625,-62.5,-33.203125,-43.45703125,-75.1953125
193.85546875,-60.546875,-28.80859375,-31.25,-67.3828125
193.859375,-81.54296875,-23.4375,-28.3203125,-29.296875
193.86328125,-114.74609375,-28.80859375,-33.203125,-93.75
193.8671875,-125.9765625,-37.59765625,-37.109375,-154.296875
193.87109375,-120.1171875,-35.15625,-46.38671875,-142.08984375
193.875,-118.1640625,-43.9453125,-39.55078125,-136.23046875
193.87890625,-148.4375,-55.6640625,-27.83203125,-143.5546875
193.8828125,-175.29296875,-59.08203125,-32.71484375,-167.48046875
193.88671875,-173.33984375,-68.84765625,-47.36328125,-151.3671875
193.890625,-176.26953125,-74.70703125,-71.77734375,-132.8125
193.89453125,-179.19921875,-60.05859375,-84.9609375,-170.41015625
193.8984375,-187.98828125,-49.31640625,-66.40625,-175.29296875
193.90234375,-158.69140625,-42.96875,-59.08203125,-149.90234375
193.90625,-134.27734375,-44.43359375,-54.19921875,-145.01953125
193.91015625,-157.71484375,-44.43359375,-35.15625,-140.13671875
193.9140625,-132.8125,-30.76171875,-35.64453125,-118.1640625
193.91796875,-107.421875,-26.85546875,-48.828125,-102.05078125
193.921875,-117.67578125,-23.92578125,-45.8984375,-93.75
193.92578125,-121.58203125,-23.4375,-37.109375,-101.07421875
193.9296875,-115.72265625,-31.25,-46.38671875,-91.30859375
193.93359375,-103.02734375,-36.62109375,-58.59375,-71.2890625
193.9375,-95.21484375,-43.45703125,-63.96484375,-73.73046875
193.94140625,-91.796875,-44.921875,-53.22265625,-44.921875
193.9453125,-57.6171875,-34.66796875,-40.0390625,-45.8984375
193.94921875,-49.31640625,-30.76171875,-48.33984375,-79.58984375
193.953125,-64.453125,-37.109375,-47.8515625,-35.15625
193.95703125,-50.29296875,-32.71484375,-37.109375,-21.484375
193.9609375,-30.76171875,-29.78515625,-39.0625,-30.76171875
193.96484375,-24.4140625,-37.109375,-34.66796875,-31.73828125
193.96875,-29.296875,-38.0859375,-37.109375,-32.71484375
193.97265625,-44.921875,-23.4375,-62.5,-45.41015625
193.9765625,-63.4765625,-9.765625,-66.89453125,-38.0859375
193.98046875,-43.9453125,-10.25390625,-54.6875,-4.39453125
193.984375,-79.58984375,-20.01953125,-31.73828125,-15.625
193.98828125,-93.75,-22.4609375,-21.484375,9.27734375
193.9921875,-32.2265625,-22.4609375,-41.015625,41.9921875
193.99609375,-36.1328125,-31.25,-49.8046875,-30.2734375
194.0,-34.1796875,-21.97265625,-48.33984375,-14.16015625
194.00390625,-24.90234375,-3.90625,-59.08203125,31.73828125
194.0078125,-45.8984375,-3.41796875,-53.22265625,-5.37109375
194.01171875,-54.6875,-16.11328125,-36.1328125,-18.06640625
194.015625,-31.25,-23.92578125,-26.85546875,8.7890625
194.01953125,-0.9765625,-20.5078125,-23.4375,6.34765625
194.0234375,-6.34765625,-12.20703125,-20.99609375,-18.5546875
194.02734375,-23.92578125,-7.8125,-15.625,20.99609375
194.03125,-26.85546875,-14.16015625,-10.7421875,63.96484375
194.03515625,-23.4375,-23.92578125,-23.92578125,45.41015625
194.0390625,19.53125,-10.25390625,-32.2265625,22.94921875
194.04296875,24.4140625,-7.32421875,-32.2265625,10.25390625
194.046875,0.9765625,-26.85546875,-11.23046875,5.37109375
194.05078125,-12.6953125,-27.83203125,5.37109375,24.90234375
194.0546875,-8.30078125,-17.578125,0.0,28.3203125
194.05859375,38.57421875,-20.99609375,-13.671875,37.109375
194.0625,21.484375,-41.015625,-29.78515625,38.57421875
194.06640625,-13.671875,-31.73828125,-25.390625,20.5078125
194.0703125,-5.37109375,-17.08984375,-14.16015625,5.859375
194.07421875,-0.9765625,-17.578125,-16.6015625,-9.765625
194.078125,10.25390625,-20.99609375,-24.90234375,5.37109375
194.08203125,30.76171875,-22.4609375,-30.2734375,31.73828125
194.0859375,7.32421875,-23.92578125,-28.3203125,59.08203125
194.08984375,-3.41796875,-17.08984375,-38.57421875,36.1328125
194.09375,25.390625,-5.859375,-49.8046875,0.48828125
194.09765625,-5.859375,-33.203125,-54.6875,1.953125
194.1015625,-44.921875,-60.546875,-49.8046875,-26.3671875
194.10546875,-28.80859375,-60.05859375,-48.828125,-42.48046875
194.109375,-24.90234375,-53.7109375,-58.10546875,-16.6015625
194.11328125,-30.2734375,-36.1328125,-59.5703125,7.32421875
194.1171875,-31.25,-31.73828125,-60.546875,-6.8359375
194.12109375,-18.06640625,-44.43359375,-56.15234375,-8.7890625
194.125,-25.390625,-55.6640625,-54.6875,-32.2265625
194.12890625,-44.43359375,-46.875,-44.43359375,-23.4375
194.1328125,-32.2265625,-34.66796875,-42.96875,-6.34765625
194.13671875,-20.5078125,-33.203125,-43.45703125,-17.578125
194.140625,-28.80859375,-27.83203125,-41.50390625,3.90625
194.14453125,-27.34375,-16.6015625,-54.6875,16.6015625
194.1484375,-18.06640625,-18.06640625,-48.33984375,-5.859375
194.15234375,-22.4609375,-22.94921875,-27.34375,-11.23046875
194.15625,-13.671875,-19.53125,-22.4609375,14.16015625
194.16015625,18.5546875,-23.92578125,-38.0859375,18.5546875
194.1640625,0.48828125,-29.78515625,-35.64453125,-19.04296875
194.16796875,-22.94921875,-24.90234375,-16.6015625,-5.859375
194.171875,-7.32421875,-18.5546875,-9.27734375,62.5
194.17578125,5.37109375,-4.39453125,-11.71875,33.203125
194.1796875,5.859375,-0.48828125,-24.4140625,-22.4609375
194.18359375,-1.46484375,-7.8125,-14.6484375,-12.20703125
194.1875,-11.23046875,-7.32421875,6.34765625,-17.578125
194.19140625,6.34765625,-8.7890625,8.7890625,-8.30078125
194.1953125,15.625,-8.7890625,0.9765625,19.53125
194.19921875,10.25390625,-9.765625,-15.625,18.06640625
194.203125,2.44140625,-8.7890625,-25.87890625,25.87890625
194.20703125,0.9765625,1.953125,-6.34765625,23.4375
194.2109375,9.27734375,1.953125,-6.34765625,-23.92578125
194.21484375,1.46484375,-6.34765625,-18.5546875,-23.4375
194.21875,-7.8125,-6.8359375,-18.06640625,-22.4609375
194.22265625,6.34765625,-10.25390625,-16.11328125,-32.71484375
194.2265625,-5.37109375,-17.08984375,-17.578125,4.39453125
194.23046875,-7.8125,-12.20703125,-18.5546875,50.29296875
194.234375,8.7890625,0.0,-34.66796875,15.13671875
194.23828125,14.16015625,-6.34765625,-42.96875,-25.87890625
194.2421875,-2.9296875,-14.16015625,-19.53125,-4.8828125
194.24609375,-26.3671875,-16.11328125,-11.23046875,-12.6953125
194.25,-24.90234375,-10.7421875,-12.6953125,-30.2734375
194.25390625,3.90625,-7.8125,-15.13671875,-9.27734375
194.2578125,8.30078125,-17.578125,-20.99609375,10.25390625
194.26171875,23.92578125,-15.625,-20.01953125,-12.6953125
194.265625,35.64453125,0.48828125,-22.94921875,12.20703125
194.26953125,13.671875,-2.9296875,-34.1796875,28.3203125
194.2734375,-5.859375,-22.94921875,-40.0390625,-20.01953125
194.27734375,5.859375,-19.53125,-23.92578125,-15.625
194.28125,8.7890625,3.90625,-22.4609375,-20.99609375
194.28515625,-9.27734375,15.13671875,-23.4375,-26.85546875
194.2890625,-35.15625,2.9296875,-16.6015625,-35.15625
194.29296875,-41.9921875,-8.7890625,-17.578125,-53.22265625
194.296875,-36.1328125,-12.6953125,-20.01953125,-18.5546875
194.30078125,-34.1796875,-14.6484375,-29.78515625,-5.859375
194.3046875,7.32421875,-20.01953125,-35.15625,-64.94140625
194.30859375,34.1796875,-23.4375,-44.43359375,-24.4140625
194.3125,-19.04296875,-13.18359375,-46.38671875,-11.71875
194.31640625,-29.78515625,-4.8828125,-40.52734375,-47.36328125
194.3203125,-25.390625,-18.5546875,-35.15625,-71.77734375
194.32421875,-40.0390625,-27.83203125,-16.11328125,-64.94140625
194.328125,-29.296875,-29.296875,-8.7890625,-65.91796875
194.33203125,-2.9296875,-32.2265625,-10.25390625,-53.22265625
194.3359375,-13.671875,-30.2734375,-19.53125,-41.9921875
194.33984375,-29.296875,-26.85546875,-23.92578125,-75.68359375
194.34375,-22.94921875,-25.390625,-21.484375,-60.546875
194.34765625,-32.2265625,-20.5078125,-25.390625,-36.62109375
194.3515625,-21.484375,-16.11328125,-36.1328125,-41.015625
194.35546875,-21.484375,-18.06640625,-37.109375,3.41796875
194.359375,-31.73828125,-18.5546875,-22.94921875,-7.32421875
194.36328125,-4.8828125,-11.71875,-25.87890625,-63.96484375
194.3671875,10.25390625,-14.16015625,-38.57421875,-30.76171875
194.37109375,-9.765625,-27.34375,-41.015625,-18.06640625
194.375,-3.90625,-20.01953125,-33.203125,-41.015625
194.37890625,-10.7421875,-17.08984375,-32.71484375,-36.62109375
194.3828125,-31.25,-29.78515625,-22.94921875,-39.55078125
194.38671875,-34.1796875,-28.80859375,-18.06640625,-56.15234375
194.390625,-34.66796875,-24.4140625,-41.9921875,-47.8515625
194.39453125,-33.203125,-17.578125,-32.2265625,-6.8359375
194.3984375,-26.85546875,-17.08984375,-20.01953125,-34.66796875
194.40234375,-38.0859375,-17.578125,-28.80859375,-58.59375
194.40625,-39.0625,-1.953125,-17.08984375,-51.26953125
194.41015625,-38.57421875,-6.34765625,-17.08984375,-56.15234375
194.4140625,-46.875,-21.97265625,-18.5546875,-33.69140625
194.41796875,-47.8515625,-23.4375,-11.71875,-33.203125
194.421875,-41.50390625,-20.99609375,-22.94921875,-25.390625
194.42578125,-19.04296875,-22.94921875,-35.64453125,4.8828125
194.4296875,18.5546875,-20.5078125,-31.25,6.8359375
194.43359375,-9.765625,-15.625,-23.4375,-25.390625
194.4375,-44.921875,-18.5546875,-20.01953125,-79.1015625
194.44140625,-38.57421875,-25.87890625,-11.71875,-67.3828125
194.4453125,-22.4609375,-18.5546875,-12.20703125,-20.5078125
194.44921875,-1.46484375,-10.7421875,-22.4609375,-37.59765625
194.453125,-25.390625,-22.4609375,-22.4609375,-35.15625
194.45703125,-53.7109375,-23.4375,-16.6015625,8.30078125
194.4609375,-54.19921875,-18.06640625,-18.5546875,-9.765625
194.46484375,-37.109375,-14.16015625,-25.390625,-63.96484375
194.46875,-16.11328125,-8.30078125,-24.4140625,-62.5
194.47265625,-16.6015625,-13.671875,-37.109375,-22.4609375
194.4765625,-18.5546875,-14.6484375,-36.62109375,-1.953125
194.48046875,-14.16015625,-11.23046875,-18.06640625,-3.90625
194.484375,9.765625,-14.6484375,-9.27734375,20.5078125
194.48828125,20.99609375,-41.9921875,-20.5078125,4.8828125
194.4921875,-8.7890625,-42.48046875,-18.5546875,-34.1796875
194.49609375,-17.08984375,-3.41796875,-13.671875,-14.6484375
194.5,-31.25,7.32421875,-25.87890625,-29.296875
194.50390625,-38.0859375,-0.48828125,-14.16015625,-33.69140625
194.5078125,-28.80859375,-4.39453125,-4.39453125,-11.71875
194.51171875,-4.39453125,-9.765625,-8.7890625,-26.3671875
194.515625,24.4140625,-3.90625,-7.32421875,-35.15625
194.51953125,27.83203125,1.46484375,-29.296875,12.20703125
194.5234375,36.1328125,1.953125,-39.55078125,8.30078125
194.52734375,17.08984375,-10.7421875,-21.484375,-33.203125
194.53125,-6.8359375,-25.390625,-13.671875,-36.1328125
194.53515625,-7.32421875,-22.4609375,-9.27734375,-9.27734375
194.5390625,-14.6484375,-18.06640625,-6.34765625,4.8828125
194.54296875,-12.20703125,-18.06640625,-26.3671875,-4.39453125
194.546875,-13.18359375,-16.6015625,-36.1328125,-32.2265625
194.55078125,-43.9453125,-18.5546875,-18.06640625,-50.78125
194.5546875,-35.64453125,-19.53125,-0.48828125,-28.3203125
194.55859375,-19.04296875,-21.484375,1.953125,-15.13671875
194.5625,-19.53125,-19.04296875,-12.6953125,-7.32421875
194.56640625,-3.90625,-8.30078125,-17.08984375,6.8359375
194.5703125,-16.11328125,-11.71875,-6.34765625,3.41796875
194.57421875,-27.34375,-22.4609375,-4.39453125,7.8125
194.578125,-25.390625,-26.3671875,-12.6953125,-26.3671875
194.58203125,-2.9296875,-24.4140625,-28.3203125,-48.828125
194.5859375,11.71875,-16.6015625,-38.0859375,-20.99609375
194.58984375,-8.30078125,-18.06640625,-27.34375,-20.99609375
194.59375,-20.5078125,-26.3671875,-14.16015625,-31.25
194.59765625,-22.94921875,-26.3671875,-12.20703125,-13.671875
194.6015625,-19.53125,-22.4609375,-17.08984375,-17.08984375
194.60546875,-28.3203125,-25.390625,-17.578125,-37.59765625
194.609375,-30.2734375,-34.1796875,-11.23046875,-54.6875
194.61328125,-18.5546875,-23.92578125,-9.765625,-26.85546875
194.6171875,-3.90625,-12.20703125,-19.04296875,9.27734375
194.62109375,1.46484375,-21.484375,-25.390625,14.6484375
194.625,-3.41796875,-26.3671875,-16.6015625,6.34765625
194.62890625,-0.9765625,-13.671875,-8.7890625,14.6484375
194.6328125,-7.8125,-4.8828125,-10.25390625,7.32421875
194.63671875,-24.4140625,-13.18359375,-16.11328125,-50.78125
194.640625,-38.0859375,-19.53125,-22.94921875,-44.921875
194.64453125,-30.2734375,-20.01953125,-22.4609375,-3.41796875
194.6484375,5.859375,-27.34375,-18.06640625,1.46484375
194.65234375,13.18359375,-29.78515625,-17.08984375,-17.08984375
194.65625,-25.390625,-17.08984375,-18.06640625,-19.53125
194.66015625,-7.8125,-4.39453125,-15.625,-15.625
194.6640625,-12.6953125,-13.671875,-10.25390625,-16.11328125
194.66796875,-39.0625,-24.90234375,-0.9765625,-34.1796875
194.671875,-34.66796875,-24.90234375,4.8828125,-15.13671875
194.67578125,-31.25,-17.578125,2.9296875,15.625
194.6796875,-33.203125,-14.6484375,-9.765625,-20.5078125
194.68359375,-25.87890625,-19.53125,-22.94921875,-33.69140625
194.6875,-9.765625,-18.06640625,-26.3671875,-17.578125
194.69140625,-10.25390625,-17.08984375,-25.87890625,-5.859375
194.6953125,1.953125,-16.11328125,-20.5078125,-16.11328125
194.69921875,-0.9765625,-16.6015625,-14.6484375,-19.04296875
194.703125,-17.08984375,-27.83203125,-16.6015625,-16.11328125
194.70703125,-3.90625,-23.4375,-29.296875,-21.97265625
194.7109375,2.44140625,-8.7890625,-19.04296875,-4.8828125
194.71484375,-11.23046875,-11.71875,-6.8359375,-22.4609375
194.71875,-21.484375,-15.625,-1.953125,-23.4375
194.72265625,-25.390625,-11.23046875,7.32421875,-6.34765625
194.7265625,-20.5078125,-9.765625,0.48828125,-41.015625
194.73046875,-25.390625,-11.71875,-11.23046875,-24.4140625
194.734375,-10.25390625,-17.08984375,-7.8125,4.8828125
194.73828125,-5.859375,-16.6015625,-0.9765625,-14.16015625
194.7421875,-30.2734375,-18.06640625,-15.13671875,-31.25
194.74609375,-23.92578125,-17.578125,-38.57421875,-45.8984375
194.75,-9.27734375,-11.23046875,-37.109375,-47.8515625
194.75390625,-16.6015625,-12.20703125,-18.5546875,-34.66796875
194.7578125,-29.78515625,-19.53125,-11.71875,-43.9453125
194.76171875,-42.48046875,-19.04296875,-10.25390625,-42.48046875
194.765625,-2.44140625,-5.859375,-21.484375,-15.625
194.76953125,13.18359375,-12.20703125,-29.296875,-17.08984375
194.7734375,7.32421875,-18.5546875,-4.39453125,-7.32421875
194.77734375,-6.34765625,-7.8125,9.27734375,-8.30078125
194.78125,-45.41015625,-9.27734375,-7.32421875,-40.52734375
194.78515625,-45.8984375,-16.11328125,-12.20703125,-50.78125
194.7890625,-29.78515625,-17.08984375,-10.7421875,-28.3203125
194.79296875,-7.32421875,-17.08984375,-14.6484375,-14.16015625
194.796875,10.7421875,-12.6953125,-11.71875,-21.484375
194.80078125,-0.48828125,-12.20703125,-11.23046875,-16.6015625
194.8046875,-7.32421875,-20.01953125,-23.92578125,5.37109375
194.80859375,1.46484375,-16.11328125,-32.71484375,15.13671875
194.8125,2.44140625,-14.16015625,-14.16015625,-14.16015625
194.81640625,-1.953125,-22.4609375,0.0,-37.109375
194.8203125,4.8828125,-18.06640625,-11.71875,-18.5546875
194.82421875,0.0,-14.6484375,-14.16015625,-23.92578125
194.828125,-0.48828125,-13.18359375,-10.25390625,0.48828125
194.83203125,2.9296875,-5.37109375,-15.13671875,21.484375
194.8359375,-3.41796875,-3.90625,-25.390625,-3.90625
194.83984375,-11.23046875,-6.34765625,-30.76171875,4.8828125
194.84375,-14.6484375,-15.13671875,-24.4140625,19.04296875
194.84765625,-11.71875,-16.11328125,-21.97265625,5.859375
194.8515625,-11.23046875,-14.6484375,-34.1796875,-20.99609375
194.85546875,-34.1796875,-14.16015625,-34.66796875,-26.85546875
194.859375,-47.36328125,-13.18359375,-29.78515625,1.46484375
194.86328125,-34.1796875,-14.6484375,-25.390625,-5.37109375
194.8671875,-36.1328125,-10.7421875,-29.78515625,-7.32421875
194.87109375,-34.66796875,-8.30078125,-54.19921875,-12.20703125
194.875,-25.87890625,-9.27734375,-47.36328125,8.30078125
194.87890625,-30.76171875,-4.8828125,-23.4375,-11.71875
194.8828125,-46.38671875,-3.90625,-15.625,-41.9921875
194.88671875,-63.96484375,-12.6953125,-19.53125,-17.08984375
194.890625,-50.29296875,-12.20703125,-20.99609375,1.46484375
194.89453125,-43.9453125,-8.7890625,-8.7890625,-36.1328125
194.8984375,-40.52734375,-1.953125,-14.16015625,-47.8515625
194.90234375,-22.4609375,7.32421875,-31.25,-18.5546875
194.90625,-34.1796875,0.0,-25.390625,-19.53125
194.91015625,-45.8984375,-5.37109375,-7.32421875,-30.2734375
194.9140625,-40.52734375,-5.859375,0.0,-10.25390625
194.91796875,-36.62109375,-10.25390625,-3.90625,-1.46484375
194.921875,-46.38671875,-11.23046875,-8.30078125,-49.8046875
194.92578125,-46.875,-6.34765625,-9.27734375,-63.4765625
194.9296875,-40.52734375,-3.90625,-17.08984375,-24.90234375
194.93359375,-44.921875,-3.41796875,-17.08984375,-17.08984375
194.9375,-51.26953125,-5.859375,-15.13671875,-49.31640625
194.94140625,-58.10546875,-6.34765625,-23.4375,-50.29296875
194.9453125,-54.19921875,-2.44140625,-18.5546875,-36.1328125
194.94921875,-52.24609375,-4.39453125,-8.30078125,-42.96875
194.953125,-60.05859375,-7.32421875,-6.34765625,-65.91796875
194.95703125,-52.734375,-4.8828125,-25.87890625,-70.80078125
194.9609375,-42.48046875,-7.8125,-31.73828125,-38.57421875
194.96484375,-64.94140625,-12.20703125,-12.6953125,-32.2265625
194.96875,-78.61328125,-6.8359375,-9.27734375,-56.640625
194.97265625,-84.47265625,-3.90625,-16.11328125,-65.91796875
194.9765625,-84.47265625,-5.37109375,-11.23046875,-62.01171875
194.98046875,-65.91796875,-1.953125,0.48828125,-50.29296875
194.984375,-68.359375,-0.9765625,-6.8359375,-43.9453125
194.98828125,-90.8203125,-5.37109375,-13.671875,-61.03515625
194.9921875,-87.890625,-23.92578125,-10.7421875,-71.77734375
194.99609375,-86.42578125,-23.4375,-16.11328125,-71.2890625
195.0,-83.0078125,-11.23046875,-16.11328125,-71.2890625
195.00390625,-87.890625,-12.20703125,-22.94921875,-77.63671875
195.0078125,-94.23828125,-14.16015625,-32.71484375,-80.078125
195.01171875,-87.890625,-18.06640625,-18.5546875,-72.75390625
195.015625,-80.56640625,-12.20703125,-10.7421875,-68.359375
195.01953125,-77.1484375,-4.39453125,-19.04296875,-46.875
195.0234375,-99.12109375,-6.8359375,-18.5546875,-53.7109375
195.02734375,-88.8671875,-14.16015625,-10.25390625,-62.98828125
195.03125,-78.61328125,-21.484375,-6.8359375,-58.59375
195.03515625,-84.9609375,-14.16015625,-18.06640625,-52.734375
195.0390625,-81.54296875,-14.16015625,-28.80859375,-46.875
195.04296875,-98.6328125,-17.08984375,-19.53125,-68.84765625
195.046875,-102.5390625,-18.5546875,-13.18359375,-79.1015625
195.05078125,-125.9765625,-25.390625,-7.32421875,-120.1171875
195.0546875,-128.90625,-18.5546875,-7.8125,-114.2578125
195.05859375,-141.6015625,-17.578125,-15.13671875,-122.55859375
195.0625,-176.7578125,-32.2265625,-14.16015625,-122.55859375
195.06640625,-178.22265625,-41.015625,-8.30078125,-125.9765625
195.0703125,-170.41015625,-39.0625,-14.16015625,-176.26953125
195.07421875,-168.9453125,-35.15625,-23.4375,-190.91796875
195.078125,-147.94921875,-24.90234375,-20.5078125,-148.4375
195.08203125,-159.1796875,-21.97265625,-20.99609375,-145.5078125
195.0859375,-210.9375,-24.90234375,-15.13671875,-193.359375
195.08984375,-223.14453125,-28.3203125,-2.9296875,-190.4296875
195.09375,-198.2421875,-26.85546875,5.37109375,-184.08203125
195.09765625,-202.63671875,-31.25,9.27734375,-171.875
195.1015625,-187.5,-33.203125,-0.48828125,-154.78515625
195.10546875,-164.55078125,-24.4140625,11.71875,-163.57421875
195.109375,-167.96875,-17.08984375,31.25,-159.1796875
195.11328125,-164.0625,-21.97265625,18.06640625,-135.25390625
195.1171875,-152.34375,-29.78515625,7.8125,-107.421875
195.12109375,-151.85546875,-33.203125,13.671875,-116.2109375
195.125,-127.44140625,-25.87890625,13.671875,-121.09375
195.12890625,-108.3984375,-18.06640625,2.44140625,-97.65625
195.1328125,-138.18359375,-26.85546875,1.46484375,-94.7265625
195.13671875,-149.4140625,-25.87890625,18.06640625,-84.47265625
195.140625,-135.7421875,-26.85546875,21.97265625,-72.75390625
195.14453125,-114.2578125,-13.671875,21.97265625,-53.22265625
195.1484375,-106.4453125,-9.765625,11.23046875,-50.29296875
195.15234375,-99.12109375,-21.97265625,3.90625,-43.9453125
195.15625,-89.84375,-15.625,2.44140625,-30.76171875
195.16015625,-94.7265625,-20.5078125,-3.90625,-41.9921875
195.1640625,-88.37890625,-29.296875,-2.44140625,-55.6640625
195.16796875,-86.9140625,-29.296875,-3.90625,-40.0390625
195.171875,-94.7265625,-24.4140625,-2.9296875,-44.43359375
195.17578125,-76.171875,-19.04296875,0.0,-41.50390625
195.1796875,-55.6640625,-21.97265625,2.44140625,-22.4609375
195.18359375,-62.98828125,-20.01953125,0.48828125,-20.99609375
195.1875,-68.359375,-14.6484375,-6.8359375,-15.13671875
195.19140625,-61.03515625,-9.27734375,-11.23046875,7.32421875
195.1953125,-64.94140625,-7.8125,-23.4375,16.6015625
195.19921875,-92.28515625,-15.625,-24.4140625,5.37109375
195.203125,-99.609375,-10.7421875,-17.578125,-19.53125
195.20703125,-65.4296875,1.953125,-13.671875,-39.0625
195.2109375,-45.41015625,-14.16015625,-7.32421875,-37.59765625
195.21484375,-83.984375,-32.71484375,-3.41796875,-28.80859375
195.21875,-97.65625,-26.85546875,-3.41796875,-21.484375
195.22265625,-74.21875,-19.53125,-1.953125,-69.82421875
195.2265625,-74.21875,-25.390625,-8.7890625,-76.66015625
195.23046875,-78.61328125,-28.3203125,-15.13671875,-27.34375
195.234375,-76.66015625,-18.06640625,-6.34765625,-19.53125
195.23828125,-50.78125,-6.34765625,-1.46484375,14.16015625
195.2421875,-55.6640625,-10.25390625,-19.04296875,18.5546875
195.24609375,-77.1484375,-19.53125,-21.484375,-24.4140625
195.25,-86.9140625,-31.73828125,-20.99609375,-54.6875
195.25390625,-92.28515625,-37.59765625,-30.2734375,-73.2421875
195.2578125,-83.984375,-34.66796875,-22.4609375,-43.45703125
195.26171875,-84.47265625,-28.3203125,-12.20703125,-31.25
195.265625,-79.1015625,-11.23046875,-23.4375,-27.83203125
195.26953125,-68.84765625,-18.5546875,-40.0390625,-18.5546875
195.2734375,-88.37890625,-41.015625,-28.3203125,-54.19921875
195.27734375,-95.21484375,-46.875,-15.625,-61.5234375
195.28125,-73.2421875,-38.57421875,-27.83203125,-41.015625
195.28515625,-76.171875,-35.15625,-36.1328125,-37.59765625
195.2890625,-97.16796875,-31.25,-24.4140625,-1.46484375
195.29296875,-98.6328125,-37.109375,-23.4375,-3.41796875
195.296875,-92.7734375,-49.31640625,-31.25,-42.48046875
195.30078125,-101.5625,-52.24609375,-32.71484375,-46.38671875
195.3046875,-80.078125,-45.8984375,-35.64453125,-18.5546875
195.30859375,-79.58984375,-30.2734375,-32.71484375,4.39453125
195.3125,-108.3984375,-24.4140625,-25.87890625,-18.5546875
195.31640625,-102.05078125,-21.484375,-25.87890625,-43.45703125
195.3203125,-77.1484375,-22.4609375,-23.4375,-34.1796875
195.32421875,-86.9140625,-47.8515625,-23.92578125,-37.109375
195.328125,-91.796875,-50.78125,-26.3671875,-27.34375
195.33203125,-51.7578125,-35.64453125,-27.83203125,-33.69140625
195.3359375,-27.83203125,-31.73828125,-28.3203125,-34.1796875
195.33984375,-38.0859375,-36.62109375,-24.90234375,-11.23046875
195.34375,-19.04296875,-30.2734375,-22.94921875,-16.11328125
195.34765625,-8.30078125,-21.484375,-22.4609375,-41.015625
195.3515625,-8.7890625,-29.296875,-33.69140625,-30.76171875
195.35546875,23.92578125,-28.3203125,-40.52734375,0.9765625
195.359375,3.90625,-28.80859375,-28.80859375,-2.9296875
195.36328125,-47.36328125,-37.59765625,-25.87890625,-38.57421875
195.3671875,-68.84765625,-39.0625,-25.87890625,-31.25
195.37109375,-29.78515625,-22.94921875,-41.50390625,-10.7421875
195.375,-7.8125,-30.76171875,-37.59765625,-42.96875
195.37890625,-44.921875,-48.33984375,-4.39453125,-40.0390625
195.3828125,-36.62109375,-41.9921875,-8.7890625,-14.6484375
195.38671875,-17.578125,-44.921875,-17.08984375,-56.640625
195.390625,-24.4140625,-43.9453125,-10.7421875,-79.1015625
195.39453125,-29.78515625,-33.203125,-16.11328125,-46.875
195.3984375,-23.4375,-38.0859375,-28.80859375,-42.96875
195.40234375,-20.99609375,-33.69140625,-29.78515625,-38.57421875
195.40625,-38.0859375,-22.94921875,-29.78515625,-30.76171875
195.41015625,-40.0390625,-32.2265625,-24.4140625,-37.109375
195.4140625,-36.62109375,-33.203125,-26.3671875,-47.36328125
195.41796875,-30.76171875,-26.3671875,-24.4140625,-32.71484375
195.421875,-25.390625,-29.78515625,-10.25390625,-0.9765625
195.42578125,-33.69140625,-32.71484375,-18.5546875,-33.69140625
195.4296875,-42.48046875,-28.80859375,-21.484375,-50.29296875
195.43359375,-58.10546875,-28.80859375,-20.5078125,-73.2421875
195.4375,-73.2421875,-28.80859375,-33.203125,-62.98828125
195.44140625,-67.3828125,-22.4609375,-34.1796875,-26.3671875
195.4453125,-79.58984375,-24.4140625,-25.87890625,-36.62109375
195.44921875,-86.42578125,-26.85546875,-41.50390625,-7.32421875
195.453125,-89.35546875,-32.2265625,-38.0859375,-39.55078125
195.45703125,-82.03125,-33.203125,-16.6015625,-82.51953125
195.4609375,-87.40234375,-28.80859375,-20.5078125,-74.70703125
195.46484375,-109.86328125,-35.15625,-28.80859375,-86.42578125
195.46875,-112.79296875,-34.66796875,-23.92578125,-72.265625
195.47265625,-92.7734375,-27.34375,-25.390625,-63.96484375
195.4765625,-81.54296875,-30.76171875,-32.71484375,-57.6171875
195.48046875,-92.28515625,-35.64453125,-35.15625,-48.828125
195.484375,-96.19140625,-27.83203125,-49.8046875,-77.1484375
195.48828125,-108.3984375,-23.92578125,-46.875,-34.1796875
195.4921875,-108.88671875,-26.85546875,-23.4375,9.27734375
195.49609375,-121.58203125,-35.15625,-27.83203125,-80.56640625
195.5,-130.37109375,-37.109375,-30.76171875,-87.890625
195.50390625,-118.1640625,-40.52734375,-22.4609375,-52.24609375
195.5078125,-119.62890625,-40.0390625,-29.296875,-66.89453125
195.51171875,-115.72265625,-38.0859375,-35.15625,-45.41015625
195.515625,-118.1640625,-35.15625,-26.3671875,-91.30859375
195.51953125,-89.84375,-17.578125,-28.80859375,-86.42578125
195.5234375,-62.5,-8.30078125,-36.62109375,-40.52734375
195.52734375,-63.96484375,-32.71484375,-35.64453125,-39.55078125
195.53125,-30.76171875,-40.0390625,-29.78515625,-30.2734375
195.53515625,-53.7109375,-25.87890625,-22.4609375,-31.25
195.5390625,-112.3046875,-39.55078125,-40.0390625,-45.41015625
195.54296875,-105.46875,-45.41015625,-44.921875,-55.17578125
195.546875,-94.7265625,-42.96875,-25.87890625,-60.05859375
195.55078125,-85.9375,-40.52734375,-19.04296875,-65.91796875
195.5546875,-81.0546875,-34.66796875,-38.57421875,-45.8984375
195.55859375,-69.82421875,-26.3671875,-44.921875,-32.71484375
195.5625,-49.31640625,-31.25,-34.1796875,-16.11328125
195.56640625,-75.1953125,-45.8984375,-26.3671875,-55.6640625
195.5703125,-85.9375,-40.0390625,-26.85546875,-81.54296875
195.57421875,-100.5859375,-32.2265625,-17.08984375,-52.734375
195.578125,-118.1640625,-39.0625,-15.625,-75.1953125
195.58203125,-119.62890625,-25.87890625,-11.71875,-84.47265625
195.5859375,-106.4453125,-18.5546875,-19.04296875,-94.23828125
195.58984375,-40.52734375,-13.18359375,-26.85546875,-73.73046875
195.59375,-46.875,-15.13671875,-14.6484375,-77.63671875
195.59765625,-101.5625,-25.390625,-11.23046875,-106.4453125
195.6015625,-150.87890625,-38.57421875,-5.37109375,-142.578125
195.60546875,-188.4765625,-51.7578125,-10.25390625,-203.125
195.609375,-178.22265625,-51.7578125,-13.18359375,-208.984375
195.61328125,-179.6875,-55.6640625,-12.20703125,-191.40625
195.6171875,-199.21875,-69.3359375,-6.34765625,-198.2421875
195.62109375,-195.80078125,-75.1953125,-4.8828125,-178.7109375
195.625,-166.015625,-69.82421875,-23.92578125,-158.203125
195.62890625,-192.3828125,-74.21875,-18.5546875,-192.87109375
195.6328125,-227.05078125,-69.82421875,0.0,-216.796875
195.63671875,-196.77734375,-56.640625,8.30078125,-178.22265625
195.640625,-180.6640625,-52.734375,9.765625,-145.5078125
195.64453125,-151.3671875,-61.5234375,6.34765625,-150.87890625
195.6484375,-83.984375,-62.5,-8.30078125,-139.16015625
195.65234375,-47.36328125,-57.6171875,-14.6484375,-120.1171875
195.65625,-55.6640625,-55.6640625,5.859375,-130.859375
195.66015625,-80.56640625,-47.36328125,12.20703125,-170.41015625
195.6640625,-62.98828125,-38.57421875,-0.9765625,-151.3671875
195.66796875,-42.48046875,-39.0625,-11.71875,-121.58203125
195.671875,-45.8984375,-44.43359375,-18.06640625,-141.11328125
195.67578125,-51.26953125,-48.33984375,-19.53125,-158.69140625
195.6796875,-54.19921875,-53.7109375,-20.99609375,-135.25390625
195.68359375,-27.83203125,-54.19921875,-16.6015625,-84.9609375
195.6875,-8.7890625,-50.29296875,-30.2734375,-88.37890625
195.69140625,-25.87890625,-43.9453125,-27.34375,-100.5859375
195.6953125,-33.69140625,-39.0625,-16.11328125,-84.9609375
195.69921875,-46.875,-40.52734375,-24.4140625,-58.10546875
195.703125,-33.203125,-41.9921875,-40.52734375,-73.73046875
195.70703125,7.8125,-34.66796875,-41.9921875,-70.80078125
195.7109375,19.04296875,-28.3203125,-35.64453125,-49.8046875
195.71484375,40.52734375,-24.4140625,-47.8515625,-29.296875
195.71875,33.69140625,-31.25,-48.828125,-31.25
195.72265625,-8.30078125,-36.62109375,-19.04296875,-61.5234375
195.7265625,-12.6953125,-33.203125,-3.90625,-55.6640625
195.73046875,23.4375,-28.3203125,-21.97265625,-28.80859375
195.734375,30.2734375,-24.90234375,-36.62109375,-13.671875
195.73828125,26.85546875,-26.3671875,-22.4609375,-5.859375
195.7421875,28.80859375,-21.484375,-20.01953125,-15.13671875
195.74609375,8.7890625,-21.484375,-25.390625,-8.7890625
195.75,26.85546875,-30.2734375,-31.25,17.578125
195.75390625,36.62109375,-27.34375,-54.6875,-6.8359375
195.7578125,-2.9296875,-20.5078125,-44.921875,-57.6171875
195.76171875,11.23046875,-21.484375,-28.3203125,-31.73828125
195.765625,20.99609375,-19.04296875,-21.484375,-40.0390625
195.76953125,-15.13671875,-19.04296875,-12.20703125,-68.359375
195.7734375,-0.48828125,-19.53125,-18.06640625,-26.85546875
195.77734375,0.0,-17.08984375,-33.203125,-2.44140625
195.78125,-17.578125,-25.87890625,-28.80859375,-19.04296875
195.78515625,-17.08984375,-17.08984375,-34.66796875,-41.015625
195.7890625,-29.78515625,-15.13671875,-54.6875,-36.62109375
195.79296875,-34.66796875,-25.87890625,-40.0390625,-12.20703125
195.796875,-63.96484375,-22.4609375,-18.06640625,-46.875
195.80078125,-57.6171875,-18.06640625,-10.7421875,-78.61328125
195.8046875,-32.71484375,-37.109375,-15.625,-46.875
195.80859375,-34.66796875,-39.55078125,-28.80859375,-43.45703125
195.8125,2.9296875,-22.4609375,-41.50390625,-58.59375
195.81640625,-18.5546875,-8.30078125,-44.921875,-65.91796875
195.8203125,-43.45703125,4.8828125,-46.875,-48.828125
195.82421875,-51.7578125,-6.34765625,-48.33984375,-50.78125
195.828125,-69.82421875,-19.53125,-43.45703125,-113.28125
195.83203125,-62.01171875,-20.5078125,-35.15625,-132.32421875
195.8359375,-61.03515625,-23.4375,-21.97265625,-97.65625
195.83984375,-59.5703125,-24.90234375,-18.06640625,-78.61328125
195.84375,-54.6875,-20.99609375,-23.4375,-74.70703125
195.84765625,-21.484375,-23.4375,-39.55078125,-40.0390625
195.8515625,-7.32421875,-29.78515625,-42.96875,-24.90234375
195.85546875,-68.359375,-25.87890625,-27.83203125,-71.77734375
195.859375,-79.58984375,-18.5546875,-32.2265625,-64.453125
195.86328125,-53.7109375,-20.99609375,-34.66796875,-41.015625
195.8671875,-58.10546875,-28.3203125,-20.99609375,-57.12890625
195.87109375,-61.03515625,-27.34375,-16.6015625,-55.6640625
195.875,-53.22265625,-28.80859375,-16.11328125,-39.0625
195.87890625,-46.38671875,-25.87890625,-16.6015625,-37.59765625
195.8828125,-20.01953125,-20.99609375,-39.0625,-45.41015625
195.88671875,-47.8515625,-26.3671875,-55.17578125,-62.01171875
195.890625,-72.75390625,-25.87890625,-29.296875,-52.734375
195.89453125,-58.10546875,-22.4609375,-3.90625,-32.71484375
195.8984375,-47.8515625,-20.99609375,-10.25390625,-32.71484375
195.90234375,-23.4375,-18.06640625,-8.30078125,-50.29296875
195.90625,-15.625,-18.06640625,0.48828125,-22.4609375
195.91015625,-20.5078125,-14.16015625,-15.13671875,2.44140625
195.9140625,-16.11328125,-11.71875,-27.83203125,-8.30078125
195.91796875,-12.6953125,-22.4609375,-24.4140625,-37.59765625
195.921875,-19.53125,-38.0859375,-18.5546875,-44.921875
195.92578125,-50.78125,-41.015625,-10.25390625,-26.85546875
195.9296875,-54.19921875,-33.69140625,-6.34765625,-27.83203125
195.93359375,-56.640625,-32.2265625,-4.8828125,-24.4140625
195.9375,-54.19921875,-31.25,-14.6484375,-49.31640625
195.94140625,-46.38671875,-24.4140625,-22.4609375,-44.921875
195.9453125,-60.546875,-23.92578125,-18.06640625,-23.4375
195.94921875,-66.89453125,-27.34375,-20.99609375,-41.015625
195.953125,-27.83203125,-18.5546875,-30.2734375,-12.20703125
195.95703125,-9.27734375,-17.578125,-37.59765625,5.859375
195.9609375,-26.85546875,-27.34375,-20.5078125,-0.9765625
195.96484375,-19.53125,-21.97265625,-1.953125,9.27734375
195.96875,-4.39453125,-8.30078125,-4.8828125,-30.2734375
195.97265625,-10.7421875,-10.7421875,-14.6484375,-53.7109375
195.9765625,-19.53125,-16.11328125,-11.71875,-34.66796875
195.98046875,-31.25,-14.16015625,-4.8828125,-24.4140625
195.984375,-13.18359375,-6.8359375,-17.578125,-24.90234375
195.98828125,-7.32421875,-10.25390625,-20.01953125,-26.85546875
195.9921875,-18.06640625,-26.85546875,-6.34765625,-38.0859375
195.99609375,-22.4609375,-27.34375,-0.48828125,-45.8984375
196.0,-11.71875,-17.578125,-1.953125,-20.5078125
196.00390625,-4.39453125,-20.5078125,-11.71875,-21.484375
196.0078125,-7.8125,-23.4375,-8.30078125,-26.3671875
196.01171875,-14.6484375,-20.01953125,1.953125,-3.90625
196.015625,-19.53125,-20.99609375,-14.16015625,20.01953125
196.01953125,-14.16015625,-20.01953125,-33.203125,-19.04296875
196.0234375,-6.34765625,-11.71875,-14.6484375,-34.66796875
196.02734375,-1.953125,-13.18359375,-6.8359375,-21.97265625
196.03125,-13.18359375,-17.578125,-14.6484375,-32.2265625
196.03515625,-29.296875,-19.04296875,-10.7421875,-17.08984375
196.0390625,-11.71875,-24.90234375,-19.53125,-21.97265625
196.04296875,-11.71875,-19.04296875,-20.5078125,-9.765625
196.046875,-25.87890625,-20.5078125,-22.4609375,-8.30078125
196.05078125,-23.92578125,-28.3203125,-29.78515625,-39.0625
196.0546875,-20.01953125,-23.4375,-28.80859375,2.44140625
196.05859375,-24.4140625,-20.01953125,-9.765625,11.71875
196.0625,-45.41015625,-9.27734375,-12.20703125,-0.48828125
196.06640625,-22.4609375,-7.32421875,-23.92578125,-6.8359375
196.0703125,-6.34765625,-23.92578125,-18.5546875,-0.48828125
196.07421875,-6.34765625,-18.5546875,-11.71875,3.41796875
196.078125,-3.41796875,-13.18359375,-8.7890625,-0.48828125
196.08203125,-18.06640625,-26.85546875,-8.7890625,-9.765625
196.0859375,-44.921875,-23.4375,-16.11328125,-15.13671875
196.08984375,-40.52734375,-16.6015625,-26.3671875,-19.53125
196.09375,-27.83203125,-21.484375,-21.97265625,-47.8515625
196.09765625,-31.25,-17.578125,-12.6953125,-39.55078125
196.1015625,-35.64453125,-10.7421875,-21.97265625,-31.73828125
196.10546875,-32.71484375,-8.7890625,-38.0859375,-39.55078125
196.109375,-26.85546875,-17.08984375,-20.5078125,-20.5078125
196.11328125,-41.50390625,-33.203125,4.39453125,-12.20703125
196.1171875,-23.92578125,-28.80859375,-13.18359375,-8.7890625
196.12109375,-30.2734375,-9.765625,-31.25,2.44140625
196.125,-86.9140625,-9.27734375,-14.6484375,-83.0078125
196.12890625,-99.12109375,-16.11328125,-2.44140625,-127.9296875
196.1328125,-101.5625,-13.18359375,-7.8125,-111.81640625
196.13671875,-157.71484375,-24.90234375,-23.92578125,-126.953125
196.140625,-179.19921875,-34.66796875,-32.2265625,-160.64453125
196.14453125,-155.2734375,-36.1328125,-25.390625,-191.40625
196.1484375,-171.875,-25.87890625,-39.55078125,-190.4296875
196.15234375,-203.125,-13.671875,-60.05859375,-216.796875
196.15625,-199.21875,-12.20703125,-71.77734375,-244.62890625
196.16015625,-167.96875,-14.16015625,-78.125,-224.12109375
196.1640625,-186.5234375,-19.53125,-70.3125,-223.6328125
196.16796875,-201.171875,-15.13671875,-53.7109375,-230.46875
196.171875,-184.5703125,-2.44140625,-73.2421875,-220.21484375
196.17578125,-169.921875,1.953125,-99.12109375,-206.54296875
196.1796875,-151.85546875,8.7890625,-88.37890625,-214.84375
196.18359375,-136.23046875,11.71875,-77.1484375,-190.4296875
196.1875,-111.328125,8.7890625,-77.63671875,-159.1796875
196.19140625,-107.91015625,11.23046875,-89.84375,-163.57421875
196.1953125,-126.46484375,10.25390625,-97.65625,-165.52734375
196.19921875,-119.62890625,7.8125,-91.796875,-148.4375
196.203125,-101.07421875,8.7890625,-79.1015625,-117.1875
196.20703125,-87.890625,4.39453125,-76.66015625,-111.328125
196.2109375,-75.1953125,-11.23046875,-81.0546875,-103.515625
196.21484375,-33.69140625,-12.6953125,-81.0546875,-75.1953125
196.21875,-35.15625,-4.39453125,-68.84765625,-38.57421875
196.22265625,-60.05859375,-2.44140625,-57.6171875,-34.66796875
196.2265625,-51.26953125,-0.9765625,-58.59375,-85.9375
196.23046875,-37.59765625,3.41796875,-56.15234375,-59.08203125
196.234375,-29.296875,7.32421875,-61.5234375,-16.6015625
196.23828125,-16.11328125,11.23046875,-58.10546875,-7.8125
196.2421875,-9.27734375,8.7890625,-50.78125,10.25390625
196.24609375,-8.30078125,4.39453125,-50.29296875,-0.48828125
196.25,-14.6484375,-2.44140625,-34.1796875,-25.87890625
196.25390625,-13.18359375,-11.23046875,-26.3671875,-30.2734375
196.2578125,10.7421875,-9.27734375,-43.45703125,11.71875
196.26171875,13.671875,-11.71875,-37.59765625,20.5078125
196.265625,8.7890625,-16.11328125,-31.25,-9.27734375
196.26953125,9.27734375,-17.578125,-44.43359375,-27.83203125
196.2734375,-14.16015625,-11.23046875,-34.1796875,-20.01953125
196.27734375,0.9765625,-3.90625,-22.94921875,-12.20703125
196.28125,22.94921875,-13.671875,-23.4375,-28.3203125
196.28515625,22.94921875,-7.8125,-33.203125,0.9765625
196.2890625,36.62109375,4.8828125,-36.1328125,0.9765625
196.29296875,17.08984375,0.48828125,-21.97265625,-17.578125
196.296875,10.25390625,-2.9296875,-12.6953125,4.39453125
196.30078125,19.04296875,-1.46484375,-10.7421875,6.8359375
196.3046875,10.7421875,-8.30078125,-20.99609375,-3.90625
196.30859375,-9.765625,-9.765625,-20.5078125,9.765625
196.3125,-13.18359375,-9.27734375,-19.53125,-17.578125
196.31640625,24.90234375,-15.13671875,-18.06640625,-6.34765625
196.3203125,31.25,-21.97265625,-8.30078125,17.08984375
196.32421875,23.92578125,-23.92578125,-1.46484375,14.6484375
196.328125,39.55078125,-15.625,2.44140625,41.50390625
196.33203125,39.0625,-2.44140625,-4.8828125,36.1328125
196.3359375,48.828125,3.90625,-25.390625,41.015625
196.33984375,43.45703125,8.30078125,-15.625,67.87109375
196.34375,10.25390625,0.48828125,5.859375,11.23046875
196.34765625,11.23046875,-11.23046875,8.7890625,-14.16015625
196.3515625,10.7421875,-11.71875,3.41796875,11.71875
196.35546875,6.34765625,-19.04296875,-4.39453125,9.765625
196.359375,46.875,-16.11328125,-4.8828125,30.76171875
196.36328125,54.6875,-8.7890625,-5.37109375,40.52734375
196.3671875,35.15625,-2.9296875,-16.11328125,11.71875
196.37109375,30.76171875,1.953125,-31.73828125,9.765625
196.375,3.90625,-6.8359375,-25.390625,17.08984375
196.37890625,-0.48828125,-12.20703125,-12.20703125,25.87890625
196.3828125,19.53125,-7.32421875,-12.6953125,13.671875
196.38671875,19.04296875,-8.7890625,-15.13671875,3.41796875
196.390625,11.23046875,-12.20703125,-16.6015625,32.71484375
196.39453125,20.99609375,-15.625,-18.5546875,17.08984375
196.3984375,21.484375,-22.94921875,-13.671875,16.6015625
196.40234375,20.5078125,-21.97265625,-9.765625,35.64453125
196.40625,27.34375,-14.16015625,-4.8828125,42.48046875
196.41015625,25.87890625,-12.6953125,-9.27734375,44.43359375
196.4140625,27.83203125,-13.18359375,-26.3671875,38.57421875
196.41796875,33.69140625,-19.53125,-16.11328125,54.19921875
196.421875,34.1796875,-20.5078125,-10.25390625,52.24609375
196.42578125,44.921875,-10.7421875,-25.390625,29.296875
196.4296875,25.87890625,-14.16015625,-37.109375,38.57421875
196.43359375,-2.44140625,-20.5078125,-22.94921875,45.8984375
196.4375,-3.90625,-25.87890625,3.41796875,13.671875
196.44140625,3.41796875,-28.3203125,0.9765625,8.7890625
196.4453125,6.34765625,-31.25,-8.30078125,12.6953125
196.44921875,1.46484375,-26.3671875,-12.20703125,12.6953125
196.453125,10.25390625,-18.06640625,-17.578125,1.953125
196.45703125,0.0,-19.53125,-14.6484375,-7.8125
196.4609375,-11.23046875,-23.92578125,-6.34765625,18.5546875
196.46484375,10.25390625,-26.3671875,-7.32421875,27.83203125
196.46875,11.23046875,-18.5546875,-27.34375,35.64453125
196.47265625,-3.90625,-9.27734375,-41.9921875,36.1328125
196.4765625,-0.9765625,-16.11328125,-30.76171875,-19.53125
196.48046875,1.953125,-27.34375,-12.6953125,-35.15625
196.484375,-2.44140625,-27.34375,-3.90625,1.953125
196.48828125,5.859375,-22.94921875,-6.8359375,46.38671875
196.4921875,20.99609375,-14.6484375,-12.20703125,38.0859375
196.49609375,22.94921875,-7.32421875,-11.23046875,7.32421875
196.5,12.20703125,-18.06640625,-16.6015625,-13.671875
196.50390625,-8.30078125,-21.97265625,-0.9765625,-10.7421875
196.5078125,-24.90234375,-20.99609375,2.44140625,-17.08984375
196.51171875,-14.16015625,-22.94921875,-15.13671875,-31.25
196.515625,-12.20703125,-21.484375,-30.2734375,-10.7421875
196.51953125,-12.6953125,-9.27734375,-23.92578125,24.90234375
196.5234375,2.9296875,-5.859375,-7.32421875,-0.9765625
196.52734375,-30.76171875,-18.06640625,-7.32421875,-12.20703125
196.53125,-32.71484375,-26.3671875,-3.90625,42.96875
196.53515625,0.9765625,-22.94921875,2.9296875,15.13671875
196.5390625,-3.41796875,-21.484375,-12.20703125,-10.25390625
196.54296875,-35.64453125,-20.01953125,-16.6015625,-8.30078125
196.546875,-41.9921875,-21.97265625,-6.8359375,-16.6015625
196.55078125,-28.3203125,-30.2734375,-10.25390625,-10.7421875
196.5546875,-32.71484375,-40.0390625,-16.11328125,-6.34765625
196.55859375,-22.4609375,-35.15625,-19.04296875,-6.34765625
196.5625,-19.53125,-25.87890625,-23.4375,-3.41796875
196.56640625,-34.66796875,-32.2265625,-25.390625,-5.37109375
196.5703125,-35.64453125,-34.1796875,-41.50390625,-21.484375
196.57421875,-31.25,-20.5078125,-37.109375,-23.92578125
196.578125,-29.78515625,-14.16015625,-0.9765625,-10.7421875
196.58203125,-22.94921875,-15.13671875,9.27734375,-24.90234375
196.5859375,-22.4609375,-17.08984375,-0.48828125,-42.48046875
196.58984375,-11.23046875,-17.578125,-1.46484375,-14.16015625
196.59375,-5.37109375,-16.11328125,-11.71875,-7.32421875
196.59765625,-3.41796875,-23.92578125,-13.671875,-11.23046875
196.6015625,3.41796875,-19.04296875,-8.7890625,8.30078125
196.60546875,-1.46484375,-7.8125,-20.5078125,31.25
196.609375,-18.06640625,-19.04296875,-10.25390625,38.57421875
196.61328125,-36.62109375,-26.3671875,6.34765625,3.90625
196.6171875,-24.4140625,-19.04296875,-0.9765625,-18.5546875
196.62109375,-19.04296875,-15.625,-24.4140625,-23.92578125
196.625,-22.4609375,-13.18359375,-20.01953125,-33.69140625
196.62890625,-6.34765625,-23.4375,0.48828125,-37.109375
196.6328125,3.41796875,-24.4140625,3.90625,-18.06640625
196.63671875,-9.765625,-12.6953125,-4.39453125,12.6953125
196.640625,-30.2734375,-25.390625,-15.625,-18.5546875
196.64453125,-15.625,-30.2734375,-5.859375,-28.80859375
196.6484375,-9.27734375,-20.01953125,0.9765625,5.859375
196.65234375,-5.859375,-18.5546875,-4.8828125,21.97265625
196.65625,11.71875,-20.01953125,-6.8359375,21.97265625
196.66015625,0.9765625,-20.01953125,-1.46484375,18.5546875
196.6640625,-37.109375,-20.5078125,-8.7890625,1.953125
196.66796875,-33.69140625,-22.94921875,-15.625,2.9296875
196.671875,-10.7421875,-26.85546875,-7.32421875,20.01953125
196.67578125,-9.27734375,-22.4609375,-3.90625,8.7890625
196.6796875,4.8828125,-22.94921875,-0.9765625,14.6484375
196.68359375,5.37109375,-27.34375,-4.8828125,17.08984375
196.6875,14.16015625,-32.71484375,-14.16015625,11.71875
196.69140625,36.62109375,-32.71484375,-19.04296875,31.25
196.6953125,28.80859375,-24.4140625,-10.7421875,36.1328125
196.69921875,25.390625,-22.4609375,-11.23046875,44.921875
196.703125,30.2734375,-29.296875,-13.671875,50.29296875
196.70703125,48.33984375,-32.71484375,-27.83203125,43.45703125
196.7109375,42.48046875,-24.4140625,-33.69140625,25.87890625
196.71484375,22.94921875,-20.5078125,-12.20703125,15.13671875
196.71875,12.6953125,-19.53125,0.9765625,22.94921875
196.72265625,17.578125,-7.32421875,-4.39453125,18.5546875
196.7265625,27.34375,-13.671875,-15.13671875,38.0859375
196.73046875,37.59765625,-24.4140625,-12.20703125,62.01171875
196.734375,28.3203125,-18.5546875,-16.11328125,34.1796875
196.73828125,11.71875,-9.765625,-18.06640625,28.80859375
196.7421875,18.06640625,-16.6015625,-10.7421875,9.765625
196.74609375,5.37109375,-22.4609375,-16.6015625,0.48828125
196.75,21.484375,-9.765625,-18.5546875,33.69140625
196.75390625,13.18359375,-12.6953125,-2.9296875,17.578125
196.7578125,-0.9765625,-21.484375,4.8828125,3.41796875
196.76171875,-3.41796875,-17.08984375,2.9296875,19.04296875
196.765625,-19.04296875,-12.6953125,-9.765625,20.01953125
196.76953125,2.9296875,-13.18359375,-20.01953125,17.08984375
196.7734375,41.9921875,-1.953125,-17.578125,25.390625
196.77734375,56.640625,2.9296875,-22.4609375,47.36328125
196.78125,24.90234375,-6.8359375,-16.6015625,54.6875
196.78515625,7.32421875,-13.18359375,-0.9765625,10.7421875
196.7890625,24.90234375,-16.6015625,5.37109375,8.30078125
196.79296875,20.5078125,-18.06640625,1.953125,20.5078125
196.796875,25.87890625,-18.5546875,-5.37109375,8.30078125
196.80078125,37.109375,-17.08984375,-14.16015625,17.08984375
196.8046875,31.73828125,-18.06640625,-36.62109375,49.31640625
196.80859375,18.5546875,-24.90234375,-31.25,51.7578125
196.8125,2.44140625,-23.4375,-19.04296875,18.5546875
196.81640625,3.90625,-23.92578125,-25.390625,36.62109375
196.8203125,17.578125,-31.73828125,-26.85546875,60.05859375
196.82421875,-2.9296875,-30.76171875,-27.34375,14.16015625
196.828125,-20.01953125,-16.6015625,-34.66796875,0.0
196.83203125,-7.32421875,-12.20703125,-24.4140625,30.76171875
196.8359375,-0.48828125,-14.6484375,-10.25390625,3.41796875
196.83984375,4.39453125,-11.71875,-4.39453125,-7.32421875
196.84375,20.01953125,-8.30078125,-2.9296875,16.11328125
196.84765625,14.16015625,-8.30078125,-12.20703125,32.71484375
196.8515625,10.25390625,-15.13671875,-8.30078125,38.57421875
196.85546875,-1.46484375,-28.3203125,-6.8359375,9.765625
196.859375,-4.8828125,-33.69140625,-13.18359375,3.41796875
196.86328125,6.34765625,-20.99609375,-29.78515625,28.3203125
196.8671875,-17.578125,-21.484375,-39.0625,34.1796875
196.87109375,-17.08984375,-28.80859375,-19.04296875,-6.8359375
196.875,-21.484375,-24.4140625,-5.859375,-52.24609375
196.87890625,-10.7421875,-18.5546875,-5.37109375,-12.6953125
196.8828125,-4.39453125,-13.18359375,-1.46484375,-10.7421875
196.88671875,-28.3203125,-20.99609375,-2.9296875,-25.87890625
196.890625,-26.85546875,-34.66796875,-21.97265625,-30.76171875
196.89453125,-40.52734375,-34.66796875,-24.90234375,-57.6171875
196.8984375,-64.453125,-26.85546875,-12.6953125,-60.546875
196.90234375,-56.15234375,-23.92578125,-8.7890625,-64.94140625
196.90625,-57.6171875,-21.97265625,-8.30078125,-86.42578125
196.91015625,-83.984375,-20.5078125,-4.8828125,-96.19140625
196.9140625,-97.16796875,-27.34375,-14.6484375,-92.7734375
196.91796875,-104.98046875,-34.1796875,-34.1796875,-111.81640625
196.921875,-132.32421875,-39.0625,-21.484375,-143.5546875
196.92578125,-155.76171875,-43.9453125,0.0,-183.59375
196.9296875,-137.20703125,-60.546875,7.32421875,-206.54296875
196.93359375,-127.44140625,-57.12890625,0.0,-195.3125
196.9375,-140.625,-45.41015625,4.39453125,-174.31640625
196.94140625,-169.921875,-42.96875,12.20703125,-160.15625
196.9453125,-194.3359375,-43.9453125,-23.4375,-141.6015625
196.94921875,-168.9453125,-43.9453125,-37.59765625,-171.38671875
196.953125,-158.69140625,-35.64453125,-14.6484375,-208.49609375
196.95703125,-152.83203125,-43.45703125,10.7421875,-187.5
196.9609375,-115.234375,-49.8046875,11.23046875,-141.11328125
196.96484375,-91.796875,-42.96875,-7.8125,-114.2578125
196.96875,-118.1640625,-36.62109375,5.859375,-140.13671875
196.97265625,-132.32421875,-32.2265625,8.30078125,-125.9765625
196.9765625,-117.1875,-30.76171875,-0.48828125,-87.890625
196.98046875,-97.16796875,-26.3671875,-20.99609375,-104.98046875
196.984375,-81.54296875,-21.97265625,-26.85546875,-83.0078125
196.98828125,-79.1015625,-20.01953125,-17.578125,-62.98828125
196.9921875,-67.87109375,-27.83203125,-11.71875,-84.47265625
196.99609375,-45.41015625,-40.52734375,-3.90625,-36.1328125
197.0,-16.6015625,-36.1328125,-7.32421875,1.46484375
197.00390625,0.0,-21.484375,-15.13671875,-19.53125
197.0078125,10.25390625,-15.625,-34.1796875,-17.08984375
197.01171875,0.9765625,-18.06640625,-37.109375,-9.765625
197.015625,-10.7421875,-18.06640625,-19.53125,-6.34765625
197.01953125,-9.27734375,-7.32421875,-16.6015625,-11.23046875
197.0234375,-15.625,-7.8125,-18.06640625,-22.4609375
197.02734375,0.48828125,-16.11328125,-16.6015625,-17.08984375
197.03125,16.11328125,-20.5078125,-18.06640625,-2.44140625
197.03515625,10.7421875,-21.484375,-9.765625,-4.39453125
197.0390625,21.97265625,-16.6015625,-7.32421875,16.6015625
197.04296875,17.08984375,-12.6953125,-26.85546875,40.52734375
197.046875,2.44140625,-20.99609375,-32.71484375,21.97265625
197.05078125,12.20703125,-20.01953125,-20.01953125,13.671875
197.0546875,7.32421875,-19.53125,-19.53125,6.34765625
197.05859375,-5.859375,-27.34375,-31.73828125,-11.23046875
197.0625,-1.46484375,-23.92578125,-23.92578125,1.953125
197.06640625,12.20703125,-20.5078125,-5.859375,11.23046875
197.0703125,17.08984375,-12.20703125,11.23046875,10.25390625
197.07421875,18.5546875,-8.7890625,1.953125,18.5546875
197.078125,38.0859375,-14.16015625,-19.53125,23.92578125
197.08203125,31.73828125,-15.625,-16.11328125,25.87890625
197.0859375,14.6484375,-8.7890625,-26.85546875,48.828125
197.08984375,2.9296875,-9.27734375,-38.0859375,45.41015625
197.09375,-6.34765625,-15.13671875,-22.4609375,11.23046875
197.09765625,-9.765625,-10.25390625,-0.9765625,0.0
197.1015625,-19.04296875,-12.20703125,-0.9765625,23.4375
197.10546875,-2.44140625,-22.94921875,-9.765625,11.23046875
197.109375,5.859375,-20.5078125,-6.34765625,-15.625
197.11328125,14.6484375,-11.71875,-8.7890625,13.671875
197.1171875,13.671875,-20.01953125,-12.20703125,11.23046875
197.12109375,-17.578125,-21.97265625,-19.04296875,17.578125
197.125,-18.06640625,-18.06640625,-23.92578125,20.01953125
197.12890625,4.8828125,-16.6015625,-9.765625,13.671875
197.1328125,24.4140625,-14.16015625,-19.04296875,42.48046875
197.13671875,8.30078125,-26.85546875,-34.66796875,-11.23046875
197.140625,-14.6484375,-31.25,-23.4375,-30.76171875
197.14453125,-5.859375,-18.5546875,-10.25390625,9.765625
197.1484375,7.8125,-15.625,-18.06640625,20.01953125
197.15234375,-6.34765625,-19.04296875,-41.50390625,5.37109375
197.15625,-16.6015625,-16.11328125,-33.203125,-1.46484375
197.16015625,-14.16015625,-15.625,-5.37109375,9.765625
197.1640625,-3.90625,-9.27734375,-17.08984375,0.0
197.16796875,4.8828125,-9.27734375,-35.64453125,3.41796875
197.171875,6.8359375,-24.4140625,-32.2265625,2.44140625
197.17578125,-6.8359375,-29.78515625,-25.87890625,-20.5078125
197.1796875,-16.6015625,-29.296875,-28.3203125,-18.06640625
197.18359375,-11.23046875,-26.3671875,-29.78515625,7.32421875
197.1875,7.8125,-19.53125,-39.0625,6.34765625
197.19140625,15.625,-13.18359375,-39.0625,-8.7890625
197.1953125,0.9765625,-11.71875,-38.0859375,-19.53125
197.19921875,-9.27734375,-22.4609375,-42.48046875,-28.80859375
197.203125,-24.4140625,-31.25,-34.1796875,-28.3203125
197.20703125,-21.484375,-33.69140625,-32.2265625,-17.578125
197.2109375,23.4375,-32.71484375,-31.25,-5.859375
197.21484375,45.41015625,-20.5078125,-46.875,-0.9765625
197.21875,26.85546875,-12.6953125,-46.38671875,-22.94921875
197.22265625,-7.32421875,-23.92578125,-19.53125,-37.59765625
197.2265625,-32.71484375,-28.3203125,-22.4609375,-20.01953125
197.23046875,-31.73828125,-28.80859375,-24.90234375,10.25390625
197.234375,-23.4375,-35.15625,-34.1796875,17.08984375
197.23828125,-26.3671875,-24.4140625,-38.57421875,-6.8359375
197.2421875,-24.4140625,-15.13671875,-31.25,-20.99609375
197.24609375,-21.484375,-12.6953125,-36.1328125,-9.765625
197.25,-8.7890625,-14.16015625,-30.76171875,-0.9765625
197.25390625,36.62109375,-20.01953125,-40.0390625,-20.01953125
197.2578125,42.48046875,-10.25390625,-56.15234375,-12.6953125
197.26171875,4.8828125,-13.18359375,-36.62109375,0.0
197.265625,-14.6484375,-20.01953125,-4.39453125,-29.296875
197.26953125,-23.4375,-11.23046875,-5.859375,-39.55078125
197.2734375,-19.04296875,-16.6015625,-23.4375,-42.48046875
197.27734375,-16.11328125,-19.53125,-19.53125,-35.64453125
197.28125,-28.3203125,-16.11328125,-9.765625,-3.41796875
197.28515625,-17.578125,-13.671875,-18.5546875,4.8828125
197.2890625,-1.46484375,-17.578125,-38.57421875,-15.625
197.29296875,-16.6015625,-24.4140625,-30.2734375,-1.953125
197.296875,-20.5078125,-24.90234375,-10.25390625,-9.27734375
197.30078125,-0.9765625,-29.296875,-16.11328125,-44.43359375
197.3046875,-3.90625,-26.3671875,-21.484375,-24.4140625
197.30859375,-13.671875,-17.578125,-20.01953125,-12.20703125
197.3125,-20.99609375,-16.6015625,-20.01953125,-15.625
197.31640625,-17.08984375,-21.97265625,-25.390625,-24.90234375
197.3203125,-20.01953125,-27.34375,-23.92578125,-26.3671875
197.32421875,-20.99609375,-27.34375,-18.5546875,-34.1796875
197.328125,-5.859375,-22.4609375,-19.04296875,-34.1796875
197.33203125,-11.71875,-17.08984375,-17.578125,-34.66796875
197.3359375,0.48828125,-24.4140625,-20.99609375,-26.3671875
197.33984375,13.18359375,-26.85546875,-19.53125,-27.34375
197.34375,-20.5078125,-17.578125,-18.06640625,-40.0390625
197.34765625,-24.90234375,-19.04296875,-25.87890625,-26.85546875
197.3515625,-0.9765625,-22.94921875,-50.78125,-17.08984375
197.35546875,-9.27734375,-19.53125,-53.7109375,-23.4375
197.359375,-6.8359375,-19.53125,-20.99609375,-8.30078125
197.36328125,5.37109375,-22.94921875,-1.46484375,-7.32421875
197.3671875,2.9296875,-20.01953125,-10.7421875,-13.18359375
197.37109375,6.8359375,-15.625,-25.87890625,16.11328125
197.375,2.44140625,-21.484375,-16.6015625,20.99609375
197.37890625,12.6953125,-13.671875,-13.671875,-1.953125
197.3828125,26.3671875,-4.39453125,-17.08984375,3.90625
197.38671875,5.859375,-27.83203125,-18.5546875,-17.578125
197.390625,-1.953125,-45.8984375,-16.6015625,-45.41015625
197.39453125,10.25390625,-39.55078125,-11.71875,-26.85546875
197.3984375,-5.37109375,-32.2265625,-13.18359375,-22.4609375
197.40234375,-18.5546875,-26.85546875,-12.20703125,-15.13671875
197.40625,-22.4609375,-27.83203125,-10.25390625,7.32421875
197.41015625,-21.484375,-27.83203125,-23.4375,-1.46484375
197.4140625,-11.71875,-28.80859375,-50.29296875,-28.3203125
197.41796875,-11.71875,-26.85546875,-33.69140625,-27.34375
197.421875,-1.46484375,-18.5546875,-10.7421875,-39.0625
197.42578125,-10.7421875,-23.92578125,-11.23046875,-14.6484375
197.4296875,-17.578125,-32.71484375,-12.20703125,-4.39453125
197.43359375,-0.48828125,-29.296875,-9.765625,-47.36328125
197.4375,-0.9765625,-25.87890625,-15.13671875,-33.203125
197.44140625,-14.16015625,-23.4375,-15.625,-30.76171875
197.4453125,-6.8359375,-23.92578125,-8.30078125,-41.9921875
197.44921875,13.671875,-23.92578125,-20.5078125,-16.6015625
197.453125,6.34765625,-15.625,-18.5546875,4.39453125
197.45703125,-6.34765625,-8.7890625,-13.18359375,-6.8359375
197.4609375,0.0,-10.25390625,-12.20703125,6.34765625
197.46484375,7.8125,-14.16015625,-1.953125,12.6953125
197.46875,20.99609375,-17.08984375,-6.8359375,-13.18359375
197.47265625,24.90234375,-27.34375,-20.99609375,-27.83203125
197.4765625,-8.7890625,-16.6015625,-29.296875,-37.59765625
197.48046875,-19.53125,-3.41796875,-21.97265625,-16.11328125
197.484375,1.46484375,-6.8359375,-23.92578125,19.04296875
197.48828125,-4.8828125,-9.27734375,-43.45703125,-25.390625
197.4921875,-13.18359375,-15.625,-35.64453125,-42.48046875
197.49609375,-2.44140625,-12.20703125,-19.04296875,-7.8125
197.5,16.11328125,-1.953125,-20.01953125,15.625
197.50390625,17.578125,-3.41796875,-22.94921875,0.48828125
197.5078125,12.6953125,-13.671875,-17.578125,-10.25390625
197.51171875,12.20703125,-24.90234375,-16.11328125,17.578125
197.515625,13.18359375,-29.78515625,-18.06640625,32.71484375
197.51953125,7.8125,-31.73828125,-21.484375,-5.37109375
197.5234375,25.390625,-20.5078125,-22.94921875,6.8359375
197.52734375,17.08984375,-4.39453125,-28.3203125,55.17578125
197.53125,3.41796875,-14.16015625,-36.1328125,-3.90625
197.53515625,0.0,-22.94921875,-24.90234375,-35.64453125
197.5390625,-10.25390625,-20.5078125,-14.6484375,-8.7890625
197.54296875,3.41796875,-20.01953125,-15.625,20.5078125
197.546875,-13.671875,-18.5546875,-15.625,30.76171875
197.55078125,-24.90234375,-10.25390625,-15.625,24.90234375
197.5546875,-26.3671875,-4.8828125,-20.99609375,46.38671875
197.55859375,1.46484375,3.41796875,-21.484375,13.18359375
197.5625,6.8359375,0.48828125,-25.390625,-47.8515625
197.56640625,8.7890625,-11.71875,-20.5078125,-45.8984375
197.5703125,21.484375,-12.20703125,-16.6015625,-1.953125
197.57421875,3.90625,-6.8359375,-12.20703125,0.9765625
197.578125,2.9296875,3.41796875,-23.4375,-10.25390625
197.58203125,37.109375,2.44140625,-32.71484375,12.6953125
197.5859375,38.0859375,-9.765625,-19.53125,10.25390625
197.58984375,19.04296875,-18.5546875,-5.859375,14.6484375
197.59375,10.25390625,-20.99609375,-3.41796875,-11.23046875
197.59765625,10.25390625,-28.3203125,-7.32421875,-44.43359375
197.6015625,6.34765625,-30.76171875,-16.6015625,-49.8046875
197.60546875,14.6484375,-20.5078125,-28.3203125,-52.734375
197.609375,10.7421875,-13.671875,-22.94921875,-24.90234375
197.61328125,5.859375,-11.23046875,-17.08984375,-11.71875
197.6171875,22.94921875,-8.30078125,-29.296875,-1.46484375
197.62109375,34.66796875,-11.23046875,-34.1796875,3.41796875
197.625,34.1796875,-18.06640625,-17.578125,-13.671875
197.62890625,32.71484375,-16.6015625,-8.30078125,-14.16015625
197.6328125,30.2734375,-16.11328125,-13.671875,-3.41796875
197.63671875,39.0625,-12.6953125,-8.30078125,-4.8828125
197.640625,45.41015625,-7.32421875,-6.8359375,8.7890625
197.64453125,32.71484375,-7.32421875,-27.34375,-11.71875
197.6484375,21.484375,-7.8125,-28.80859375,-31.73828125
197.65234375,21.484375,-10.25390625,-16.6015625,4.8828125
197.65625,38.0859375,-11.23046875,-11.71875,33.203125
197.66015625,46.875,0.0,-22.4609375,-5.859375
197.6640625,29.78515625,-10.25390625,-24.90234375,-44.43359375
197.66796875,21.97265625,-28.80859375,-23.4375,-35.64453125
197.671875,37.109375,-24.4140625,-27.83203125,-33.69140625
197.67578125,13.671875,-22.4609375,-21.97265625,-37.59765625
197.6796875,-1.46484375,-27.83203125,-22.94921875,-25.390625
197.68359375,-0.48828125,-27.83203125,-20.99609375,-18.06640625
197.6875,-19.04296875,-28.80859375,-25.390625,-16.6015625
197.69140625,2.9296875,-26.3671875,-22.4609375,-0.48828125
197.6953125,29.296875,-19.53125,-11.23046875,-5.859375
197.69921875,38.57421875,-19.53125,-6.8359375,23.4375
197.703125,58.59375,-24.4140625,-11.71875,57.6171875
197.70703125,58.10546875,-21.97265625,-33.203125,37.59765625
197.7109375,12.20703125,-19.04296875,-27.83203125,-26.3671875
197.71484375,-26.85546875,-20.01953125,-23.4375,-48.828125
197.71875,-48.828125,-23.4375,-40.52734375,-53.7109375
197.72265625,-34.1796875,-21.484375,-34.66796875,-41.015625
197.7265625,0.0,-21.97265625,-20.99609375,-18.06640625
197.73046875,-5.859375,-26.85546875,-29.296875,-41.015625
197.734375,-21.97265625,-29.296875,-35.64453125,-69.3359375
197.73828125,-23.4375,-26.3671875,-31.25,-39.0625
197.7421875,-15.625,-30.76171875,-34.1796875,-12.6953125
197.74609375,-18.5546875,-33.203125,-43.45703125,0.9765625
197.75,-28.80859375,-26.85546875,-40.52734375,7.8125
197.75390625,-10.7421875,-20.99609375,-25.87890625,-29.296875
197.7578125,0.48828125,-17.578125,-29.296875,-33.203125
197.76171875,-5.37109375,-17.08984375,-35.15625,-25.87890625
197.765625,-3.90625,-18.06640625,-20.01953125,-22.94921875
197.76953125,-9.765625,-19.53125,-8.7890625,-21.484375
197.7734375,-14.16015625,-21.97265625,-10.25390625,-27.83203125
197.77734375,-1.46484375,-21.97265625,-16.11328125,-28.80859375
197.78125,-2.44140625,-27.83203125,-18.5546875,-18.5546875
197.78515625,-13.18359375,-30.2734375,-17.578125,-6.34765625
197.7890625,-16.6015625,-29.296875,-27.34375,-24.4140625
197.79296875,-7.8125,-21.97265625,-31.25,-18.5546875
197.796875,-10.7421875,-20.5078125,-26.3671875,-13.671875
197.80078125,-8.30078125,-20.99609375,-24.4140625,-18.5546875
197.8046875,-8.7890625,-21.484375,-21.97265625,-15.13671875
197.80859375,-15.625,-24.4140625,-21.484375,-17.08984375
197.8125,-6.34765625,-23.92578125,-12.20703125,-8.30078125
197.81640625,-19.04296875,-25.390625,-10.25390625,-3.41796875
197.8203125,-25.390625,-28.80859375,-27.34375,-19.53125
197.82421875,-6.34765625,-23.92578125,-28.80859375,-3.41796875
197.828125,10.25390625,-12.6953125,-31.25,9.765625
197.83203125,2.9296875,-14.16015625,-22.4609375,-11.71875
197.8359375,-19.04296875,-19.53125,-6.34765625,-33.203125
197.83984375,-18.06640625,-25.390625,-16.11328125,-34.66796875
197.84375,-18.06640625,-25.390625,-30.76171875,-27.83203125
197.84765625,-15.13671875,-20.01953125,-23.4375,-19.04296875
197.8515625,-17.08984375,-23.4375,-9.27734375,-27.34375
197.85546875,-26.85546875,-27.83203125,-9.765625,-21.484375
197.859375,-26.3671875,-27.34375,-9.765625,-16.11328125
197.86328125,-13.671875,-22.4609375,-16.6015625,-33.203125
197.8671875,-16.11328125,-19.04296875,-19.53125,-20.01953125
197.87109375,-3.90625,-27.34375,-19.53125,23.92578125
197.875,8.7890625,-20.99609375,-19.04296875,-8.30078125
197.87890625,-19.53125,-19.53125,-17.578125,-16.6015625
197.8828125,-34.66796875,-31.25,-12.6953125,-9.27734375
197.88671875,-45.41015625,-39.0625,-9.765625,-40.52734375
197.890625,-41.015625,-38.0859375,-22.94921875,-33.203125
197.89453125,-33.203125,-33.203125,-31.73828125,-18.5546875
197.8984375,-46.875,-29.78515625,-23.92578125,-34.66796875
197.90234375,-36.62109375,-41.9921875,-1.953125,-60.546875
197.90625,-31.73828125,-50.78125,5.37109375,-38.0859375
197.91015625,-40.52734375,-40.0390625,5.37109375,-2.44140625
197.9140625,-38.0859375,-26.3671875,-0.9765625,-19.53125
197.91796875,-41.50390625,-22.94921875,-16.6015625,-14.6484375
197.921875,-36.62109375,-24.90234375,-16.11328125,-13.671875
197.92578125,-27.34375,-25.87890625,-15.625,-25.390625
197.9296875,-18.5546875,-31.25,-26.3671875,-19.04296875
197.93359375,-37.109375,-34.66796875,-37.59765625,-27.83203125
197.9375,-32.71484375,-30.76171875,-39.55078125,-21.97265625
197.94140625,-48.828125,-29.78515625,-29.296875,-28.3203125
197.9453125,-77.1484375,-40.52734375,-13.18359375,-29.78515625
197.94921875,-39.55078125,-37.109375,-1.953125,-39.0625
197.953125,-33.69140625,-36.62109375,4.39453125,-32.71484375
197.95703125,-37.59765625,-41.015625,-8.7890625,-8.7890625
197.9609375,-32.2265625,-30.2734375,-37.109375,-22.4609375
197.96484375,-27.83203125,-25.87890625,-29.296875,-23.92578125
197.96875,-12.6953125,-24.4140625,-1.46484375,15.13671875
197.97265625,-8.30078125,-24.4140625,0.0,-1.46484375
197.9765625,-25.87890625,-37.59765625,-5.37109375,-16.11328125
197.98046875,-26.85546875,-42.96875,5.37109375,-25.390625
197.984375,-26.85546875,-34.66796875,3.90625,-39.0625
197.98828125,-25.87890625,-30.76171875,-0.48828125,-60.546875
197.9921875,-36.62109375,-22.94921875,-22.4609375,-53.22265625
197.99609375,-42.48046875,-15.13671875,-24.90234375,-10.25390625
198.0,-41.015625,-21.97265625,-6.34765625,3.90625
198.00390625,-31.25,-30.2734375,-26.3671875,6.8359375
198.0078125,-11.23046875,-36.1328125,-23.92578125,-4.8828125
198.01171875,-9.765625,-29.296875,0.9765625,-12.20703125
198.015625,-29.78515625,-25.390625,2.9296875,-22.4609375
198.01953125,-35.64453125,-28.3203125,2.9296875,-5.37109375
198.0234375,-20.5078125,-34.66796875,-0.48828125,-8.30078125
198.02734375,-5.859375,-45.41015625,1.953125,-42.96875
198.03125,-2.44140625,-37.109375,1.46484375,-13.18359375
198.03515625,7.32421875,-19.53125,-20.5078125,12.20703125
198.0390625,-9.765625,-19.04296875,-17.08984375,-1.953125
198.04296875,-36.62109375,-20.99609375,13.671875,-11.23046875
198.046875,-38.57421875,-27.34375,12.6953125,-14.16015625
198.05078125,-34.66796875,-31.25,-11.23046875,-35.64453125
198.0546875,1.953125,-22.94921875,-25.87890625,-20.01953125
198.05859375,23.4375,-22.4609375,-9.27734375,4.39453125
198.0625,-1.46484375,-31.73828125,-3.41796875,-12.6953125
198.06640625,-30.76171875,-34.1796875,-3.41796875,-27.34375
198.0703125,-49.31640625,-37.59765625,1.46484375,-20.99609375
198.07421875,-36.1328125,-34.66796875,-9.27734375,-23.4375
198.078125,-27.34375,-34.1796875,-10.25390625,-38.0859375
198.08203125,-38.0859375,-41.50390625,7.8125,-50.78125
198.0859375,-79.1015625,-47.8515625,-0.48828125,-64.453125
198.08984375,-76.66015625,-47.36328125,8.7890625,-32.2265625
198.09375,-39.55078125,-50.29296875,26.85546875,1.953125
198.09765625,-35.64453125,-58.10546875,-5.859375,-19.04296875
198.1015625,-25.87890625,-48.33984375,-15.625,-33.203125
198.10546875,-26.85546875,-48.828125,7.32421875,-40.52734375
198.109375,-24.4140625,-47.8515625,20.01953125,-24.90234375
198.11328125,-28.80859375,-36.62109375,21.97265625,2.44140625
198.1171875,-23.4375,-31.25,-2.9296875,3.90625
198.12109375,-3.41796875,-33.203125,-15.625,10.7421875
198.125,-26.85546875,-40.0390625,-11.23046875,-7.32421875
198.12890625,-38.0859375,-36.62109375,-12.6953125,-20.99609375
198.1328125,-24.90234375,-32.71484375,-1.953125,-7.8125
198.13671875,-29.296875,-35.15625,5.859375,-8.7890625
198.140625,-27.34375,-27.34375,7.32421875,-3.90625
198.14453125,0.9765625,-12.20703125,-0.9765625,-4.8828125
198.1484375,0.48828125,-13.671875,-7.32421875,2.9296875
198.15234375,-10.25390625,-25.390625,4.39453125,4.8828125
198.15625,-13.18359375,-30.2734375,13.671875,-21.484375
198.16015625,-14.16015625,-25.390625,3.41796875,-35.15625
198.1640625,-19.53125,-21.97265625,-6.34765625,-13.18359375
198.16796875,-4.8828125,-13.671875,-17.578125,-11.71875
198.171875,4.8828125,-11.71875,-32.71484375,-3.90625
198.17578125,-19.04296875,-24.90234375,-10.25390625,19.04296875
198.1796875,-14.6484375,-30.2734375,4.39453125,11.23046875
198.18359375,-2.9296875,-23.92578125,-0.9765625,-18.06640625
198.1875,-2.9296875,-23.4375,-7.32421875,-19.53125
198.19140625,-4.8828125,-24.90234375,-12.6953125,-9.27734375
198.1953125,-12.6953125,-27.34375,-6.8359375,-4.8828125
198.19921875,-6.34765625,-23.92578125,-0.9765625,-26.85546875
198.203125,-21.97265625,-20.99609375,-7.32421875,-45.41015625
198.20703125,-17.578125,-18.5546875,-35.64453125,-15.625
198.2109375,7.8125,-16.6015625,-41.015625,13.18359375
198.21484375,30.76171875,-25.87890625,-18.06640625,21.484375
198.21875,15.13671875,-29.296875,-4.8828125,33.203125
198.22265625,12.6953125,-23.4375,-4.8828125,12.20703125
198.2265625,20.5078125,-19.04296875,-1.46484375,-15.625
198.23046875,-3.41796875,-22.4609375,7.8125,-9.27734375
198.234375,-13.18359375,-21.97265625,6.34765625,-15.625
198.23828125,-7.8125,-20.99609375,-7.8125,-42.48046875
198.2421875,9.27734375,-27.83203125,-13.18359375,-28.80859375
198.24609375,10.7421875,-25.87890625,-13.18359375,-7.32421875
198.25,2.9296875,-14.6484375,-18.5546875,23.92578125
198.25390625,18.5546875,-6.8359375,-14.16015625,9.27734375
198.2578125,22.94921875,-13.18359375,-5.37109375,28.80859375
198.26171875,20.01953125,-20.01953125,-13.671875,27.83203125
198.265625,13.671875,-19.04296875,-20.5078125,-15.625
198.26953125,2.44140625,-25.390625,-8.7890625,-13.18359375
198.2734375,3.90625,-21.484375,-6.34765625,-8.30078125
198.27734375,18.5546875,-4.8828125,-23.92578125,-18.5546875
198.28125,9.27734375,-8.7890625,-29.78515625,-9.27734375
198.28515625,-3.90625,-17.578125,-10.7421875,7.8125
198.2890625,1.46484375,-16.6015625,-8.30078125,-28.80859375
198.29296875,14.16015625,-21.484375,-36.62109375,-27.83203125
198.296875,15.625,-20.5078125,-36.62109375,2.9296875
198.30078125,9.765625,-12.6953125,-6.34765625,7.32421875
198.3046875,2.9296875,-15.13671875,4.8828125,2.9296875
198.30859375,-7.32421875,-18.06640625,0.48828125,-2.44140625
198.3125,3.90625,-15.13671875,-21.484375,-13.671875
198.31640625,1.46484375,-14.6484375,-28.80859375,6.34765625
198.3203125,6.8359375,-6.8359375,-24.90234375,34.66796875
198.32421875,24.90234375,-4.39453125,-32.71484375,0.0
198.328125,1.953125,-13.671875,-26.3671875,-38.0859375
198.33203125,11.23046875,-16.6015625,-17.08984375,-9.27734375
198.3359375,4.39453125,-16.11328125,-21.484375,-2.44140625
198.33984375,1.953125,-13.18359375,-16.6015625,-15.625
198.34375,15.625,-11.23046875,-10.25390625,5.37109375
198.34765625,12.20703125,-20.01953125,-12.6953125,9.765625
198.3515625,-9.27734375,-28.80859375,-26.3671875,-20.01953125
198.35546875,-37.59765625,-18.5546875,-46.875,-8.7890625
198.359375,-21.97265625,-5.859375,-34.1796875,-6.34765625
198.36328125,-8.7890625,-9.765625,-8.7890625,-16.11328125
198.3671875,-30.2734375,-17.578125,-10.25390625,-5.859375
198.37109375,-29.296875,-20.5078125,-10.25390625,-34.66796875
198.375,-4.8828125,-28.3203125,-12.20703125,-12.20703125
198.37890625,-2.9296875,-25.87890625,-43.45703125,29.78515625
198.3828125,-14.6484375,-17.578125,-46.875,0.0
198.38671875,-23.4375,-20.5078125,-12.20703125,-20.5078125
198.390625,-26.3671875,-26.3671875,10.7421875,-46.875
198.39453125,-25.87890625,-21.484375,3.90625,-26.85546875
198.3984375,-4.39453125,-6.8359375,-20.5078125,20.5078125
198.40234375,18.5546875,-10.7421875,-28.3203125,3.90625
198.40625,-15.13671875,-29.78515625,-18.06640625,-22.4609375
198.41015625,-29.296875,-31.25,-16.6015625,-35.64453125
198.4140625,-30.2734375,-29.78515625,-21.97265625,-28.80859375
198.41796875,-40.0390625,-34.66796875,-15.625,-26.3671875
198.421875,-44.921875,-29.78515625,-2.9296875,-25.390625
198.42578125,-40.0390625,-28.3203125,-11.71875,-18.5546875
198.4296875,-22.4609375,-27.34375,-20.5078125,-18.06640625
198.43359375,-16.11328125,-14.6484375,-9.765625,-35.64453125
198.4375,-13.18359375,-19.53125,-9.765625,-39.55078125
198.44140625,-18.5546875,-36.62109375,-13.18359375,-40.0390625
198.4453125,-22.94921875,-33.69140625,-27.34375,-37.109375
198.44921875,-29.78515625,-28.80859375,-32.71484375,-15.13671875
198.453125,-30.2734375,-29.78515625,-27.34375,-22.4609375
198.45703125,-20.01953125,-28.3203125,-26.85546875,-31.73828125
198.4609375,-19.53125,-25.87890625,-28.3203125,-25.390625
198.46484375,-31.25,-27.83203125,-23.4375,-39.0625
198.46875,-28.80859375,-34.1796875,-12.20703125,-40.0390625
198.47265625,-43.45703125,-37.109375,-15.13671875,-31.25
198.4765625,-37.109375,-32.71484375,-9.27734375,-51.26953125
198.48046875,-17.578125,-25.390625,0.48828125,-50.29296875
198.484375,-29.78515625,-23.92578125,-13.671875,-51.7578125
198.48828125,-53.22265625,-24.90234375,-17.08984375,-77.63671875
198.4921875,-70.3125,-32.2265625,-18.5546875,-63.96484375
198.49609375,-71.77734375,-35.64453125,-15.13671875,-41.015625
198.5,-74.21875,-32.2265625,-23.4375,-87.40234375
198.50390625,-98.6328125,-39.0625,-20.01953125,-105.95703125
198.5078125,-119.140625,-42.96875,4.8828125,-100.5859375
198.51171875,-119.62890625,-45.8984375,3.90625,-115.72265625
198.515625,-119.140625,-50.78125,-5.859375,-121.58203125
198.51953125,-118.65234375,-49.8046875,0.0,-126.46484375
198.5234375,-133.30078125,-48.828125,-19.53125,-149.4140625
198.52734375,-135.25390625,-45.41015625,-41.50390625,-164.0625
198.53125,-124.0234375,-44.43359375,-3.90625,-153.80859375
198.53515625,-134.765625,-41.015625,21.484375,-134.765625
198.5390625,-129.8828125,-38.57421875,10.25390625,-98.14453125
198.54296875,-122.55859375,-41.50390625,11.71875,-112.3046875
198.546875,-112.79296875,-41.50390625,10.25390625,-104.00390625
198.55078125,-82.51953125,-27.34375,-5.859375,-54.19921875
198.5546875,-65.91796875,-15.13671875,-1.953125,-62.5
198.55859375,-60.546875,-12.20703125,2.9296875,-80.078125
198.5625,-45.41015625,-18.06640625,0.48828125,-78.61328125
198.56640625,-49.8046875,-21.97265625,-7.32421875,-72.75390625
198.5703125,-54.6875,-21.97265625,-19.53125,-36.62109375
198.57421875,-41.015625,-24.4140625,-13.671875,-20.01953125
198.578125,3.41796875,-16.11328125,-19.53125,-16.11328125
198.58203125,18.5546875,3.41796875,-28.80859375,-1.953125
198.5859375,-16.6015625,-7.32421875,-0.48828125,-8.30078125
198.58984375,-25.87890625,-21.484375,9.765625,-13.671875
198.59375,-17.578125,-25.87890625,-1.46484375,13.671875
198.59765625,4.8828125,-21.484375,-0.9765625,21.97265625
198.6015625,13.671875,-13.18359375,-5.859375,16.6015625
198.60546875,35.64453125,-9.765625,-24.90234375,56.15234375
198.609375,45.41015625,0.48828125,-40.52734375,19.53125
198.61328125,2.9296875,-2.44140625,-31.73828125,-2.9296875
198.6171875,-12.20703125,-18.5546875,-23.92578125,6.34765625
198.62109375,24.90234375,-16.6015625,-26.3671875,6.8359375
198.625,59.08203125,-16.6015625,-32.71484375,34.66796875
198.62890625,46.38671875,-18.06640625,-41.9921875,47.36328125
198.6328125,36.1328125,-9.27734375,-38.57421875,23.4375
198.63671875,32.71484375,-0.48828125,-32.71484375,27.83203125
198.640625,32.2265625,-4.39453125,-17.08984375,32.71484375
198.64453125,41.015625,-15.625,-14.6484375,2.9296875
198.6484375,51.7578125,-5.859375,-33.203125,17.08984375
198.65234375,37.109375,-3.41796875,-22.94921875,21.484375
198.65625,29.78515625,-13.671875,-21.484375,11.71875
198.66015625,37.109375,-13.18359375,-22.94921875,50.78125
198.6640625,25.390625,-13.671875,-17.08984375,53.22265625
198.66796875,32.2265625,-17.578125,-34.66796875,20.01953125
198.671875,31.73828125,-24.90234375,-42.48046875,3.90625
198.67578125,31.25,-21.484375,-36.62109375,0.9765625
198.6796875,47.36328125,-17.578125,-51.7578125,36.1328125
198.68359375,41.50390625,-26.85546875,-51.26953125,32.71484375
198.6875,9.27734375,-43.45703125,-36.62109375,4.8828125
198.69140625,5.37109375,-36.62109375,-38.57421875,20.01953125
198.6953125,27.34375,-11.71875,-26.85546875,13.671875
198.69921875,19.04296875,-10.25390625,-21.484375,16.11328125
198.703125,22.94921875,-12.6953125,-21.484375,16.6015625
198.70703125,21.97265625,-8.7890625,-15.13671875,25.390625
198.7109375,14.16015625,-11.71875,-15.625,19.53125
198.71484375,27.83203125,-23.4375,-15.13671875,14.6484375
198.71875,22.4609375,-24.90234375,-18.5546875,30.2734375
198.72265625,14.16015625,-20.5078125,-30.2734375,32.2265625
198.7265625,26.3671875,-13.18359375,-49.8046875,28.3203125
198.73046875,26.3671875,-11.23046875,-39.55078125,34.66796875
198.734375,23.92578125,-12.6953125,-13.671875,22.94921875
198.73828125,26.85546875,-4.39453125,-11.23046875,9.27734375
198.7421875,33.203125,-10.25390625,-21.484375,9.765625
198.74609375,39.0625,-22.4609375,-24.4140625,13.18359375
198.75,23.4375,-26.85546875,-23.4375,11.71875
198.75390625,-2.9296875,-22.94921875,-40.52734375,27.83203125
198.7578125,9.765625,-7.8125,-46.875,45.41015625
198.76171875,41.50390625,-6.8359375,-29.78515625,30.2734375
198.765625,27.34375,-17.08984375,-25.87890625,8.7890625
198.76953125,11.23046875,-19.04296875,-28.3203125,0.0
198.7734375,13.671875,-13.18359375,-16.11328125,11.23046875
198.77734375,15.13671875,-4.39453125,-22.94921875,33.69140625
198.78125,19.04296875,-4.8828125,-30.2734375,21.97265625
198.78515625,-2.9296875,-13.18359375,-15.13671875,-0.48828125
198.7890625,1.46484375,-16.11328125,-9.27734375,-10.7421875
198.79296875,11.23046875,-23.4375,-17.578125,-4.8828125
198.796875,6.34765625,-28.80859375,-21.484375,2.44140625
198.80078125,3.90625,-28.80859375,-20.01953125,-18.06640625
198.8046875,-10.7421875,-27.83203125,-26.85546875,6.8359375
198.80859375,-13.18359375,-26.3671875,-24.90234375,17.08984375
198.8125,-4.39453125,-31.25,-13.671875,8.7890625
198.81640625,0.9765625,-28.80859375,-15.13671875,27.83203125
198.8203125,-3.41796875,-14.6484375,-40.0390625,23.92578125
198.82421875,-5.859375,-12.20703125,-47.36328125,-5.37109375
198.828125,-3.41796875,-18.06640625,-36.1328125,36.62109375
198.83203125,25.390625,-18.5546875,-47.36328125,51.7578125
198.8359375,20.99609375,-28.3203125,-48.33984375,13.671875
198.83984375,-45.41015625,-38.57421875,-18.5546875,-9.765625
198.84375,-68.359375,-41.9921875,-11.71875,-18.06640625
198.84765625,-45.8984375,-36.1328125,3.90625,-40.52734375
198.8515625,-32.2265625,-35.64453125,13.18359375,-52.734375
198.85546875,-29.78515625,-47.36328125,2.9296875,-29.78515625
198.859375,-34.66796875,-41.50390625,-11.71875,-25.87890625
198.86328125,-18.06640625,-36.62109375,-30.76171875,-20.99609375
198.8671875,-8.7890625,-45.41015625,-37.109375,2.44140625
198.87109375,-20.5078125,-36.1328125,-45.41015625,7.8125
198.875,-27.83203125,-34.1796875,-34.66796875,0.9765625
198.87890625,-30.2734375,-42.96875,-24.90234375,10.7421875
198.8828125,-42.48046875,-37.109375,-17.08984375,-15.625
198.88671875,-49.8046875,-37.109375,-7.32421875,-58.59375
198.890625,-45.8984375,-37.109375,-10.25390625,-37.59765625
198.89453125,-37.59765625,-36.1328125,-9.27734375,-13.18359375
198.8984375,-34.1796875,-39.55078125,-15.625,-15.13671875
198.90234375,-27.83203125,-39.0625,-32.2265625,-6.8359375
198.90625,-28.3203125,-32.2265625,-41.50390625,-12.6953125
198.91015625,-27.83203125,-27.34375,-29.78515625,-18.06640625
198.9140625,-27.83203125,-23.92578125,-33.69140625,-19.04296875
198.91796875,-34.66796875,-10.7421875,-51.7578125,-3.90625
198.921875,-12.6953125,-4.39453125,-53.7109375,-2.9296875
198.92578125,-15.625,-19.04296875,-43.45703125,-33.69140625
198.9296875,-31.73828125,-29.78515625,-27.34375,-38.57421875
198.93359375,-22.4609375,-31.73828125,-18.5546875,-12.20703125
198.9375,-4.8828125,-24.90234375,-21.484375,9.765625
198.94140625,-0.9765625,-26.3671875,-31.73828125,9.765625
198.9453125,-13.671875,-31.25,-58.59375,-12.20703125
198.94921875,-10.7421875,-23.92578125,-51.26953125,-41.9921875
198.953125,-6.34765625,-24.90234375,-22.94921875,-33.203125
198.95703125,-13.18359375,-18.06640625,-18.06640625,-21.97265625
198.9609375,-14.16015625,-11.71875,-32.2265625,-9.27734375
198.96484375,-21.484375,-25.390625,-34.1796875,5.859375
198.96875,-21.484375,-24.90234375,-22.4609375,-4.8828125
198.97265625,-35.15625,-21.484375,-27.83203125,-21.97265625
198.9765625,-31.25,-30.2734375,-32.2265625,-17.08984375
198.98046875,-15.13671875,-32.71484375,-24.4140625,-10.7421875
198.984375,-9.765625,-25.87890625,-18.5546875,-15.13671875
198.98828125,-10.25390625,-15.13671875,-31.73828125,-30.2734375
198.9921875,9.27734375,-5.859375,-61.03515625,3.41796875
198.99609375,9.27734375,-20.01953125,-60.05859375,0.9765625
199.0,-5.859375,-37.59765625,-25.87890625,-27.83203125
199.00390625,-17.578125,-32.71484375,-7.32421875,-6.8359375
199.0078125,-18.06640625,-29.78515625,-9.765625,-7.8125
199.01171875,-12.6953125,-34.66796875,-28.3203125,-19.04296875
199.015625,-12.6953125,-25.390625,-40.0390625,-17.578125
199.01953125,-18.5546875,-13.18359375,-21.97265625,-24.90234375
199.0234375,-28.3203125,-15.625,-8.7890625,-29.78515625
199.02734375,-8.30078125,-16.6015625,-25.87890625,-33.203125
199.03125,-4.8828125,-18.06640625,-50.29296875,-9.27734375
199.03515625,-12.20703125,-26.3671875,-29.78515625,18.06640625
199.0390625,-12.6953125,-39.55078125,-22.94921875,-14.16015625
199.04296875,-9.27734375,-30.76171875,-29.296875,-34.66796875
199.046875,14.16015625,-13.18359375,-11.71875,-22.4609375
199.05078125,12.6953125,-14.16015625,-7.8125,-24.90234375
199.0546875,2.44140625,-16.11328125,-19.04296875,-26.3671875
199.05859375,-0.48828125,-26.3671875,-24.90234375,-22.94921875
199.0625,19.04296875,-34.1796875,-7.32421875,23.4375
199.06640625,-0.48828125,-19.04296875,-1.953125,27.83203125
199.0703125,-31.25,-6.8359375,-21.484375,-3.90625
199.07421875,-26.85546875,-6.34765625,-31.73828125,-16.11328125
199.078125,-28.80859375,-5.37109375,-38.57421875,-46.875
199.08203125,-36.62109375,-7.8125,-48.33984375,-68.359375
199.0859375,-30.76171875,-5.37109375,-41.015625,-49.31640625
199.08984375,-6.34765625,-4.8828125,-41.50390625,-12.20703125
199.09375,-27.83203125,-8.30078125,-57.12890625,-42.96875
199.09765625,-42.48046875,-11.23046875,-57.6171875,-66.89453125
199.1015625,-5.859375,-18.06640625,-53.7109375,-59.5703125
199.10546875,7.32421875,-10.25390625,-47.8515625,-26.3671875
199.109375,-1.46484375,-2.9296875,-50.29296875,-10.7421875
199.11328125,-10.25390625,-11.71875,-71.2890625,-10.7421875
199.1171875,-30.76171875,-26.3671875,-57.6171875,-13.671875
199.12109375,-31.25,-27.83203125,-42.96875,-18.06640625
199.125,-29.296875,-22.94921875,-47.36328125,-27.83203125
199.12890625,-25.87890625,-18.06640625,-38.57421875,-21.97265625
199.1328125,-17.578125,-17.08984375,-31.73828125,-19.04296875
199.13671875,-24.90234375,-13.18359375,-31.73828125,-5.37109375
199.140625,-20.5078125,-12.20703125,-32.2265625,-33.69140625
199.14453125,-9.765625,-22.4609375,-31.73828125,-68.84765625
199.1484375,-7.32421875,-22.4609375,-31.73828125,-19.04296875
199.15234375,-10.7421875,-16.6015625,-38.57421875,-9.765625
199.15625,-25.390625,-8.7890625,-34.66796875,-34.1796875
199.16015625,-26.85546875,-11.23046875,-15.625,-0.48828125
199.1640625,-8.7890625,-13.18359375,-8.7890625,6.8359375
199.16796875,-3.90625,-11.71875,-14.16015625,-25.87890625
199.171875,-12.20703125,-11.71875,-14.6484375,-17.578125
199.17578125,-3.90625,-7.8125,-16.6015625,-3.41796875
199.1796875,-28.3203125,-12.20703125,-36.1328125,0.48828125
199.18359375,-16.6015625,-9.27734375,-44.921875,13.18359375
199.1875,-11.23046875,-5.859375,-35.64453125,-15.13671875
199.19140625,-26.85546875,-19.04296875,-9.27734375,-24.4140625
199.1953125,18.06640625,-22.4609375,6.34765625,16.6015625
199.19921875,23.4375,-13.671875,1.46484375,26.3671875
199.203125,-6.34765625,-11.23046875,-16.11328125,-2.9296875
199.20703125,-13.18359375,-9.27734375,-34.1796875,-20.99609375
199.2109375,-22.94921875,-5.37109375,-33.69140625,-21.484375
199.21484375,-20.5078125,-5.859375,-31.25,-18.06640625
199.21875,-7.8125,-6.34765625,-34.1796875,-28.80859375
199.22265625,-6.8359375,-7.32421875,-39.0625,-37.109375
199.2265625,-5.37109375,-7.8125,-39.0625,2.9296875
199.23046875,1.46484375,-3.90625,-38.57421875,21.484375
199.234375,16.6015625,-8.7890625,-51.7578125,-18.06640625
199.23828125,21.484375,-10.25390625,-45.8984375,-11.71875
199.2421875,16.11328125,-7.32421875,-29.78515625,-21.97265625
199.24609375,-0.9765625,-10.7421875,-32.71484375,-31.25
199.25,8.30078125,-10.25390625,-43.9453125,0.0
199.25390625,26.3671875,-14.16015625,-46.38671875,-5.859375
199.2578125,16.11328125,-14.6484375,-32.2265625,-19.04296875
199.26171875,-4.8828125,-9.27734375,-24.4140625,-27.83203125
199.265625,-11.23046875,-6.8359375,-31.73828125,-27.83203125
199.26953125,-13.671875,-4.39453125,-35.64453125,-25.87890625
199.2734375,-5.37109375,-5.37109375,-33.203125,-15.625
199.27734375,0.48828125,-11.71875,-31.73828125,-15.625
199.28125,-11.23046875,-14.16015625,-33.69140625,3.90625
199.28515625,-14.16015625,-17.08984375,-29.78515625,27.83203125
199.2890625,13.18359375,-8.7890625,-55.17578125,-14.16015625
199.29296875,34.66796875,-5.859375,-67.87109375,-26.3671875
199.296875,7.32421875,-15.13671875,-31.25,0.0
199.30078125,14.6484375,-23.4375,-4.8828125,-22.94921875
199.3046875,15.625,-33.69140625,-7.8125,-28.3203125
199.30859375,-16.11328125,-27.34375,-15.13671875,-0.48828125
199.3125,-17.08984375,-10.7421875,-26.3671875,18.5546875
199.31640625,-10.25390625,-8.30078125,-35.15625,-4.8828125
199.3203125,-20.99609375,-19.04296875,-27.83203125,-14.16015625
199.32421875,-17.08984375,-22.94921875,-18.06640625,-0.9765625
199.328125,-11.23046875,-17.578125,-20.5078125,19.04296875
199.33203125,-12.6953125,-15.13671875,-26.85546875,2.9296875
199.3359375,-7.32421875,-16.6015625,-23.4375,-38.0859375
199.33984375,-7.8125,-17.578125,-33.69140625,-66.89453125
199.34375,-20.99609375,-14.6484375,-30.76171875,-62.98828125
199.34765625,-23.92578125,-14.6484375,-15.13671875,-48.828125
199.3515625,-12.20703125,-16.11328125,-26.3671875,-58.10546875
199.35546875,-0.9765625,-14.16015625,-32.2265625,-62.5
199.359375,21.97265625,-7.32421875,-17.08984375,-9.765625
199.36328125,14.16015625,-15.625,-19.53125,9.765625
199.3671875,-7.8125,-21.97265625,-20.99609375,-34.1796875
199.37109375,-15.13671875,-27.34375,-21.484375,-46.875
199.375,-15.625,-31.25,-29.296875,-28.3203125
199.37890625,-20.5078125,-27.34375,-25.390625,-38.0859375
199.3828125,-36.1328125,-20.99609375,-21.484375,-58.59375
199.38671875,-33.203125,-19.04296875,-25.390625,-35.15625
199.390625,-24.90234375,-24.90234375,-31.73828125,-30.2734375
199.39453125,-10.25390625,-20.99609375,-31.73828125,-54.19921875
199.3984375,-10.7421875,-14.16015625,-18.06640625,-48.33984375
199.40234375,-22.94921875,-7.8125,-17.578125,-52.734375
199.40625,-10.25390625,-6.8359375,-29.296875,-61.03515625
199.41015625,-4.39453125,-21.97265625,-23.92578125,-68.84765625
199.4140625,-5.859375,-17.08984375,-12.20703125,-72.265625
199.41796875,-13.671875,-13.18359375,-15.13671875,-47.36328125
199.421875,-14.16015625,-27.83203125,-33.69140625,-37.109375
199.42578125,-4.8828125,-25.390625,-35.15625,-26.3671875
199.4296875,-24.4140625,-19.04296875,-16.6015625,-35.64453125
199.43359375,-11.71875,-21.97265625,-10.7421875,-30.2734375
199.4375,9.27734375,-20.5078125,-11.71875,-27.34375
199.44140625,-26.85546875,-13.18359375,-15.625,-45.8984375
199.4453125,-37.109375,-12.20703125,-21.97265625,-46.875
199.44921875,-43.9453125,-15.625,-29.78515625,-53.22265625
199.453125,-46.875,-19.04296875,-39.0625,-77.63671875
199.45703125,-20.01953125,-11.71875,-47.36328125,-66.40625
199.4609375,-38.57421875,-2.44140625,-55.6640625,-77.1484375
199.46484375,-50.29296875,-13.671875,-38.0859375,-95.703125
199.46875,-36.1328125,-17.578125,-16.11328125,-44.43359375
199.47265625,-39.0625,-13.18359375,-12.20703125,-20.5078125
199.4765625,-24.90234375,-17.08984375,-20.5078125,-41.50390625
199.48046875,-26.3671875,-22.94921875,-26.85546875,-17.08984375
199.484375,-21.484375,-19.04296875,-25.87890625,-37.109375
199.48828125,-40.0390625,-10.25390625,-34.1796875,-53.22265625
199.4921875,-51.26953125,-10.25390625,-43.9453125,-40.52734375
199.49609375,-38.57421875,-19.04296875,-30.2734375,-76.66015625
199.5,-37.109375,-21.484375,-16.11328125,-73.2421875
199.50390625,-41.015625,-17.08984375,-23.92578125,-62.98828125
199.5078125,-34.66796875,-18.06640625,-30.76171875,-48.828125
199.51171875,-22.94921875,-18.5546875,-24.90234375,-33.203125
199.515625,-19.53125,-18.06640625,-19.53125,-27.83203125
199.51953125,-9.27734375,-17.08984375,-14.6484375,-32.2265625
199.5234375,-22.94921875,-13.671875,-12.6953125,-20.01953125
199.52734375,-25.87890625,-13.671875,-16.6015625,5.37109375
199.53125,-11.23046875,-20.5078125,-11.23046875,-13.671875
199.53515625,-23.4375,-14.6484375,-14.6484375,-29.296875
199.5390625,-22.4609375,-12.20703125,-29.78515625,-26.3671875
199.54296875,-26.3671875,-24.4140625,-31.25,-31.73828125
199.546875,-34.66796875,-24.4140625,-27.83203125,-57.12890625
199.55078125,-34.1796875,-16.6015625,-23.92578125,-33.69140625
199.5546875,-26.3671875,-8.7890625,-15.13671875,-10.7421875
199.55859375,-7.32421875,-8.7890625,-29.296875,-13.18359375
199.5625,-13.18359375,-17.08984375,-26.85546875,8.30078125
199.56640625,-20.01953125,-21.484375,-4.8828125,2.9296875
199.5703125,-21.484375,-25.390625,-9.765625,-29.78515625
199.57421875,-22.4609375,-23.92578125,-2.44140625,-18.5546875
199.578125,3.41796875,-21.97265625,-0.9765625,-20.01953125
199.58203125,0.0,-20.99609375,-21.97265625,-34.1796875
199.5859375,-22.4609375,-21.97265625,-12.6953125,3.41796875
199.58984375,-27.83203125,-19.53125,7.32421875,4.39453125
199.59375,-47.36328125,-17.08984375,-4.8828125,-30.76171875
199.59765625,-42.48046875,-11.71875,-16.11328125,-41.50390625
199.6015625,-11.23046875,-8.7890625,-8.7890625,-32.71484375
199.60546875,-16.11328125,-6.8359375,-6.8359375,-27.83203125
199.609375,-30.76171875,-7.32421875,-4.39453125,-36.1328125
199.61328125,-30.2734375,-12.6953125,-8.7890625,-25.87890625
199.6171875,-25.390625,-17.08984375,-12.20703125,-14.6484375
199.62109375,-10.25390625,-11.71875,-14.6484375,-3.90625
199.625,-17.08984375,-11.71875,-24.90234375,-15.625
199.62890625,-29.78515625,-20.5078125,-15.625,-33.203125
199.6328125,-24.90234375,-26.3671875,-10.7421875,-20.5078125
199.63671875,-18.06640625,-26.85546875,-11.23046875,-16.11328125
199.640625,-23.4375,-23.4375,-7.8125,-14.16015625
199.64453125,-19.53125,-24.90234375,-0.9765625,-17.578125
199.6484375,-22.4609375,-29.296875,-3.90625,-12.20703125
199.65234375,-20.5078125,-26.85546875,-8.7890625,-14.16015625
199.65625,-20.01953125,-17.578125,-6.34765625,-24.90234375
199.66015625,-31.73828125,-18.06640625,-29.296875,6.34765625
199.6640625,-43.45703125,-34.1796875,-40.52734375,-22.4609375
199.66796875,-40.0390625,-36.62109375,-12.6953125,-46.875
199.671875,-30.2734375,-29.296875,5.859375,-30.2734375
199.67578125,-18.5546875,-26.85546875,12.20703125,-5.859375
199.6796875,-20.5078125,-22.4609375,6.8359375,-34.1796875
199.68359375,-12.20703125,-17.08984375,-8.30078125,-33.203125
199.6875,-23.4375,-21.484375,-13.18359375,-5.859375
199.69140625,-61.5234375,-26.85546875,-9.27734375,-23.92578125
199.6953125,-46.875,-21.97265625,-1.953125,-7.8125
199.69921875,-39.55078125,-28.3203125,-17.578125,-12.6953125
199.703125,-25.390625,-32.71484375,-32.71484375,-49.31640625
199.70703125,-21.484375,-27.34375,-28.3203125,-39.0625
199.7109375,-40.52734375,-22.94921875,-23.4375,-15.625
199.71484375,-59.08203125,-22.94921875,-27.34375,-14.16015625
199.71875,-51.26953125,-29.296875,-31.73828125,-23.92578125
199.72265625,-41.50390625,-23.92578125,-23.4375,-33.203125
199.7265625,-50.78125,-14.6484375,-13.18359375,-37.109375
199.73046875,-55.17578125,-12.6953125,-3.90625,-22.94921875
199.734375,-37.109375,-10.7421875,-4.8828125,-11.71875
199.73828125,-17.578125,-17.578125,-2.9296875,-23.4375
199.7421875,-47.8515625,-22.94921875,-1.953125,-22.94921875
199.74609375,-75.1953125,-20.5078125,-13.18359375,-13.18359375
199.75,-73.73046875,-26.85546875,-2.9296875,-7.8125
199.75390625,-73.73046875,-25.390625,0.9765625,-11.23046875
199.7578125,-94.23828125,-21.97265625,-15.13671875,-20.01953125
199.76171875,-88.37890625,-18.06640625,-17.08984375,-27.83203125
199.765625,-62.98828125,-13.671875,-20.99609375,-41.015625
199.76953125,-77.1484375,-15.13671875,-21.484375,-41.9921875
199.7734375,-83.0078125,-18.06640625,-16.11328125,-35.64453125
199.77734375,-81.54296875,-21.484375,-15.13671875,-35.15625
199.78125,-77.1484375,-20.99609375,-11.23046875,-31.73828125
199.78515625,-75.68359375,-13.671875,-16.11328125,0.48828125
199.7890625,-59.5703125,-9.27734375,-35.64453125,3.41796875
199.79296875,-45.8984375,-13.671875,-35.64453125,-38.57421875
199.796875,-67.3828125,-14.6484375,-21.484375,-57.12890625
199.80078125,-74.21875,-8.30078125,-28.3203125,-33.203125
199.8046875,-71.77734375,-6.8359375,-29.78515625,-6.8359375
199.80859375,-90.33203125,-13.671875,-10.25390625,-38.0859375
199.8125,-99.609375,-18.06640625,1.46484375,-67.87109375
199.81640625,-96.19140625,-21.484375,0.0,-21.484375
199.8203125,-91.796875,-19.04296875,-12.20703125,-18.5546875
199.82421875,-73.2421875,-20.01953125,-14.16015625,-38.0859375
199.828125,-69.3359375,-26.85546875,-14.16015625,-31.25
199.83203125,-54.6875,-33.69140625,-16.6015625,-29.78515625
199.8359375,-57.12890625,-32.71484375,-15.13671875,-18.5546875
199.83984375,-75.1953125,-19.53125,-17.578125,-35.64453125
199.84375,-64.453125,-5.859375,-13.18359375,-18.5546875
199.84765625,-72.75390625,-12.6953125,-11.23046875,-20.5078125
199.8515625,-99.12109375,-17.578125,-2.44140625,-43.45703125
199.85546875,-89.84375,-11.71875,0.0,-38.57421875
199.859375,-85.44921875,-18.06640625,-2.9296875,-46.875
199.86328125,-87.40234375,-17.578125,-4.8828125,-36.62109375
199.8671875,-63.96484375,-13.671875,-4.39453125,-19.53125
199.87109375,-75.68359375,-28.3203125,-9.765625,-18.06640625
199.875,-89.35546875,-32.71484375,-27.34375,-35.15625
199.87890625,-90.8203125,-17.08984375,-23.92578125,-43.45703125
199.8828125,-95.703125,-11.23046875,-9.27734375,-51.26953125
199.88671875,-102.5390625,-18.5546875,-9.765625,-53.7109375
199.890625,-104.98046875,-28.80859375,-13.18359375,-18.06640625
199.89453125,-91.796875,-28.3203125,-7.32421875,-3.90625
199.8984375,-97.16796875,-23.4375,-11.71875,-8.30078125
199.90234375,-86.9140625,-20.01953125,-42.96875,-16.11328125
199.90625,-49.8046875,-17.578125,-34.66796875,-6.8359375
199.91015625,-73.73046875,-22.94921875,10.7421875,-12.6953125
199.9140625,-113.28125,-23.4375,19.04296875,-63.4765625
199.91796875,-103.515625,-15.13671875,18.06640625,-45.41015625
199.921875,-88.37890625,-19.53125,14.6484375,-35.64453125
199.92578125,-89.35546875,-35.64453125,7.32421875,-70.80078125
199.9296875,-107.91015625,-41.50390625,12.20703125,-63.4765625
199.93359375,-130.37109375,-48.828125,16.11328125,-78.61328125
199.9375,-145.99609375,-48.33984375,4.39453125,-63.4765625
199.94140625,-159.1796875,-39.55078125,-1.46484375,-54.6875
199.9453125,-153.80859375,-37.109375,21.97265625,-55.6640625
199.94921875,-136.71875,-40.52734375,34.1796875,-56.15234375
199.953125,-128.90625,-34.66796875,20.01953125,-68.84765625
199.95703125,-128.41796875,-23.4375,10.25390625,-55.17578125
199.9609375,-110.83984375,-28.3203125,19.04296875,-39.0625
199.96484375,-106.4453125,-37.109375,21.97265625,-39.55078125
199.96875,-113.76953125,-30.2734375,14.16015625,-56.15234375
199.97265625,-100.09765625,-22.94921875,4.39453125,-58.10546875
199.9765625,-63.4765625,-25.87890625,-0.9765625,-39.0625
199.98046875,-97.16796875,-24.4140625,3.90625,-26.85546875
199.984375,-125.9765625,-23.92578125,8.30078125,-36.62109375
199.98828125,-127.9296875,-25.87890625,-2.9296875,-47.36328125
199.9921875,-112.3046875,-20.99609375,-27.83203125,-37.109375
199.99609375,-95.703125,-19.53125,-22.94921875,-40.52734375
200.0,-84.9609375,-25.87890625,8.30078125,-28.3203125
200.00390625,-82.51953125,-29.78515625,20.01953125,-17.578125
200.0078125,-94.7265625,-19.04296875,17.08984375,-45.8984375
200.01171875,-105.46875,-12.6953125,5.37109375,-38.0859375
200.015625,-103.02734375,-20.5078125,-6.34765625,-31.73828125
200.01953125,-92.7734375,-16.11328125,-13.18359375,-36.1328125
200.0234375,-78.61328125,-9.27734375,-20.01953125,-27.34375
200.02734375,-89.84375,-20.5078125,-10.25390625,-54.19921875
200.03125,-107.91015625,-23.4375,0.48828125,-57.6171875
200.03515625,-112.79296875,-22.94921875,-3.90625,-28.80859375
200.0390625,-99.12109375,-24.4140625,-2.9296875,-7.32421875
200.04296875,-69.82421875,-20.01953125,-3.90625,-33.203125
200.046875,-93.26171875,-28.3203125,-14.6484375,-48.828125
200.05078125,-114.2578125,-32.71484375,-22.4609375,-27.83203125
200.0546875,-95.703125,-26.3671875,-10.7421875,-53.22265625
200.05859375,-92.7734375,-27.83203125,-11.71875,-57.12890625
200.0625,-108.88671875,-28.3203125,-19.04296875,-43.9453125
200.06640625,-109.86328125,-23.4375,-12.6953125,-50.78125
200.0703125,-100.09765625,-20.5078125,-5.37109375,-35.15625
200.07421875,-106.4453125,-22.94921875,-9.27734375,-38.0859375
200.078125,-98.6328125,-18.5546875,-23.92578125,-52.734375
200.08203125,-86.9140625,-11.71875,-24.4140625,-56.15234375
200.0859375,-94.7265625,-24.90234375,-22.94921875,-37.59765625
200.08984375,-85.9375,-37.109375,-21.484375,-9.27734375
200.09375,-80.56640625,-39.0625,-22.4609375,3.90625
200.09765625,-101.5625,-28.3203125,-15.13671875,0.0
200.1015625,-113.28125,-15.13671875,-10.7421875,-36.62109375
200.10546875,-92.7734375,-15.13671875,-28.3203125,-73.73046875
200.109375,-98.6328125,-12.6953125,-31.73828125,-68.359375
200.11328125,-100.5859375,-11.23046875,-17.08984375,-41.50390625
200.1171875,-99.609375,-16.11328125,-14.6484375,-55.6640625
200.12109375,-102.5390625,-24.4140625,-12.6953125,-71.2890625
200.125,-94.23828125,-28.3203125,-5.37109375,-60.546875
200.12890625,-89.35546875,-27.83203125,-14.16015625,-83.49609375
200.1328125,-101.5625,-24.4140625,-19.53125,-81.0546875
200.13671875,-133.30078125,-20.01953125,-19.04296875,-48.33984375
200.140625,-125.48828125,-21.484375,-20.5078125,-49.31640625
200.14453125,-122.0703125,-26.85546875,-25.390625,-56.15234375
200.1484375,-130.37109375,-28.3203125,-22.94921875,-5.859375
200.15234375,-100.5859375,-28.3203125,-24.4140625,-18.5546875
200.15625,-94.7265625,-28.80859375,-41.50390625,-57.6171875
200.16015625,-103.515625,-29.296875,-52.24609375,-47.36328125
200.1640625,-100.09765625,-29.296875,-37.109375,-68.84765625
200.16796875,-98.6328125,-31.25,-17.578125,-79.1015625
200.171875,-101.5625,-38.57421875,-10.7421875,-87.890625
200.17578125,-114.2578125,-41.015625,-6.34765625,-98.6328125
200.1796875,-117.67578125,-34.1796875,-11.71875,-76.66015625
200.18359375,-120.60546875,-27.34375,-24.90234375,-76.171875
200.1875,-129.8828125,-28.3203125,-22.4609375,-85.9375
200.19140625,-121.09375,-23.92578125,-7.32421875,-75.68359375
200.1953125,-105.95703125,-22.94921875,-0.9765625,-79.58984375
200.19921875,-89.35546875,-26.3671875,-21.484375,-65.4296875
200.203125,-83.49609375,-25.390625,-38.0859375,-47.8515625
200.20703125,-97.65625,-21.484375,-18.5546875,-75.68359375
200.2109375,-96.6796875,-20.01953125,-5.37109375,-76.171875
200.21484375,-94.7265625,-21.484375,-0.9765625,-52.24609375
200.21875,-100.09765625,-21.484375,-5.859375,-55.17578125
200.22265625,-104.00390625,-17.08984375,-8.7890625,-56.15234375
200.2265625,-100.5859375,-20.99609375,-5.859375,-3.41796875
200.23046875,-94.7265625,-26.85546875,-13.18359375,-27.83203125
200.234375,-88.8671875,-21.484375,-30.2734375,-85.9375
200.23828125,-74.70703125,-22.4609375,-30.2734375,-78.61328125
200.2421875,-66.89453125,-30.2734375,-20.99609375,-41.50390625
200.24609375,-66.40625,-24.90234375,-31.25,-27.34375
200.25,-77.63671875,-14.16015625,-44.43359375,-29.78515625
200.25390625,-90.33203125,-20.5078125,-38.57421875,-41.50390625
200.2578125,-90.8203125,-27.34375,-31.73828125,-51.7578125
200.26171875,-81.54296875,-20.99609375,-22.94921875,-55.17578125
200.265625,-100.5859375,-20.5078125,-15.625,-61.03515625
200.26953125,-116.2109375,-22.4609375,-10.7421875,-43.45703125
200.2734375,-89.84375,-20.99609375,-20.99609375,-47.8515625
200.27734375,-84.9609375,-20.99609375,-31.73828125,-40.52734375
200.28125,-73.2421875,-16.11328125,-20.99609375,-36.62109375
200.28515625,-57.6171875,-17.08984375,-20.01953125,-62.5
200.2890625,-78.125,-19.53125,-15.13671875,-53.22265625
200.29296875,-80.078125,-21.97265625,-5.859375,-62.01171875
200.296875,-64.453125,-34.1796875,-12.6953125,-57.6171875
200.30078125,-46.38671875,-37.109375,-23.92578125,-26.85546875
200.3046875,-26.85546875,-17.08984375,-20.99609375,-25.87890625
200.30859375,-50.29296875,-16.11328125,-18.06640625,-7.8125
200.3125,-72.265625,-20.5078125,-16.6015625,-15.13671875
200.31640625,-83.49609375,-14.6484375,-15.625,-69.3359375
200.3203125,-86.42578125,-24.90234375,-14.6484375,-77.1484375
200.32421875,-80.56640625,-26.85546875,-20.01953125,-51.7578125
200.328125,-72.265625,-26.3671875,-39.0625,-28.3203125
200.33203125,-64.94140625,-15.13671875,-28.3203125,-21.484375
200.3359375,-69.82421875,-10.7421875,-14.6484375,-7.32421875
200.33984375,-71.2890625,-26.3671875,-16.6015625,-29.296875
200.34375,-53.7109375,-29.78515625,-13.18359375,-71.77734375
200.34765625,-63.4765625,-33.69140625,-9.27734375,-59.5703125
200.3515625,-65.4296875,-32.2265625,-10.25390625,-17.08984375
200.35546875,-59.5703125,-19.04296875,-18.5546875,-21.97265625
200.359375,-54.19921875,-18.06640625,-22.94921875,-25.87890625
200.36328125,-59.08203125,-23.4375,-9.27734375,-27.34375
200.3671875,-37.59765625,-19.53125,4.39453125,-33.203125
200.37109375,-47.8515625,-16.11328125,1.46484375,-27.83203125
200.375,-89.35546875,-23.92578125,-20.5078125,-7.8125
200.37890625,-71.77734375,-21.484375,-20.5078125,-16.11328125
200.3828125,-66.89453125,-23.92578125,-3.41796875,-51.26953125
200.38671875,-92.7734375,-30.76171875,-5.859375,-47.8515625
200.390625,-100.09765625,-25.390625,-4.8828125,-20.01953125
200.39453125,-60.546875,-30.76171875,15.13671875,-9.765625
200.3984375,-52.734375,-27.83203125,4.8828125,-11.23046875
200.40234375,-75.1953125,-22.4609375,-25.390625,-57.12890625
200.40625,-90.33203125,-32.2265625,-3.41796875,-101.5625
200.41015625,-110.83984375,-26.3671875,11.23046875,-133.30078125
200.4140625,-121.58203125,-21.97265625,-3.90625,-163.57421875
200.41796875,-135.25390625,-25.87890625,-13.18359375,-136.71875
200.421875,-161.62109375,-23.4375,-17.578125,-145.5078125
200.42578125,-187.01171875,-11.23046875,-19.04296875,-174.31640625
200.4296875,-188.4765625,-5.859375,-27.83203125,-183.59375
200.43359375,-166.9921875,5.37109375,-38.57421875,-166.9921875
200.4375,-174.31640625,8.30078125,-36.1328125,-143.06640625
200.44140625,-182.6171875,-3.41796875,-34.66796875,-140.13671875
200.4453125,-212.890625,-5.859375,-55.6640625,-250.0
200.44921875,-198.73046875,1.953125,-62.5,-262.20703125
200.453125,-179.19921875,-6.8359375,-74.70703125,-224.609375
200.45703125,-204.58984375,2.9296875,-105.46875,-204.1015625
200.4609375,-187.5,22.4609375,-104.00390625,-175.29296875
200.46484375,-169.43359375,8.7890625,-56.640625,-216.796875
200.46875,-177.734375,-13.671875,-20.01953125,-237.79296875
200.47265625,-131.8359375,11.71875,-38.57421875,-190.4296875
200.4765625,-98.14453125,36.62109375,-73.2421875,-167.48046875
200.48046875,-114.74609375,33.203125,-70.80078125,-178.7109375
200.484375,-115.234375,24.90234375,-73.2421875,-165.0390625
200.48828125,-95.703125,11.23046875,-73.73046875,-129.8828125
200.4921875,-71.2890625,4.39453125,-79.58984375,-114.2578125
200.49609375,-64.94140625,6.34765625,-89.35546875,-124.0234375
200.5,-53.7109375,23.4375,-89.84375,-109.375
200.50390625,-59.08203125,40.0390625,-89.35546875,-123.046875
200.5078125,-68.359375,36.1328125,-85.44921875,-123.046875
200.51171875,-41.50390625,26.85546875,-89.84375,-69.3359375
200.515625,-20.99609375,34.1796875,-96.19140625,-65.91796875
200.51953125,-8.7890625,36.1328125,-83.49609375,-97.16796875
200.5234375,-8.7890625,24.4140625,-73.73046875,-88.37890625
200.52734375,-1.46484375,9.765625,-60.05859375,-65.4296875
200.53125,1.953125,8.7890625,-54.6875,-20.5078125
200.53515625,22.94921875,16.11328125,-65.91796875,-3.41796875
200.5390625,37.59765625,18.5546875,-78.61328125,-4.39453125
200.54296875,9.27734375,10.25390625,-62.5,8.30078125
200.546875,-6.34765625,8.7890625,-46.38671875,-48.828125
200.55078125,4.39453125,20.99609375,-49.31640625,-80.078125
200.5546875,20.99609375,22.4609375,-44.43359375,-47.8515625
200.55859375,26.85546875,20.01953125,-45.41015625,-36.1328125
200.5625,6.8359375,-0.48828125,-47.8515625,-15.625
200.56640625,-3.41796875,-14.6484375,-35.15625,1.953125
200.5703125,26.3671875,1.46484375,-27.34375,-8.7890625
200.57421875,43.45703125,25.390625,-33.69140625,24.4140625
200.578125,34.66796875,26.85546875,-35.64453125,41.9921875
200.58203125,19.04296875,8.7890625,-14.6484375,10.7421875
200.5859375,2.44140625,0.9765625,-4.39453125,-11.71875
200.58984375,1.953125,-0.48828125,-7.32421875,-19.53125
200.59375,23.4375,-4.39453125,-21.97265625,13.671875
200.59765625,49.31640625,-3.90625,-29.78515625,40.52734375
200.6015625,60.05859375,-8.7890625,-20.01953125,3.90625
200.60546875,35.15625,-17.578125,-13.671875,-28.80859375
200.609375,20.99609375,-14.6484375,-13.671875,-12.6953125
200.61328125,38.57421875,-3.41796875,-15.13671875,36.62109375
200.6171875,67.3828125,-4.8828125,-14.6484375,28.3203125
200.62109375,53.22265625,-11.23046875,-9.27734375,11.71875
200.625,-0.9765625,-7.8125,-5.37109375,5.859375
200.62890625,6.34765625,-5.37109375,-10.25390625,35.15625
200.6328125,33.203125,-5.37109375,-17.08984375,61.5234375
200.63671875,41.015625,-12.20703125,-38.0859375,14.6484375
200.640625,19.04296875,-19.04296875,-42.96875,-9.27734375
200.64453125,12.6953125,-19.04296875,-22.4609375,8.7890625
200.6484375,16.6015625,-25.87890625,-9.27734375,7.8125
200.65234375,17.08984375,-25.87890625,-11.71875,20.99609375
200.65625,14.6484375,-12.6953125,-31.25,6.8359375
200.66015625,17.578125,-8.7890625,-36.62109375,-25.87890625
200.6640625,6.8359375,-15.13671875,-22.94921875,-11.23046875
200.66796875,-5.37109375,-15.625,-12.6953125,2.44140625
200.671875,5.859375,-13.18359375,-9.27734375,-10.25390625
200.67578125,-0.48828125,-17.08984375,-18.5546875,-11.71875
200.6796875,2.9296875,-19.53125,-26.3671875,-10.7421875
200.68359375,-14.6484375,-23.92578125,-34.1796875,-15.13671875
200.6875,-41.9921875,-16.6015625,-59.08203125,-23.92578125
200.69140625,-21.97265625,-8.30078125,-47.8515625,-16.11328125
200.6953125,-18.5546875,-16.6015625,-21.484375,-16.6015625
200.69921875,-50.29296875,-23.4375,-18.06640625,-55.17578125
200.703125,-81.54296875,-29.296875,-11.23046875,-75.68359375
200.70703125,-69.82421875,-33.69140625,5.37109375,-82.03125
200.7109375,-83.0078125,-40.0390625,5.37109375,-129.39453125
200.71484375,-124.0234375,-49.8046875,-8.7890625,-130.859375
200.71875,-124.0234375,-51.7578125,4.8828125,-113.76953125
200.72265625,-138.18359375,-47.36328125,41.50390625,-111.81640625
200.7265625,-170.8984375,-52.734375,45.8984375,-125.48828125
200.73046875,-176.26953125,-59.08203125,53.7109375,-108.3984375
200.734375,-149.4140625,-66.89453125,62.5,-76.171875
200.73828125,-135.7421875,-54.19921875,42.96875,-45.41015625
200.7421875,-103.515625,-39.55078125,30.76171875,-41.015625
200.74609375,-96.6796875,-58.59375,64.453125,-51.26953125
200.75,-98.6328125,-94.7265625,115.234375,-14.16015625
200.75390625,-68.359375,-97.65625,107.91015625,10.25390625
200.7578125,-78.61328125,-78.61328125,88.8671875,-31.25
200.76171875,-73.73046875,-70.80078125,109.86328125,14.16015625
200.765625,-45.41015625,-66.89453125,114.74609375,87.40234375
200.76953125,-34.1796875,-68.84765625,98.14453125,104.4921875
200.7734375,-47.8515625,-72.75390625,91.30859375,69.3359375
200.77734375,-32.2265625,-75.68359375,89.35546875,37.109375
200.78125,-33.69140625,-79.1015625,84.9609375,57.12890625
200.78515625,-17.578125,-83.984375,73.73046875,60.05859375
200.7890625,13.671875,-83.49609375,67.87109375,79.58984375
200.79296875,15.625,-78.125,71.77734375,109.375
200.796875,38.0859375,-72.265625,65.4296875,111.81640625
200.80078125,62.98828125,-66.89453125,54.6875,114.2578125
200.8046875,50.78125,-61.5234375,39.55078125,111.81640625
200.80859375,28.80859375,-51.26953125,39.0625,106.93359375
200.8125,32.2265625,-37.109375,37.109375,102.05078125
200.81640625,45.8984375,-38.57421875,24.4140625,85.44921875
200.8203125,23.92578125,-46.875,26.3671875,87.40234375
200.82421875,34.66796875,-43.45703125,25.87890625,101.5625
200.828125,34.1796875,-33.203125,21.484375,82.51953125
200.83203125,25.390625,-27.83203125,8.7890625,44.43359375
200.8359375,28.3203125,-26.3671875,1.46484375,57.12890625
200.83984375,38.57421875,-22.4609375,2.44140625,70.80078125
200.84375,31.25,-20.01953125,-7.8125,48.828125
200.84765625,10.7421875,-15.13671875,-17.578125,42.96875
200.8515625,18.06640625,-19.53125,-21.484375,31.25
200.85546875,19.04296875,-25.87890625,-22.4609375,27.83203125
200.859375,17.578125,-21.97265625,-35.15625,37.109375
200.86328125,12.6953125,-25.87890625,-48.33984375,41.015625
200.8671875,19.04296875,-28.80859375,-37.109375,20.5078125
200.87109375,9.27734375,-21.484375,-24.90234375,23.4375
200.875,-4.8828125,-23.4375,-22.94921875,40.52734375
200.87890625,-14.16015625,-33.203125,-20.99609375,-0.9765625
200.8828125,-18.06640625,-34.66796875,-25.390625,-23.92578125
200.88671875,0.0,-27.34375,-30.76171875,-18.5546875
200.890625,5.37109375,-25.390625,-32.71484375,-21.484375
200.89453125,0.9765625,-30.76171875,-39.55078125,-12.6953125
200.8984375,28.3203125,-26.3671875,-35.64453125,4.8828125
200.90234375,25.390625,-27.34375,-30.76171875,18.5546875
200.90625,-20.01953125,-25.390625,-32.2265625,-9.27734375
200.91015625,2.9296875,-13.671875,-29.78515625,-36.62109375
200.9140625,22.4609375,-14.16015625,-25.87890625,-7.32421875
200.91796875,15.13671875,-18.06640625,-20.5078125,-0.48828125
200.921875,-0.48828125,-9.765625,-21.97265625,4.8828125
200.92578125,16.11328125,-6.8359375,-40.52734375,0.9765625
200.9296875,10.7421875,-18.5546875,-43.45703125,-37.59765625
200.93359375,-2.9296875,-33.69140625,-40.52734375,-59.5703125
200.9375,29.296875,-31.73828125,-37.109375,-42.48046875
200.94140625,25.390625,-18.5546875,-36.62109375,-25.87890625
200.9453125,2.44140625,-13.671875,-41.50390625,-22.4609375
200.94921875,-1.46484375,-14.6484375,-38.0859375,0.48828125
200.953125,15.13671875,-15.625,-46.38671875,-3.41796875
200.95703125,17.578125,-11.23046875,-49.8046875,-9.765625
200.9609375,29.296875,2.44140625,-47.8515625,7.32421875
200.96484375,46.875,4.8828125,-49.31640625,4.8828125
200.96875,-1.46484375,-3.90625,-41.015625,-29.296875
200.97265625,-25.390625,-17.578125,-24.4140625,-33.69140625
200.9765625,-2.44140625,-24.4140625,-25.87890625,-32.2265625
200.98046875,0.48828125,-22.94921875,-38.0859375,-34.1796875
200.984375,-5.859375,-22.4609375,-32.71484375,-45.41015625
200.98828125,-18.06640625,-19.04296875,-28.3203125,-40.52734375
200.9921875,-18.5546875,-16.11328125,-33.69140625,-41.9921875
200.99609375,-2.44140625,-16.11328125,-35.64453125,-27.83203125
201.0,9.27734375,-12.20703125,-49.8046875,-8.30078125
201.00390625,-8.30078125,-19.53125,-46.875,-20.5078125
201.0078125,-17.08984375,-25.87890625,-27.83203125,-36.1328125
201.01171875,-16.6015625,-14.16015625,-30.76171875,-48.33984375
201.015625,-21.97265625,-18.06640625,-38.0859375,-52.734375
201.01953125,-31.25,-28.80859375,-26.85546875,-58.10546875
201.0234375,-13.671875,-30.2734375,-25.87890625,-64.94140625
201.02734375,-8.7890625,-29.78515625,-41.015625,-65.4296875
201.03125,-29.296875,-28.3203125,-35.15625,-55.6640625
201.03515625,-58.59375,-30.76171875,-29.296875,-60.546875
201.0390625,-58.10546875,-34.1796875,-34.1796875,-74.70703125
201.04296875,-19.04296875,-30.2734375,-30.76171875,-71.2890625
201.046875,12.20703125,-16.6015625,-30.76171875,-74.21875
201.05078125,11.23046875,-7.8125,-45.8984375,-71.2890625
201.0546875,-26.85546875,-17.08984375,-31.25,-49.31640625
201.05859375,-32.2265625,-27.34375,-10.7421875,-64.94140625
201.0625,-36.1328125,-33.69140625,-15.625,-80.56640625
201.06640625,-35.64453125,-32.2265625,-18.06640625,-66.89453125
201.0703125,-39.0625,-31.25,-25.87890625,-81.0546875
201.07421875,-64.453125,-26.85546875,-23.92578125,-92.28515625
201.078125,-12.6953125,-21.484375,-22.4609375,-64.94140625
201.08203125,0.9765625,-25.87890625,-23.4375,-4.8828125
201.0859375,-31.73828125,-20.01953125,-47.36328125,-17.578125
201.08984375,-9.27734375,-4.8828125,-44.43359375,-83.49609375
201.09375,-7.8125,0.48828125,-12.20703125,-60.05859375
201.09765625,-48.828125,-8.30078125,-14.6484375,-51.26953125
201.1015625,-11.71875,-21.484375,-9.765625,-38.57421875
201.10546875,17.08984375,-30.76171875,-11.23046875,0.0
201.109375,-13.671875,-25.87890625,-26.85546875,-35.64453125
201.11328125,6.34765625,-8.7890625,-38.0859375,-42.48046875
201.1171875,28.3203125,-4.39453125,-38.57421875,-17.08984375
201.12109375,-4.39453125,-11.23046875,-20.01953125,-64.453125
201.125,-35.15625,-8.7890625,-8.7890625,-58.59375
201.12890625,-23.4375,2.44140625,-12.6953125,-22.94921875
201.1328125,8.30078125,-9.27734375,-28.80859375,-19.04296875
201.13671875,30.76171875,-10.7421875,-27.34375,3.90625
201.140625,39.0625,-8.7890625,-0.48828125,1.953125
201.14453125,41.50390625,-18.5546875,2.9296875,12.20703125
201.1484375,50.29296875,-17.578125,-27.83203125,50.29296875
201.15234375,18.06640625,-15.13671875,-30.2734375,-24.4140625
201.15625,-3.90625,-21.484375,-13.18359375,-59.5703125
201.16015625,31.73828125,-26.3671875,-9.27734375,-2.9296875
201.1640625,25.87890625,-33.203125,-9.765625,-12.6953125
201.16796875,11.71875,-28.3203125,-14.16015625,-4.8828125
201.171875,41.015625,-23.4375,-20.01953125,11.23046875
201.17578125,43.9453125,-28.80859375,-21.97265625,-57.6171875
201.1796875,20.99609375,-30.2734375,-23.92578125,-48.33984375
201.18359375,25.390625,-18.06640625,-20.99609375,-15.13671875
201.1875,20.01953125,-8.30078125,-9.765625,-17.08984375
201.19140625,27.83203125,-7.32421875,-6.34765625,-5.859375
201.1953125,40.0390625,-5.859375,-23.4375,-1.953125
201.19921875,28.3203125,-10.25390625,-20.01953125,-5.859375
201.203125,49.8046875,-13.671875,-9.27734375,-4.39453125
201.20703125,72.75390625,-14.6484375,-11.71875,-2.44140625
201.2109375,49.31640625,-19.53125,-1.953125,12.20703125
201.21484375,39.0625,-28.3203125,-2.9296875,31.25
201.21875,42.96875,-24.4140625,-15.625,9.27734375
201.22265625,28.3203125,-18.06640625,-18.5546875,-12.20703125
201.2265625,65.4296875,-14.16015625,-20.99609375,18.06640625
201.23046875,59.08203125,-9.27734375,-31.73828125,7.32421875
201.234375,28.3203125,0.48828125,-38.57421875,-0.9765625
201.23828125,42.48046875,0.0,-28.3203125,19.04296875
201.2421875,35.15625,-20.01953125,-14.16015625,-10.7421875
201.24609375,33.69140625,-22.94921875,-8.7890625,-12.20703125
201.25,36.1328125,-12.20703125,-12.6953125,-10.7421875
201.25390625,32.2265625,-18.5546875,-18.06640625,22.4609375
201.2578125,23.4375,-24.90234375,-24.4140625,22.94921875
201.26171875,19.53125,-22.4609375,-21.484375,-0.9765625
201.265625,41.9921875,-19.53125,-14.16015625,-10.7421875
201.26953125,33.69140625,-20.99609375,-20.5078125,-28.80859375
201.2734375,-11.23046875,-23.4375,-21.97265625,-6.8359375
201.27734375,-11.71875,-25.390625,-14.6484375,-5.859375
201.28125,21.97265625,-21.484375,-6.8359375,-17.08984375
201.28515625,24.4140625,-22.4609375,-0.48828125,-29.78515625
201.2890625,18.5546875,-21.484375,-2.44140625,-15.625
201.29296875,18.06640625,-13.671875,-7.32421875,31.73828125
201.296875,33.203125,-16.11328125,-15.625,25.390625
201.30078125,14.6484375,-6.8359375,-30.76171875,-32.2265625
201.3046875,-0.48828125,0.9765625,-30.2734375,-7.32421875
201.30859375,-1.46484375,-10.7421875,-11.71875,-7.8125
201.3125,-17.08984375,-19.04296875,-12.6953125,-40.0390625
201.31640625,-16.6015625,-18.06640625,-13.18359375,-6.34765625
201.3203125,13.671875,-25.390625,-15.625,-19.53125
201.32421875,12.20703125,-29.78515625,-31.73828125,-65.4296875
201.328125,4.39453125,-24.4140625,-32.2265625,-48.33984375
201.33203125,-13.671875,-17.08984375,-30.2734375,-33.69140625
201.3359375,9.27734375,-20.5078125,-38.0859375,-16.6015625
201.33984375,35.64453125,-22.4609375,-40.0390625,-0.9765625
201.34375,26.85546875,-17.578125,-28.80859375,-3.41796875
201.34765625,48.33984375,-13.18359375,-13.671875,3.41796875
201.3515625,4.39453125,-22.94921875,-11.23046875,-24.90234375
201.35546875,-11.23046875,-19.53125,-27.83203125,-24.4140625
201.359375,-8.7890625,-20.01953125,-37.109375,-1.46484375
201.36328125,-18.5546875,-28.80859375,-22.94921875,-6.34765625
201.3671875,-1.46484375,-27.34375,-10.7421875,1.46484375
201.37109375,-6.8359375,-29.78515625,-12.20703125,-36.1328125
201.375,-13.18359375,-35.15625,-10.25390625,-34.66796875
201.37890625,-11.23046875,-38.57421875,0.9765625,-16.6015625
201.3828125,7.8125,-33.69140625,4.8828125,18.06640625
201.38671875,12.6953125,-24.90234375,2.44140625,60.546875
201.390625,3.90625,-26.85546875,-6.8359375,28.3203125
201.39453125,8.30078125,-27.34375,-10.7421875,14.6484375
201.3984375,6.8359375,-32.2265625,1.46484375,33.203125
201.40234375,1.46484375,-35.64453125,2.44140625,15.13671875
201.40625,2.44140625,-26.3671875,-17.578125,-19.53125
201.41015625,9.765625,-24.4140625,-17.08984375,-19.04296875
201.4140625,6.8359375,-26.3671875,0.0,-2.9296875
201.41796875,-1.46484375,-34.66796875,0.48828125,-19.53125
201.421875,-8.7890625,-50.78125,-11.23046875,-18.06640625
201.42578125,-17.578125,-45.41015625,-11.71875,-12.20703125
201.4296875,-24.90234375,-21.484375,-15.13671875,-29.296875
201.43359375,-46.38671875,-19.53125,-16.6015625,-32.71484375
201.4375,-48.33984375,-25.390625,-9.765625,-13.18359375
201.44140625,-30.76171875,-23.92578125,-0.9765625,-15.625
201.4453125,-34.66796875,-22.4609375,-14.6484375,-56.640625
201.44921875,-24.4140625,-16.11328125,-25.87890625,-51.26953125
201.453125,-36.62109375,-16.11328125,-20.5078125,-52.24609375
201.45703125,-63.4765625,-23.92578125,-24.90234375,-67.87109375
201.4609375,-33.69140625,-26.3671875,-32.2265625,-75.68359375
201.46484375,-20.99609375,-24.90234375,-31.25,-41.50390625
201.46875,-27.34375,-30.76171875,-30.76171875,-32.2265625
201.47265625,-25.390625,-32.71484375,-38.0859375,-67.87109375
201.4765625,-26.85546875,-17.08984375,-22.4609375,-38.0859375
201.48046875,-22.4609375,-15.625,-11.71875,-29.78515625
201.484375,-18.06640625,-22.4609375,-19.53125,-67.3828125
201.48828125,-48.33984375,-14.16015625,-20.01953125,-78.125
201.4921875,-53.22265625,-17.578125,-21.484375,-63.4765625
201.49609375,-24.4140625,-21.97265625,-24.90234375,-27.34375
201.5,-12.6953125,-12.20703125,-39.55078125,-53.7109375
201.50390625,-37.59765625,-9.765625,-38.57421875,-58.10546875
201.5078125,-30.76171875,-15.13671875,-8.7890625,-13.18359375
201.51171875,-35.64453125,-14.6484375,-1.953125,-70.80078125
201.515625,-52.734375,-20.99609375,-14.6484375,-104.00390625
201.51953125,-28.3203125,-24.4140625,-13.671875,-63.4765625
201.5234375,6.34765625,-22.94921875,-19.04296875,-48.828125
201.52734375,20.99609375,-25.87890625,-30.76171875,-71.77734375
201.53125,2.9296875,-24.4140625,-28.80859375,-77.1484375
201.53515625,9.27734375,-9.765625,-32.71484375,-28.3203125
201.5390625,15.625,-14.6484375,-30.2734375,-48.828125
201.54296875,6.34765625,-25.390625,-13.671875,-57.12890625
201.546875,-15.13671875,-21.97265625,-10.7421875,-56.15234375
201.55078125,-16.6015625,-16.11328125,-27.34375,-75.1953125
201.5546875,-19.53125,-18.5546875,-35.15625,-66.40625
201.55859375,-7.8125,-25.390625,-25.390625,-46.38671875
201.5625,-2.9296875,-17.08984375,-19.04296875,-52.734375
201.56640625,-14.6484375,-12.20703125,-26.85546875,-44.921875
201.5703125,18.06640625,-15.13671875,-32.71484375,-27.34375
201.57421875,18.5546875,-12.6953125,-18.5546875,2.9296875
201.578125,34.66796875,0.48828125,-17.08984375,-17.578125
201.58203125,25.87890625,-14.16015625,-28.80859375,-62.01171875
201.5859375,12.20703125,-39.55078125,-19.04296875,-34.1796875
201.58984375,19.04296875,-22.94921875,-16.6015625,-3.90625
201.59375,13.671875,-8.7890625,-26.85546875,-14.16015625
201.59765625,7.32421875,-6.34765625,-24.90234375,9.27734375
201.6015625,0.9765625,2.44140625,-20.5078125,19.04296875
201.60546875,-22.4609375,-10.25390625,-33.69140625,-23.92578125
201.609375,-44.43359375,-27.83203125,-30.2734375,-11.71875
201.61328125,-15.13671875,-27.34375,-26.85546875,-15.625
201.6171875,2.44140625,-15.625,-33.69140625,-58.59375
201.62109375,4.8828125,-16.6015625,-32.71484375,-14.16015625
201.625,12.20703125,-29.296875,-24.90234375,1.953125
201.62890625,13.18359375,-22.4609375,-22.94921875,-56.15234375
201.6328125,8.30078125,-18.06640625,-20.01953125,-32.2265625
201.63671875,-0.9765625,-23.4375,-17.08984375,2.9296875
201.640625,4.39453125,-16.11328125,-26.85546875,-4.8828125
201.64453125,7.8125,-13.671875,-29.296875,5.859375
201.6484375,0.48828125,-28.3203125,-31.73828125,-0.9765625
201.65234375,9.27734375,-39.55078125,-27.83203125,-29.78515625
201.65625,-3.90625,-40.0390625,-17.08984375,-13.671875
201.66015625,-30.2734375,-31.73828125,-21.484375,-14.16015625
201.6640625,-61.03515625,-25.87890625,-31.25,-78.125
201.66796875,-62.98828125,-20.5078125,-47.36328125,-95.703125
201.671875,-67.87109375,-15.625,-35.64453125,-64.94140625
201.67578125,-32.2265625,-9.765625,-22.94921875,-46.875
201.6796875,-0.9765625,-11.23046875,-37.59765625,-41.9921875
201.68359375,-6.8359375,-18.5546875,-36.62109375,-50.29296875
201.6875,-30.76171875,-25.390625,-25.390625,-46.875
201.69140625,-14.6484375,-25.87890625,-31.73828125,-25.390625
201.6953125,-6.34765625,-13.18359375,-37.109375,-37.59765625
201.69921875,-27.83203125,-13.18359375,-30.76171875,-50.78125
201.703125,-36.1328125,-23.92578125,-38.57421875,-53.22265625
201.70703125,-37.109375,-29.78515625,-40.52734375,-54.19921875
201.7109375,-28.3203125,-35.15625,-41.50390625,-35.64453125
201.71484375,-5.37109375,-28.3203125,-42.96875,-15.13671875
201.71875,8.7890625,-22.4609375,-31.25,-7.32421875
201.72265625,11.23046875,-16.11328125,-34.1796875,-40.52734375
201.7265625,-12.6953125,-17.08984375,-40.0390625,-62.5
201.73046875,3.90625,-14.16015625,-40.52734375,-36.1328125
201.734375,23.92578125,-8.30078125,-54.6875,-26.85546875
201.73828125,25.87890625,-15.625,-41.015625,-32.2265625
201.7421875,36.62109375,-19.04296875,-17.578125,-26.85546875
201.74609375,30.76171875,-21.484375,-25.390625,-23.92578125
201.75,20.5078125,-14.16015625,-27.83203125,-4.39453125
201.75390625,21.484375,-11.71875,-20.5078125,-7.8125
201.7578125,38.0859375,-13.671875,-26.3671875,-5.37109375
201.76171875,37.109375,-7.32421875,-33.203125,4.8828125
201.765625,28.80859375,-3.41796875,-27.34375,11.71875
201.76953125,58.10546875,-12.6953125,-29.78515625,57.6171875
201.7734375,67.3828125,-13.18359375,-48.33984375,29.78515625
201.77734375,20.01953125,2.44140625,-51.7578125,-20.99609375
201.78125,23.4375,-2.44140625,-32.71484375,-4.39453125
201.78515625,17.578125,-17.08984375,-21.97265625,-19.53125
201.7890625,10.25390625,-15.13671875,-23.92578125,-19.53125
201.79296875,38.0859375,-15.13671875,-24.4140625,-26.3671875
201.796875,22.94921875,-20.5078125,-20.99609375,-41.015625
201.80078125,10.7421875,-13.18359375,-32.2265625,-27.34375
201.8046875,31.73828125,-17.08984375,-40.52734375,-13.671875
201.80859375,39.55078125,-20.01953125,-33.69140625,-24.4140625
201.8125,37.109375,-12.6953125,-31.25,-23.92578125
201.81640625,18.06640625,-23.92578125,-22.94921875,-12.6953125
201.8203125,3.90625,-34.66796875,-14.6484375,-4.8828125
201.82421875,-5.859375,-34.1796875,-17.08984375,-15.625
201.828125,-1.46484375,-27.83203125,-41.015625,-39.55078125
201.83203125,22.4609375,-25.390625,-51.7578125,-56.640625
201.8359375,25.390625,-25.87890625,-35.64453125,-58.59375
201.83984375,12.20703125,-24.90234375,-35.64453125,-21.97265625
201.84375,4.39453125,-32.2265625,-24.4140625,-13.671875
201.84765625,31.73828125,-33.69140625,-7.32421875,13.671875
201.8515625,26.85546875,-25.390625,-20.01953125,7.32421875
201.85546875,-16.11328125,-24.4140625,-38.0859375,-59.08203125
201.859375,-20.99609375,-22.94921875,-39.55078125,-34.1796875
201.86328125,-8.7890625,-19.53125,-41.015625,-19.04296875
201.8671875,-14.16015625,-15.625,-37.59765625,-50.78125
201.87109375,-45.8984375,-14.6484375,-37.59765625,-47.36328125
201.875,-65.91796875,-24.4140625,-51.7578125,-41.015625
201.87890625,1.46484375,-10.25390625,-56.15234375,-48.828125
201.8828125,-3.90625,5.37109375,-77.63671875,-62.5
201.88671875,-49.31640625,-11.71875,-79.1015625,-70.3125
201.890625,-29.78515625,-20.5078125,-54.6875,-68.84765625
201.89453125,-21.97265625,-20.99609375,-44.43359375,-66.40625
201.8984375,-29.78515625,-20.01953125,-41.9921875,-61.03515625
201.90234375,-37.109375,-16.6015625,-38.57421875,-46.875
201.90625,-25.390625,-19.04296875,-33.203125,-55.17578125
201.91015625,-20.99609375,-24.4140625,-33.69140625,-58.10546875
201.9140625,-15.625,-18.06640625,-30.76171875,-6.34765625
201.91796875,9.765625,-10.7421875,-42.96875,-11.71875
201.921875,5.37109375,-13.18359375,-42.48046875,-51.26953125
201.92578125,-26.85546875,-18.06640625,-34.1796875,-58.10546875
201.9296875,-36.1328125,-20.01953125,-38.57421875,-71.77734375
201.93359375,3.41796875,-18.06640625,-30.2734375,-62.5
201.9375,11.23046875,-16.11328125,-26.85546875,-42.48046875
201.94140625,-7.32421875,-22.94921875,-32.2265625,-19.53125
201.9453125,4.8828125,-22.4609375,-35.64453125,-31.73828125
201.94921875,30.76171875,-14.6484375,-35.15625,-38.57421875
201.953125,41.9921875,-16.6015625,-41.015625,-25.390625
201.95703125,21.484375,-20.99609375,-41.015625,-33.203125
201.9609375,20.5078125,-17.578125,-36.62109375,-16.11328125
201.96484375,-0.48828125,-23.4375,-30.2734375,-27.83203125
201.96875,18.5546875,-14.16015625,-42.48046875,-47.36328125
201.97265625,42.96875,-6.34765625,-48.33984375,-15.625
201.9765625,0.48828125,-20.01953125,-21.484375,-19.53125
201.98046875,-12.6953125,-19.53125,-11.23046875,-29.296875
201.984375,17.578125,-21.484375,-15.13671875,-33.69140625
201.98828125,19.04296875,-27.34375,-12.6953125,3.90625
201.9921875,9.765625,-30.2734375,-29.296875,-1.46484375
201.99609375,29.78515625,-29.296875,-38.57421875,-22.4609375
202.0,49.31640625,-14.6484375,-36.1328125,-18.06640625
202.00390625,27.34375,-6.34765625,-33.69140625,-17.08984375
202.0078125,10.25390625,-16.6015625,-29.296875,-29.78515625
202.01171875,-6.8359375,-23.4375,-24.4140625,-52.24609375
202.015625,-7.32421875,-16.6015625,-33.203125,-62.01171875
202.01953125,1.953125,-14.6484375,-30.76171875,-78.125
202.0234375,33.69140625,-24.4140625,-16.11328125,-44.921875
202.02734375,33.203125,-29.296875,-23.92578125,-13.671875
202.03125,12.6953125,-22.94921875,-25.390625,-15.13671875
202.03515625,-14.16015625,-18.06640625,-17.08984375,0.48828125
202.0390625,-7.8125,-23.92578125,-16.11328125,-16.6015625
202.04296875,32.71484375,-28.80859375,-20.01953125,-17.578125
202.046875,23.92578125,-25.390625,-27.34375,-15.625
202.05078125,-7.8125,-17.578125,-20.5078125,-32.2265625
202.0546875,-25.87890625,-17.08984375,-15.625,-48.33984375
202.05859375,-0.48828125,-14.16015625,-16.6015625,-38.0859375
202.0625,20.5078125,-15.13671875,-25.390625,-0.9765625
202.06640625,30.76171875,-25.390625,-28.80859375,9.765625
202.0703125,-1.953125,-27.83203125,-14.6484375,-17.08984375
202.07421875,-17.08984375,-31.25,-21.97265625,-36.62109375
202.078125,46.38671875,-20.5078125,-44.43359375,-1.46484375
202.08203125,53.22265625,-8.30078125,-41.50390625,29.78515625
202.0859375,-6.8359375,-17.08984375,-20.99609375,-2.9296875
202.08984375,-25.87890625,-17.578125,-21.97265625,-48.828125
202.09375,8.30078125,-14.16015625,-27.83203125,-20.99609375
202.09765625,20.5078125,-17.08984375,-20.5078125,5.37109375
202.1015625,-23.4375,-11.71875,-19.04296875,-14.16015625
202.10546875,0.48828125,-8.7890625,-32.2265625,-8.7890625
202.109375,20.99609375,-18.5546875,-35.64453125,-14.6484375
202.11328125,-12.6953125,-31.73828125,-17.578125,3.41796875
202.1171875,-19.53125,-32.2265625,-5.859375,51.7578125
202.12109375,-18.5546875,-21.484375,-10.25390625,78.61328125
202.125,-7.8125,-15.625,-14.16015625,141.11328125
202.12890625,2.9296875,-22.4609375,-14.6484375,194.3359375
202.1328125,16.11328125,-23.92578125,-22.4609375,170.41015625
202.13671875,-13.671875,-18.5546875,-30.2734375,158.203125
202.140625,-7.32421875,-19.04296875,-40.0390625,218.75
202.14453125,14.6484375,-22.4609375,-53.22265625,193.84765625
202.1484375,9.27734375,-20.01953125,-34.66796875,178.22265625
202.15234375,3.41796875,-13.671875,-9.27734375,196.2890625
202.15625,4.39453125,-15.625,-20.99609375,196.2890625
202.16015625,-3.90625,-12.20703125,-29.296875,208.0078125
202.1640625,8.7890625,-7.8125,-6.8359375,235.3515625
202.16796875,17.08984375,-14.16015625,1.46484375,236.328125
202.171875,12.6953125,-19.53125,-3.41796875,229.4921875
202.17578125,33.203125,-18.06640625,0.48828125,236.328125
202.1796875,6.8359375,-13.671875,-5.859375,206.54296875
202.18359375,0.48828125,-10.25390625,-35.15625,176.7578125
202.1875,17.08984375,-14.16015625,-35.64453125,148.92578125
202.19140625,-14.16015625,-15.625,-21.97265625,128.90625
202.1953125,-17.578125,-11.23046875,-27.83203125,156.25
202.19921875,6.34765625,-9.27734375,-25.87890625,169.43359375
202.203125,-2.44140625,-10.25390625,-28.80859375,160.15625
202.20703125,15.13671875,-11.71875,-25.87890625,170.41015625
202.2109375,31.25,-9.765625,-9.765625,179.19921875
202.21484375,20.01953125,-6.8359375,-17.578125,158.69140625
202.21875,8.30078125,-15.13671875,-29.78515625,108.3984375
202.22265625,21.484375,-19.04296875,-28.80859375,74.70703125
202.2265625,26.3671875,-22.94921875,-18.5546875,89.35546875
202.23046875,16.11328125,-24.90234375,-7.8125,87.890625
202.234375,-17.08984375,-22.4609375,-8.7890625,65.91796875
202.23828125,-20.99609375,-24.90234375,-9.27734375,55.6640625
202.2421875,13.18359375,-12.20703125,-18.06640625,72.75390625
202.24609375,27.83203125,-13.671875,-26.85546875,99.609375
202.25,19.04296875,-23.4375,-16.11328125,91.30859375
202.25390625,7.8125,-19.04296875,-15.13671875,108.3984375
202.2578125,3.41796875,-11.23046875,-31.73828125,91.30859375
202.26171875,8.30078125,-12.20703125,-32.71484375,71.77734375
202.265625,15.625,-21.97265625,-20.01953125,82.03125
202.26953125,2.44140625,-22.94921875,-10.25390625,81.54296875
202.2734375,-15.625,-23.92578125,-14.16015625,104.4921875
202.27734375,-23.4375,-21.484375,-18.06640625,87.40234375
202.28125,-23.92578125,-16.6015625,-15.625,97.16796875
202.28515625,-34.66796875,-10.7421875,-15.625,89.84375
202.2890625,-52.24609375,-9.765625,-20.99609375,76.66015625
202.29296875,-43.9453125,-17.08984375,-25.87890625,85.44921875
202.296875,-66.89453125,-14.6484375,-26.3671875,69.82421875
202.30078125,-91.30859375,-11.23046875,-21.484375,81.0546875
202.3046875,-101.5625,-6.8359375,-27.34375,53.7109375
202.30859375,-40.52734375,-8.30078125,-20.5078125,76.171875
202.3125,-39.0625,-20.01953125,-9.765625,79.58984375
202.31640625,-83.0078125,-16.6015625,-23.92578125,18.5546875
202.3203125,-93.26171875,-18.06640625,-17.578125,15.625
202.32421875,-99.609375,-27.34375,-2.44140625,-0.48828125
202.328125,-120.1171875,-37.59765625,3.90625,-36.1328125
202.33203125,-162.59765625,-39.55078125,16.11328125,-23.4375
202.3359375,-169.921875,-37.59765625,12.6953125,-43.9453125
202.33984375,-166.50390625,-41.50390625,18.5546875,-45.8984375
202.34375,-150.390625,-45.8984375,40.0390625,-46.875
202.34765625,-139.6484375,-41.015625,20.99609375,-88.8671875
202.3515625,-129.8828125,-28.80859375,-5.37109375,-125.0
202.35546875,-122.55859375,-27.83203125,8.7890625,-123.53515625
202.359375,-123.53515625,-37.109375,22.4609375,-85.9375
202.36328125,-110.83984375,-41.015625,33.69140625,-53.7109375
202.3671875,-95.703125,-38.0859375,22.4609375,-66.89453125
202.37109375,-84.47265625,-39.55078125,7.32421875,-66.40625
202.375,-83.0078125,-36.62109375,8.7890625,-72.75390625
202.37890625,-83.49609375,-36.1328125,12.20703125,-62.01171875
202.3828125,-45.8984375,-30.2734375,13.671875,-36.62109375
202.38671875,-64.453125,-31.25,-5.37109375,-83.49609375
202.390625,-73.73046875,-31.73828125,-17.578125,-74.21875
202.39453125,-35.15625,-17.578125,-7.32421875,-23.4375
202.3984375,-30.76171875,-15.625,-1.953125,-45.8984375
202.40234375,-21.97265625,-19.53125,-1.46484375,-34.66796875
202.40625,-21.97265625,-26.3671875,0.0,-27.34375
202.41015625,10.7421875,-26.3671875,1.46484375,-33.69140625
202.4140625,52.734375,-20.01953125,10.25390625,-8.30078125
202.41796875,26.3671875,-25.390625,-7.32421875,22.4609375
202.421875,11.71875,-29.78515625,-21.484375,42.96875
202.42578125,40.0390625,-13.671875,-23.92578125,18.5546875
202.4296875,32.71484375,-12.6953125,-15.625,52.734375
202.43359375,2.9296875,-35.64453125,2.9296875,36.62109375
202.4375,9.765625,-38.0859375,5.37109375,-14.16015625
202.44140625,26.3671875,-43.45703125,-3.90625,17.08984375
202.4453125,29.296875,-44.921875,-2.44140625,29.78515625
202.44921875,28.80859375,-31.25,-6.34765625,18.5546875
202.453125,34.66796875,-19.04296875,-16.11328125,48.828125
202.45703125,42.48046875,-12.20703125,-13.671875,53.22265625
202.4609375,58.10546875,-9.765625,-21.484375,39.0625
202.46484375,59.08203125,-12.20703125,-21.484375,33.69140625
202.46875,52.734375,-17.578125,-12.20703125,27.83203125
202.47265625,58.59375,-19.04296875,-22.94921875,71.2890625
202.4765625,67.3828125,-15.13671875,-14.6484375,78.125
202.48046875,53.7109375,-20.5078125,-6.34765625,12.20703125
202.484375,53.22265625,-20.99609375,-11.23046875,9.27734375
202.48828125,59.5703125,-20.99609375,-22.94921875,33.69140625
202.4921875,42.96875,-29.296875,-21.484375,33.203125
202.49609375,41.50390625,-30.2734375,-15.13671875,27.83203125
202.5,44.43359375,-23.92578125,-11.71875,17.08984375
202.50390625,46.38671875,-12.6953125,-14.6484375,22.94921875
202.5078125,56.640625,-7.8125,-36.62109375,26.3671875
202.51171875,67.87109375,-15.625,-36.1328125,33.69140625
202.515625,58.59375,-19.53125,-27.34375,46.38671875
202.51953125,34.66796875,-16.6015625,-22.4609375,34.1796875
202.5234375,47.36328125,-7.8125,-18.06640625,41.9921875
202.52734375,57.6171875,-11.71875,-19.04296875,40.0390625
202.53125,72.265625,-17.08984375,-23.4375,32.71484375
202.53515625,90.8203125,-16.11328125,-36.1328125,23.92578125
202.5390625,79.58984375,-14.6484375,-32.2265625,19.53125
202.54296875,50.78125,-16.11328125,-20.99609375,21.484375
202.546875,35.15625,-18.06640625,-17.08984375,21.484375
202.55078125,49.31640625,-16.6015625,-14.16015625,10.25390625
202.5546875,59.08203125,-14.6484375,-21.484375,18.5546875
202.55859375,65.91796875,-16.11328125,-33.203125,14.6484375
202.5625,75.1953125,-16.6015625,-30.76171875,12.6953125
202.56640625,66.40625,-6.8359375,-21.484375,41.9921875
202.5703125,55.17578125,0.9765625,-20.99609375,70.3125
202.57421875,60.05859375,-1.46484375,-25.390625,39.55078125
202.578125,41.015625,-6.34765625,-37.109375,21.484375
202.58203125,58.10546875,-0.9765625,-50.29296875,19.04296875
202.5859375,56.15234375,0.48828125,-40.0390625,25.390625
202.58984375,36.1328125,-11.71875,-10.25390625,32.71484375
202.59375,37.109375,-12.6953125,4.39453125,26.3671875
202.59765625,34.1796875,-5.37109375,0.9765625,39.55078125
202.6015625,49.31640625,-5.859375,-13.18359375,44.921875
202.60546875,57.6171875,-10.7421875,-36.1328125,13.671875
202.609375,43.9453125,-10.25390625,-25.390625,0.9765625
202.61328125,47.36328125,-5.859375,-27.34375,-16.11328125
202.6171875,39.55078125,-8.30078125,-36.1328125,5.859375
202.62109375,26.85546875,-12.20703125,-12.6953125,30.76171875
202.625,53.22265625,-9.765625,-9.27734375,-37.109375
202.62890625,70.3125,-11.23046875,-16.11328125,-77.1484375
202.6328125,74.21875,-12.6953125,-17.578125,-64.453125
202.63671875,92.7734375,-7.32421875,-36.62109375,-60.546875
202.640625,76.171875,-8.30078125,-46.875,-76.66015625
202.64453125,32.2265625,-20.5078125,-27.34375,-93.75
202.6484375,18.06640625,-25.390625,-21.484375,-133.7890625
202.65234375,20.5078125,-25.390625,-25.390625,-138.671875
202.65625,13.671875,-26.3671875,-19.53125,-122.55859375
202.66015625,11.23046875,-20.5078125,-18.06640625,-125.48828125
202.6640625,23.4375,-11.23046875,-15.13671875,-118.65234375
202.66796875,17.08984375,-12.20703125,-20.99609375,-84.47265625
202.671875,34.66796875,-13.671875,-37.109375,-86.42578125
202.67578125,63.4765625,-12.6953125,-44.43359375,-94.23828125
202.6796875,30.76171875,-18.5546875,-32.2265625,-97.65625
202.68359375,28.3203125,-25.87890625,-16.11328125,-108.3984375
202.6875,46.875,-35.64453125,-22.4609375,-81.54296875
202.69140625,34.1796875,-36.1328125,-26.85546875,-57.6171875
202.6953125,38.0859375,-27.34375,-21.97265625,-65.4296875
202.69921875,31.25,-29.296875,-28.80859375,-55.6640625
202.703125,6.8359375,-34.66796875,-28.3203125,-40.0390625
202.70703125,-2.44140625,-36.62109375,-20.01953125,-53.7109375
202.7109375,-9.765625,-32.71484375,-22.94921875,-88.8671875
202.71484375,-3.41796875,-32.2265625,-17.578125,-74.21875
202.71875,-0.48828125,-28.80859375,-13.671875,-17.08984375
202.72265625,4.39453125,-17.08984375,-38.0859375,-21.97265625
202.7265625,10.7421875,-25.390625,-45.41015625,-38.0859375
202.73046875,-1.46484375,-37.109375,-22.94921875,-40.52734375
202.734375,3.41796875,-29.78515625,-20.01953125,-38.0859375
202.73828125,6.34765625,-23.92578125,-26.3671875,-6.34765625
202.7421875,-7.8125,-26.85546875,-24.4140625,-0.48828125
202.74609375,0.48828125,-34.1796875,-28.3203125,-22.4609375
202.75,12.20703125,-39.0625,-31.73828125,-30.76171875
202.75390625,5.859375,-33.69140625,-28.80859375,-40.0390625
202.7578125,0.48828125,-32.71484375,-32.2265625,-52.734375
202.76171875,17.08984375,-41.50390625,-27.83203125,-34.1796875
202.765625,20.01953125,-38.0859375,-33.203125,19.53125
202.76953125,17.08984375,-21.97265625,-32.71484375,26.3671875
202.7734375,20.01953125,-20.01953125,-20.99609375,-30.2734375
202.77734375,15.625,-29.78515625,-17.578125,-19.04296875
202.78125,35.64453125,-28.3203125,-22.94921875,33.203125
202.78515625,34.66796875,-28.80859375,-32.2265625,46.38671875
202.7890625,20.01953125,-24.90234375,-25.87890625,18.5546875
202.79296875,22.94921875,-23.4375,-27.83203125,9.27734375
202.796875,35.64453125,-24.90234375,-31.25,-5.859375
202.80078125,33.69140625,-17.08984375,-20.01953125,18.06640625
202.8046875,28.80859375,-20.5078125,-19.04296875,-2.9296875
202.80859375,25.390625,-19.04296875,-20.5078125,-14.6484375
202.8125,8.30078125,-10.25390625,-10.7421875,15.13671875
202.81640625,6.34765625,-16.6015625,-8.7890625,26.3671875
202.8203125,20.5078125,-20.01953125,-20.5078125,14.6484375
202.82421875,7.8125,-15.625,-29.296875,4.39453125
202.828125,19.04296875,-7.32421875,-21.97265625,22.94921875
202.83203125,39.0625,-0.48828125,-15.625,31.25
202.8359375,44.43359375,-10.25390625,-38.0859375,53.7109375
202.83984375,31.73828125,-13.18359375,-34.1796875,60.546875
202.84375,2.44140625,-8.30078125,-5.859375,56.15234375
202.84765625,5.859375,-9.765625,2.44140625,92.7734375
202.8515625,30.76171875,-0.48828125,-11.71875,107.421875
202.85546875,31.73828125,-4.8828125,-22.4609375,86.9140625
202.859375,10.7421875,-20.5078125,-17.578125,84.47265625
202.86328125,13.671875,-18.5546875,-9.765625,77.63671875
202.8671875,22.4609375,-15.625,-11.23046875,75.1953125
202.87109375,16.6015625,-13.18359375,-20.99609375,78.61328125
202.875,0.48828125,-24.90234375,-26.3671875,53.22265625
202.87890625,6.34765625,-33.69140625,-24.4140625,38.0859375
202.8828125,35.15625,-27.34375,-24.4140625,48.828125
202.88671875,28.80859375,-22.94921875,-29.296875,42.48046875
202.890625,27.34375,-12.6953125,-38.57421875,51.26953125
202.89453125,24.4140625,-3.41796875,-9.765625,42.96875
202.8984375,11.23046875,-10.7421875,5.859375,41.9921875
202.90234375,17.08984375,-10.25390625,-2.9296875,46.38671875
202.90625,15.625,-10.25390625,-1.953125,37.59765625
202.91015625,7.8125,-18.5546875,-11.71875,39.0625
202.9140625,6.34765625,-24.4140625,-21.97265625,38.57421875
202.91796875,1.46484375,-26.85546875,-18.5546875,11.71875
202.921875,17.08984375,-16.11328125,-14.6484375,3.90625
202.92578125,42.48046875,-7.32421875,-25.87890625,38.0859375
202.9296875,31.25,-18.06640625,-24.4140625,36.1328125
202.93359375,13.18359375,-19.53125,-10.25390625,22.4609375
202.9375,12.20703125,-19.53125,-0.9765625,33.69140625
202.94140625,9.765625,-27.83203125,-4.39453125,31.73828125
202.9453125,2.44140625,-32.71484375,-7.32421875,22.4609375
202.94921875,-6.8359375,-24.90234375,-13.18359375,7.32421875
202.953125,-4.39453125,-19.04296875,-20.5078125,-0.48828125
202.95703125,35.64453125,-16.6015625,-11.23046875,-11.71875
202.9609375,20.99609375,-19.53125,-5.859375,-18.5546875
202.96484375,-3.90625,-25.390625,-6.8359375,-17.08984375
202.96875,-1.46484375,-25.390625,-14.6484375,-30.76171875
202.97265625,3.41796875,-23.4375,-18.06640625,-30.2734375
202.9765625,18.5546875,-28.3203125,-21.484375,-35.15625
202.98046875,5.37109375,-31.73828125,-23.4375,-41.9921875
202.984375,-15.625,-23.4375,-27.83203125,-57.6171875
202.98828125,-19.04296875,-17.578125,-48.33984375,-53.22265625
202.9921875,-21.97265625,-23.4375,-37.109375,-24.90234375
202.99609375,-38.0859375,-30.76171875,-16.11328125,-30.2734375
203.0,-56.15234375,-36.1328125,-12.6953125,-22.94921875
203.00390625,-34.66796875,-28.3203125,-20.01953125,-19.04296875
203.0078125,-28.3203125,-21.484375,-34.1796875,-37.109375
203.01171875,-34.1796875,-27.34375,-24.4140625,-1.46484375
203.015625,-35.15625,-29.296875,-18.06640625,-40.52734375
203.01953125,-32.71484375,-33.203125,-20.01953125,-68.84765625
203.0234375,-28.80859375,-33.69140625,-9.27734375,-53.22265625
203.02734375,-28.3203125,-26.3671875,-7.8125,-55.6640625
203.03125,-6.34765625,-19.53125,-23.4375,-22.94921875
203.03515625,2.9296875,-11.71875,-39.0625,-17.08984375
203.0390625,-36.62109375,-13.18359375,-22.94921875,-28.80859375
203.04296875,-61.5234375,-26.85546875,4.39453125,-30.2734375
203.046875,-40.52734375,-29.296875,-2.9296875,-38.0859375
203.05078125,-19.04296875,-21.97265625,-20.99609375,-20.99609375
203.0546875,-17.08984375,-24.90234375,-8.7890625,-19.04296875
203.05859375,-16.11328125,-24.90234375,-0.48828125,-28.80859375
203.0625,-22.94921875,-27.34375,-13.18359375,-21.484375
203.06640625,-26.3671875,-24.90234375,-18.5546875,-11.23046875
203.0703125,-22.94921875,-24.90234375,-17.578125,7.32421875
203.07421875,-2.44140625,-26.3671875,-19.53125,-39.55078125
203.078125,-3.41796875,-27.34375,-25.87890625,-46.875
203.08203125,-17.08984375,-37.109375,-27.34375,-30.76171875
203.0859375,-0.9765625,-29.78515625,-21.97265625,-19.04296875
203.08984375,11.23046875,-19.53125,-20.01953125,23.4375
203.09375,22.94921875,-22.94921875,-23.92578125,34.1796875
203.09765625,22.94921875,-18.5546875,-23.4375,-14.6484375
203.1015625,16.11328125,-13.671875,-44.43359375,-60.546875
203.10546875,23.92578125,-15.13671875,-53.22265625,-36.1328125
203.109375,44.43359375,-21.97265625,-31.25,-13.18359375
203.11328125,45.8984375,-17.578125,-27.83203125,-19.53125
203.1171875,35.15625,-2.44140625,-28.80859375,-13.671875
203.12109375,40.52734375,-7.8125,-46.38671875,-12.20703125
203.125,17.08984375,-13.18359375,-79.1015625,-23.92578125
203.12890625,10.25390625,-7.8125,-72.75390625,12.6953125
203.1328125,22.4609375,-16.6015625,-47.36328125,15.625
203.13671875,18.5546875,-20.99609375,-43.9453125,-54.6875
203.140625,40.0390625,-16.11328125,-47.8515625,-50.78125
203.14453125,56.15234375,-18.06640625,-51.7578125,-31.25
203.1484375,64.453125,-6.8359375,-53.7109375,-10.25390625
203.15234375,49.31640625,1.46484375,-47.8515625,-21.97265625
203.15625,48.828125,-7.8125,-40.0390625,-61.5234375
203.16015625,51.7578125,-11.71875,-33.203125,-18.06640625
203.1640625,53.22265625,-5.859375,-28.80859375,23.4375
203.16796875,55.17578125,1.46484375,-45.8984375,13.18359375
203.171875,50.29296875,0.0,-62.5,-17.578125
203.17578125,36.62109375,-8.30078125,-45.8984375,-21.484375
203.1796875,21.484375,-15.13671875,-26.85546875,-2.44140625
203.18359375,40.0390625,-17.08984375,-19.53125,5.37109375
203.1875,48.33984375,-16.6015625,-27.83203125,-21.484375
203.19140625,8.30078125,-20.99609375,-31.25,-23.4375
203.1953125,-2.9296875,-25.390625,-35.64453125,4.39453125
203.19921875,24.4140625,-26.85546875,-48.33984375,7.8125
203.203125,60.546875,-26.85546875,-33.203125,-7.8125
203.20703125,43.9453125,-26.85546875,-16.6015625,-3.90625
203.2109375,6.34765625,-20.99609375,-26.3671875,6.8359375
203.21484375,12.20703125,-16.11328125,-32.71484375,22.94921875
203.21875,17.578125,-16.11328125,-25.87890625,14.16015625
203.22265625,16.11328125,-13.18359375,-21.484375,-2.9296875
203.2265625,35.15625,-3.41796875,-40.0390625,9.765625
203.23046875,37.59765625,-4.39453125,-48.33984375,-13.18359375
203.234375,11.23046875,-20.01953125,-24.90234375,-39.0625
203.23828125,-4.8828125,-31.25,-16.11328125,-47.36328125
203.2421875,5.37109375,-21.97265625,-19.04296875,-12.20703125
203.24609375,14.16015625,-14.16015625,-18.5546875,9.27734375
203.25,-0.48828125,-18.06640625,-22.4609375,-20.5078125
203.25390625,7.32421875,-14.16015625,-41.50390625,-6.8359375
203.2578125,23.4375,-13.671875,-39.0625,-4.39453125
203.26171875,1.46484375,-19.04296875,-25.390625,-26.3671875
203.265625,10.7421875,-18.5546875,-22.94921875,-8.30078125
203.26953125,17.578125,-8.7890625,-32.2265625,-1.953125
203.2734375,-1.46484375,-6.34765625,-44.921875,-11.71875
203.27734375,-10.25390625,-10.7421875,-35.64453125,-30.76171875
203.28125,-8.7890625,-7.8125,-25.390625,-10.7421875
203.28515625,13.671875,-4.39453125,-30.76171875,-6.8359375
203.2890625,4.8828125,-12.6953125,-22.94921875,-29.296875
203.29296875,-29.296875,-22.4609375,-11.71875,-31.73828125
203.296875,-11.23046875,-29.296875,-17.578125,-49.31640625
203.30078125,10.7421875,-26.85546875,-22.4609375,-32.2265625
203.3046875,17.08984375,-21.97265625,-27.83203125,-19.04296875
203.30859375,8.7890625,-27.34375,-31.73828125,-26.3671875
203.3125,6.34765625,-31.73828125,-27.34375,-12.20703125
203.31640625,14.16015625,-23.92578125,-31.25,-0.48828125
203.3203125,0.0,-16.6015625,-48.828125,-1.953125
203.32421875,3.41796875,-21.97265625,-36.1328125,-17.578125
203.328125,8.7890625,-38.57421875,-22.94921875,-27.83203125
203.33203125,20.01953125,-29.78515625,-32.2265625,0.48828125
203.3359375,8.7890625,-17.08984375,-45.41015625,-19.53125
203.33984375,-15.625,-24.90234375,-41.50390625,-14.16015625
203.34375,-6.8359375,-27.34375,-30.76171875,-10.7421875
203.34765625,10.25390625,-27.83203125,-25.87890625,-41.50390625
203.3515625,13.671875,-24.90234375,-21.97265625,-32.2265625
203.35546875,21.484375,-20.01953125,-19.04296875,-19.04296875
203.359375,38.0859375,-20.99609375,-23.92578125,-12.6953125
203.36328125,20.99609375,-17.578125,-32.2265625,-14.6484375
203.3671875,2.9296875,-25.390625,-47.36328125,-7.8125
203.37109375,12.6953125,-32.71484375,-49.8046875,10.7421875
203.375,34.1796875,-22.4609375,-19.53125,-4.39453125
203.37890625,23.92578125,-18.5546875,-6.8359375,-33.69140625
203.3828125,27.83203125,-20.01953125,-11.23046875,-14.6484375
203.38671875,36.1328125,-23.4375,-14.16015625,9.27734375
203.390625,17.08984375,-28.80859375,-22.94921875,-32.2265625
203.39453125,16.11328125,-25.87890625,-18.06640625,-16.6015625
203.3984375,20.5078125,-22.94921875,-16.11328125,1.46484375
203.40234375,20.5078125,-22.94921875,-18.5546875,10.7421875
203.40625,22.94921875,-15.625,-15.625,46.875
203.41015625,23.92578125,-0.9765625,-30.76171875,23.4375
203.4140625,27.34375,-5.37109375,-43.9453125,-23.92578125
203.41796875,19.04296875,-20.01953125,-39.55078125,-40.0390625
203.421875,-11.23046875,-24.4140625,-23.4375,-28.3203125
203.42578125,-22.94921875,-23.92578125,-18.5546875,-9.27734375
203.4296875,5.859375,-21.97265625,-17.578125,-1.953125
203.43359375,4.8828125,-25.390625,-12.20703125,-18.06640625
203.4375,12.6953125,-25.87890625,-14.6484375,-31.25
203.44140625,24.90234375,-20.99609375,-15.13671875,-0.9765625
203.4453125,-1.46484375,-26.85546875,-20.99609375,4.39453125
203.44921875,0.0,-21.97265625,-36.62109375,-8.30078125
203.453125,-3.41796875,-12.6953125,-44.43359375,-30.76171875
203.45703125,-1.46484375,-12.6953125,-35.64453125,-39.0625
203.4609375,15.13671875,-24.4140625,-16.6015625,-1.953125
203.46484375,2.44140625,-28.80859375,-14.16015625,5.859375
203.46875,5.859375,-23.4375,-13.671875,3.41796875
203.47265625,12.6953125,-18.5546875,-7.32421875,13.18359375
203.4765625,-3.90625,-8.30078125,-12.6953125,-3.90625
203.48046875,19.53125,-15.13671875,-14.16015625,-0.9765625
203.484375,18.06640625,-26.85546875,-25.390625,7.32421875
203.48828125,-13.18359375,-22.94921875,-42.96875,-12.20703125
203.4921875,-9.27734375,-26.85546875,-31.25,31.73828125
203.49609375,-7.8125,-30.2734375,-12.20703125,28.3203125
203.5,2.9296875,-32.2265625,-19.53125,-44.43359375
203.50390625,22.94921875,-21.484375,-14.6484375,-17.08984375
203.5078125,4.8828125,-18.5546875,-16.11328125,14.16015625
203.51171875,3.41796875,-21.97265625,-29.78515625,-13.671875
203.515625,15.13671875,-14.16015625,-12.6953125,-20.99609375
203.51953125,-35.64453125,-20.99609375,-1.46484375,-9.765625
203.5234375,-23.92578125,-20.01953125,-16.6015625,-33.69140625
203.52734375,25.390625,-16.6015625,-18.5546875,-57.6171875
203.53125,57.12890625,-21.484375,-12.6953125,-15.625
203.53515625,49.8046875,-26.85546875,-10.25390625,-6.8359375
203.5390625,-27.83203125,-31.25,-6.8359375,-14.6484375
203.54296875,-59.08203125,-29.296875,13.671875,-8.30078125
203.546875,-12.20703125,-24.90234375,22.4609375,-31.25
203.55078125,-38.0859375,-39.55078125,11.71875,-68.359375
203.5546875,-93.75,-44.43359375,2.44140625,-83.49609375
203.55859375,-84.9609375,-44.43359375,6.34765625,-106.93359375
203.5625,-79.58984375,-57.6171875,21.97265625,-105.46875
203.56640625,-61.5234375,-53.7109375,10.25390625,-59.5703125
203.5703125,-72.75390625,-49.8046875,24.90234375,-62.01171875
203.57421875,-74.70703125,-58.59375,64.453125,-45.41015625
203.578125,-61.03515625,-71.77734375,59.5703125,-16.6015625
203.58203125,-58.10546875,-74.70703125,52.24609375,-56.15234375
203.5859375,-19.04296875,-63.96484375,50.29296875,-71.77734375
203.58984375,-12.6953125,-47.8515625,38.0859375,-23.92578125
203.59375,-19.53125,-39.55078125,41.9921875,-7.32421875
203.59765625,-27.34375,-40.0390625,42.96875,-14.6484375
203.6015625,-8.7890625,-40.0390625,44.43359375,28.3203125
203.60546875,20.01953125,-37.59765625,34.66796875,36.1328125
203.609375,25.87890625,-41.015625,21.97265625,31.25
203.61328125,6.8359375,-42.96875,20.5078125,1.953125
203.6171875,5.859375,-42.96875,19.04296875,31.25
203.62109375,19.04296875,-42.96875,21.97265625,52.734375
203.625,20.99609375,-39.0625,23.4375,-6.8359375
203.62890625,42.96875,-37.59765625,21.97265625,6.34765625
203.6328125,62.5,-33.69140625,24.90234375,30.2734375
203.63671875,52.734375,-42.48046875,16.6015625,21.484375
203.640625,39.55078125,-44.43359375,3.41796875,32.2265625
203.64453125,52.24609375,-23.92578125,-7.32421875,46.38671875
203.6484375,72.75390625,-12.20703125,4.8828125,60.546875
203.65234375,64.94140625,-18.5546875,1.953125,73.2421875
203.65625,38.57421875,-27.34375,-4.8828125,54.19921875
203.66015625,48.828125,-24.4140625,20.01953125,51.7578125
203.6640625,46.38671875,-25.390625,28.3203125,14.6484375
203.66796875,23.4375,-21.97265625,10.25390625,8.30078125
203.671875,44.921875,-16.6015625,0.0,66.40625
203.67578125,75.68359375,-27.83203125,0.0,46.875
203.6796875,64.94140625,-29.296875,12.20703125,32.2265625
203.68359375,57.6171875,-22.4609375,13.671875,41.015625
203.6875,69.82421875,-9.27734375,-0.48828125,45.8984375
203.69140625,60.05859375,2.44140625,-9.27734375,79.58984375
203.6953125,54.6875,-4.39453125,-22.4609375,63.4765625
203.69921875,32.2265625,-15.625,-21.97265625,48.828125
203.703125,22.4609375,-21.484375,-11.71875,52.24609375
203.70703125,16.11328125,-20.99609375,-20.5078125,25.87890625
203.7109375,5.37109375,-21.97265625,-22.94921875,26.85546875
203.71484375,8.7890625,-28.3203125,-20.01953125,17.578125
203.71875,21.484375,-28.3203125,-24.90234375,24.90234375
203.72265625,43.45703125,-16.6015625,-38.0859375,53.22265625
203.7265625,40.0390625,-21.484375,-46.38671875,31.73828125
203.73046875,30.2734375,-30.76171875,-17.578125,27.34375
203.734375,32.71484375,-17.08984375,2.9296875,36.62109375
203.73828125,39.55078125,-9.27734375,4.8828125,17.08984375
203.7421875,43.45703125,-11.71875,3.90625,16.11328125
203.74609375,35.64453125,-11.23046875,-17.08984375,30.76171875
203.75,25.390625,-19.53125,-19.04296875,33.203125
203.75390625,-13.671875,-18.06640625,-6.8359375,18.5546875
203.7578125,-32.2265625,-19.04296875,-7.8125,0.48828125
203.76171875,-29.296875,-22.4609375,-11.23046875,-17.578125
203.765625,-29.78515625,-15.625,-14.6484375,-9.27734375
203.76953125,-28.80859375,-14.6484375,-13.671875,-10.7421875
203.7734375,-39.55078125,-18.06640625,-33.203125,-27.83203125
203.77734375,-27.83203125,-20.99609375,-57.12890625,-16.6015625
203.78125,-13.18359375,-20.5078125,-31.25,-9.765625
203.78515625,-30.2734375,-22.4609375,-7.8125,-11.23046875
203.7890625,-39.55078125,-22.4609375,-12.20703125,-6.8359375
203.79296875,-21.97265625,-16.11328125,-22.4609375,-30.2734375
203.796875,-0.9765625,-12.20703125,-41.015625,-1.46484375
203.80078125,10.25390625,-11.71875,-35.64453125,32.2265625
203.8046875,-17.578125,-18.06640625,-13.18359375,-3.41796875
203.80859375,-52.24609375,-20.5078125,-5.859375,-24.4140625
203.8125,-49.8046875,-21.484375,-0.9765625,-17.08984375
203.81640625,-20.99609375,-21.97265625,6.34765625,-19.04296875
203.8203125,-7.8125,-17.08984375,1.953125,-27.34375
203.82421875,-33.203125,-23.4375,-1.953125,-21.97265625
203.828125,-22.4609375,-26.85546875,1.46484375,8.7890625
203.83203125,-24.4140625,-28.3203125,-4.8828125,-3.90625
203.8359375,-53.22265625,-30.2734375,-17.578125,-22.4609375
203.83984375,-68.84765625,-14.6484375,-26.3671875,-13.18359375
203.84375,-67.87109375,-10.25390625,-22.94921875,-5.859375
203.84765625,-43.45703125,-11.23046875,-31.73828125,18.06640625
203.8515625,-41.9921875,-10.7421875,-40.0390625,19.53125
203.85546875,-37.109375,-22.94921875,-19.04296875,-4.8828125
203.859375,-26.85546875,-23.4375,0.0,-16.6015625
203.86328125,-27.34375,-15.13671875,-11.23046875,-20.5078125
203.8671875,-6.34765625,-17.08984375,-20.99609375,4.8828125
203.87109375,-14.6484375,-20.01953125,-8.7890625,11.71875
203.875,-52.734375,-15.13671875,-9.27734375,-20.99609375
203.87890625,-65.4296875,-15.13671875,-16.11328125,-23.4375
203.8828125,-39.0625,-14.6484375,-16.6015625,-7.32421875
203.88671875,-25.87890625,-15.13671875,-28.3203125,-10.25390625
203.890625,-48.33984375,-28.3203125,-27.34375,-11.23046875
203.89453125,-43.9453125,-39.55078125,-11.71875,-2.9296875
203.8984375,-28.3203125,-30.76171875,-11.71875,-7.8125
203.90234375,-11.71875,-23.92578125,-8.7890625,-3.90625
203.90625,-17.578125,-25.390625,-1.46484375,-25.87890625
203.91015625,-30.76171875,-16.6015625,-6.8359375,-29.296875
203.9140625,-29.78515625,-11.23046875,-16.11328125,19.04296875
203.91796875,-49.31640625,-15.13671875,-16.11328125,27.83203125
203.921875,-38.0859375,-16.11328125,-20.99609375,2.9296875
203.92578125,-39.0625,-12.20703125,-16.6015625,-25.390625
203.9296875,-50.78125,-8.7890625,-22.4609375,-22.4609375
203.93359375,-26.3671875,-0.9765625,-40.52734375,6.8359375
203.9375,-27.34375,-4.8828125,-31.73828125,-2.44140625
203.94140625,-43.45703125,-13.671875,-9.765625,-7.8125
203.9453125,-34.66796875,-14.16015625,-4.8828125,1.46484375
203.94921875,-33.203125,-10.25390625,-7.32421875,2.9296875
203.953125,-22.4609375,-12.6953125,-12.20703125,-8.30078125
203.95703125,-8.30078125,-22.4609375,-31.25,-7.32421875
203.9609375,-36.1328125,-22.94921875,-29.296875,14.6484375
203.96484375,-55.17578125,-29.296875,-7.8125,21.97265625
203.96875,-58.59375,-32.2265625,-5.859375,-2.9296875
203.97265625,-71.77734375,-20.99609375,-9.765625,-37.109375
203.9765625,-59.5703125,-17.08984375,-17.08984375,-20.01953125
203.98046875,-42.96875,-17.578125,-23.4375,-11.23046875
203.984375,-43.45703125,-18.06640625,-14.16015625,-34.1796875
203.98828125,-66.89453125,-20.01953125,-10.25390625,-47.36328125
203.9921875,-55.17578125,-19.04296875,-11.23046875,-19.04296875
203.99609375,-27.83203125,-20.5078125,-5.859375,1.46484375
204.0,-33.203125,-20.5078125,-17.578125,-7.32421875
204.00390625,-43.9453125,-17.08984375,-29.78515625,13.671875
204.0078125,-41.9921875,-19.53125,-21.97265625,20.5078125
204.01171875,-57.12890625,-24.4140625,-31.25,-31.25
204.015625,-83.0078125,-24.4140625,-17.578125,-43.45703125
204.01953125,-70.3125,-31.73828125,9.765625,-24.90234375
204.0234375,-18.06640625,-33.69140625,5.859375,11.71875
204.02734375,-29.296875,-18.5546875,-8.30078125,14.6484375
204.03125,-62.5,-20.5078125,-26.85546875,-32.71484375
204.03515625,-53.7109375,-26.85546875,-34.66796875,-51.26953125
204.0390625,-45.41015625,-9.27734375,-36.1328125,-72.265625
204.04296875,-52.24609375,6.34765625,-57.6171875,-69.82421875
204.046875,-61.5234375,3.90625,-53.7109375,-62.01171875
204.05078125,-61.5234375,0.9765625,-32.2265625,-63.4765625
204.0546875,-57.12890625,3.90625,-30.2734375,-65.91796875
204.05859375,-67.3828125,-0.48828125,-38.57421875,-80.078125
204.0625,-72.75390625,-0.9765625,-49.31640625,-89.35546875
204.06640625,-50.29296875,3.41796875,-54.6875,-75.68359375
204.0703125,-21.484375,7.32421875,-57.6171875,-77.63671875
204.07421875,-38.57421875,6.34765625,-62.01171875,-72.75390625
204.078125,-62.01171875,-0.9765625,-72.75390625,-73.73046875
204.08203125,-66.40625,-2.9296875,-63.4765625,-82.51953125
204.0859375,-54.19921875,-8.30078125,-50.78125,-62.5
204.08984375,-41.50390625,-7.32421875,-56.640625,-73.2421875
204.09375,-59.5703125,-5.37109375,-63.96484375,-87.890625
204.09765625,-69.3359375,-1.46484375,-54.19921875,-59.08203125
204.1015625,-52.24609375,3.90625,-57.6171875,-34.66796875
204.10546875,-38.57421875,-16.11328125,-53.22265625,-56.15234375
204.109375,-52.734375,-24.4140625,-25.390625,-71.77734375
204.11328125,-51.7578125,-14.6484375,-29.78515625,-62.5
204.1171875,-41.50390625,-16.11328125,-42.96875,-48.828125
204.12109375,-54.6875,-19.53125,-35.15625,-50.29296875
204.125,-56.640625,-10.25390625,-30.76171875,-55.6640625
204.12890625,-43.45703125,-9.27734375,-32.2265625,-25.87890625
204.1328125,-39.0625,-15.625,-32.71484375,-29.296875
204.13671875,-27.34375,-13.18359375,-37.59765625,-47.36328125
204.140625,-25.390625,-3.41796875,-48.33984375,-17.578125
204.14453125,-30.2734375,-2.44140625,-40.52734375,-5.859375
204.1484375,-45.41015625,-8.7890625,-16.6015625,-3.90625
204.15234375,-47.8515625,-13.18359375,-7.32421875,-15.13671875
204.15625,-42.96875,-18.06640625,-12.6953125,-24.4140625
204.16015625,-32.2265625,-16.11328125,-3.41796875,-11.71875
204.1640625,-38.0859375,-14.16015625,-9.765625,-15.13671875
204.16796875,-51.26953125,-24.90234375,-16.11328125,-48.828125
204.171875,-44.43359375,-24.4140625,-8.7890625,-54.6875
204.17578125,-42.48046875,-8.7890625,-32.2265625,-23.92578125
204.1796875,-53.22265625,-0.9765625,-38.0859375,-13.18359375
204.18359375,-41.50390625,-7.32421875,-13.671875,-23.92578125
204.1875,-34.66796875,-9.27734375,-6.8359375,-38.0859375
204.19140625,-23.92578125,-15.13671875,-12.20703125,-32.71484375
204.1953125,-38.57421875,-21.97265625,-16.6015625,-22.94921875
204.19921875,-32.71484375,-26.3671875,-27.34375,-19.04296875
204.203125,-13.671875,-24.4140625,-32.71484375,-3.41796875
204.20703125,-49.8046875,-14.16015625,-36.1328125,-20.99609375
204.2109375,-59.08203125,-10.7421875,-25.87890625,-40.0390625
204.21484375,-40.52734375,-8.30078125,-1.953125,-28.3203125
204.21875,-39.55078125,-8.30078125,6.34765625,-27.34375
204.22265625,-42.48046875,-14.6484375,7.8125,-9.27734375
204.2265625,-42.48046875,-22.94921875,6.34765625,6.34765625
204.23046875,-56.15234375,-21.484375,2.9296875,-20.5078125
204.234375,-74.70703125,-11.71875,2.9296875,-19.04296875
204.23828125,-75.68359375,-8.7890625,-4.8828125,-20.5078125
204.2421875,-44.921875,-8.30078125,-17.08984375,-39.0625
204.24609375,-33.69140625,-11.71875,-14.16015625,-24.90234375
204.25,-51.26953125,-14.6484375,-18.06640625,-24.90234375
204.25390625,-40.0390625,-14.16015625,-30.76171875,-32.2265625
204.2578125,-35.15625,-19.53125,-23.4375,-34.1796875
204.26171875,-34.1796875,-25.87890625,-14.16015625,-24.4140625
204.265625,-31.73828125,-25.390625,-10.7421875,-32.71484375
204.26953125,-23.92578125,-24.4140625,-11.71875,-28.80859375
204.2734375,-34.66796875,-28.3203125,-25.87890625,-3.41796875
204.27734375,-71.2890625,-28.80859375,-27.83203125,-24.90234375
204.28125,-69.3359375,-22.4609375,-14.16015625,-30.2734375
204.28515625,-68.84765625,-18.06640625,-6.34765625,-19.04296875
204.2890625,-67.87109375,-15.625,-6.8359375,-20.01953125
204.29296875,-51.26953125,-18.5546875,-9.27734375,-12.6953125
204.296875,-49.8046875,-28.80859375,-10.25390625,-31.25
204.30078125,-39.0625,-25.87890625,-14.16015625,-28.3203125
204.3046875,-30.2734375,-17.578125,-28.3203125,-7.8125
204.30859375,-36.1328125,-30.2734375,-27.83203125,-24.90234375
204.3125,-38.0859375,-41.015625,-8.30078125,-38.57421875
204.31640625,-34.66796875,-36.1328125,-3.90625,-39.55078125
204.3203125,-43.45703125,-37.109375,-9.765625,-9.765625
204.32421875,-35.15625,-34.66796875,-2.9296875,2.44140625
204.328125,-28.80859375,-23.4375,2.9296875,4.39453125
204.33203125,-61.03515625,-16.6015625,-8.30078125,-9.27734375
204.3359375,-71.2890625,-21.97265625,-16.6015625,-15.13671875
204.33984375,-62.5,-26.3671875,-21.97265625,-21.97265625
204.34375,-56.15234375,-14.16015625,-29.296875,-42.96875
204.34765625,-40.0390625,-10.25390625,-26.85546875,-33.69140625
204.3515625,-44.43359375,-19.04296875,-19.04296875,-33.69140625
204.35546875,-37.59765625,-14.6484375,-11.71875,-31.25
204.359375,-33.69140625,-12.6953125,-10.7421875,-15.13671875
204.36328125,-27.34375,-10.25390625,-19.04296875,-15.625
204.3671875,2.9296875,-4.39453125,-33.69140625,-5.37109375
204.37109375,-20.01953125,-11.23046875,-26.85546875,-11.23046875
204.375,-30.2734375,-6.34765625,-16.6015625,-18.5546875
204.37890625,-25.87890625,0.48828125,-23.92578125,12.6953125
204.3828125,-38.0859375,-12.20703125,-16.6015625,23.4375
204.38671875,-43.45703125,-23.92578125,-0.9765625,-9.765625
204.390625,-38.57421875,-27.83203125,-0.9765625,-26.3671875
204.39453125,-30.2734375,-17.08984375,-2.44140625,-5.859375
204.3984375,-5.37109375,-10.25390625,-2.44140625,-10.25390625
204.40234375,3.90625,-2.44140625,-21.484375,-1.953125
204.40625,-13.671875,0.9765625,-33.203125,5.859375
204.41015625,-37.109375,-11.23046875,-29.296875,-4.8828125
204.4140625,-49.8046875,-20.01953125,-29.78515625,-14.16015625
204.41796875,-44.921875,-21.484375,-30.2734375,-27.83203125
204.421875,-48.33984375,-18.06640625,-20.01953125,-23.4375
204.42578125,-59.08203125,-16.6015625,-15.13671875,-29.78515625
204.4296875,-56.640625,-21.484375,-17.08984375,-12.6953125
204.43359375,-52.24609375,-23.92578125,-17.578125,30.76171875
204.4375,-36.62109375,-15.625,-22.94921875,-13.18359375
204.44140625,-48.33984375,-15.13671875,-24.4140625,-44.921875
204.4453125,-58.59375,-26.85546875,-25.390625,-39.55078125
204.44921875,-51.7578125,-25.390625,-20.01953125,-48.828125
204.453125,-46.875,-19.53125,-38.0859375,-22.94921875
204.45703125,-50.78125,-20.99609375,-61.03515625,-14.16015625
204.4609375,-48.828125,-9.765625,-48.828125,-4.39453125
204.46484375,-40.52734375,-5.37109375,-30.76171875,1.953125
204.46875,-51.26953125,-17.578125,-7.32421875,-19.53125
204.47265625,-69.3359375,-16.6015625,3.41796875,-24.4140625
204.4765625,-82.03125,-10.25390625,1.953125,-32.2265625
204.48046875,-79.1015625,-16.11328125,-8.30078125,-35.64453125
204.484375,-64.453125,-23.4375,-24.90234375,-24.4140625
204.48828125,-52.24609375,-21.97265625,-17.578125,11.23046875
204.4921875,-46.38671875,-14.16015625,-14.16015625,17.578125
204.49609375,-45.41015625,-17.08984375,-19.53125,15.13671875
204.5,-51.7578125,-28.80859375,-18.5546875,-29.296875
204.50390625,-51.7578125,-26.85546875,-19.53125,-76.66015625
204.5078125,-22.94921875,-14.16015625,-32.71484375,-26.85546875
204.51171875,-35.15625,-12.20703125,-36.1328125,-7.8125
204.515625,-52.24609375,-20.99609375,-20.01953125,-34.1796875
204.51953125,-47.8515625,-19.04296875,-12.20703125,-27.83203125
204.5234375,-56.15234375,-22.94921875,-11.71875,-41.9921875
204.52734375,-47.8515625,-32.2265625,-26.85546875,-44.921875
204.53125,-18.06640625,-20.01953125,-47.8515625,-22.94921875
204.53515625,-31.73828125,-16.6015625,-42.48046875,-42.48046875
204.5390625,-70.80078125,-22.94921875,-15.625,-42.96875
204.54296875,-62.01171875,-23.92578125,6.8359375,-33.203125
204.546875,-43.9453125,-27.34375,-2.9296875,-18.06640625
204.55078125,-45.41015625,-29.296875,-20.5078125,-5.37109375
204.5546875,-35.15625,-21.484375,-17.578125,-18.06640625
204.55859375,-2.44140625,-5.859375,-22.4609375,-12.6953125
204.5625,-16.6015625,-9.765625,-44.921875,-10.25390625
204.56640625,-33.203125,-7.32421875,-38.0859375,-21.97265625
204.5703125,11.71875,-1.953125,-21.484375,-23.92578125
204.57421875,34.1796875,-10.7421875,-21.484375,7.32421875
204.578125,-3.90625,-15.625,-17.578125,22.4609375
204.58203125,-54.19921875,-28.80859375,12.6953125,-31.73828125
204.5859375,-62.5,-32.2265625,21.97265625,-41.015625
204.58984375,-38.57421875,-20.5078125,0.9765625,6.34765625
204.59375,-37.59765625,-20.5078125,6.8359375,-12.6953125
204.59765625,-32.2265625,-29.78515625,27.34375,-27.83203125
204.6015625,-44.921875,-34.1796875,40.0390625,-20.5078125
204.60546875,-35.64453125,-35.64453125,27.83203125,-5.37109375
204.609375,-4.39453125,-42.96875,21.97265625,13.671875
204.61328125,-38.57421875,-48.828125,38.0859375,-3.90625
204.6171875,-61.03515625,-48.33984375,9.765625,-16.6015625
204.62109375,-56.15234375,-48.33984375,-17.08984375,-6.8359375
204.625,-59.08203125,-57.12890625,-15.625,-22.4609375
204.62890625,-54.19921875,-51.7578125,0.48828125,6.8359375
204.6328125,-57.6171875,-47.36328125,29.78515625,25.87890625
204.63671875,-47.8515625,-52.734375,41.9921875,3.90625
204.640625,-50.78125,-43.45703125,46.38671875,-17.08984375
204.64453125,-70.80078125,-43.9453125,62.5,-7.8125
204.6484375,-43.45703125,-52.24609375,42.96875,-0.48828125
204.65234375,-16.6015625,-50.29296875,6.8359375,1.953125
204.65625,-37.109375,-41.9921875,-2.9296875,-6.8359375
204.66015625,-27.34375,-37.109375,4.8828125,-11.23046875
204.6640625,2.9296875,-41.9921875,-3.41796875,3.90625
204.66796875,6.8359375,-41.50390625,-40.0390625,0.48828125
204.671875,-6.34765625,-32.2265625,-39.0625,-8.30078125
204.67578125,-11.23046875,-29.296875,-13.671875,-26.3671875
204.6796875,-6.34765625,-30.76171875,-20.99609375,-29.78515625
204.68359375,-24.4140625,-31.25,-33.69140625,-4.39453125
204.6875,-16.6015625,-29.296875,-50.29296875,-16.6015625
204.69140625,-6.34765625,-25.87890625,-61.5234375,-17.08984375
204.6953125,-17.578125,-28.80859375,-48.828125,-10.7421875
204.69921875,-36.1328125,-33.203125,-39.0625,-11.23046875
204.703125,-21.484375,-38.0859375,-43.45703125,6.8359375
204.70703125,-2.44140625,-40.0390625,-51.26953125,3.41796875
204.7109375,7.8125,-35.15625,-62.01171875,2.44140625
204.71484375,31.73828125,-26.3671875,-65.4296875,21.97265625
204.71875,20.99609375,-23.92578125,-48.828125,27.83203125
204.72265625,14.6484375,-23.4375,-30.76171875,11.23046875
204.7265625,30.76171875,-14.6484375,-32.2265625,23.92578125
204.73046875,12.6953125,-20.01953125,-37.59765625,1.46484375
204.734375,1.46484375,-33.69140625,-30.76171875,-16.11328125
204.73828125,23.4375,-23.4375,-36.1328125,-4.8828125
204.7421875,20.99609375,-18.06640625,-55.6640625,-1.953125
204.74609375,2.9296875,-27.34375,-62.01171875,2.44140625
204.75,4.8828125,-30.2734375,-52.734375,-7.8125
204.75390625,0.48828125,-31.73828125,-47.36328125,1.953125
204.7578125,-14.6484375,-25.390625,-55.17578125,0.48828125
204.76171875,-5.859375,-17.578125,-51.7578125,-26.3671875
204.765625,5.37109375,-18.5546875,-49.8046875,-15.13671875
204.76953125,-7.8125,-19.04296875,-65.4296875,6.8359375
204.7734375,-10.25390625,-18.5546875,-67.3828125,9.765625
204.77734375,-4.39453125,-20.01953125,-56.15234375,-1.953125
204.78125,-16.6015625,-24.4140625,-32.2265625,-23.92578125
204.78515625,-3.90625,-23.4375,-36.62109375,-39.55078125
204.7890625,1.46484375,-25.390625,-58.10546875,-9.765625
204.79296875,-8.30078125,-32.2265625,-53.7109375,-8.7890625
204.796875,-5.859375,-34.1796875,-58.59375,-36.62109375
204.80078125,-18.06640625,-34.1796875,-57.6171875,-26.85546875
204.8046875,-38.57421875,-30.2734375,-51.26953125,-19.04296875
204.80859375,-32.2265625,-24.4140625,-53.7109375,-9.27734375
204.8125,-28.3203125,-23.92578125,-80.56640625,-2.44140625
204.81640625,-28.3203125,-26.85546875,-99.12109375,-24.90234375
204.8203125,-24.4140625,-34.1796875,-82.03125,-59.5703125
204.82421875,-15.625,-38.57421875,-79.1015625,-50.29296875
204.828125,-3.41796875,-27.83203125,-78.125,-36.1328125
204.83203125,-2.44140625,-15.13671875,-68.84765625,-34.66796875
204.8359375,1.953125,-13.671875,-77.63671875,-3.41796875
204.83984375,9.27734375,-19.04296875,-85.9375,0.9765625
204.84375,-12.6953125,-28.80859375,-65.4296875,-15.13671875
204.84765625,-35.64453125,-28.80859375,-46.38671875,-23.92578125
204.8515625,-27.34375,-21.484375,-51.26953125,-33.69140625
204.85546875,-10.7421875,-14.6484375,-49.8046875,-19.04296875
204.859375,11.71875,-20.5078125,-44.43359375,-5.37109375
204.86328125,18.06640625,-26.85546875,-55.6640625,5.37109375
204.8671875,23.92578125,-26.85546875,-34.1796875,28.3203125
204.87109375,51.26953125,-18.5546875,-21.484375,16.6015625
204.875,-4.39453125,-7.8125,-33.69140625,-21.97265625
204.87890625,-55.6640625,-7.32421875,-37.109375,-42.96875
204.8828125,-25.390625,-16.11328125,-42.48046875,-41.50390625
204.88671875,-19.04296875,-17.08984375,-55.6640625,-55.17578125
204.890625,-22.4609375,-8.30078125,-71.77734375,-44.43359375
204.89453125,-18.06640625,-3.90625,-69.3359375,-46.38671875
204.8984375,-36.62109375,0.0,-66.40625,-74.21875
204.90234375,-33.203125,-2.9296875,-71.77734375,-74.21875
204.90625,-27.83203125,0.48828125,-90.33203125,-89.84375
204.91015625,-15.625,8.30078125,-101.5625,-78.125
204.9140625,-1.953125,-0.48828125,-85.44921875,-82.51953125
204.91796875,-6.34765625,-12.20703125,-77.63671875,-94.7265625
204.921875,-5.859375,-9.27734375,-75.68359375,-59.5703125
204.92578125,-22.4609375,5.859375,-78.61328125,-80.078125
204.9296875,-34.1796875,9.765625,-84.47265625,-73.73046875
204.93359375,-34.66796875,6.8359375,-82.03125,-74.70703125
204.9375,-3.41796875,13.18359375,-93.75,-83.0078125
204.94140625,1.953125,17.08984375,-97.16796875,-51.26953125
204.9453125,-13.18359375,15.625,-88.37890625,-48.828125
204.94921875,3.41796875,4.8828125,-96.6796875,-58.59375
204.953125,19.04296875,-2.44140625,-103.515625,-63.96484375
204.95703125,14.16015625,-6.34765625,-83.0078125,-47.8515625
204.9609375,11.71875,-1.46484375,-75.1953125,-45.41015625
204.96484375,8.30078125,4.39453125,-67.3828125,-32.2265625
204.96875,2.44140625,-8.7890625,-58.59375,-12.20703125
204.97265625,0.0,-15.625,-59.08203125,-41.9921875
204.9765625,-3.41796875,-5.859375,-59.08203125,-60.05859375
204.98046875,14.16015625,-1.953125,-54.19921875,-35.15625
204.984375,8.30078125,-0.9765625,-50.78125,-39.55078125
204.98828125,9.27734375,-1.953125,-54.19921875,-20.5078125
204.9921875,7.8125,-13.671875,-58.10546875,-25.87890625
204.99609375,8.7890625,-19.53125,-56.15234375,-43.9453125
205.0,15.13671875,-11.23046875,-46.875,-31.73828125
205.00390625,19.04296875,-6.8359375,-31.73828125,-20.01953125
205.0078125,37.109375,-12.6953125,-25.390625,-13.18359375
205.01171875,34.66796875,-14.16015625,-31.25,-28.3203125
205.015625,35.64453125,-9.27734375,-36.62109375,-27.83203125
205.01953125,66.89453125,-8.7890625,-37.59765625,-4.8828125
205.0234375,64.94140625,-9.27734375,-23.4375,21.484375
205.02734375,43.45703125,-9.765625,-20.5078125,21.97265625
205.03125,37.59765625,-12.20703125,-17.578125,12.6953125
205.03515625,43.9453125,-9.27734375,-20.99609375,-3.41796875
205.0390625,43.9453125,-11.71875,-47.8515625,-0.48828125
205.04296875,41.015625,-16.11328125,-41.015625,-2.44140625
205.046875,42.48046875,-9.765625,-11.23046875,-24.90234375
205.05078125,27.83203125,-11.23046875,-6.8359375,-32.2265625
205.0546875,23.4375,-20.5078125,-11.23046875,-33.69140625
205.05859375,12.6953125,-18.5546875,-8.7890625,-16.6015625
205.0625,10.7421875,-10.25390625,-12.20703125,-15.13671875
205.06640625,27.34375,-5.859375,-14.6484375,-43.45703125
205.0703125,30.2734375,-6.34765625,-8.30078125,-33.203125
205.07421875,31.73828125,-12.6953125,-27.83203125,-16.6015625
205.078125,23.92578125,-12.6953125,-31.73828125,-17.08984375
205.08203125,18.06640625,-14.16015625,-14.6484375,-14.6484375
205.0859375,16.11328125,-19.04296875,-6.8359375,3.90625
205.08984375,17.578125,-13.18359375,-3.90625,19.04296875
205.09375,23.4375,-20.01953125,-14.6484375,-14.16015625
205.09765625,16.6015625,-28.80859375,-20.5078125,-34.1796875
205.1015625,11.71875,-20.5078125,-20.99609375,-21.97265625
205.10546875,5.37109375,-13.18359375,-33.203125,-33.69140625
205.109375,1.46484375,-12.20703125,-29.296875,-27.83203125
205.11328125,8.7890625,-17.578125,-12.6953125,-18.06640625
205.1171875,20.01953125,-16.11328125,-15.13671875,-33.203125
205.12109375,17.08984375,-15.625,-16.6015625,-14.6484375
205.125,18.06640625,-23.4375,-23.4375,-1.953125
205.12890625,15.625,-27.83203125,-41.015625,-13.18359375
205.1328125,4.39453125,-23.92578125,-31.25,-14.16015625
205.13671875,-9.27734375,-20.01953125,-17.08984375,-10.25390625
205.140625,-6.34765625,-13.18359375,-10.7421875,-22.4609375
205.14453125,2.44140625,-12.6953125,1.953125,-24.90234375
205.1484375,11.71875,-14.6484375,-0.48828125,-3.90625
205.15234375,31.25,-6.34765625,-15.625,-4.8828125
205.15625,40.0390625,-7.8125,-17.578125,-8.30078125
205.16015625,31.25,-11.23046875,-5.859375,-7.8125
205.1640625,20.5078125,-12.6953125,-5.37109375,0.48828125
205.16796875,14.6484375,-22.94921875,-13.18359375,-0.9765625
205.171875,19.53125,-29.296875,-19.04296875,-3.41796875
205.17578125,8.30078125,-33.203125,-24.90234375,-15.625
205.1796875,-3.41796875,-30.76171875,-25.87890625,-21.97265625
205.18359375,24.4140625,-17.578125,-25.390625,8.30078125
205.1875,29.296875,-18.06640625,-21.97265625,-13.671875
205.19140625,-5.859375,-21.97265625,-15.625,-53.22265625
205.1953125,-13.18359375,-20.99609375,-18.06640625,-48.33984375
205.19921875,10.7421875,-22.94921875,-13.18359375,-13.671875
205.203125,6.8359375,-29.78515625,-4.39453125,0.9765625
205.20703125,-1.953125,-23.4375,-8.30078125,6.8359375
205.2109375,0.48828125,-8.7890625,-28.80859375,15.13671875
205.21484375,7.32421875,-13.671875,-32.2265625,0.48828125
205.21875,4.8828125,-28.80859375,-13.671875,-15.625
205.22265625,-22.94921875,-33.69140625,4.39453125,11.23046875
205.2265625,-16.11328125,-31.25,8.30078125,14.16015625
205.23046875,-6.34765625,-27.83203125,-11.23046875,-32.71484375
205.234375,-7.8125,-20.01953125,-13.671875,-38.0859375
205.23828125,-10.25390625,-20.5078125,-6.34765625,-30.2734375
205.2421875,-14.16015625,-25.390625,-13.18359375,-7.32421875
205.24609375,-7.8125,-27.34375,-15.625,-1.953125
205.25,-9.27734375,-25.390625,-8.7890625,-0.48828125
205.25390625,-6.34765625,-25.390625,1.46484375,2.9296875
205.2578125,8.30078125,-32.71484375,1.46484375,-6.8359375
205.26171875,11.23046875,-32.71484375,-8.30078125,19.53125
205.265625,3.41796875,-21.97265625,-15.625,8.30078125
205.26953125,17.08984375,-19.53125,-19.04296875,-0.9765625
205.2734375,20.01953125,-25.87890625,-41.50390625,2.9296875
205.27734375,13.671875,-25.87890625,-37.109375,-2.44140625
205.28125,21.97265625,-16.6015625,2.9296875,17.08984375
205.28515625,28.3203125,-9.27734375,11.23046875,2.44140625
205.2890625,15.625,-13.18359375,-0.48828125,-28.80859375
205.29296875,0.9765625,-16.11328125,-4.8828125,-23.92578125
205.296875,7.32421875,-14.16015625,-9.27734375,-2.9296875
205.30078125,18.5546875,-17.08984375,-6.34765625,-0.48828125
205.3046875,20.99609375,-27.34375,-1.953125,-18.5546875
205.30859375,19.04296875,-31.25,-12.20703125,-18.06640625
205.3125,18.06640625,-31.73828125,-27.83203125,-8.7890625
205.31640625,21.97265625,-21.97265625,-18.06640625,14.6484375
205.3203125,33.69140625,-13.671875,-11.71875,20.99609375
205.32421875,17.08984375,-18.06640625,-17.08984375,-16.6015625
205.328125,20.01953125,-19.53125,-12.20703125,-10.25390625
205.33203125,35.15625,-26.85546875,-11.23046875,22.4609375
205.3359375,25.87890625,-30.76171875,-29.78515625,8.30078125
205.33984375,1.953125,-24.4140625,-22.94921875,-6.34765625
205.34375,0.9765625,-19.53125,-3.90625,5.37109375
205.34765625,10.7421875,-6.8359375,-19.04296875,29.296875
205.3515625,11.23046875,-16.6015625,-29.296875,25.87890625
205.35546875,18.06640625,-28.80859375,-18.5546875,-0.9765625
205.359375,-0.48828125,-23.92578125,-12.20703125,8.7890625
205.36328125,10.25390625,-24.4140625,-20.01953125,-2.9296875
205.3671875,19.53125,-21.97265625,-26.85546875,-22.4609375
205.37109375,-15.13671875,-29.78515625,-17.578125,-16.6015625
205.375,-26.3671875,-26.3671875,-7.8125,-9.27734375
205.37890625,-35.15625,-20.5078125,-10.7421875,-27.34375
205.3828125,-41.015625,-29.296875,-6.34765625,-24.90234375
205.38671875,-51.7578125,-35.15625,3.41796875,-14.6484375
205.390625,-51.7578125,-38.57421875,-14.16015625,-10.7421875
205.39453125,-35.15625,-25.87890625,-12.6953125,-11.23046875
205.3984375,-46.38671875,-20.5078125,-4.8828125,-3.41796875
205.40234375,-49.8046875,-23.92578125,3.41796875,11.23046875
205.40625,-41.9921875,-19.53125,1.46484375,-1.953125
205.41015625,-48.828125,-13.18359375,-8.7890625,1.953125
205.4140625,-34.66796875,-12.20703125,-7.8125,9.765625
205.41796875,-21.97265625,-14.6484375,-5.37109375,-7.8125
205.421875,-22.94921875,-22.94921875,-8.30078125,-7.32421875
205.42578125,-20.5078125,-26.3671875,-13.671875,-3.90625
205.4296875,-15.625,-26.85546875,-13.671875,-17.578125
205.43359375,-14.16015625,-29.296875,-25.87890625,-17.08984375
205.4375,-10.25390625,-23.92578125,-40.52734375,-12.6953125
205.44140625,-8.7890625,-24.4140625,-27.34375,2.9296875
205.4453125,-13.18359375,-22.4609375,-13.18359375,17.08984375
205.44921875,-16.6015625,-27.83203125,-34.1796875,-3.41796875
205.453125,0.0,-30.2734375,-65.4296875,12.20703125
205.45703125,-4.39453125,-19.04296875,-46.875,40.52734375
205.4609375,-27.83203125,-26.85546875,-12.6953125,28.3203125
205.46484375,-14.6484375,-29.78515625,-18.5546875,-12.20703125
205.46875,-3.90625,-26.85546875,-26.85546875,-32.2265625
205.47265625,-20.01953125,-30.76171875,-6.8359375,-22.4609375
205.4765625,-9.27734375,-36.1328125,1.46484375,-26.85546875
205.48046875,-3.41796875,-41.50390625,-13.18359375,-32.71484375
205.484375,-12.6953125,-33.69140625,-33.69140625,-4.8828125
205.48828125,-28.80859375,-25.390625,-32.2265625,-24.4140625
205.4921875,-27.83203125,-22.4609375,-13.18359375,-19.53125
205.49609375,-11.23046875,-27.83203125,-11.23046875,-25.87890625
205.5,-19.53125,-32.71484375,-15.13671875,-44.921875
205.50390625,-35.64453125,-32.2265625,-20.99609375,-9.27734375
205.5078125,-13.671875,-26.85546875,-21.97265625,0.9765625
205.51171875,-0.48828125,-28.80859375,-14.6484375,-26.85546875
205.515625,-15.13671875,-25.390625,-11.23046875,-9.27734375
205.51953125,17.578125,-17.578125,-8.7890625,-2.9296875
205.5234375,34.66796875,-17.08984375,-13.18359375,-49.31640625
205.52734375,44.921875,-6.34765625,-17.578125,-39.0625
205.53125,29.78515625,-3.41796875,-21.97265625,-10.25390625
205.53515625,-0.9765625,-9.765625,-24.4140625,-7.32421875
205.5390625,-10.25390625,-13.18359375,-18.06640625,-15.625
205.54296875,-2.44140625,-15.625,-17.578125,-20.5078125
205.546875,9.765625,-18.5546875,-23.4375,-12.20703125
205.55078125,13.18359375,-28.3203125,-30.76171875,8.7890625
205.5546875,10.7421875,-36.62109375,-56.15234375,-5.37109375
205.55859375,5.859375,-27.83203125,-50.29296875,-38.0859375
205.5625,-0.9765625,-21.484375,-22.4609375,-30.2734375
205.56640625,8.30078125,-24.4140625,-14.6484375,-35.64453125
205.5703125,22.4609375,-26.3671875,-10.25390625,-60.05859375
205.57421875,10.7421875,-23.92578125,-9.765625,-109.375
205.578125,18.5546875,-21.484375,-8.30078125,-166.9921875
205.58203125,34.66796875,-19.04296875,-11.71875,-145.01953125
205.5859375,41.50390625,-24.90234375,-20.5078125,-109.86328125
205.58984375,29.296875,-27.34375,-31.73828125,-153.3203125
205.59375,10.25390625,-20.99609375,-41.015625,-169.43359375
205.59765625,0.0,-16.6015625,-44.921875,-152.34375
205.6015625,-4.39453125,-20.99609375,-47.36328125,-159.1796875
205.60546875,2.44140625,-18.06640625,-35.64453125,-169.921875
205.609375,20.5078125,-21.484375,-40.52734375,-165.52734375
205.61328125,28.3203125,-33.203125,-34.66796875,-136.23046875
205.6171875,15.625,-37.109375,-39.0625,-108.3984375
205.62109375,6.8359375,-32.2265625,-52.734375,-27.34375
205.625,2.9296875,-37.109375,-32.2265625,55.17578125
205.62890625,-2.44140625,-32.71484375,-10.7421875,81.54296875
205.6328125,8.30078125,-18.06640625,-7.8125,90.33203125
205.63671875,20.99609375,-13.18359375,-20.5078125,98.6328125
205.640625,15.625,-9.27734375,-25.87890625,110.83984375
205.64453125,4.8828125,-22.4609375,-14.16015625,65.91796875
205.6484375,10.7421875,-42.48046875,-0.9765625,42.48046875
205.65234375,7.8125,-44.43359375,-12.6953125,82.03125
205.65625,18.5546875,-31.73828125,-39.55078125,60.546875
205.66015625,24.4140625,-17.578125,-27.83203125,30.2734375
205.6640625,11.71875,-5.859375,1.953125,50.78125
205.66796875,10.25390625,-7.32421875,9.765625,45.8984375
205.671875,9.765625,-14.6484375,4.8828125,39.0625
205.67578125,5.859375,-15.625,4.8828125,32.71484375
205.6796875,-0.9765625,-20.5078125,1.953125,-67.87109375
205.68359375,8.7890625,-29.78515625,-13.18359375,-107.91015625
205.6875,10.25390625,-25.87890625,-20.99609375,-99.12109375
205.69140625,1.46484375,-12.6953125,-14.6484375,-166.9921875
205.6953125,11.23046875,-14.6484375,-1.953125,-184.08203125
205.69921875,28.80859375,-6.34765625,-20.99609375,-158.203125
205.703125,30.2734375,-5.37109375,-40.52734375,-139.6484375
205.70703125,11.23046875,-12.20703125,-35.64453125,-130.37109375
205.7109375,13.18359375,-11.23046875,-37.59765625,-130.37109375
205.71484375,58.59375,-9.765625,-43.9453125,-93.26171875
205.71875,21.97265625,-18.5546875,-36.62109375,-86.9140625
205.72265625,-26.3671875,-33.69140625,-3.90625,-121.58203125
205.7265625,-17.578125,-40.52734375,19.04296875,-138.18359375
205.73046875,-34.66796875,-37.59765625,1.46484375,-145.5078125
205.734375,-18.06640625,-33.203125,-47.36328125,-151.85546875
205.73828125,-7.8125,-33.69140625,-53.22265625,-140.13671875
205.7421875,-31.73828125,-44.43359375,-12.6953125,-130.37109375
205.74609375,-26.85546875,-60.546875,6.34765625,-116.69921875
205.75,-25.390625,-78.61328125,23.92578125,-117.1875
205.75390625,-36.62109375,-75.1953125,27.83203125,-108.88671875
205.7578125,-26.85546875,-61.03515625,24.90234375,-128.90625
205.76171875,-15.13671875,-62.98828125,40.52734375,-144.04296875
205.765625,-16.11328125,-62.5,23.92578125,-100.5859375
205.76953125,-34.66796875,-57.12890625,8.7890625,-113.76953125
205.7734375,-37.59765625,-66.40625,9.27734375,-122.55859375
205.77734375,-30.2734375,-67.3828125,29.296875,-90.33203125
205.78125,-26.85546875,-66.89453125,24.90234375,-76.171875
205.78515625,-26.3671875,-72.265625,1.953125,-88.8671875
205.7890625,-25.390625,-70.3125,13.18359375,-25.390625
205.79296875,-18.5546875,-69.3359375,20.99609375,-1.953125
205.796875,-27.34375,-73.2421875,10.7421875,-138.18359375
205.80078125,-5.37109375,-68.359375,14.16015625,-110.83984375
205.8046875,30.2734375,-59.08203125,13.18359375,-49.31640625
205.80859375,-4.39453125,-69.82421875,18.06640625,-73.2421875
205.8125,11.23046875,-61.03515625,25.87890625,-55.6640625
205.81640625,16.11328125,-50.29296875,18.5546875,-62.5
205.8203125,-22.4609375,-49.31640625,-5.37109375,-68.359375
205.82421875,-16.11328125,-41.50390625,-25.87890625,-51.7578125
205.828125,-11.71875,-47.36328125,-40.0390625,-47.8515625
205.83203125,-14.6484375,-54.6875,-54.19921875,-46.875
205.8359375,4.39453125,-47.8515625,-48.33984375,-98.14453125
205.83984375,4.8828125,-40.0390625,-28.3203125,-88.37890625
205.84375,-2.9296875,-38.57421875,-47.36328125,-72.265625
205.84765625,10.7421875,-35.15625,-58.59375,-65.4296875
205.8515625,19.04296875,-34.66796875,-40.52734375,-64.94140625
205.85546875,7.32421875,-34.1796875,-36.1328125,-43.9453125
205.859375,18.06640625,-23.4375,-61.5234375,-23.4375
205.86328125,45.41015625,-12.6953125,-93.75,-34.1796875
205.8671875,17.578125,-24.4140625,-88.37890625,-41.50390625
205.87109375,-17.08984375,-39.55078125,-63.96484375,-43.9453125
205.875,-8.7890625,-41.015625,-62.01171875,-20.99609375
205.87890625,-12.6953125,-23.92578125,-91.796875,-34.1796875
205.8828125,0.48828125,-16.11328125,-70.80078125,-52.24609375
205.88671875,0.0,-30.76171875,-28.80859375,-75.1953125
205.890625,5.859375,-31.25,-42.96875,-91.796875
205.89453125,19.53125,-19.53125,-60.546875,-74.21875
205.8984375,-3.41796875,-19.53125,-57.12890625,-49.31640625
205.90234375,-14.16015625,-26.3671875,-55.17578125,-39.55078125
205.90625,10.25390625,-28.80859375,-48.33984375,-62.5
205.91015625,21.97265625,-32.2265625,-66.40625,-58.59375
205.9140625,24.4140625,-20.01953125,-101.07421875,-11.23046875
205.91796875,26.3671875,-10.25390625,-99.12109375,-29.78515625
205.921875,9.765625,-21.97265625,-79.58984375,-60.05859375
205.92578125,0.0,-30.76171875,-62.5,-67.87109375
205.9296875,11.71875,-27.34375,-41.9921875,-69.3359375
205.93359375,1.46484375,-20.99609375,-35.64453125,-35.64453125
205.9375,-14.6484375,-22.94921875,-64.94140625,-18.06640625
205.94140625,-6.34765625,-31.25,-68.84765625,-69.3359375
205.9453125,-20.01953125,-36.1328125,-43.45703125,-80.078125
205.94921875,-11.71875,-35.64453125,-47.8515625,-44.43359375
205.953125,5.37109375,-25.390625,-56.640625,-27.83203125
205.95703125,-2.9296875,-12.20703125,-67.3828125,-43.45703125
205.9609375,0.9765625,-8.30078125,-82.51953125,-53.22265625
205.96484375,1.46484375,-13.671875,-70.80078125,-52.24609375
205.96875,-4.39453125,-21.484375,-69.82421875,-51.7578125
205.97265625,-3.41796875,-22.94921875,-79.1015625,-37.59765625
205.9765625,-4.39453125,-20.01953125,-59.08203125,-32.71484375
205.98046875,-5.859375,-17.08984375,-67.3828125,-48.33984375
205.984375,5.859375,-16.6015625,-83.0078125,-42.48046875
205.98828125,0.0,-13.18359375,-67.87109375,-55.6640625
205.9921875,3.90625,-14.6484375,-55.6640625,-53.7109375
205.99609375,12.6953125,-15.625,-45.8984375,-43.45703125
206.0,6.8359375,-7.8125,-52.734375,-75.68359375
206.00390625,7.32421875,-6.8359375,-52.734375,-84.47265625
206.0078125,17.578125,0.0,-59.5703125,-53.22265625
206.01171875,22.4609375,4.8828125,-73.2421875,-26.85546875
206.015625,28.80859375,-6.34765625,-53.7109375,-34.66796875
206.01953125,-11.23046875,-19.53125,-37.59765625,-61.03515625
206.0234375,-30.2734375,-22.94921875,-36.62109375,-64.94140625
206.02734375,-12.20703125,-18.5546875,-37.109375,-37.59765625
206.03125,-2.44140625,-17.578125,-43.9453125,-21.484375
206.03515625,10.25390625,-8.30078125,-59.08203125,-11.71875
206.0390625,10.25390625,-1.46484375,-74.70703125,-28.3203125
206.04296875,2.9296875,-15.13671875,-66.40625,-28.3203125
206.046875,-2.44140625,-23.92578125,-45.8984375,9.765625
206.05078125,-20.5078125,-25.87890625,-49.8046875,2.9296875
206.0546875,-25.87890625,-29.296875,-53.7109375,-19.04296875
206.05859375,-19.04296875,-31.73828125,-57.6171875,-20.01953125
206.0625,-10.7421875,-27.83203125,-50.29296875,-21.484375
206.06640625,3.41796875,-17.578125,-41.9921875,-15.13671875
206.0703125,11.71875,-18.06640625,-41.015625,-31.73828125
206.07421875,4.39453125,-26.85546875,-51.26953125,-35.64453125
206.078125,-18.06640625,-20.5078125,-73.2421875,-32.71484375
206.08203125,-11.71875,-21.484375,-58.10546875,-49.31640625
206.0859375,3.90625,-26.85546875,-26.3671875,-23.92578125
206.08984375,-13.671875,-17.578125,-8.30078125,-22.94921875
206.09375,-23.4375,-14.6484375,-6.8359375,-27.83203125
206.09765625,-19.53125,-21.484375,-8.30078125,-20.01953125
206.1015625,-18.06640625,-19.53125,-3.41796875,-23.92578125
206.10546875,-17.578125,-14.6484375,-3.41796875,-22.94921875
206.109375,-15.13671875,-14.16015625,-6.34765625,-18.5546875
206.11328125,-18.06640625,-10.25390625,-9.765625,-19.53125
206.1171875,-9.765625,-11.23046875,-13.18359375,-15.13671875
206.12109375,20.01953125,-10.7421875,-30.2734375,0.9765625
206.125,24.90234375,-12.20703125,-46.875,25.390625
206.12890625,-10.7421875,-13.671875,-22.94921875,12.20703125
206.1328125,-35.64453125,-19.53125,-11.23046875,-4.8828125
206.13671875,-43.45703125,-25.390625,-14.16015625,-27.34375
206.140625,-32.2265625,-19.04296875,-8.7890625,-30.76171875
206.14453125,-27.83203125,-19.04296875,-8.30078125,-19.53125
206.1484375,-32.71484375,-20.5078125,-13.671875,-24.4140625
206.15234375,-6.8359375,-13.18359375,-10.7421875,-57.12890625
206.15625,-4.39453125,-16.6015625,-14.6484375,-39.55078125
206.16015625,-13.671875,-30.2734375,-23.4375,1.46484375
206.1640625,-20.5078125,-31.25,-24.4140625,-19.04296875
206.16796875,-25.87890625,-25.87890625,-12.6953125,-23.92578125
206.171875,-12.20703125,-22.94921875,-12.20703125,-3.90625
206.17578125,-4.39453125,-25.390625,-42.48046875,-32.2265625
206.1796875,-13.671875,-28.3203125,-44.43359375,-48.828125
206.18359375,-38.0859375,-22.94921875,-14.16015625,-43.45703125
206.1875,-42.48046875,-24.4140625,-0.48828125,-66.40625
206.19140625,-26.85546875,-22.94921875,2.44140625,-39.0625
206.1953125,-16.11328125,-14.16015625,-4.8828125,6.34765625
206.19921875,-12.20703125,-15.625,-12.20703125,-33.69140625
206.203125,-8.7890625,-20.99609375,-5.37109375,-53.22265625
206.20703125,-20.01953125,-20.99609375,-0.48828125,-32.2265625
206.2109375,-32.71484375,-17.08984375,-1.46484375,-39.0625
206.21484375,-19.53125,-9.27734375,-0.9765625,-30.76171875
206.21875,-11.23046875,-0.9765625,0.0,-31.73828125
206.22265625,-13.18359375,-4.8828125,-4.8828125,-42.48046875
206.2265625,-6.34765625,-16.11328125,-27.83203125,-31.25
206.23046875,-4.39453125,-15.13671875,-41.9921875,-17.08984375
206.234375,-18.06640625,-5.859375,-24.4140625,-8.7890625
206.23828125,-31.25,-10.7421875,8.30078125,-6.34765625
206.2421875,-36.1328125,-21.97265625,29.296875,-0.48828125
206.24609375,-49.8046875,-19.53125,28.80859375,-32.2265625
206.25,-45.41015625,-13.18359375,5.37109375,-62.01171875
206.25390625,-27.34375,-17.08984375,-15.13671875,-64.453125
206.2578125,-29.296875,-17.578125,-2.9296875,-26.3671875
206.26171875,-40.52734375,-8.7890625,0.0,-15.625
206.265625,-24.4140625,4.39453125,-36.1328125,-40.0390625
206.26953125,-30.2734375,5.859375,-39.0625,-57.12890625
206.2734375,-42.96875,-5.859375,-17.08984375,-82.51953125
206.27734375,-34.1796875,-15.625,-13.18359375,-57.6171875
206.28125,-46.875,-14.6484375,-21.97265625,-45.8984375
206.28515625,-64.94140625,-6.34765625,-9.765625,-48.828125
206.2890625,-60.546875,-0.9765625,0.9765625,-18.06640625
206.29296875,-62.5,-8.7890625,-8.30078125,-48.828125
206.296875,-37.59765625,-8.7890625,-25.87890625,-82.51953125
206.30078125,-25.390625,-15.625,-22.94921875,-66.40625
206.3046875,-55.17578125,-32.71484375,-15.625,-65.91796875
206.30859375,-91.796875,-36.1328125,-17.08984375,-75.1953125
206.3125,-71.2890625,-35.64453125,-17.578125,-52.24609375
206.31640625,-44.921875,-41.015625,-21.484375,-45.41015625
206.3203125,-65.4296875,-38.0859375,-23.92578125,-94.23828125
206.32421875,-82.03125,-38.0859375,-16.6015625,-116.69921875
206.328125,-76.66015625,-33.203125,-10.25390625,-70.3125
206.33203125,-60.546875,-32.2265625,-15.625,-57.12890625
206.3359375,-68.359375,-30.76171875,-24.90234375,-86.42578125
206.33984375,-58.59375,-20.5078125,-36.62109375,-82.51953125
206.34375,-46.38671875,-21.97265625,-45.41015625,-83.49609375
206.34765625,-71.2890625,-27.83203125,-20.99609375,-93.75
206.3515625,-84.9609375,-29.296875,10.25390625,-84.9609375
206.35546875,-77.1484375,-21.97265625,1.953125,-73.73046875
206.359375,-82.51953125,-19.53125,-15.625,-58.59375
206.36328125,-83.49609375,-22.94921875,-16.11328125,-53.22265625
206.3671875,-86.9140625,-31.25,-31.25,-50.78125
206.37109375,-93.75,-33.69140625,-31.25,-77.1484375
206.375,-93.75,-37.59765625,-3.90625,-80.56640625
206.37890625,-72.265625,-37.109375,11.23046875,-38.0859375
206.3828125,-21.484375,-14.6484375,-8.7890625,-2.9296875
206.38671875,-27.83203125,-11.23046875,-24.90234375,-69.82421875
206.390625,-84.47265625,-24.4140625,-8.30078125,-143.5546875
206.39453125,-112.79296875,-34.1796875,1.953125,-124.51171875
206.3984375,-130.859375,-32.2265625,-4.39453125,-115.234375
206.40234375,-171.38671875,-24.4140625,-14.6484375,-164.0625
206.40625,-159.66796875,-12.6953125,-20.99609375,-163.0859375
206.41015625,-151.85546875,-11.71875,-27.34375,-139.6484375
206.4140625,-174.31640625,-13.671875,-37.109375,-160.64453125
206.41796875,-163.57421875,-6.8359375,-42.96875,-188.4765625
206.421875,-173.828125,2.44140625,-41.9921875,-172.36328125
206.42578125,-180.17578125,6.8359375,-48.33984375,-151.85546875
206.4296875,-143.06640625,-1.953125,-65.4296875,-164.55078125
206.43359375,-151.85546875,4.39453125,-80.078125,-192.3828125
206.4375,-191.40625,18.5546875,-104.98046875,-238.28125
206.44140625,-192.87109375,18.06640625,-112.3046875,-259.27734375
206.4453125,-183.10546875,19.04296875,-102.5390625,-224.12109375
206.44921875,-177.734375,18.5546875,-112.79296875,-223.6328125
206.453125,-136.71875,2.44140625,-119.140625,-189.94140625
206.45703125,-95.703125,4.39453125,-124.0234375,-162.59765625
206.4609375,-140.625,22.94921875,-122.55859375,-177.24609375
206.46484375,-149.90234375,34.66796875,-99.12109375,-182.6171875
206.46875,-122.55859375,31.25,-94.23828125,-181.15234375
206.47265625,-96.19140625,24.90234375,-99.609375,-160.64453125
206.4765625,-68.359375,20.99609375,-107.91015625,-145.5078125
206.48046875,-51.26953125,20.01953125,-104.00390625,-106.93359375
206.484375,-69.3359375,17.08984375,-103.515625,-90.8203125
206.48828125,-85.44921875,18.06640625,-119.140625,-116.2109375
206.4921875,-37.109375,20.01953125,-113.76953125,-104.98046875
206.49609375,-17.578125,18.06640625,-103.515625,-104.00390625
206.5,-21.97265625,21.484375,-88.37890625,-94.23828125
206.50390625,-5.859375,23.4375,-65.91796875,-55.17578125
206.5078125,9.765625,18.06640625,-71.77734375,-45.8984375
206.51171875,3.90625,13.671875,-86.9140625,-48.828125
206.515625,-7.8125,5.859375,-68.359375,-27.83203125
206.51953125,-21.484375,-5.37109375,-50.78125,-20.01953125
206.5234375,-1.953125,-3.90625,-45.41015625,-41.015625
206.52734375,13.18359375,0.0,-42.48046875,-31.25
206.53125,7.8125,-2.44140625,-41.015625,-30.76171875
206.53515625,16.11328125,-1.46484375,-37.59765625,-42.48046875
206.5390625,29.296875,-1.953125,-29.78515625,-7.8125
206.54296875,31.25,-3.41796875,-23.4375,27.83203125
206.546875,29.78515625,-5.37109375,-17.08984375,6.8359375
206.55078125,31.25,-6.34765625,-14.6484375,-3.90625
206.5546875,28.80859375,-13.671875,-21.97265625,-12.20703125
206.55859375,30.2734375,-17.578125,-30.2734375,24.4140625
206.5625,36.62109375,-12.6953125,-29.78515625,39.0625
206.56640625,44.43359375,-10.25390625,-21.97265625,15.625
206.5703125,26.3671875,-12.20703125,-20.5078125,5.37109375
206.57421875,3.41796875,-13.671875,-19.53125,-1.46484375
206.578125,-4.39453125,-9.27734375,-19.53125,7.32421875
206.58203125,7.8125,-4.8828125,-37.109375,3.41796875
206.5859375,-0.9765625,-14.16015625,-45.41015625,-4.39453125
206.58984375,-7.8125,-33.203125,-28.3203125,-12.6953125
206.59375,-8.30078125,-32.2265625,-16.11328125,-22.94921875
206.59765625,17.08984375,-30.2734375,-6.8359375,20.01953125
206.6015625,51.26953125,-33.203125,-8.7890625,18.06640625
206.60546875,27.83203125,-33.69140625,-14.6484375,-4.8828125
206.609375,5.37109375,-25.87890625,-11.71875,-1.46484375
206.61328125,15.13671875,-13.671875,-22.94921875,-20.99609375
206.6171875,17.08984375,-12.20703125,-36.1328125,-19.53125
206.62109375,28.80859375,-14.16015625,-22.4609375,17.08984375
206.625,35.15625,-14.16015625,-31.73828125,1.953125
206.62890625,15.625,-18.06640625,-70.80078125,-16.11328125
206.6328125,20.01953125,-20.99609375,-55.6640625,-14.6484375
206.63671875,9.27734375,-23.4375,-24.90234375,-16.11328125
206.640625,-6.8359375,-29.78515625,-32.71484375,9.27734375
206.64453125,-5.859375,-35.15625,-51.7578125,-4.39453125
206.6484375,-10.25390625,-38.57421875,-59.08203125,-31.25
206.65234375,-15.625,-34.66796875,-53.7109375,-8.7890625
206.65625,-38.57421875,-35.64453125,-51.7578125,-12.20703125
206.66015625,-47.36328125,-32.2265625,-50.29296875,-20.5078125
206.6640625,-39.0625,-24.90234375,-49.31640625,-13.671875
206.66796875,-36.1328125,-26.3671875,-59.08203125,-23.4375
206.671875,-32.71484375,-29.78515625,-46.875,5.859375
206.67578125,-21.97265625,-37.109375,-20.01953125,33.69140625
206.6796875,-25.390625,-38.0859375,-21.484375,-4.8828125
206.68359375,-49.31640625,-32.2265625,-35.64453125,-55.6640625
206.6875,-66.40625,-25.390625,-48.33984375,-43.45703125
206.69140625,-71.2890625,-28.3203125,-56.640625,-20.01953125
206.6953125,-56.640625,-34.66796875,-41.015625,-0.48828125
206.69921875,-48.828125,-36.1328125,-25.390625,-13.671875
206.703125,-43.9453125,-32.71484375,-28.80859375,-25.390625
206.70703125,-20.01953125,-27.34375,-34.66796875,-13.18359375
206.7109375,-9.27734375,-30.76171875,-36.62109375,-29.296875
206.71484375,-28.3203125,-37.59765625,-42.48046875,-19.53125
206.71875,-34.66796875,-29.296875,-45.8984375,-13.18359375
206.72265625,-41.015625,-21.484375,-41.50390625,-43.45703125
206.7265625,-44.43359375,-22.4609375,-35.15625,-15.13671875
206.73046875,-39.55078125,-23.4375,-27.83203125,0.0
206.734375,-37.59765625,-24.4140625,-15.625,4.8828125
206.73828125,-27.83203125,-15.13671875,-14.6484375,-29.296875
206.7421875,-22.94921875,-20.99609375,-20.99609375,-53.7109375
206.74609375,-25.390625,-28.3203125,-29.296875,-19.04296875
206.75,-40.0390625,-22.4609375,-30.2734375,5.859375
206.75390625,-45.8984375,-16.6015625,-14.16015625,5.37109375
206.7578125,-34.1796875,-9.27734375,-8.7890625,-5.37109375
206.76171875,-13.18359375,-2.9296875,-23.4375,-19.04296875
206.765625,4.39453125,-5.37109375,-13.18359375,-25.390625
206.76953125,-0.9765625,-12.6953125,5.859375,-25.87890625
206.7734375,-2.44140625,-10.7421875,7.8125,-15.625
206.77734375,9.27734375,-14.16015625,-10.25390625,4.8828125
206.78125,7.8125,-18.06640625,-27.34375,-9.765625
206.78515625,-4.8828125,-11.71875,-20.5078125,-30.76171875
206.7890625,-21.484375,-16.11328125,-14.6484375,-39.0625
206.79296875,-13.671875,-21.484375,-20.99609375,-15.13671875
206.796875,-2.44140625,-16.6015625,-33.69140625,16.6015625
206.80078125,-41.015625,-18.5546875,-40.52734375,27.83203125
206.8046875,-46.38671875,-28.3203125,-27.83203125,-1.953125
206.80859375,-18.5546875,-23.92578125,-29.296875,-37.59765625
206.8125,-13.18359375,-17.578125,-45.8984375,-38.0859375
206.81640625,-16.11328125,-19.53125,-32.2265625,-27.34375
206.8203125,-13.671875,-17.578125,-14.6484375,-34.66796875
206.82421875,-13.671875,-19.04296875,-16.11328125,-45.41015625
206.828125,-22.94921875,-24.90234375,-16.11328125,-39.55078125
206.83203125,-16.11328125,-22.4609375,-15.13671875,-14.16015625
206.8359375,-0.48828125,-20.99609375,-13.671875,-23.4375
206.83984375,-5.37109375,-23.92578125,-16.6015625,-43.45703125
206.84375,-11.71875,-22.4609375,-24.4140625,-7.32421875
206.84765625,17.08984375,-5.37109375,-36.1328125,15.625
206.8515625,20.01953125,-17.578125,-34.66796875,21.484375
206.85546875,22.4609375,-33.203125,-7.32421875,-13.671875
206.859375,16.11328125,-20.99609375,-4.8828125,-28.80859375
206.86328125,-8.7890625,-16.11328125,-15.625,-23.92578125
206.8671875,-15.625,-28.3203125,-18.5546875,-22.94921875
206.87109375,-30.2734375,-31.25,-22.94921875,-20.5078125
206.875,-23.4375,-17.08984375,-31.25,-35.64453125
206.87890625,-4.39453125,-20.99609375,-25.87890625,-38.57421875
206.8828125,-8.7890625,-30.2734375,-15.13671875,-29.296875
206.88671875,-14.16015625,-23.92578125,-17.578125,-23.92578125
206.890625,-3.41796875,-17.578125,-30.76171875,-19.04296875
206.89453125,-1.46484375,-24.4140625,-32.2265625,3.90625
206.8984375,-4.39453125,-32.2265625,-28.3203125,-11.23046875
206.90234375,-21.97265625,-26.85546875,-18.06640625,-56.640625
206.90625,-23.4375,-21.484375,-9.765625,-43.9453125
206.91015625,-8.7890625,-14.16015625,-13.18359375,-28.3203125
206.9140625,-9.27734375,-16.6015625,-11.71875,-31.25
206.91796875,-11.23046875,-22.94921875,-7.8125,-29.296875
206.921875,-4.8828125,-15.13671875,-11.71875,-32.71484375
206.92578125,-12.20703125,-15.13671875,-14.16015625,-31.73828125
206.9296875,-22.4609375,-22.94921875,-16.6015625,-2.9296875
206.93359375,-10.25390625,-21.97265625,-21.97265625,-9.27734375
206.9375,15.625,-10.7421875,-21.97265625,-14.16015625
206.94140625,6.8359375,-5.859375,-23.92578125,-23.4375
206.9453125,-9.765625,-17.08984375,-15.625,-23.92578125
206.94921875,3.90625,-22.4609375,-11.71875,-7.32421875
206.953125,10.25390625,-18.06640625,-14.6484375,-20.01953125
206.95703125,5.859375,-20.99609375,-15.13671875,-27.34375
206.9609375,13.671875,-24.90234375,-17.578125,-40.52734375
206.96484375,18.06640625,-21.97265625,-11.71875,-42.96875
206.96875,26.3671875,-20.5078125,-16.6015625,-35.64453125
206.97265625,7.8125,-18.5546875,-15.13671875,-20.5078125
206.9765625,-29.78515625,-15.625,-4.39453125,-9.27734375
206.98046875,-8.7890625,-15.625,-1.953125,14.16015625
206.984375,8.30078125,-17.578125,-10.7421875,0.0
206.98828125,0.0,-23.4375,-11.23046875,-10.25390625
206.9921875,10.7421875,-27.34375,-6.34765625,28.80859375
206.99609375,27.34375,-27.34375,-5.37109375,16.11328125
207.0,17.08984375,-20.5078125,-18.5546875,-5.859375
207.00390625,-6.34765625,-21.97265625,-15.13671875,-22.4609375
207.0078125,-16.6015625,-30.2734375,1.46484375,-42.48046875
207.01171875,-27.34375,-27.83203125,-2.9296875,-62.98828125
207.015625,-28.80859375,-20.99609375,-9.765625,-50.78125
207.01953125,-2.9296875,-13.18359375,-16.6015625,-24.90234375
207.0234375,9.27734375,-13.671875,-19.53125,-21.484375
207.02734375,0.48828125,-19.04296875,-20.5078125,-27.34375
207.03125,0.9765625,-25.390625,-19.04296875,-46.875
207.03515625,31.25,-28.80859375,-13.18359375,-21.484375
207.0390625,17.08984375,-28.3203125,-17.08984375,-25.390625
207.04296875,-9.765625,-32.71484375,-33.69140625,-35.64453125
207.046875,9.765625,-23.4375,-48.33984375,-5.859375
207.05078125,-0.48828125,-13.671875,-28.3203125,-6.34765625
207.0546875,-34.1796875,-24.4140625,-8.30078125,-7.32421875
207.05859375,-52.24609375,-29.78515625,-11.23046875,-0.48828125
207.0625,-54.19921875,-24.90234375,-20.5078125,-1.46484375
207.06640625,-35.64453125,-17.578125,-27.83203125,-2.9296875
207.0703125,-28.3203125,-19.04296875,-20.99609375,-57.6171875
207.07421875,-28.80859375,-20.5078125,-12.6953125,-64.453125
207.078125,-26.85546875,-15.625,-7.32421875,-6.34765625
207.08203125,-11.71875,-16.11328125,-7.32421875,-44.43359375
207.0859375,18.06640625,-17.578125,-6.34765625,-50.78125
207.08984375,8.7890625,-14.6484375,-16.11328125,-6.8359375
207.09375,-2.9296875,-20.5078125,-29.78515625,15.625
207.09765625,12.20703125,-15.13671875,-21.97265625,-7.32421875
207.1015625,-5.859375,-15.625,-24.4140625,-51.26953125
207.10546875,-18.06640625,-30.2734375,-23.92578125,-47.8515625
207.109375,-15.13671875,-26.3671875,-18.06640625,-26.85546875
207.11328125,-26.85546875,-25.390625,-25.87890625,-18.5546875
207.1171875,-19.53125,-23.92578125,-29.296875,-52.734375
207.12109375,-12.6953125,-12.20703125,-25.390625,-65.91796875
207.125,-17.578125,-13.671875,-45.8984375,-30.76171875
207.12890625,-18.06640625,-19.04296875,-45.8984375,24.90234375
207.1328125,-19.53125,-19.04296875,-20.5078125,-2.9296875
207.13671875,-15.625,-28.80859375,-13.671875,-48.33984375
207.140625,-15.625,-31.25,-13.18359375,-34.66796875
207.14453125,-20.5078125,-23.92578125,-23.92578125,-32.2265625
207.1484375,-16.11328125,-21.97265625,-19.04296875,-32.2265625
207.15234375,-21.97265625,-26.85546875,-12.6953125,-30.2734375
207.15625,-29.296875,-29.296875,-10.25390625,-8.30078125
207.16015625,-19.04296875,-21.97265625,-6.34765625,16.6015625
207.1640625,-8.7890625,-22.4609375,-7.32421875,-28.3203125
207.16796875,-19.04296875,-29.296875,-2.9296875,-42.48046875
207.171875,-17.08984375,-28.80859375,-7.32421875,-61.03515625
207.17578125,-0.9765625,-20.5078125,-29.296875,-48.828125
207.1796875,-0.9765625,-18.5546875,-32.71484375,-24.4140625
207.18359375,-4.39453125,-35.15625,-31.73828125,-13.18359375
207.1875,-7.32421875,-45.8984375,-33.203125,-5.859375
207.19140625,-6.8359375,-36.62109375,-29.78515625,-9.765625
207.1953125,-15.625,-34.66796875,-26.85546875,-23.92578125
207.19921875,-21.97265625,-27.34375,-17.578125,-17.578125
207.203125,-20.01953125,-17.578125,-17.08984375,-20.99609375
207.20703125,-23.92578125,-20.99609375,-11.23046875,-29.78515625
207.2109375,-31.73828125,-27.83203125,-14.6484375,-12.6953125
207.21484375,-4.8828125,-30.76171875,-26.85546875,-9.27734375
207.21875,13.671875,-30.2734375,-18.06640625,-36.1328125
207.22265625,17.578125,-20.99609375,-6.34765625,-34.66796875
207.2265625,-0.48828125,-10.7421875,-25.87890625,-26.3671875
207.23046875,-16.6015625,-11.71875,-42.48046875,11.71875
207.234375,-15.625,-11.71875,-18.5546875,8.7890625
207.23828125,-21.484375,-18.06640625,-11.23046875,-51.26953125
207.2421875,-21.484375,-23.92578125,-16.11328125,-33.203125
207.24609375,-15.13671875,-20.5078125,-9.765625,-9.27734375
207.25,-12.20703125,-18.5546875,-15.625,-17.08984375
207.25390625,-0.48828125,-21.97265625,-22.4609375,-8.7890625
207.2578125,-1.953125,-21.484375,-16.11328125,-11.71875
207.26171875,-7.8125,-16.11328125,-13.671875,-47.36328125
207.265625,6.8359375,-19.04296875,-33.203125,-23.4375
207.26953125,6.8359375,-22.4609375,-37.109375,-6.8359375
207.2734375,-6.8359375,-20.5078125,-15.13671875,-35.64453125
207.27734375,-10.7421875,-20.5078125,-8.7890625,-33.69140625
207.28125,-17.578125,-16.11328125,-13.671875,-29.78515625
207.28515625,-21.484375,-18.5546875,-6.34765625,-12.20703125
207.2890625,-6.34765625,-30.76171875,-4.8828125,2.9296875
207.29296875,4.8828125,-30.2734375,-27.34375,-42.48046875
207.296875,0.9765625,-18.5546875,-19.53125,-29.296875
207.30078125,-14.6484375,-19.04296875,-5.37109375,11.71875
207.3046875,-26.3671875,-28.3203125,-12.6953125,-26.3671875
207.30859375,-22.94921875,-27.34375,-15.13671875,-46.38671875
207.3125,-17.08984375,-19.53125,-20.01953125,-43.45703125
207.31640625,-8.30078125,-20.5078125,-20.01953125,-33.203125
207.3203125,13.18359375,-22.4609375,-17.08984375,-17.08984375
207.32421875,-0.48828125,-14.16015625,-31.73828125,-32.71484375
207.328125,-29.296875,-13.671875,-37.109375,-31.73828125
207.33203125,-12.20703125,-16.11328125,-18.06640625,-19.53125
207.3359375,-6.8359375,-12.20703125,-18.06640625,-63.96484375
207.33984375,-15.13671875,-14.16015625,-23.92578125,-70.80078125
207.34375,-9.765625,-17.08984375,-9.27734375,-38.57421875
207.34765625,-4.8828125,-25.390625,-13.671875,-43.9453125
207.3515625,-13.671875,-31.25,-37.59765625,-29.78515625
207.35546875,-18.5546875,-26.3671875,-25.390625,-45.41015625
207.359375,-12.6953125,-20.99609375,-10.7421875,-56.15234375
207.36328125,-15.625,-16.6015625,-7.8125,-25.87890625
207.3671875,-19.04296875,-27.34375,-5.859375,-26.85546875
207.37109375,-21.97265625,-29.296875,-15.625,-21.97265625
207.375,-10.25390625,-14.6484375,-33.203125,-19.53125
207.37890625,6.8359375,-24.90234375,-35.15625,-16.11328125
207.3828125,11.23046875,-37.109375,-16.11328125,-7.32421875
207.38671875,1.46484375,-22.4609375,-9.27734375,-49.31640625
207.390625,-3.41796875,-14.6484375,-18.06640625,-33.69140625
207.39453125,-12.20703125,-25.390625,-10.7421875,-12.20703125
207.3984375,-13.18359375,-33.203125,-8.7890625,-40.0390625
207.40234375,4.8828125,-27.83203125,-20.99609375,-23.4375
207.40625,4.39453125,-14.6484375,-16.11328125,-0.48828125
207.41015625,2.9296875,-11.71875,-12.20703125,-12.20703125
207.4140625,16.11328125,-19.53125,-13.18359375,-40.52734375
207.41796875,31.25,-21.484375,-14.16015625,-15.625
207.421875,26.85546875,-20.5078125,-21.484375,-13.671875
207.42578125,19.53125,-18.5546875,-21.97265625,-29.296875
207.4296875,9.765625,-14.16015625,-14.6484375,-15.13671875
207.43359375,21.97265625,-6.8359375,-22.94921875,-19.04296875
207.4375,13.18359375,-16.11328125,-18.06640625,-13.671875
207.44140625,-0.48828125,-19.53125,-1.953125,0.48828125
207.4453125,0.48828125,-11.71875,-4.8828125,-15.13671875
207.44921875,-19.53125,-32.71484375,-7.32421875,-37.109375
207.453125,-17.08984375,-42.96875,-1.46484375,-26.3671875
207.45703125,8.7890625,-28.80859375,0.0,-21.484375
207.4609375,40.0390625,-25.390625,1.46484375,-9.27734375
207.46484375,47.8515625,-21.484375,-5.37109375,7.8125
207.46875,12.20703125,-11.23046875,-18.06640625,-5.859375
207.47265625,-1.953125,-12.6953125,-21.97265625,-30.76171875
207.4765625,4.8828125,-10.25390625,-25.87890625,-41.50390625
207.48046875,18.5546875,-16.11328125,-34.1796875,-18.5546875
207.484375,19.53125,-21.484375,-21.97265625,-0.48828125
207.48828125,29.78515625,-6.34765625,0.9765625,-2.44140625
207.4921875,23.4375,-17.578125,1.953125,-2.9296875
207.49609375,0.48828125,-33.203125,-4.39453125,-2.44140625
207.5,0.48828125,-23.4375,-5.859375,-18.06640625
207.50390625,0.9765625,-24.90234375,-6.8359375,-38.57421875
207.5078125,2.9296875,-34.1796875,-11.71875,-11.71875
207.51171875,2.9296875,-37.59765625,-18.5546875,-5.859375
207.515625,4.39453125,-32.2265625,-17.08984375,-36.62109375
207.51953125,0.0,-19.53125,-20.5078125,2.44140625
207.5234375,-7.32421875,-14.6484375,-22.4609375,18.06640625
207.52734375,-2.9296875,-15.13671875,-23.4375,-23.4375
207.53125,10.25390625,-22.4609375,-31.25,-35.15625
207.53515625,15.13671875,-22.4609375,-39.0625,-40.0390625
207.5390625,0.48828125,-20.99609375,-17.08984375,-37.59765625
207.54296875,-8.30078125,-27.34375,3.41796875,-32.71484375
207.546875,-2.44140625,-25.390625,2.44140625,-10.7421875
207.55078125,5.859375,-27.34375,-6.34765625,-0.9765625
207.5546875,7.32421875,-20.99609375,-14.6484375,-18.5546875
207.55859375,14.6484375,-7.8125,-13.18359375,-26.3671875
207.5625,5.37109375,-10.25390625,-10.7421875,-23.4375
207.56640625,3.41796875,-12.6953125,-14.16015625,-9.765625
207.5703125,26.3671875,-1.953125,-19.04296875,3.41796875
207.57421875,17.578125,-6.8359375,-27.34375,8.7890625
207.578125,2.44140625,-21.484375,-16.6015625,-12.20703125
207.58203125,-0.48828125,-18.5546875,-2.9296875,-34.66796875
207.5859375,8.30078125,-17.578125,-2.9296875,-22.4609375
207.58984375,10.25390625,-17.08984375,-6.8359375,0.9765625
207.59375,-9.27734375,-19.04296875,-17.578125,-5.37109375
207.59765625,-17.08984375,-21.484375,-12.6953125,-29.78515625
207.6015625,-3.41796875,-16.11328125,-2.44140625,-16.6015625
207.60546875,1.953125,-18.06640625,-8.7890625,-6.8359375
207.609375,21.97265625,-27.34375,-9.27734375,-17.08984375
207.61328125,30.2734375,-26.3671875,-7.32421875,-12.20703125
207.6171875,27.34375,-16.6015625,-16.11328125,-5.859375
207.62109375,45.8984375,-7.32421875,-37.109375,-17.578125
207.625,28.3203125,-9.27734375,-42.48046875,-15.625
207.62890625,20.5078125,-8.30078125,-12.20703125,-0.48828125
207.6328125,31.73828125,-9.27734375,-4.39453125,-29.296875
207.63671875,26.85546875,-16.11328125,-18.06640625,-42.48046875
207.640625,27.34375,-12.6953125,-7.8125,-14.16015625
207.64453125,42.48046875,-7.32421875,9.27734375,1.46484375
207.6484375,46.875,-7.8125,6.8359375,3.41796875
207.65234375,48.33984375,-9.765625,-15.625,-3.90625
207.65625,25.87890625,-15.13671875,-28.3203125,-21.97265625
207.66015625,-0.9765625,-18.06640625,-19.53125,-27.34375
207.6640625,-8.30078125,-16.6015625,-21.484375,-35.15625
207.66796875,4.8828125,-17.08984375,-21.97265625,-47.36328125
207.671875,26.85546875,-16.6015625,-14.16015625,-38.57421875
207.67578125,40.0390625,-12.20703125,-10.7421875,-28.80859375
207.6796875,31.25,-10.7421875,-10.7421875,-4.39453125
207.68359375,22.94921875,-11.71875,-10.7421875,-4.39453125
207.6875,33.69140625,-16.11328125,-21.97265625,-25.390625
207.69140625,26.85546875,-7.8125,-34.1796875,-8.30078125
207.6953125,8.7890625,-5.37109375,-33.203125,-19.04296875
207.69921875,-11.23046875,-16.6015625,-16.11328125,-20.01953125
207.703125,-22.94921875,-20.99609375,-3.90625,-10.25390625
207.70703125,4.39453125,-14.6484375,-2.9296875,-50.78125
207.7109375,28.3203125,-10.7421875,-4.39453125,-41.015625
207.71484375,10.7421875,-13.671875,-10.25390625,-23.4375
207.71875,1.953125,-10.7421875,-18.06640625,-37.59765625
207.72265625,7.32421875,-8.7890625,-18.06640625,-27.83203125
207.7265625,9.765625,-11.71875,-20.99609375,-17.08984375
207.73046875,15.13671875,-11.71875,-34.1796875,-32.71484375
207.734375,20.01953125,-17.578125,-28.3203125,-24.90234375
207.73828125,12.20703125,-27.34375,-11.71875,-31.25
207.7421875,2.9296875,-18.06640625,-9.765625,-19.53125
207.74609375,25.87890625,-1.953125,-20.5078125,0.0
207.75,29.78515625,-2.9296875,-17.08984375,-9.27734375
207.75390625,9.27734375,-6.8359375,-0.48828125,-3.41796875
207.7578125,17.578125,-12.6953125,-2.9296875,-16.11328125
207.76171875,5.37109375,-20.99609375,-12.20703125,-42.96875
207.765625,5.37109375,-22.4609375,-12.6953125,-35.64453125
207.76953125,23.4375,-16.6015625,-10.25390625,-27.34375
207.7734375,17.08984375,-14.6484375,-8.7890625,-37.59765625
207.77734375,20.01953125,-11.71875,-11.71875,-29.296875
207.78125,11.23046875,-16.6015625,-24.4140625,-32.2265625
207.78515625,-5.37109375,-19.53125,-26.3671875,-10.25390625
207.7890625,14.6484375,-18.06640625,-19.53125,-3.41796875
207.79296875,22.94921875,-14.6484375,-16.6015625,-24.90234375
207.796875,27.34375,1.46484375,-29.78515625,-5.859375
207.80078125,59.5703125,0.48828125,-28.3203125,19.53125
207.8046875,65.4296875,-22.4609375,1.46484375,29.78515625
207.80859375,16.6015625,-30.2734375,15.13671875,4.39453125
207.8125,-14.6484375,-21.97265625,15.625,-18.5546875
207.81640625,-12.20703125,-19.53125,14.6484375,-16.6015625
207.8203125,10.25390625,-21.484375,11.23046875,12.6953125
207.82421875,0.48828125,-28.80859375,13.671875,6.8359375
207.828125,-27.34375,-35.64453125,11.23046875,-41.015625
207.83203125,-6.8359375,-34.66796875,0.0,-20.01953125
207.8359375,-11.71875,-38.57421875,1.953125,-33.69140625
207.83984375,-22.4609375,-53.7109375,14.6484375,-41.50390625
207.84375,4.39453125,-52.24609375,18.06640625,4.8828125
207.84765625,16.6015625,-37.59765625,12.20703125,15.13671875
207.8515625,-2.9296875,-37.59765625,-1.953125,13.671875
207.85546875,-16.6015625,-40.52734375,-20.5078125,-5.37109375
207.859375,-2.9296875,-32.71484375,-4.8828125,6.8359375
207.86328125,-2.44140625,-30.76171875,9.27734375,27.83203125
207.8671875,-7.32421875,-28.80859375,5.859375,4.39453125
207.87109375,8.30078125,-10.25390625,-1.46484375,16.11328125
207.875,2.9296875,-14.16015625,-3.90625,-8.30078125
207.87890625,2.44140625,-25.87890625,8.30078125,-12.20703125
207.8828125,10.7421875,-24.90234375,11.71875,-8.30078125
207.88671875,10.25390625,-21.97265625,14.6484375,-12.20703125
207.890625,17.578125,-17.578125,3.90625,1.46484375
207.89453125,17.08984375,-14.16015625,-5.37109375,-2.44140625
207.8984375,11.23046875,-17.08984375,1.953125,-5.37109375
207.90234375,25.390625,-18.5546875,7.32421875,7.8125
207.90625,8.7890625,-16.6015625,3.90625,-15.625
207.91015625,-5.859375,-12.6953125,6.34765625,-18.5546875
207.9140625,37.59765625,-1.46484375,-10.7421875,4.39453125
207.91796875,36.62109375,-8.7890625,-25.390625,-24.4140625
207.921875,3.90625,-29.296875,-5.859375,-20.99609375
207.92578125,3.90625,-36.1328125,1.953125,-13.18359375
207.9296875,17.08984375,-29.78515625,-1.953125,-25.390625
207.93359375,7.8125,-16.6015625,-3.41796875,-23.4375
207.9375,11.23046875,-11.71875,-13.18359375,10.25390625
207.94140625,21.484375,-14.16015625,-11.71875,26.3671875
207.9453125,16.11328125,-19.04296875,-6.34765625,-7.32421875
207.94921875,13.18359375,-23.92578125,-7.32421875,-26.85546875
207.953125,7.32421875,-26.85546875,-5.859375,-15.625
207.95703125,12.6953125,-17.578125,-33.203125,-26.85546875
207.9609375,11.23046875,-10.25390625,-30.76171875,-13.671875
207.96484375,12.6953125,-11.23046875,-3.90625,6.8359375
207.96875,27.83203125,-8.30078125,-14.16015625,-4.8828125
207.97265625,23.92578125,-1.953125,-23.4375,-3.90625
207.9765625,-0.9765625,-6.34765625,-12.20703125,-20.99609375
207.98046875,-11.23046875,-21.484375,-10.7421875,-51.26953125
207.984375,1.953125,-20.01953125,-18.5546875,-25.87890625
207.98828125,-6.34765625,-17.578125,-16.11328125,-21.484375
207.9921875,-10.7421875,-24.4140625,-30.2734375,-37.109375
207.99609375,-3.41796875,-25.87890625,-42.96875,-16.11328125
208.0,9.765625,-15.625,-17.578125,-24.90234375
208.00390625,8.7890625,-3.90625,-3.41796875,-35.15625
208.0078125,6.34765625,-4.8828125,-8.7890625,-11.71875
208.01171875,7.32421875,-13.671875,-13.671875,-11.23046875
208.015625,-19.53125,-21.484375,-15.625,-18.5546875
208.01953125,-6.8359375,-22.4609375,-12.6953125,28.80859375
208.0234375,1.46484375,-30.2734375,-5.859375,47.8515625
208.02734375,0.9765625,-29.296875,-16.11328125,-25.390625
208.03125,-0.48828125,-17.08984375,-15.13671875,-39.0625
208.03515625,-7.8125,-13.18359375,-13.671875,-8.7890625
208.0390625,13.18359375,-9.765625,-30.76171875,0.48828125
208.04296875,-2.44140625,-13.18359375,-39.0625,-6.8359375
208.046875,-16.6015625,-15.13671875,-32.71484375,-31.25
208.05078125,-9.27734375,-15.13671875,-26.3671875,-35.64453125
208.0546875,3.41796875,-21.484375,-18.5546875,-24.90234375
208.05859375,12.20703125,-21.97265625,-16.11328125,-22.94921875
208.0625,7.32421875,-20.99609375,-15.625,-11.71875
208.06640625,5.859375,-22.4609375,-9.765625,-9.27734375
208.0703125,1.953125,-24.4140625,-13.18359375,-9.765625
208.07421875,0.9765625,-21.484375,-18.06640625,-1.953125
208.078125,-6.34765625,-20.01953125,-23.4375,-8.7890625
208.08203125,-13.18359375,-24.4140625,-28.3203125,-4.8828125
208.0859375,-10.25390625,-23.92578125,-24.4140625,-4.8828125
208.08984375,-1.46484375,-26.3671875,-34.1796875,-18.5546875
208.09375,-13.18359375,-30.2734375,-28.3203125,-28.3203125
208.09765625,-22.94921875,-26.3671875,-11.71875,4.39453125
208.1015625,-4.8828125,-25.87890625,-11.71875,-17.08984375
208.10546875,-8.30078125,-21.484375,-11.23046875,-40.52734375
208.109375,4.8828125,-9.27734375,-24.90234375,-12.6953125
208.11328125,2.9296875,-6.8359375,-23.92578125,-16.6015625
208.1171875,-16.11328125,-13.18359375,-8.7890625,-35.64453125
208.12109375,-21.97265625,-24.4140625,-6.8359375,-24.4140625
208.125,-11.71875,-30.2734375,-13.671875,-18.06640625
208.12890625,2.9296875,-30.2734375,-20.5078125,-7.32421875
208.1328125,5.37109375,-26.85546875,-19.53125,2.9296875
208.13671875,-2.44140625,-21.97265625,-19.53125,-9.765625
208.140625,-8.30078125,-19.04296875,-22.4609375,-13.18359375
208.14453125,-9.765625,-22.4609375,-29.296875,-15.625
208.1484375,-12.6953125,-23.4375,-22.94921875,1.46484375
208.15234375,-8.7890625,-20.5078125,-17.578125,-2.9296875
208.15625,-20.99609375,-20.99609375,-11.71875,-21.484375
208.16015625,-9.27734375,-19.04296875,-7.8125,-10.7421875
208.1640625,24.4140625,-32.2265625,-10.25390625,28.3203125
208.16796875,34.66796875,-39.55078125,-3.41796875,58.10546875
208.171875,23.4375,-16.6015625,-20.01953125,38.57421875
208.17578125,1.46484375,-9.27734375,-46.875,-17.578125
208.1796875,-15.625,-11.23046875,-30.2734375,-44.43359375
208.18359375,-35.64453125,-10.7421875,-22.94921875,-23.92578125
208.1875,-14.6484375,-14.6484375,-34.1796875,-20.99609375
208.19140625,-8.30078125,-10.25390625,-39.55078125,-42.48046875
208.1953125,-15.13671875,-5.859375,-43.45703125,-41.50390625
208.19921875,-18.5546875,-9.765625,-58.10546875,-58.59375
208.203125,-37.109375,-15.13671875,-61.03515625,-65.4296875
208.20703125,-18.06640625,-6.8359375,-53.22265625,-25.390625
208.2109375,-9.27734375,-8.7890625,-58.59375,-46.875
208.21484375,-26.85546875,-12.6953125,-58.59375,-72.75390625
208.21875,-20.01953125,-7.8125,-61.5234375,-41.50390625
208.22265625,8.7890625,-2.44140625,-79.58984375,-35.15625
208.2265625,-9.27734375,-8.30078125,-78.125,-38.0859375
208.23046875,-37.109375,-24.90234375,-52.24609375,-46.875
208.234375,-31.73828125,-32.71484375,-47.36328125,-43.45703125
208.23828125,-24.4140625,-23.4375,-41.50390625,-19.53125
208.2421875,-26.85546875,-10.25390625,-41.50390625,-22.4609375
208.24609375,-16.6015625,1.46484375,-48.33984375,-34.66796875
208.25,-8.7890625,6.34765625,-52.734375,-37.59765625
208.25390625,-10.25390625,0.9765625,-65.4296875,-24.4140625
208.2578125,15.625,-6.8359375,-54.19921875,-15.13671875
208.26171875,22.94921875,-10.25390625,-32.71484375,-29.78515625
208.265625,9.765625,-4.8828125,-30.76171875,-20.01953125
208.26953125,2.9296875,-5.37109375,-32.71484375,-7.32421875
208.2734375,-0.9765625,-11.71875,-32.71484375,-27.83203125
208.27734375,-13.18359375,-20.5078125,-44.43359375,-52.24609375
208.28125,-31.73828125,-26.85546875,-51.26953125,-48.828125
208.28515625,-30.2734375,-22.94921875,-49.31640625,-36.1328125
208.2890625,-22.4609375,-20.99609375,-47.8515625,-23.92578125
208.29296875,-15.13671875,-21.484375,-43.9453125,-19.04296875
208.296875,0.9765625,-17.578125,-40.0390625,-13.18359375
208.30078125,-0.9765625,-13.671875,-41.50390625,3.90625
208.3046875,-9.765625,-19.04296875,-48.33984375,23.92578125
208.30859375,-9.765625,-29.296875,-40.0390625,5.859375
208.3125,-5.37109375,-28.80859375,-33.203125,-19.04296875
208.31640625,11.23046875,-14.16015625,-35.15625,-12.6953125
208.3203125,14.16015625,-9.765625,-40.0390625,-18.06640625
208.32421875,2.44140625,-14.16015625,-38.0859375,-32.2265625
208.328125,-8.7890625,-19.04296875,-26.85546875,-20.99609375
208.33203125,-12.20703125,-23.4375,-23.4375,-18.5546875
208.3359375,-16.6015625,-25.390625,-25.87890625,-8.7890625
208.33984375,-1.46484375,-16.11328125,-28.80859375,5.37109375
208.34375,12.20703125,-12.6953125,-35.64453125,0.0
208.34765625,1.953125,-18.5546875,-41.9921875,-24.4140625
208.3515625,-12.6953125,-21.97265625,-40.0390625,-22.4609375
208.35546875,-14.6484375,-25.87890625,-35.15625,-26.3671875
208.359375,7.8125,-18.5546875,-28.80859375,-43.45703125
208.36328125,-5.37109375,-15.13671875,-28.3203125,-9.765625
208.3671875,-9.765625,-23.92578125,-27.34375,-10.7421875
208.37109375,0.9765625,-22.94921875,-24.4140625,-56.15234375
208.375,-12.20703125,-17.578125,-49.8046875,-27.83203125
208.37890625,-8.30078125,-12.20703125,-47.8515625,-16.11328125
208.3828125,-6.34765625,-8.7890625,-20.01953125,-19.53125
208.38671875,-17.578125,-15.625,-21.97265625,-18.5546875
208.390625,-21.97265625,-17.578125,-25.87890625,-33.69140625
208.39453125,-0.48828125,-14.16015625,-24.4140625,-12.6953125
208.3984375,12.6953125,-23.4375,-29.78515625,0.48828125
208.40234375,-12.6953125,-29.78515625,-32.71484375,0.0
208.40625,-18.06640625,-30.76171875,-28.80859375,-27.34375
208.41015625,1.953125,-29.296875,-27.83203125,-34.66796875
208.4140625,-0.9765625,-17.08984375,-37.109375,-16.11328125
208.41796875,-13.671875,-9.765625,-40.52734375,-35.15625
208.421875,-18.06640625,-13.671875,-31.73828125,-45.41015625
208.42578125,-10.25390625,-17.08984375,-30.2734375,-37.59765625
208.4296875,-7.32421875,-19.53125,-33.69140625,-34.1796875
208.43359375,-22.94921875,-17.08984375,-35.15625,-24.4140625
208.4375,-18.06640625,-18.5546875,-38.0859375,-23.4375
208.44140625,-7.32421875,-11.71875,-37.59765625,-23.92578125
208.4453125,-8.7890625,-13.671875,-37.109375,-13.18359375
208.44921875,-7.32421875,-23.4375,-35.15625,-21.97265625
208.453125,5.859375,-19.53125,-42.96875,-12.6953125
208.45703125,5.37109375,-20.5078125,-46.38671875,10.7421875
208.4609375,-31.25,-28.3203125,-24.4140625,-15.625
208.46484375,-60.546875,-32.2265625,-21.484375,-44.43359375
208.46875,-57.12890625,-31.25,-22.4609375,-12.20703125
208.47265625,-41.015625,-18.5546875,-15.13671875,-8.7890625
208.4765625,-19.04296875,-7.8125,-29.78515625,-27.83203125
208.48046875,-27.83203125,-19.53125,-36.62109375,-10.7421875
208.484375,-41.50390625,-34.66796875,-21.484375,-14.16015625
208.48828125,-17.578125,-30.76171875,-11.71875,-26.85546875
208.4921875,0.48828125,-31.25,-11.23046875,3.90625
208.49609375,8.7890625,-41.015625,-11.71875,7.32421875
208.5,-10.7421875,-32.2265625,-10.7421875,-10.25390625
208.50390625,-27.34375,-12.6953125,-18.06640625,9.765625
208.5078125,-16.11328125,-4.39453125,-20.01953125,8.7890625
208.51171875,-23.92578125,-4.39453125,-32.2265625,-21.97265625
208.515625,-32.2265625,-5.859375,-51.26953125,-15.625
208.51953125,-24.4140625,-13.671875,-31.73828125,-10.25390625
208.5234375,-31.25,-20.99609375,-14.6484375,-43.9453125
208.52734375,-43.9453125,-24.4140625,-20.99609375,-49.8046875
208.53125,-46.38671875,-29.78515625,-20.99609375,-36.62109375
208.53515625,-33.69140625,-27.34375,-14.16015625,-21.484375
208.5390625,-18.06640625,-16.11328125,-10.7421875,4.39453125
208.54296875,3.90625,-21.97265625,-16.11328125,-7.8125
208.546875,-5.859375,-36.62109375,-19.53125,-14.16015625
208.55078125,-22.4609375,-26.3671875,-14.6484375,-10.25390625
208.5546875,-30.2734375,-12.20703125,-21.97265625,-16.11328125
208.55859375,-41.50390625,-14.16015625,-28.80859375,-27.83203125
208.5625,-40.52734375,-11.71875,-32.2265625,-31.25
208.56640625,-41.50390625,-16.6015625,-39.55078125,6.34765625
208.5703125,-22.94921875,-14.6484375,-35.15625,22.4609375
208.57421875,-9.765625,-9.765625,-23.92578125,-10.25390625
208.578125,-9.765625,-18.06640625,-36.62109375,-34.66796875
208.58203125,-2.9296875,-12.6953125,-42.48046875,-29.296875
208.5859375,-1.953125,-6.8359375,-16.11328125,-40.0390625
208.58984375,-14.16015625,-7.8125,-11.71875,-46.38671875
208.59375,-19.04296875,-9.765625,-18.5546875,-33.69140625
208.59765625,-20.99609375,-12.20703125,-17.08984375,-19.53125
208.6015625,-24.4140625,-15.625,-31.73828125,-25.87890625
208.60546875,-17.08984375,-17.08984375,-37.109375,-33.69140625
208.609375,-7.8125,-11.23046875,-39.55078125,-38.0859375
208.61328125,-10.25390625,-4.39453125,-30.2734375,-58.10546875
208.6171875,-29.296875,-2.44140625,-29.78515625,-65.91796875
208.62109375,-30.76171875,-6.34765625,-36.62109375,-40.52734375
208.625,-24.4140625,-6.8359375,-21.97265625,-68.359375
208.62890625,-41.015625,3.90625,-7.8125,-75.1953125
208.6328125,-33.203125,6.8359375,-16.6015625,-22.4609375
208.63671875,-39.55078125,-9.765625,-19.53125,-54.6875
208.640625,-66.89453125,-28.3203125,-3.90625,-112.79296875
208.64453125,-76.66015625,-20.01953125,7.32421875,-100.09765625
208.6484375,-101.07421875,-8.30078125,4.8828125,-104.00390625
208.65234375,-126.46484375,-5.859375,4.8828125,-162.109375
208.65625,-123.53515625,0.9765625,12.20703125,-138.671875
208.66015625,-108.88671875,-5.37109375,23.92578125,-114.2578125
208.6640625,-97.16796875,-18.5546875,18.06640625,-138.671875
208.66796875,-76.171875,-31.25,9.765625,-97.65625
208.671875,-61.03515625,-43.45703125,18.06640625,-73.2421875
208.67578125,-39.0625,-40.52734375,25.87890625,-54.19921875
208.6796875,-22.94921875,-51.7578125,27.34375,-53.7109375
208.68359375,-2.9296875,-45.41015625,13.671875,-17.08984375
208.6875,3.41796875,-36.62109375,-1.953125,13.18359375
208.69140625,7.8125,-51.26953125,14.16015625,-55.17578125
208.6953125,27.34375,-51.7578125,20.99609375,3.90625
208.69921875,16.11328125,-41.015625,3.90625,30.76171875
208.703125,17.578125,-23.4375,12.20703125,-27.83203125
208.70703125,22.94921875,-18.06640625,32.2265625,1.46484375
208.7109375,19.04296875,-25.390625,27.83203125,-30.2734375
208.71484375,21.97265625,-39.0625,20.01953125,-52.24609375
208.71875,49.8046875,-43.9453125,17.08984375,-6.34765625
208.72265625,68.359375,-37.59765625,15.13671875,18.06640625
208.7265625,67.3828125,-41.50390625,12.20703125,15.625
208.73046875,66.40625,-45.8984375,14.6484375,17.578125
208.734375,78.61328125,-43.9453125,9.765625,38.57421875
208.73828125,109.375,-34.1796875,-6.8359375,66.89453125
208.7421875,102.5390625,-31.73828125,-7.32421875,44.921875
208.74609375,81.0546875,-38.57421875,4.39453125,12.20703125
208.75,81.0546875,-38.57421875,28.80859375,50.29296875
208.75390625,89.35546875,-38.57421875,38.0859375,73.2421875
208.7578125,81.54296875,-43.45703125,32.71484375,55.6640625
208.76171875,90.8203125,-40.52734375,37.109375,77.63671875
208.765625,122.55859375,-43.9453125,28.80859375,101.07421875
208.76953125,144.04296875,-42.96875,22.94921875,120.1171875
208.7734375,122.55859375,-40.0390625,23.92578125,110.3515625
208.77734375,115.72265625,-46.38671875,22.4609375,94.7265625
208.78125,169.921875,-45.41015625,31.25,136.23046875
208.78515625,193.84765625,-41.015625,30.2734375,177.24609375
208.7890625,216.796875,-33.203125,29.78515625,176.7578125
208.79296875,237.79296875,-27.34375,24.4140625,165.0390625
208.796875,217.7734375,-23.4375,16.11328125,205.56640625
208.80078125,208.0078125,-28.80859375,33.203125,173.828125
208.8046875,209.9609375,-34.66796875,56.15234375,171.875
208.80859375,180.17578125,-35.64453125,61.03515625,159.66796875
208.8125,154.78515625,-39.55078125,51.7578125,106.93359375
208.81640625,163.57421875,-37.109375,40.52734375,124.51171875
208.8203125,161.1328125,-29.296875,33.203125,126.46484375
208.82421875,167.48046875,-30.76171875,28.80859375,137.6953125
208.828125,164.55078125,-32.71484375,29.78515625,145.99609375
208.83203125,145.5078125,-28.80859375,28.3203125,126.953125
208.8359375,129.39453125,-28.3203125,34.1796875,113.76953125
208.83984375,114.74609375,-26.85546875,29.296875,75.68359375
208.84375,93.26171875,-22.4609375,11.71875,70.80078125
208.84765625,96.6796875,-27.34375,9.27734375,60.05859375
208.8515625,108.3984375,-21.484375,13.671875,48.33984375
208.85546875,91.30859375,-9.765625,20.99609375,53.22265625
208.859375,67.3828125,-1.953125,7.8125,31.25
208.86328125,65.4296875,-5.859375,0.0,48.828125
208.8671875,62.5,-6.8359375,39.55078125,87.40234375
208.87109375,63.4765625,1.46484375,45.8984375,55.6640625
208.875,69.82421875,1.46484375,26.85546875,49.31640625
208.87890625,59.5703125,5.37109375,25.87890625,56.640625
208.8828125,53.7109375,-2.9296875,25.390625,44.43359375
208.88671875,69.3359375,-12.20703125,23.92578125,68.359375
208.890625,68.359375,-8.30078125,19.04296875,96.19140625
208.89453125,53.7109375,-8.30078125,15.625,82.03125
208.8984375,46.875,-7.32421875,17.08984375,61.5234375
208.90234375,40.52734375,-9.765625,12.20703125,84.47265625
208.90625,20.01953125,-25.390625,1.953125,75.68359375
208.91015625,27.83203125,-24.4140625,-1.46484375,58.10546875
208.9140625,37.109375,-9.765625,-1.46484375,71.2890625
208.91796875,16.6015625,-16.11328125,0.0,69.3359375
208.921875,18.5546875,-18.06640625,-1.46484375,66.40625
208.92578125,12.6953125,-13.18359375,-4.8828125,78.61328125
208.9296875,-1.953125,-14.6484375,-9.765625,99.12109375
208.93359375,38.0859375,-22.4609375,-11.71875,108.3984375
208.9375,37.59765625,-30.2734375,-3.90625,120.60546875
208.94140625,5.859375,-22.4609375,-5.37109375,153.80859375
208.9453125,0.9765625,-12.20703125,-9.765625,152.83203125
208.94921875,8.30078125,-12.20703125,-7.32421875,133.30078125
208.953125,27.34375,-17.578125,-6.34765625,175.29296875
208.95703125,31.73828125,-13.18359375,0.0,238.28125
208.9609375,21.97265625,-5.859375,2.9296875,215.8203125
208.96484375,-14.6484375,-9.765625,-4.8828125,159.1796875
208.96875,-5.859375,-13.18359375,-2.9296875,158.69140625
208.97265625,18.5546875,-13.671875,4.8828125,222.16796875
208.9765625,6.34765625,-14.6484375,3.90625,253.90625
208.98046875,35.15625,-8.7890625,3.41796875,275.390625
208.984375,65.91796875,-3.41796875,2.44140625,283.69140625
208.98828125,65.91796875,-1.46484375,-1.46484375,265.13671875
208.9921875,46.38671875,-5.37109375,-10.25390625,263.671875
208.99609375,36.1328125,-18.5546875,-13.18359375,245.60546875
209.0,47.36328125,-25.390625,-6.8359375,242.1875
209.00390625,38.0859375,-23.92578125,-6.34765625,248.53515625
209.0078125,17.578125,-22.4609375,-16.11328125,202.63671875
209.01171875,21.484375,-19.04296875,-15.625,171.875
209.015625,33.203125,-24.90234375,-10.25390625,183.10546875
209.01953125,20.99609375,-23.92578125,-19.53125,192.87109375
209.0234375,7.32421875,-14.6484375,-30.76171875,179.6875
209.02734375,3.90625,-13.18359375,-22.4609375,165.0390625
209.03125,6.8359375,-8.7890625,-3.41796875,155.76171875
209.03515625,2.44140625,-12.6953125,-7.32421875,146.97265625
209.0390625,-13.671875,-18.06640625,-13.671875,154.296875
209.04296875,-20.99609375,-10.7421875,-5.859375,170.41015625
209.046875,-22.94921875,-13.671875,-10.7421875,150.390625
209.05078125,-27.34375,-21.97265625,-7.8125,130.859375
209.0546875,-17.08984375,-22.94921875,-2.44140625,145.5078125
209.05859375,-17.08984375,-26.3671875,1.46484375,158.69140625
209.0625,-20.5078125,-29.78515625,1.953125,122.55859375
209.06640625,-16.6015625,-23.4375,-2.9296875,122.55859375
209.0703125,-50.78125,-13.18359375,0.48828125,126.953125
209.07421875,-36.62109375,-15.625,-2.44140625,85.44921875
209.078125,-23.92578125,-19.04296875,-5.859375,102.05078125
209.08203125,-16.6015625,-13.18359375,-18.5546875,122.55859375
209.0859375,-14.6484375,-20.99609375,-25.87890625,70.80078125
209.08984375,-26.3671875,-28.3203125,-0.9765625,63.96484375
209.09375,-23.4375,-25.390625,12.6953125,90.33203125
209.09765625,-26.3671875,-20.5078125,2.44140625,85.44921875
209.1015625,-31.73828125,-20.01953125,-3.41796875,72.75390625
209.10546875,-41.015625,-15.625,-1.953125,54.6875
209.109375,-31.25,-15.625,-6.8359375,61.5234375
209.11328125,-3.41796875,-40.52734375,-10.7421875,62.5
209.1171875,-24.4140625,-39.0625,-15.13671875,47.8515625
209.12109375,-37.59765625,-10.25390625,-40.52734375,48.828125
209.125,-37.109375,-17.08984375,-37.109375,23.92578125
209.12890625,-47.36328125,-17.08984375,-0.9765625,16.6015625
209.1328125,-71.2890625,-16.6015625,8.7890625,24.4140625
209.13671875,-58.10546875,-37.109375,-11.71875,-1.46484375
209.140625,-24.4140625,-36.1328125,-26.3671875,31.25
209.14453125,-21.97265625,-34.1796875,-9.27734375,49.31640625
209.1484375,-41.9921875,-34.1796875,2.9296875,-12.20703125
209.15234375,-63.4765625,-21.484375,2.44140625,-27.83203125
209.15625,-61.5234375,-10.25390625,-0.9765625,-12.6953125
209.16015625,-24.4140625,-5.859375,-19.53125,-18.5546875
209.1640625,-23.92578125,-15.625,-24.90234375,21.97265625
209.16796875,-61.5234375,-27.34375,-10.7421875,15.13671875
209.171875,-47.36328125,-33.203125,0.0,-38.0859375
209.17578125,-36.1328125,-32.2265625,-2.44140625,-34.66796875
209.1796875,-53.7109375,-24.4140625,-31.25,-26.3671875
209.18359375,-53.22265625,-18.5546875,-33.69140625,-28.3203125
209.1875,-42.48046875,-23.92578125,-8.7890625,-22.94921875
209.19140625,-50.29296875,-25.87890625,-5.859375,-28.3203125
209.1953125,-43.45703125,-23.4375,-6.8359375,-43.9453125
209.19921875,-26.3671875,-22.94921875,-5.859375,-35.64453125
209.203125,-23.92578125,-20.99609375,-13.671875,11.71875
209.20703125,-26.3671875,-16.6015625,-13.18359375,41.015625
209.2109375,-44.43359375,-20.5078125,-9.765625,-33.69140625
209.21484375,-56.15234375,-15.625,-9.765625,-58.10546875
209.21875,-27.83203125,-4.8828125,-15.13671875,5.37109375
209.22265625,-30.76171875,-7.32421875,-20.5078125,-23.92578125
209.2265625,-39.55078125,-19.04296875,-16.6015625,-56.15234375
209.23046875,-32.2265625,-28.3203125,-14.6484375,-9.27734375
209.234375,-25.390625,-29.78515625,-25.390625,-5.859375
209.23828125,-27.83203125,-33.69140625,-23.92578125,-23.4375
209.2421875,-29.78515625,-45.8984375,-2.44140625,-40.52734375
209.24609375,-8.7890625,-50.29296875,8.30078125,-44.43359375
209.25,-13.671875,-37.59765625,2.9296875,-27.34375
209.25390625,-25.390625,-21.97265625,-5.37109375,-32.2265625
209.2578125,-33.203125,-16.6015625,-3.90625,-22.94921875
209.26171875,-14.16015625,-7.32421875,-7.8125,-2.9296875
209.265625,-30.76171875,-11.23046875,-15.13671875,-33.203125
209.26953125,-41.015625,-25.390625,-10.25390625,-46.875
209.2734375,-28.80859375,-27.34375,-11.23046875,-45.41015625
209.27734375,-34.66796875,-23.4375,-10.7421875,-49.31640625
209.28125,-29.296875,-26.3671875,0.0,-44.921875
209.28515625,-30.76171875,-25.87890625,0.9765625,-49.31640625
209.2890625,-46.38671875,-25.87890625,0.0,-46.875
209.29296875,-26.3671875,-28.80859375,-3.90625,-27.34375
209.296875,-6.34765625,-25.390625,-18.5546875,-16.11328125
209.30078125,-27.83203125,-21.97265625,-6.34765625,-41.9921875
209.3046875,-31.73828125,-30.76171875,5.37109375,-44.43359375
209.30859375,-8.30078125,-32.2265625,-0.48828125,-34.1796875
209.3125,-23.92578125,-32.2265625,6.34765625,-20.5078125
209.31640625,-32.2265625,-38.57421875,1.46484375,-32.71484375
209.3203125,-17.578125,-29.78515625,-20.5078125,-36.1328125
209.32421875,-45.8984375,-20.99609375,-24.90234375,-27.83203125
209.328125,-60.05859375,-29.296875,-0.9765625,-44.43359375
209.33203125,-32.71484375,-32.71484375,14.16015625,-15.625
209.3359375,-37.109375,-24.90234375,-2.44140625,-4.39453125
209.33984375,-55.6640625,-21.484375,-7.8125,-61.03515625
209.34375,-47.8515625,-34.66796875,-11.71875,-72.265625
209.34765625,-27.34375,-40.0390625,-22.94921875,-48.33984375
209.3515625,-22.4609375,-38.0859375,-22.94921875,-24.90234375
209.35546875,-67.3828125,-51.26953125,-9.27734375,2.9296875
209.359375,-67.87109375,-37.109375,-17.08984375,-29.296875
209.36328125,-41.015625,-13.18359375,-18.06640625,-21.484375
209.3671875,-51.26953125,-13.671875,0.0,-26.85546875
209.37109375,-56.640625,-11.71875,5.37109375,-58.59375
209.375,-29.296875,-16.11328125,-2.44140625,-13.671875
209.37890625,-49.8046875,-29.78515625,-14.6484375,-43.9453125
209.3828125,-46.875,-33.203125,-20.01953125,-53.7109375
209.38671875,4.39453125,-59.5703125,-22.94921875,19.53125
209.390625,-16.6015625,-69.82421875,-53.7109375,11.23046875
209.39453125,-48.828125,-27.34375,-69.3359375,-38.57421875
209.3984375,-50.78125,-1.953125,-39.55078125,-45.8984375
209.40234375,-24.4140625,-5.37109375,-18.06640625,-20.01953125
209.40625,23.92578125,-30.76171875,-7.32421875,-47.8515625
209.41015625,-18.5546875,-28.3203125,0.9765625,-48.828125
209.4140625,-33.203125,-27.34375,-1.953125,18.06640625
209.41796875,60.546875,-33.203125,-6.8359375,20.5078125
209.421875,16.6015625,-23.92578125,-12.6953125,23.4375
209.42578125,-42.96875,-15.625,-46.38671875,37.109375
209.4296875,-27.83203125,-16.6015625,-69.82421875,-18.06640625
209.43359375,-58.10546875,-15.13671875,-23.4375,-62.5
209.4375,-64.453125,-35.64453125,25.390625,-42.96875
209.44140625,-11.23046875,-74.70703125,32.2265625,-0.48828125
209.4453125,-13.671875,-59.08203125,33.69140625,-4.8828125
209.44921875,4.39453125,-42.48046875,31.73828125,-3.41796875
209.453125,60.05859375,-31.25,-16.6015625,48.828125
209.45703125,-8.30078125,-12.6953125,-51.26953125,55.6640625
209.4609375,-78.125,-7.8125,-32.2265625,76.171875
209.46484375,-93.75,-18.5546875,-28.80859375,-31.73828125
209.46875,-129.39453125,-25.390625,-8.7890625,-229.4921875
209.47265625,-128.41796875,-49.8046875,-0.48828125,-294.921875
209.4765625,-104.4921875,-42.48046875,-11.23046875,-288.57421875
209.48046875,-145.5078125,-11.23046875,-37.59765625,-333.49609375
209.484375,-208.984375,10.7421875,-88.37890625,-400.87890625
209.48828125,-183.10546875,3.41796875,-86.9140625,-381.8359375
209.4921875,-172.36328125,-37.109375,-53.22265625,-390.13671875
209.49609375,-223.14453125,-49.8046875,-46.875,-380.37109375
209.5,-225.5859375,-15.625,-62.5,-381.8359375
209.50390625,-211.42578125,-23.4375,-85.44921875,-490.234375
209.5078125,-207.51953125,-53.22265625,-99.609375,-453.125
209.51171875,-218.26171875,-7.8125,-125.0,-409.66796875
209.515625,-242.1875,28.80859375,-147.94921875,-435.05859375
209.51953125,-246.09375,-2.9296875,-139.16015625,-405.76171875
209.5234375,-244.140625,-14.6484375,-111.328125,-433.59375
209.52734375,-240.234375,19.53125,-112.3046875,-443.84765625
209.53125,-222.65625,36.1328125,-136.23046875,-417.48046875
209.53515625,-165.52734375,30.76171875,-130.37109375,-374.51171875
209.5390625,-110.3515625,-5.859375,-99.12109375,-308.10546875
209.54296875,-120.60546875,13.671875,-120.60546875,-336.42578125
209.546875,-107.421875,28.3203125,-161.1328125,-312.5
209.55078125,-99.12109375,7.32421875,-156.25,-304.19921875
209.5546875,-145.99609375,18.5546875,-136.71875,-360.3515625
209.55859375,-100.5859375,4.39453125,-122.55859375,-317.87109375
209.5625,-41.015625,-28.80859375,-114.2578125,-239.2578125
209.56640625,-51.7578125,-35.64453125,-114.2578125,-230.95703125
209.5703125,-55.6640625,-20.5078125,-112.79296875,-251.953125
209.57421875,-39.0625,5.859375,-125.48828125,-192.3828125
209.578125,-22.94921875,6.34765625,-120.1171875,-179.19921875
209.58203125,-17.578125,-22.4609375,-93.26171875,-168.45703125
209.5859375,3.41796875,-34.66796875,-82.03125,-120.1171875
209.58984375,23.4375,-26.3671875,-80.078125,-147.94921875
209.59375,53.22265625,-35.64453125,-81.54296875,-104.00390625
209.59765625,57.6171875,-40.0390625,-98.14453125,-95.21484375
209.6015625,1.46484375,-34.66796875,-100.5859375,-127.44140625
209.60546875,-4.8828125,-50.29296875,-76.66015625,-101.07421875
209.609375,24.90234375,-71.2890625,-53.7109375,-78.61328125
209.61328125,43.9453125,-79.58984375,-66.89453125,-41.50390625
209.6171875,19.53125,-45.41015625,-92.7734375,-48.33984375
209.62109375,-7.32421875,-19.04296875,-74.21875,-68.84765625
209.625,0.48828125,-21.97265625,-67.3828125,-44.43359375
209.62890625,4.39453125,-21.484375,-69.82421875,-49.31640625
209.6328125,27.83203125,-18.06640625,-54.19921875,-50.78125
209.63671875,11.23046875,-40.0390625,-50.29296875,-56.640625
209.640625,4.39453125,-59.5703125,-47.36328125,-54.19921875
209.64453125,19.04296875,-50.29296875,-52.24609375,-10.25390625
209.6484375,6.34765625,-60.05859375,-50.78125,-26.85546875
209.65234375,15.625,-55.17578125,-65.4296875,-31.73828125
209.65625,5.37109375,-45.8984375,-76.171875,-4.39453125
209.66015625,-1.46484375,-52.734375,-57.6171875,-48.33984375
209.6640625,-6.8359375,-56.15234375,-51.7578125,-73.2421875
209.66796875,-18.5546875,-55.6640625,-54.19921875,-63.96484375
209.671875,0.0,-59.5703125,-46.875,-44.921875
209.67578125,9.765625,-62.98828125,-31.73828125,-5.859375
209.6796875,-9.27734375,-59.5703125,-29.78515625,-45.41015625
209.68359375,-43.45703125,-51.7578125,-36.62109375,-72.265625
209.6875,-17.08984375,-36.62109375,-47.36328125,-12.20703125
209.69140625,11.23046875,-34.1796875,-54.6875,-11.23046875
209.6953125,-12.20703125,-53.7109375,-47.36328125,-38.0859375
209.69921875,-20.5078125,-49.31640625,-32.2265625,-24.90234375
209.703125,-5.37109375,-40.52734375,-28.3203125,-29.296875
209.70703125,-23.92578125,-46.875,-35.15625,-37.59765625
209.7109375,-29.296875,-50.29296875,-42.48046875,-51.26953125
209.71484375,-8.7890625,-47.36328125,-44.921875,-47.36328125
209.71875,-15.13671875,-44.921875,-37.109375,-36.1328125
209.72265625,-19.04296875,-54.6875,-38.0859375,-35.15625
209.7265625,-20.99609375,-60.05859375,-38.57421875,-37.59765625
209.73046875,-9.27734375,-54.19921875,-32.2265625,-47.36328125
209.734375,20.01953125,-51.7578125,-62.5,-44.921875
209.73828125,-9.765625,-58.10546875,-66.89453125,-29.296875
209.7421875,-47.36328125,-57.6171875,-38.0859375,-53.22265625
209.74609375,-37.109375,-43.45703125,-11.23046875,-98.6328125
209.75,-34.66796875,-31.73828125,1.953125,-78.125
209.75390625,-14.6484375,-37.109375,-20.01953125,-42.96875
209.7578125,-7.32421875,-47.36328125,-25.87890625,-50.78125
209.76171875,-6.8359375,-40.0390625,-20.5078125,-71.2890625
209.765625,-4.8828125,-32.2265625,-21.484375,-58.59375
209.76953125,-30.2734375,-35.64453125,-8.30078125,-43.9453125
209.7734375,-40.52734375,-36.1328125,-17.578125,-51.7578125
209.77734375,12.20703125,-32.71484375,-47.36328125,-44.43359375
209.78125,5.37109375,-32.2265625,-40.0390625,-76.66015625
209.78515625,-83.0078125,-37.109375,-23.92578125,-143.5546875
209.7890625,-72.265625,-31.73828125,-15.625,-109.375
209.79296875,-46.875,-22.94921875,-1.953125,-57.6171875
209.796875,-72.265625,-25.390625,-5.859375,-88.37890625
209.80078125,-63.96484375,-32.2265625,13.18359375,-82.51953125
209.8046875,-65.91796875,-36.62109375,34.66796875,-73.2421875
209.80859375,-86.42578125,-43.45703125,3.90625,-105.95703125
209.8125,-82.51953125,-49.8046875,-14.16015625,-85.9375
209.81640625,-96.19140625,-54.19921875,-1.46484375,-104.00390625
209.8203125,-90.33203125,-62.01171875,10.7421875,-138.671875
209.82421875,-51.7578125,-68.84765625,22.4609375,-62.5
209.828125,-41.50390625,-67.3828125,1.953125,-34.1796875
209.83203125,-40.52734375,-62.01171875,-9.765625,-59.5703125
209.8359375,-9.27734375,-59.5703125,29.296875,-18.06640625
209.83984375,-1.46484375,-59.5703125,57.12890625,12.20703125
209.84375,-7.8125,-54.6875,62.01171875,15.13671875
209.84765625,13.671875,-46.38671875,55.6640625,33.69140625
209.8515625,48.828125,-44.43359375,46.875,42.48046875
209.85546875,62.98828125,-43.45703125,39.0625,57.12890625
209.859375,89.84375,-44.43359375,42.48046875,67.3828125
209.86328125,103.515625,-45.41015625,45.41015625,78.125
209.8671875,123.046875,-46.875,42.96875,100.5859375
209.87109375,131.34765625,-56.15234375,33.69140625,114.74609375
209.875,137.20703125,-59.08203125,29.296875,137.6953125
209.87890625,165.0390625,-58.10546875,33.203125,140.625
209.8828125,168.45703125,-57.6171875,30.2734375,132.8125
209.88671875,157.2265625,-48.828125,24.4140625,134.27734375
209.890625,170.41015625,-50.78125,23.92578125,106.4453125
209.89453125,185.05859375,-59.08203125,20.01953125,88.8671875
209.8984375,179.19921875,-53.22265625,7.32421875,130.37109375
209.90234375,152.34375,-46.875,6.34765625,146.484375
209.90625,98.6328125,-43.45703125,6.34765625,91.30859375
209.91015625,82.03125,-35.64453125,9.27734375,62.01171875
209.9140625,95.21484375,-38.57421875,11.71875,69.82421875
209.91796875,77.1484375,-43.9453125,-1.953125,65.91796875
209.921875,56.15234375,-33.203125,-6.34765625,40.52734375
209.92578125,53.22265625,-28.3203125,-6.8359375,40.0390625
209.9296875,49.31640625,-25.87890625,-11.71875,116.69921875
209.93359375,78.61328125,-21.97265625,-18.5546875,63.4765625
209.9375,54.19921875,-24.90234375,-42.48046875,14.6484375
209.94140625,21.484375,-20.5078125,-37.109375,50.78125
209.9453125,17.578125,-15.13671875,-15.625,36.62109375
209.94921875,2.44140625,-22.94921875,-2.9296875,21.484375
209.953125,14.6484375,-22.94921875,-3.90625,7.32421875
209.95703125,17.578125,-16.11328125,-13.671875,-13.671875
209.9609375,-2.44140625,-18.5546875,-18.5546875,0.48828125
209.96484375,-1.46484375,-18.5546875,-18.06640625,41.50390625
209.96875,20.99609375,-17.08984375,-18.06640625,-8.7890625
209.97265625,14.6484375,-16.11328125,-22.4609375,-14.6484375
209.9765625,-8.30078125,-21.97265625,-22.4609375,62.5
209.98046875,14.16015625,-32.2265625,-23.4375,6.34765625
209.984375,31.73828125,-24.4140625,-25.390625,-34.1796875
209.98828125,32.2265625,-9.27734375,-17.08984375,15.13671875
209.9921875,24.90234375,-17.08984375,-9.765625,18.06640625
209.99609375,-2.44140625,-27.83203125,-11.71875,8.7890625
210.0,-16.11328125,-31.25,-7.32421875,31.73828125
210.00390625,-27.83203125,-26.3671875,-2.44140625,37.59765625
210.0078125,16.6015625,-17.08984375,-2.44140625,42.48046875
210.01171875,41.9921875,-16.6015625,-1.46484375,59.5703125
210.015625,0.48828125,-17.578125,-9.27734375,24.90234375
210.01953125,6.34765625,-27.34375,-5.859375,21.484375
210.0234375,40.0390625,-29.78515625,6.34765625,74.70703125
210.02734375,64.453125,-22.94921875,-3.90625,46.875
210.03125,37.109375,-27.34375,-22.4609375,-0.9765625
210.03515625,46.38671875,-24.4140625,-27.34375,32.2265625
210.0390625,44.921875,-16.6015625,-4.8828125,39.0625
210.04296875,5.37109375,-17.08984375,7.8125,21.97265625
210.046875,14.16015625,-17.08984375,8.7890625,12.20703125
210.05078125,42.96875,-14.16015625,9.765625,2.44140625
210.0546875,37.59765625,-11.71875,-0.48828125,-11.71875
210.05859375,26.3671875,-13.671875,-5.859375,-7.8125
210.0625,37.59765625,-24.90234375,-10.7421875,-20.01953125
210.06640625,48.33984375,-27.83203125,-7.32421875,-33.69140625
210.0703125,48.828125,-19.53125,-3.90625,-27.83203125
210.07421875,52.734375,-15.625,-7.32421875,-26.3671875
210.078125,56.640625,-14.6484375,-16.11328125,-41.015625
210.08203125,39.0625,-8.7890625,-12.20703125,-57.6171875
210.0859375,44.921875,-6.34765625,-10.7421875,-40.0390625
210.08984375,41.50390625,-13.18359375,-14.6484375,-24.4140625
210.09375,33.203125,-5.859375,-17.578125,6.8359375
210.09765625,35.64453125,-7.32421875,-27.83203125,35.15625
210.1015625,16.6015625,-19.53125,-11.23046875,-4.8828125
210.10546875,14.16015625,-25.390625,0.9765625,-40.52734375
210.109375,55.6640625,-34.66796875,-6.34765625,-31.73828125
210.11328125,60.05859375,-32.71484375,-12.6953125,-28.80859375
210.1171875,16.6015625,-27.83203125,-20.5078125,-60.546875
210.12109375,4.39453125,-30.76171875,-22.94921875,-60.546875
210.125,20.01953125,-29.78515625,-29.78515625,-35.15625
210.12890625,7.8125,-29.296875,-24.4140625,-19.53125
210.1328125,-5.37109375,-31.25,-9.765625,-51.7578125
210.13671875,4.39453125,-37.109375,-9.765625,-42.96875
210.140625,24.90234375,-22.4609375,-20.99609375,-13.671875
210.14453125,3.41796875,-21.484375,-14.6484375,-17.08984375
210.1484375,-2.44140625,-30.76171875,4.8828125,2.44140625
210.15234375,-19.53125,-21.484375,1.46484375,-41.015625
210.15625,-20.01953125,-16.6015625,-5.37109375,-60.546875
210.16015625,17.578125,-20.01953125,-4.8828125,-35.15625
210.1640625,-0.48828125,-20.01953125,-11.71875,-47.8515625
210.16796875,-5.37109375,-17.08984375,-11.71875,-42.48046875
210.171875,8.30078125,-9.27734375,-20.99609375,-51.26953125
210.17578125,-7.32421875,-8.7890625,-23.4375,-56.15234375
210.1796875,-1.46484375,-19.53125,-13.671875,-42.96875
210.18359375,-2.9296875,-22.94921875,-14.6484375,-35.15625
210.1875,-8.7890625,-18.5546875,-13.671875,-19.04296875
210.19140625,-9.27734375,-8.30078125,-10.7421875,-36.62109375
210.1953125,-11.23046875,-11.71875,-36.1328125,-68.359375
210.19921875,-11.23046875,-26.85546875,-32.71484375,-50.29296875
210.203125,-18.06640625,-36.1328125,-9.27734375,-34.1796875
210.20703125,-30.2734375,-37.59765625,3.90625,-51.7578125
210.2109375,-11.71875,-27.83203125,0.48828125,-43.9453125
210.21484375,-0.9765625,-22.4609375,-35.64453125,-14.6484375
210.21875,0.0,-20.5078125,-46.38671875,-41.015625
210.22265625,16.6015625,-20.5078125,-37.109375,-83.49609375
210.2265625,25.390625,-17.578125,-34.1796875,-99.12109375
210.23046875,0.9765625,-20.5078125,-30.2734375,-55.17578125
210.234375,-7.8125,-29.78515625,-20.01953125,-47.36328125
210.23828125,-3.41796875,-27.34375,-33.69140625,-94.23828125
210.2421875,-10.25390625,-34.1796875,-43.9453125,-82.03125
210.24609375,12.6953125,-50.29296875,-20.5078125,-66.40625
210.25,37.109375,-31.25,-22.94921875,-51.7578125
210.25390625,20.99609375,-15.625,-36.1328125,-13.18359375
210.2578125,-18.06640625,-20.5078125,-40.0390625,-12.20703125
210.26171875,-11.23046875,-5.37109375,-38.0859375,-67.87109375
210.265625,-23.92578125,-4.39453125,-65.4296875,-91.30859375
210.26953125,-17.08984375,-12.6953125,-70.3125,-54.6875
210.2734375,14.6484375,-37.109375,-7.8125,-44.43359375
210.27734375,37.59765625,-74.21875,15.625,-28.80859375
210.28125,33.69140625,-55.6640625,-25.390625,-17.578125
210.28515625,-17.08984375,-25.87890625,-41.015625,1.46484375
210.2890625,-51.26953125,-1.953125,-23.4375,-12.20703125
210.29296875,12.20703125,9.27734375,2.9296875,-75.1953125
210.296875,45.8984375,-54.19921875,-5.37109375,-97.65625
210.30078125,1.46484375,-82.51953125,-27.83203125,-61.5234375
210.3046875,37.59765625,-10.7421875,-36.62109375,-5.859375
210.30859375,60.546875,21.97265625,-68.359375,-33.203125
210.3125,-44.921875,-0.9765625,-38.57421875,-153.80859375
210.31640625,-61.03515625,-9.765625,-4.8828125,-214.84375
210.3203125,-45.8984375,-40.0390625,-2.44140625,-137.20703125
210.32421875,-128.41796875,-54.19921875,-0.9765625,-154.296875
210.328125,-227.5390625,-23.4375,0.9765625,-254.8828125
210.33203125,-233.3984375,10.25390625,-19.53125,-225.5859375
210.3359375,-157.71484375,15.13671875,-62.98828125,-228.515625
210.33984375,-197.75390625,-8.30078125,-65.4296875,-307.12890625
210.34375,-245.60546875,-24.4140625,-33.203125,-322.75390625
210.34765625,-284.66796875,-14.6484375,-34.66796875,-335.9375
210.3515625,-211.9140625,-39.55078125,-26.85546875,-327.1484375
210.35546875,-164.55078125,-54.19921875,-50.78125,-303.22265625
210.359375,-195.3125,4.39453125,-117.1875,-330.078125
210.36328125,-192.3828125,6.8359375,-150.390625,-319.3359375
210.3671875,-255.859375,13.671875,-138.18359375,-315.4296875
210.37109375,-248.53515625,36.1328125,-90.33203125,-311.5234375
210.375,-213.37890625,53.7109375,-76.66015625,-280.2734375
210.37890625,-217.7734375,62.01171875,-94.23828125,-350.5859375
210.3828125,-238.76953125,40.0390625,-109.375,-352.05078125
210.38671875,-221.6796875,58.59375,-136.23046875,-323.2421875
210.390625,-178.22265625,57.12890625,-141.11328125,-298.828125
210.39453125,-138.671875,32.71484375,-119.140625,-251.953125
210.3984375,-111.81640625,38.0859375,-114.74609375,-221.19140625
210.40234375,-64.453125,58.10546875,-110.83984375,-145.01953125
210.40625,-35.15625,42.96875,-96.6796875,-91.796875
210.41015625,-23.4375,16.6015625,-89.35546875,-89.35546875
210.4140625,8.7890625,2.9296875,-74.21875,-117.1875
210.41796875,-46.875,23.4375,-78.61328125,-131.34765625
210.421875,-69.3359375,37.59765625,-93.26171875,-104.4921875
210.42578125,-48.33984375,28.80859375,-89.35546875,-89.84375
210.4296875,-18.5546875,20.01953125,-75.68359375,-60.05859375
210.43359375,-16.6015625,1.46484375,-67.3828125,-39.0625
210.4375,-42.96875,-10.7421875,-64.94140625,-39.55078125
210.44140625,-12.6953125,-7.8125,-64.453125,3.90625
210.4453125,30.76171875,-3.41796875,-72.265625,35.15625
210.44921875,9.27734375,-9.765625,-54.19921875,40.52734375
210.453125,-1.953125,-11.23046875,-21.484375,39.0625
210.45703125,13.18359375,-14.16015625,-6.8359375,56.15234375
210.4609375,17.578125,-3.90625,-23.4375,73.2421875
210.46484375,1.953125,0.48828125,-41.015625,56.640625
210.46875,-1.46484375,-17.08984375,-23.92578125,57.12890625
210.47265625,6.8359375,-22.4609375,-10.7421875,20.99609375
210.4765625,0.9765625,-23.92578125,-9.27734375,28.3203125
210.48046875,24.4140625,-26.85546875,-19.04296875,72.265625
210.484375,65.4296875,-30.2734375,-37.109375,87.890625
210.48828125,79.58984375,-38.57421875,-41.015625,94.7265625
210.4921875,73.73046875,-29.78515625,-34.1796875,90.33203125
210.49609375,71.77734375,-8.7890625,-19.04296875,83.49609375
210.5,16.11328125,-14.6484375,-20.01953125,46.875
210.50390625,5.37109375,-19.53125,-22.4609375,5.859375
210.5078125,20.99609375,-17.08984375,-25.87890625,78.61328125
210.51171875,23.4375,-16.11328125,-42.96875,57.6171875
210.515625,29.78515625,-11.23046875,-27.34375,4.39453125
210.51953125,68.359375,-25.87890625,-19.53125,74.70703125
210.5234375,92.28515625,-47.8515625,-20.5078125,116.2109375
210.52734375,82.51953125,-33.203125,-0.9765625,65.4296875
210.53125,59.08203125,-16.6015625,15.13671875,41.015625
210.53515625,29.78515625,-22.94921875,-1.46484375,21.484375
210.5390625,-7.32421875,-34.1796875,0.48828125,16.11328125
210.54296875,27.34375,-31.73828125,6.34765625,16.6015625
210.546875,84.9609375,-21.484375,-15.625,22.94921875
210.55078125,85.9375,-29.78515625,-15.625,35.15625
210.5546875,75.1953125,-19.04296875,-29.296875,28.3203125
210.55859375,48.828125,-12.6953125,-46.38671875,92.28515625
210.5625,41.50390625,-10.25390625,-28.3203125,49.8046875
210.56640625,15.13671875,-6.34765625,-30.2734375,-30.2734375
210.5703125,2.44140625,-14.16015625,-51.26953125,0.0
210.57421875,24.90234375,-19.04296875,-31.25,6.34765625
210.578125,24.4140625,-36.1328125,5.859375,-19.04296875
210.58203125,7.8125,-46.38671875,18.06640625,-30.76171875
210.5859375,62.01171875,-35.64453125,0.48828125,-5.37109375
210.58984375,72.75390625,-32.2265625,-30.2734375,14.6484375
210.59375,30.2734375,-47.8515625,-30.76171875,48.828125
210.59765625,14.16015625,-55.17578125,-24.90234375,1.46484375
210.6015625,32.2265625,-44.43359375,-37.59765625,-5.37109375
210.60546875,16.11328125,-45.41015625,-33.203125,10.7421875
210.609375,12.6953125,-54.6875,-24.4140625,-4.39453125
210.61328125,20.5078125,-34.66796875,-17.578125,14.16015625
210.6171875,26.3671875,-16.6015625,-12.6953125,-1.953125
210.62109375,37.109375,-13.671875,-36.62109375,3.90625
210.625,0.9765625,-12.20703125,-40.0390625,23.4375
210.62890625,21.484375,-16.6015625,-22.4609375,2.9296875
210.6328125,33.203125,-15.625,-27.83203125,-4.39453125
210.63671875,31.73828125,-21.97265625,-17.08984375,1.953125
210.640625,20.5078125,-35.64453125,-11.71875,7.32421875
210.64453125,20.01953125,-29.78515625,-7.8125,17.08984375
210.6484375,9.765625,-24.90234375,-10.7421875,22.94921875
210.65234375,-8.30078125,-32.71484375,-22.94921875,13.18359375
210.65625,4.8828125,-40.52734375,-22.4609375,-5.859375
210.66015625,9.27734375,-31.73828125,-14.6484375,0.0
210.6640625,16.11328125,-19.53125,-12.20703125,-9.765625
210.66796875,15.625,-21.97265625,-26.85546875,5.37109375
210.671875,-12.20703125,-34.1796875,-45.41015625,80.078125
210.67578125,-25.390625,-33.69140625,-24.90234375,64.94140625
210.6796875,3.90625,-22.4609375,-8.7890625,16.11328125
210.68359375,20.5078125,-20.01953125,-19.04296875,18.06640625
210.6875,17.08984375,-24.4140625,-10.25390625,11.71875
210.69140625,21.484375,-32.71484375,-2.9296875,16.11328125
210.6953125,15.13671875,-28.80859375,-28.80859375,1.46484375
210.69921875,5.859375,-20.99609375,-8.7890625,-12.6953125
210.703125,16.6015625,-23.92578125,27.34375,16.11328125
210.70703125,38.0859375,-15.625,18.5546875,-6.34765625
210.7109375,23.92578125,-12.20703125,16.6015625,-30.2734375
210.71484375,8.7890625,-18.5546875,5.859375,-9.765625
210.71875,20.99609375,-19.53125,6.8359375,0.0
210.72265625,51.26953125,-19.04296875,16.6015625,-17.578125
210.7265625,52.734375,-11.23046875,14.6484375,38.0859375
210.73046875,35.15625,-3.41796875,20.99609375,56.640625
210.734375,-6.8359375,-3.41796875,-6.34765625,-68.359375
210.73828125,-26.3671875,-5.859375,-24.4140625,-53.7109375
210.7421875,13.671875,-12.6953125,1.953125,25.390625
210.74609375,26.85546875,-26.3671875,9.27734375,23.92578125
210.75,11.23046875,-29.78515625,5.859375,16.11328125
210.75390625,26.3671875,-11.71875,-3.41796875,16.6015625
210.7578125,39.0625,-12.6953125,-12.20703125,14.6484375
210.76171875,42.96875,-24.4140625,-0.48828125,8.30078125
210.765625,32.71484375,-21.484375,18.06640625,-1.46484375
210.76953125,32.71484375,-12.6953125,26.3671875,2.44140625
210.7734375,37.109375,-16.6015625,4.8828125,14.6484375
210.77734375,16.6015625,-24.90234375,-7.32421875,12.6953125
210.78125,28.80859375,-13.671875,-7.32421875,8.30078125
210.78515625,54.6875,-18.5546875,-21.97265625,5.37109375
210.7890625,60.05859375,-34.1796875,-25.87890625,-7.32421875
210.79296875,78.125,-23.4375,-31.25,-31.25
210.796875,43.45703125,-18.06640625,-30.2734375,25.87890625
210.80078125,1.46484375,-25.390625,-7.32421875,2.9296875
210.8046875,-1.953125,-32.2265625,0.0,-34.66796875
210.80859375,-15.13671875,-32.2265625,5.859375,-18.06640625
210.8125,-39.0625,-32.71484375,6.8359375,-28.80859375
210.81640625,-38.57421875,-42.48046875,-8.7890625,3.41796875
210.8203125,-26.85546875,-38.57421875,-5.37109375,-20.01953125
210.82421875,-28.3203125,-25.390625,-0.9765625,-44.43359375
210.828125,-6.34765625,-31.25,-10.25390625,-17.08984375
210.83203125,-6.8359375,-33.69140625,2.44140625,-12.20703125
210.8359375,-6.34765625,-30.2734375,5.37109375,-1.953125
210.83984375,8.7890625,-26.85546875,-7.8125,19.53125
210.84375,-8.30078125,-30.2734375,-7.8125,8.7890625
210.84765625,-10.7421875,-29.296875,-16.6015625,0.9765625
210.8515625,0.0,-31.73828125,-41.50390625,-20.99609375
210.85546875,-0.9765625,-36.1328125,-17.578125,-13.18359375
210.859375,-3.90625,-48.33984375,36.1328125,31.25
210.86328125,13.671875,-38.0859375,36.62109375,3.41796875
210.8671875,35.15625,-5.37109375,0.9765625,29.296875
210.87109375,29.78515625,-7.32421875,-8.30078125,-25.87890625
210.875,13.18359375,-22.94921875,-16.6015625,-97.65625
210.87890625,-28.80859375,-19.04296875,-8.30078125,-70.80078125
210.8828125,-34.1796875,-11.71875,3.90625,-66.89453125
210.88671875,0.0,-21.484375,4.8828125,-58.59375
210.890625,-26.85546875,-16.11328125,-2.9296875,-49.8046875
210.89453125,-45.41015625,-15.625,-21.484375,-18.06640625
210.8984375,-8.30078125,-30.76171875,-27.83203125,-11.23046875
210.90234375,-22.4609375,-16.6015625,-88.37890625,-78.125
210.90625,4.8828125,18.5546875,-149.4140625,-71.2890625
210.91015625,20.01953125,41.015625,-78.125,-73.2421875
210.9140625,-0.9765625,18.5546875,-21.97265625,-61.5234375
210.91796875,6.8359375,5.37109375,-22.94921875,-85.44921875
210.921875,20.01953125,10.7421875,-14.16015625,-84.47265625
210.92578125,39.55078125,26.3671875,-20.01953125,7.32421875
210.9296875,34.66796875,38.57421875,-53.22265625,-10.25390625
210.93359375,41.015625,24.4140625,-63.96484375,-30.2734375
210.9375,41.015625,27.34375,-45.41015625,-16.11328125
210.94140625,8.7890625,22.4609375,-41.50390625,-50.78125
210.9453125,20.5078125,7.8125,-48.828125,-59.08203125
210.94921875,50.78125,-12.6953125,-68.84765625,-12.6953125
210.953125,110.83984375,-25.390625,-55.6640625,59.08203125
210.95703125,122.55859375,15.625,-31.73828125,41.015625
210.9609375,52.734375,44.921875,-43.45703125,-23.92578125
210.96484375,16.11328125,35.64453125,-44.921875,-16.6015625
210.96875,23.4375,12.6953125,-42.48046875,25.87890625
210.97265625,49.31640625,1.953125,-37.59765625,19.53125
210.9765625,98.14453125,10.7421875,-19.04296875,29.78515625
210.98046875,70.80078125,-2.9296875,-21.484375,11.23046875
210.984375,10.7421875,2.9296875,-42.48046875,-18.5546875
210.98828125,2.9296875,27.83203125,-48.828125,-0.9765625
210.9921875,28.80859375,29.296875,-16.11328125,8.30078125
210.99609375,9.27734375,16.11328125,14.6484375,-4.39453125
211.0,8.7890625,12.20703125,3.90625,-0.48828125
211.00390625,48.828125,11.23046875,-17.08984375,30.2734375
211.0078125,13.18359375,-0.48828125,-16.6015625,46.875
211.01171875,-5.859375,-6.8359375,-32.2265625,44.43359375
211.015625,37.59765625,-8.30078125,-33.203125,54.19921875
211.01953125,38.0859375,-16.11328125,-14.16015625,32.71484375
211.0234375,-23.92578125,-18.06640625,-10.7421875,13.671875
211.02734375,-90.33203125,-32.71484375,-15.13671875,31.73828125
211.03125,-86.42578125,-44.921875,-21.484375,13.18359375
211.03515625,-48.33984375,-39.0625,-22.94921875,0.48828125
211.0390625,-45.8984375,-43.45703125,-39.0625,19.04296875
211.04296875,-39.0625,-38.57421875,-46.38671875,25.390625
211.046875,-42.96875,-19.04296875,-19.04296875,22.4609375
211.05078125,-64.94140625,-20.5078125,-12.6953125,-12.20703125
211.0546875,-61.5234375,-27.83203125,-13.671875,-12.20703125
211.05859375,-67.87109375,-31.73828125,-8.7890625,58.10546875
211.0625,-24.90234375,-42.96875,-29.78515625,57.6171875
211.06640625,9.765625,-35.64453125,-46.875,21.97265625
211.0703125,-23.4375,-20.5078125,-12.6953125,70.80078125
211.07421875,-45.8984375,-16.11328125,9.27734375,23.92578125
211.078125,-57.12890625,-28.3203125,8.30078125,-35.64453125
211.08203125,-37.109375,-47.8515625,9.27734375,-38.57421875
211.0859375,-48.33984375,-37.59765625,0.9765625,-43.9453125
211.08984375,-55.6640625,-27.34375,-23.92578125,-41.9921875
211.09375,-25.87890625,-34.66796875,-24.90234375,23.4375
211.09765625,-6.8359375,-42.96875,6.34765625,43.45703125
211.1015625,-13.18359375,-43.9453125,-2.9296875,9.27734375
211.10546875,-19.53125,-29.78515625,-25.87890625,-5.859375
211.109375,-90.8203125,-16.11328125,-22.94921875,-20.99609375
211.11328125,-89.84375,-8.30078125,-25.390625,-36.62109375
211.1171875,-7.32421875,-24.90234375,-21.97265625,-13.18359375
211.12109375,31.25,-39.0625,-11.71875,19.53125
211.125,-43.45703125,-37.59765625,-1.953125,-19.53125
211.12890625,-60.546875,-38.57421875,1.953125,41.015625
211.1328125,-34.1796875,-41.9921875,-22.94921875,118.1640625
211.13671875,-50.29296875,-32.71484375,-29.78515625,-4.39453125
211.140625,-79.1015625,-13.18359375,-22.94921875,-75.1953125
211.14453125,-73.2421875,-14.16015625,-7.8125,-33.203125
211.1484375,-18.06640625,-32.2265625,17.08984375,17.578125
211.15234375,10.25390625,-21.484375,-5.859375,31.25
211.15625,-33.69140625,-4.8828125,-44.43359375,-4.8828125
211.16015625,-58.10546875,-9.765625,-37.59765625,-31.25
211.1640625,-15.13671875,-11.71875,-21.97265625,-37.109375
211.16796875,36.1328125,-11.23046875,-16.6015625,-18.06640625
211.171875,18.06640625,-11.23046875,-17.578125,10.7421875
211.17578125,10.7421875,-13.18359375,-16.6015625,43.45703125
211.1796875,40.52734375,-23.92578125,-30.2734375,27.34375
211.18359375,8.30078125,-31.73828125,-51.7578125,-66.40625
211.1875,10.7421875,-25.390625,-41.9921875,-66.40625
211.19140625,-20.5078125,-16.11328125,-24.90234375,9.27734375
211.1953125,-31.25,-20.99609375,-24.90234375,24.90234375
211.19921875,41.9921875,-31.25,-21.484375,21.97265625
211.203125,103.02734375,-33.203125,-26.85546875,11.71875
211.20703125,68.359375,-24.4140625,-30.76171875,5.37109375
211.2109375,-0.9765625,-16.11328125,-29.296875,32.2265625
211.21484375,-41.9921875,-33.69140625,-31.25,79.1015625
211.21875,-100.5859375,-40.52734375,-24.90234375,12.6953125
211.22265625,-78.61328125,-1.953125,-17.08984375,-38.57421875
211.2265625,-40.0390625,5.859375,-17.08984375,17.578125
211.23046875,-25.87890625,-20.01953125,-16.11328125,54.19921875
211.234375,-3.90625,-19.04296875,-17.08984375,18.5546875
211.23828125,1.953125,0.0,-25.87890625,1.953125
211.2421875,-25.87890625,-4.8828125,-35.64453125,6.8359375
211.24609375,-36.1328125,-19.04296875,-29.296875,15.625
211.25,-41.015625,-25.390625,-0.48828125,30.2734375
211.25390625,-6.34765625,-28.80859375,16.11328125,28.80859375
211.2578125,21.484375,-22.94921875,-12.20703125,43.9453125
211.26171875,63.4765625,-13.671875,-34.66796875,46.38671875
211.265625,50.78125,-18.06640625,-22.4609375,27.34375
211.26953125,-17.08984375,-24.90234375,2.9296875,22.94921875
211.2734375,11.23046875,-14.6484375,-5.859375,8.7890625
211.27734375,8.7890625,-5.859375,-6.8359375,3.41796875
211.28125,20.99609375,-15.13671875,8.30078125,0.0
211.28515625,15.625,-34.1796875,9.765625,21.97265625
211.2890625,-10.25390625,-27.83203125,-3.41796875,25.87890625
211.29296875,-7.8125,-15.13671875,-29.296875,33.203125
211.296875,9.27734375,-24.90234375,-29.296875,16.11328125
211.30078125,23.4375,-34.1796875,-7.8125,-0.48828125
211.3046875,18.5546875,-35.15625,-7.8125,42.48046875
211.30859375,46.38671875,-27.83203125,-30.76171875,-24.90234375
211.3125,-2.44140625,-19.04296875,-25.87890625,-55.6640625
211.31640625,-82.51953125,-15.625,-18.06640625,-20.5078125
211.3203125,-56.15234375,-4.8828125,-37.59765625,-19.04296875
211.32421875,25.87890625,-7.8125,-54.6875,1.46484375
211.328125,-21.484375,-17.08984375,-34.66796875,-17.578125
211.33203125,-82.51953125,-30.2734375,-7.8125,-22.94921875
211.3359375,-20.01953125,-34.66796875,-18.5546875,10.25390625
211.33984375,28.80859375,-29.78515625,-32.71484375,-38.57421875
211.34375,-6.34765625,-34.66796875,-18.06640625,-56.15234375
211.34765625,-60.05859375,-27.83203125,-24.90234375,-7.8125
211.3515625,-68.84765625,-15.13671875,-43.45703125,-20.99609375
211.35546875,-65.4296875,-40.0390625,-44.43359375,-64.453125
211.359375,-92.28515625,-31.25,-42.96875,-64.453125
211.36328125,-40.52734375,-8.7890625,-43.9453125,-61.03515625
211.3671875,-1.46484375,-5.37109375,-31.25,-35.64453125
211.37109375,-23.4375,1.46484375,-27.83203125,-4.39453125
211.375,-23.4375,-9.765625,-36.1328125,-43.45703125
211.37890625,-63.4765625,-26.85546875,-21.97265625,-72.75390625
211.3828125,-75.68359375,-33.203125,-9.27734375,-21.97265625
211.38671875,-38.0859375,-43.45703125,-11.71875,-28.3203125
211.390625,-21.484375,-43.45703125,-22.4609375,-7.32421875
211.39453125,-45.8984375,-48.828125,-16.11328125,44.921875
211.3984375,-51.26953125,-42.96875,-4.39453125,-37.109375
211.40234375,-41.015625,-25.87890625,-0.48828125,-63.96484375
211.40625,-49.8046875,-27.34375,-14.16015625,-42.96875
211.41015625,-43.45703125,-26.85546875,-23.4375,-46.38671875
211.4140625,-23.4375,-16.6015625,-25.87890625,-47.8515625
211.41796875,-28.3203125,-15.13671875,-26.3671875,-42.48046875
211.421875,-31.25,-22.94921875,-28.3203125,-46.38671875
211.42578125,-43.45703125,-22.94921875,-17.08984375,-10.7421875
211.4296875,-36.1328125,-23.92578125,-19.53125,19.04296875
211.43359375,1.953125,-21.484375,-26.85546875,2.44140625
211.4375,-21.484375,-27.83203125,-20.99609375,-12.6953125
211.44140625,-54.19921875,-41.015625,-19.53125,-6.8359375
211.4453125,-34.1796875,-32.2265625,-16.11328125,-9.765625
211.44921875,-31.73828125,-27.34375,-17.08984375,-39.55078125
211.453125,-41.9921875,-31.25,-27.83203125,-38.57421875
211.45703125,-50.29296875,-27.83203125,-38.0859375,-20.99609375
211.4609375,-38.57421875,-25.390625,-37.59765625,-20.01953125
211.46484375,-47.8515625,-26.85546875,-26.3671875,-42.48046875
211.46875,-62.5,-37.109375,-13.671875,-16.6015625
211.47265625,-64.453125,-35.64453125,-7.8125,-9.27734375
211.4765625,-40.0390625,-20.01953125,-22.94921875,2.9296875
211.48046875,-22.4609375,-21.484375,-32.71484375,-2.44140625
211.484375,-51.26953125,-34.66796875,-17.08984375,-23.92578125
211.48828125,-61.03515625,-40.0390625,-9.27734375,-1.953125
211.4921875,-32.2265625,-27.83203125,-34.66796875,10.7421875
211.49609375,-30.76171875,-25.87890625,-42.96875,-1.953125
211.5,-57.12890625,-36.62109375,-23.4375,-3.90625
211.50390625,-31.73828125,-45.8984375,-34.66796875,1.953125
211.5078125,-4.39453125,-45.8984375,-68.359375,-22.4609375
211.51171875,-57.6171875,-36.62109375,-46.38671875,-35.64453125
211.515625,-62.98828125,-18.06640625,-17.08984375,-28.3203125
211.51953125,-42.48046875,-14.16015625,-12.6953125,-23.92578125
211.5234375,-47.36328125,-26.85546875,-3.90625,-12.6953125
211.52734375,-38.57421875,-29.296875,0.48828125,-16.11328125
211.53125,-25.87890625,-27.83203125,-1.953125,-49.31640625
211.53515625,-14.16015625,-19.53125,-8.30078125,0.9765625
211.5390625,28.80859375,-25.390625,-16.11328125,9.765625
211.54296875,38.57421875,-44.43359375,-8.7890625,-41.50390625
211.546875,-7.8125,-34.1796875,-0.9765625,-54.6875
211.55078125,-27.83203125,-14.16015625,-16.6015625,-20.01953125
211.5546875,-23.4375,-4.8828125,-32.71484375,16.11328125
211.55859375,-37.59765625,-18.5546875,-46.875,-35.15625
211.5625,-48.33984375,-44.43359375,-41.50390625,-37.59765625
211.56640625,-20.01953125,-49.31640625,-21.97265625,-23.92578125
211.5703125,-17.08984375,-38.57421875,-16.11328125,-51.26953125
211.57421875,-36.62109375,-21.97265625,-27.34375,-34.1796875
211.578125,-45.8984375,-15.625,-50.29296875,-13.18359375
211.58203125,-52.734375,-22.4609375,-42.48046875,-63.96484375
211.5859375,-40.0390625,-21.97265625,-26.85546875,-62.01171875
211.58984375,-23.92578125,-32.71484375,-22.94921875,-33.69140625
211.59375,7.32421875,-46.875,-18.5546875,-40.0390625
211.59765625,4.8828125,-37.59765625,-41.9921875,-22.4609375
211.6015625,-48.33984375,-18.5546875,-64.453125,-41.50390625
211.60546875,-61.5234375,-24.90234375,-53.22265625,-35.64453125
211.609375,-48.828125,-36.1328125,-27.34375,-1.953125
211.61328125,-60.546875,-19.04296875,-29.78515625,-39.0625
211.6171875,-54.19921875,-17.08984375,-46.875,-58.10546875
211.62109375,-46.875,-45.8984375,-41.015625,-55.17578125
211.625,-68.359375,-46.875,-23.4375,-63.4765625
211.62890625,-48.33984375,-29.296875,-20.5078125,-49.31640625
211.6328125,-37.109375,-35.15625,-38.0859375,-29.296875
211.63671875,-68.84765625,-43.45703125,-42.96875,-89.35546875
211.640625,-84.9609375,-43.9453125,-32.2265625,-100.09765625
211.64453125,-55.17578125,-48.33984375,-28.80859375,-62.01171875
211.6484375,-72.265625,-37.109375,-36.62109375,-32.71484375
211.65234375,-91.796875,-13.18359375,-42.48046875,-22.4609375
211.65625,-63.96484375,-16.6015625,-51.7578125,-45.8984375
211.66015625,-76.66015625,-30.2734375,-49.31640625,-69.3359375
211.6640625,-76.66015625,-29.78515625,-40.52734375,-85.9375
211.66796875,-67.3828125,-41.50390625,-32.2265625,-55.17578125
211.671875,-70.80078125,-41.9921875,-38.57421875,-44.921875
211.67578125,-49.8046875,-44.43359375,-38.0859375,-10.25390625
211.6796875,-34.1796875,-59.5703125,-27.83203125,25.390625
211.68359375,-57.6171875,-31.73828125,-46.38671875,-17.08984375
211.6875,-83.984375,-4.8828125,-55.6640625,-27.83203125
211.69140625,-64.94140625,0.9765625,-51.7578125,-58.59375
211.6953125,-76.66015625,-3.90625,-42.96875,-95.703125
211.69921875,-104.98046875,-22.94921875,-24.90234375,-76.66015625
211.703125,-110.83984375,-40.0390625,-18.06640625,-38.57421875
211.70703125,-56.15234375,-36.62109375,-14.6484375,-28.3203125
211.7109375,-62.01171875,-22.94921875,-11.23046875,-34.66796875
211.71484375,-64.94140625,-16.6015625,-20.01953125,-46.875
211.71875,42.96875,-16.11328125,-43.45703125,-46.38671875
211.72265625,33.203125,-22.4609375,-60.546875,-3.90625
211.7265625,-100.09765625,-24.90234375,-44.921875,-6.34765625
211.73046875,-120.1171875,-28.80859375,-2.9296875,-5.859375
211.734375,-93.75,-33.69140625,-1.953125,-23.4375
211.73828125,-125.0,-25.390625,-17.578125,-91.796875
211.7421875,-112.3046875,-12.20703125,-27.83203125,-94.23828125
211.74609375,-86.9140625,-22.4609375,-42.96875,-29.78515625
211.75,-96.6796875,-28.3203125,-34.66796875,-38.0859375
211.75390625,-86.42578125,-16.6015625,-23.92578125,-66.40625
211.7578125,-59.08203125,-8.30078125,-32.2265625,-45.8984375
211.76171875,-48.33984375,0.0,-31.25,-50.78125
211.765625,-65.4296875,-19.04296875,-25.390625,-52.734375
211.76953125,-44.43359375,-42.48046875,-23.92578125,3.90625
211.7734375,-38.57421875,-34.66796875,-21.484375,-2.44140625
211.77734375,-67.87109375,-21.484375,-22.94921875,-55.17578125
211.78125,-63.4765625,-20.99609375,-37.59765625,-30.76171875
211.78515625,-82.03125,-24.90234375,-21.97265625,2.9296875
211.7890625,-76.171875,-23.92578125,-12.6953125,-8.30078125
211.79296875,-39.0625,-14.6484375,-29.296875,-2.44140625
211.796875,-26.3671875,-23.4375,-20.01953125,-10.25390625
211.80078125,-21.484375,-44.921875,-1.46484375,-66.40625
211.8046875,-37.59765625,-37.59765625,-6.34765625,-69.3359375
211.80859375,-68.84765625,-10.7421875,-22.94921875,-55.6640625
211.8125,-66.40625,6.34765625,-32.71484375,-76.66015625
211.81640625,-55.17578125,7.32421875,-28.80859375,-85.44921875
211.8203125,-57.6171875,-17.08984375,-23.4375,-15.13671875
211.82421875,-96.6796875,-30.76171875,-30.2734375,-10.7421875
211.828125,-89.84375,-20.5078125,-32.2265625,-52.24609375
211.83203125,-44.921875,-5.859375,-50.78125,-31.73828125
211.8359375,-40.0390625,-24.4140625,-51.26953125,-57.6171875
211.83984375,-48.33984375,-45.8984375,-18.5546875,-68.84765625
211.84375,-27.83203125,-29.296875,-9.27734375,-59.5703125
211.84765625,-28.3203125,-14.6484375,-18.06640625,-68.359375
211.8515625,-79.58984375,-27.83203125,-20.5078125,-63.96484375
211.85546875,-96.19140625,-29.296875,-21.484375,-44.43359375
211.859375,-76.66015625,-22.4609375,-29.78515625,-31.25
211.86328125,-99.12109375,-19.53125,-34.1796875,-26.85546875
211.8671875,-72.265625,-9.765625,-59.08203125,-26.85546875
211.87109375,-71.77734375,-0.9765625,-64.94140625,-39.55078125
211.875,-83.0078125,-26.3671875,-29.296875,-46.875
211.87890625,-53.22265625,-43.45703125,-19.53125,-30.76171875
211.8828125,-69.3359375,-30.76171875,-24.4140625,-60.546875
211.88671875,-87.890625,-28.3203125,-26.85546875,-78.61328125
211.890625,-60.05859375,-11.23046875,-39.0625,-64.453125
211.89453125,-41.015625,-17.08984375,-37.109375,-68.84765625
211.8984375,-25.390625,-30.76171875,-30.76171875,-45.41015625
211.90234375,-45.41015625,-15.13671875,-34.66796875,-24.90234375
211.90625,-55.17578125,-9.27734375,-37.59765625,-11.23046875
211.91015625,-35.15625,-7.32421875,-40.52734375,-20.5078125
211.9140625,-45.41015625,-29.296875,-34.1796875,-30.76171875
211.91796875,-43.9453125,-47.8515625,-35.64453125,-18.06640625
211.921875,-70.3125,-21.484375,-45.41015625,-68.84765625
211.92578125,-86.42578125,-8.30078125,-34.1796875,-83.984375
211.9296875,-62.01171875,-23.4375,-16.6015625,-67.87109375
211.93359375,-38.57421875,-27.83203125,-33.203125,-65.91796875
211.9375,-54.6875,-20.5078125,-41.50390625,-4.8828125
211.94140625,-60.05859375,-28.80859375,-25.390625,2.44140625
211.9453125,-20.01953125,-27.83203125,-18.06640625,-42.48046875
211.94921875,-31.73828125,-9.765625,-8.7890625,-39.55078125
211.953125,-54.6875,-15.13671875,-11.71875,-43.45703125
211.95703125,-78.61328125,-27.34375,-18.5546875,-51.7578125
211.9609375,-69.82421875,-35.64453125,-12.20703125,7.8125
211.96484375,22.94921875,-35.15625,-20.99609375,-22.94921875
211.96875,-7.32421875,-19.53125,-16.11328125,-43.45703125
211.97265625,-64.453125,-8.7890625,-2.9296875,10.25390625
211.9765625,-60.546875,-9.765625,-20.99609375,-79.1015625
211.98046875,-43.45703125,-21.484375,-30.76171875,-73.73046875
211.984375,-58.10546875,-22.4609375,-27.34375,-12.6953125
211.98828125,-72.265625,-26.85546875,-14.6484375,-17.578125
211.9921875,-55.6640625,-37.109375,-12.20703125,-46.38671875
211.99609375,-33.69140625,-34.66796875,-18.06640625,-49.8046875
212.0,-22.94921875,-33.203125,-17.08984375,-27.83203125
212.00390625,-40.0390625,-33.203125,-18.5546875,-40.52734375
212.0078125,-50.29296875,-10.7421875,-42.48046875,-42.96875
212.01171875,-62.5,7.32421875,-38.0859375,-23.4375
212.015625,-48.33984375,5.859375,-7.8125,-14.6484375
212.01953125,-45.8984375,-6.8359375,-2.44140625,-27.83203125
212.0234375,-35.64453125,-23.4375,-3.41796875,-42.96875
212.02734375,-15.625,-26.3671875,-4.39453125,-57.12890625
212.03125,-28.80859375,-23.92578125,-25.390625,-72.265625
212.03515625,-18.06640625,-36.1328125,-34.66796875,-53.22265625
212.0390625,-41.9921875,-37.59765625,-6.8359375,7.8125
212.04296875,-43.45703125,-20.01953125,0.0,22.4609375
212.046875,-49.8046875,-17.578125,-15.13671875,-29.296875
212.05078125,-84.9609375,-25.390625,-11.71875,-49.31640625
212.0546875,-56.640625,-23.92578125,-9.27734375,-12.6953125
212.05859375,-70.80078125,-19.53125,-15.625,-41.9921875
212.0625,-77.63671875,-21.484375,-18.06640625,-68.84765625
212.06640625,-40.0390625,-17.08984375,-23.4375,-28.80859375
212.0703125,-51.26953125,-44.921875,-13.671875,1.46484375
212.07421875,-16.6015625,-67.3828125,-6.34765625,8.7890625
212.078125,-5.859375,-31.25,-22.94921875,30.2734375
212.08203125,-38.0859375,-9.27734375,-32.71484375,-21.97265625
212.0859375,-24.90234375,-9.27734375,-25.390625,-83.0078125
212.08984375,-69.3359375,3.41796875,-3.90625,-41.9921875
212.09375,-89.35546875,-4.39453125,-1.46484375,-41.015625
212.09765625,-92.28515625,-21.97265625,-12.6953125,-73.73046875
212.1015625,-94.23828125,-9.27734375,-24.90234375,-69.3359375
212.10546875,-69.3359375,-6.34765625,-21.484375,-17.578125
212.109375,-72.75390625,-20.5078125,-12.6953125,20.5078125
212.11328125,-48.33984375,-9.765625,-20.99609375,19.04296875
212.1171875,-57.12890625,-3.41796875,-20.01953125,-10.25390625
212.12109375,-63.96484375,-8.7890625,-12.20703125,-31.25
212.125,-70.80078125,-15.625,-14.16015625,-45.8984375
212.12890625,-71.77734375,-26.3671875,-2.44140625,-20.5078125
212.1328125,-66.40625,-31.73828125,-0.9765625,-2.44140625
212.13671875,-68.359375,-12.6953125,-9.27734375,-29.296875
212.140625,-50.78125,-2.9296875,-14.6484375,-42.96875
212.14453125,-52.24609375,-8.7890625,-26.3671875,-28.3203125
212.1484375,-67.87109375,-8.7890625,-19.53125,-3.90625
212.15234375,-56.15234375,-10.25390625,-18.5546875,-27.83203125
212.15625,-28.3203125,-11.71875,-32.71484375,-14.16015625
212.16015625,-4.39453125,2.44140625,-31.25,6.8359375
212.1640625,-1.953125,-2.44140625,-17.578125,-9.765625
212.16796875,3.90625,-28.80859375,-13.671875,-37.109375
212.171875,27.34375,-42.96875,-12.6953125,-48.828125
212.17578125,-24.90234375,-24.4140625,-19.53125,-41.50390625
212.1796875,-87.890625,7.32421875,-36.1328125,-43.9453125
212.18359375,-72.265625,17.08984375,-31.25,-20.01953125
212.1875,-33.69140625,-16.11328125,-24.4140625,-25.390625
212.19140625,-20.01953125,-29.296875,-34.1796875,-17.08984375
212.1953125,-37.109375,-8.7890625,-27.34375,-2.44140625
212.19921875,-23.92578125,-10.25390625,-24.4140625,10.25390625
212.203125,-15.13671875,-16.6015625,-30.76171875,10.7421875
212.20703125,-20.5078125,-18.5546875,-16.11328125,-3.90625
212.2109375,-14.6484375,-20.99609375,-25.390625,2.9296875
212.21484375,-16.6015625,-12.6953125,-45.41015625,-5.859375
212.21875,-25.87890625,-11.23046875,-21.484375,-2.9296875
212.22265625,-34.66796875,-11.23046875,0.9765625,-27.83203125
212.2265625,-25.390625,0.0,-6.8359375,-33.69140625
212.23046875,-20.99609375,-0.9765625,-17.08984375,-28.80859375
212.234375,-20.5078125,-18.5546875,-19.53125,-19.53125
212.23828125,3.41796875,-13.671875,-32.71484375,-34.66796875
212.2421875,5.859375,-1.46484375,-30.76171875,-43.45703125
212.24609375,0.9765625,-24.90234375,-24.90234375,24.90234375
212.25,-19.53125,-40.0390625,-25.390625,15.13671875
212.25390625,-6.34765625,-12.20703125,-16.11328125,-20.5078125
212.2578125,8.7890625,11.71875,-14.6484375,13.18359375
212.26171875,-5.37109375,6.34765625,-23.4375,-29.78515625
212.265625,3.41796875,-8.7890625,-29.78515625,-33.69140625
212.26953125,32.71484375,-18.5546875,-15.13671875,-60.05859375
212.2734375,-1.46484375,-32.71484375,-20.5078125,-64.453125
212.27734375,-35.15625,-28.80859375,-60.05859375,-17.08984375
212.28125,-20.99609375,-15.13671875,-52.734375,-35.15625
212.28515625,-8.7890625,-24.90234375,-12.6953125,-12.20703125
212.2890625,4.8828125,-18.5546875,-0.9765625,2.9296875
212.29296875,20.99609375,0.0,-15.13671875,12.6953125
212.296875,15.625,-15.13671875,-11.71875,-5.37109375
212.30078125,-11.23046875,-34.66796875,-9.27734375,-47.8515625
212.3046875,-3.90625,-14.6484375,-18.06640625,-23.92578125
212.30859375,-1.46484375,-12.20703125,-17.08984375,-4.39453125
212.3125,-23.92578125,-33.203125,-5.37109375,-8.30078125
212.31640625,-3.41796875,-27.83203125,-9.765625,-27.83203125
212.3203125,18.06640625,-15.625,-37.59765625,-31.73828125
212.32421875,14.6484375,-8.30078125,-31.73828125,-22.4609375
212.328125,8.30078125,-17.08984375,-11.23046875,-31.25
212.33203125,26.3671875,-20.99609375,-7.32421875,-17.578125
212.3359375,72.75390625,-24.4140625,-2.44140625,-15.625
212.33984375,88.37890625,-35.15625,-0.9765625,18.5546875
212.34375,35.15625,-12.6953125,-22.4609375,23.4375
212.34765625,-11.23046875,2.9296875,-25.87890625,-20.5078125
212.3515625,31.73828125,-1.46484375,2.44140625,-0.48828125
212.35546875,68.84765625,-4.8828125,1.46484375,-11.23046875
212.359375,67.3828125,-4.39453125,-21.97265625,-37.109375
212.36328125,24.4140625,-0.48828125,-15.625,-22.94921875
212.3671875,15.625,-8.7890625,-19.04296875,35.64453125
212.37109375,43.45703125,-10.25390625,-41.015625,62.01171875
212.375,36.1328125,-4.8828125,-26.85546875,28.80859375
212.37890625,57.6171875,-3.90625,-23.4375,22.94921875
212.3828125,54.19921875,6.8359375,-41.9921875,52.24609375
212.38671875,-4.39453125,-1.46484375,-29.78515625,40.0390625
212.390625,3.41796875,-21.97265625,-9.765625,-12.6953125
212.39453125,49.31640625,-31.25,-8.7890625,8.30078125
212.3984375,104.00390625,-28.80859375,-27.34375,27.34375
212.40234375,139.16015625,11.23046875,-50.78125,56.15234375
212.40625,134.765625,41.9921875,-46.875,100.5859375
212.41015625,113.76953125,20.5078125,-17.08984375,-4.39453125
212.4140625,130.37109375,-8.7890625,-24.4140625,-79.1015625
212.41796875,100.09765625,-19.04296875,-35.15625,-44.921875
212.421875,84.9609375,-25.87890625,-28.80859375,34.1796875
212.42578125,119.140625,-39.0625,-53.7109375,-28.80859375
212.4296875,171.875,-46.875,-66.40625,-33.203125
212.43359375,224.12109375,-76.171875,-44.921875,73.73046875
212.4375,222.65625,-91.30859375,21.97265625,3.90625
212.44140625,196.77734375,-73.73046875,45.41015625,-59.08203125
212.4453125,230.46875,-65.91796875,-12.6953125,-34.66796875
212.44921875,227.5390625,-74.70703125,-1.46484375,46.38671875
212.453125,128.41796875,-46.875,20.99609375,30.2734375
212.45703125,103.515625,-15.625,-29.296875,-102.05078125
212.4609375,95.21484375,-42.96875,-61.5234375,-120.1171875
212.46484375,82.51953125,-33.203125,-11.23046875,-76.66015625
212.46875,91.796875,-22.4609375,68.359375,-92.28515625
212.47265625,73.2421875,-47.8515625,55.17578125,-71.2890625
212.4765625,44.43359375,-56.640625,32.2265625,-20.99609375
212.48046875,53.22265625,-69.82421875,65.91796875,-16.6015625
212.484375,27.83203125,-74.21875,68.359375,-44.43359375
212.48828125,66.40625,-74.21875,36.1328125,-45.41015625
212.4921875,97.65625,-95.21484375,21.484375,3.41796875
212.49609375,105.46875,-92.7734375,32.2265625,88.37890625
212.5,159.1796875,-45.8984375,24.4140625,95.21484375
212.50390625,228.02734375,-20.5078125,15.625,78.125
212.5078125,304.19921875,-13.18359375,7.8125,117.1875
212.51171875,293.45703125,-19.53125,-0.48828125,74.70703125
212.515625,331.54296875,-75.68359375,-8.7890625,32.2265625
212.51953125,324.70703125,-75.68359375,8.30078125,50.29296875
212.5234375,280.2734375,-17.578125,52.24609375,124.51171875
212.52734375,320.80078125,-11.23046875,63.4765625,96.6796875
212.53125,344.23828125,-17.08984375,14.6484375,90.8203125
212.53515625,314.453125,-30.2734375,-7.8125,159.66796875
212.5390625,239.74609375,-65.91796875,-7.32421875,141.11328125
212.54296875,245.60546875,-58.59375,-18.06640625,184.5703125
212.546875,294.43359375,-33.69140625,-11.23046875,247.55859375
212.55078125,317.3828125,-45.8984375,-6.8359375,253.90625
212.5546875,288.57421875,-60.546875,-56.15234375,254.39453125
212.55859375,326.171875,-48.33984375,-41.50390625,249.51171875
212.5625,293.45703125,-33.69140625,33.203125,200.68359375
212.56640625,214.35546875,-33.203125,26.3671875,126.46484375
212.5703125,213.8671875,-59.08203125,-5.37109375,134.27734375
212.57421875,161.1328125,-59.08203125,-41.9921875,182.12890625
212.578125,122.0703125,-22.94921875,-80.56640625,163.0859375
212.58203125,112.79296875,20.5078125,-90.8203125,140.625
212.5859375,88.37890625,12.20703125,-73.73046875,136.23046875
212.58984375,77.1484375,-3.41796875,-69.3359375,155.2734375
212.59375,60.546875,-0.48828125,-39.0625,150.390625
212.59765625,27.34375,-18.5546875,-9.765625,135.25390625
212.6015625,-51.7578125,-29.296875,-28.80859375,155.2734375
212.60546875,-77.63671875,-17.578125,-41.50390625,197.75390625
212.609375,-47.8515625,-17.08984375,-43.45703125,218.75
212.61328125,-77.63671875,-31.25,-52.24609375,218.75
212.6171875,-127.44140625,-36.62109375,-85.9375,203.125
212.62109375,-195.3125,-35.15625,-86.42578125,197.265625
212.625,-250.48828125,-29.78515625,-34.1796875,142.08984375
212.62890625,-288.57421875,-20.5078125,-43.45703125,82.03125
212.6328125,-302.24609375,-2.44140625,-91.30859375,152.34375
212.63671875,-323.2421875,14.16015625,-41.9921875,122.0703125
212.640625,-306.640625,-3.90625,1.46484375,1.46484375
212.64453125,-256.8359375,-4.8828125,-21.97265625,-15.625
212.6484375,-250.9765625,5.859375,-57.12890625,20.01953125
212.65234375,-248.046875,-6.34765625,-48.33984375,60.546875
212.65625,-205.078125,-11.23046875,-25.390625,47.36328125
212.66015625,-189.94140625,-10.7421875,-32.2265625,19.53125
212.6640625,-154.296875,-18.5546875,-49.8046875,49.8046875
212.66796875,-127.44140625,-39.55078125,-72.75390625,61.5234375
212.671875,-132.32421875,-39.55078125,-84.9609375,113.76953125
212.67578125,-120.60546875,-11.23046875,-97.65625,120.60546875
212.6796875,-82.51953125,4.8828125,-87.890625,84.47265625
212.68359375,-123.53515625,8.30078125,-67.87109375,122.55859375
212.6875,-135.7421875,0.48828125,-64.94140625,159.1796875
212.69140625,-104.98046875,-4.39453125,-72.265625,62.98828125
212.6953125,-81.54296875,0.0,-81.0546875,-43.9453125
212.69921875,-95.703125,-1.46484375,-93.26171875,-31.73828125
212.703125,-85.44921875,-8.7890625,-93.26171875,28.80859375
212.70703125,-20.99609375,-5.859375,-97.65625,20.5078125
212.7109375,6.8359375,-1.46484375,-107.91015625,-12.6953125
212.71484375,-21.97265625,-14.16015625,-83.984375,-31.73828125
212.71875,-41.015625,-17.08984375,-78.61328125,-8.7890625
212.72265625,-17.578125,0.9765625,-108.3984375,45.8984375
212.7265625,6.34765625,10.7421875,-106.4453125,65.91796875
212.73046875,4.39453125,13.18359375,-84.9609375,91.796875
212.734375,-25.87890625,6.34765625,-94.7265625,102.5390625
212.73828125,-57.6171875,-7.8125,-101.5625,18.5546875
212.7421875,-77.63671875,-18.06640625,-64.94140625,35.15625
212.74609375,-51.26953125,-18.06640625,-52.734375,83.0078125
212.75,-47.8515625,-19.04296875,-55.6640625,50.78125
212.75390625,-55.17578125,-20.01953125,-57.6171875,27.83203125
212.7578125,-20.99609375,-2.9296875,-65.91796875,39.0625
212.76171875,-30.2734375,11.71875,-65.4296875,60.546875
212.765625,-53.22265625,9.27734375,-60.05859375,66.40625
212.76953125,-46.875,0.9765625,-54.19921875,40.0390625
212.7734375,-61.5234375,-9.27734375,-64.94140625,20.99609375
212.77734375,-51.7578125,-16.11328125,-39.55078125,-6.8359375
212.78125,-10.7421875,-8.30078125,-18.06640625,-6.34765625
212.78515625,-34.66796875,13.671875,-29.78515625,5.859375
212.7890625,-32.2265625,16.6015625,-46.875,13.671875
212.79296875,-19.04296875,8.30078125,-74.70703125,83.984375
212.796875,-27.83203125,-1.953125,-72.75390625,104.98046875
212.80078125,-34.66796875,-6.34765625,-36.62109375,54.6875
212.8046875,-1.46484375,3.90625,-78.61328125,1.46484375
212.80859375,49.31640625,9.765625,-153.3203125,-13.671875
212.8125,10.7421875,-25.87890625,-75.68359375,-14.6484375
212.81640625,-33.203125,-37.109375,4.8828125,7.8125
212.8203125,-26.85546875,-16.6015625,-3.41796875,30.76171875
212.82421875,-24.90234375,-7.8125,-12.20703125,-3.90625
212.828125,-32.2265625,-11.71875,-24.90234375,-2.9296875
212.83203125,-14.16015625,-18.5546875,-54.6875,34.1796875
212.8359375,26.3671875,-14.6484375,-66.89453125,114.2578125
212.83984375,19.53125,-8.30078125,-52.734375,80.078125
212.84375,-10.25390625,1.46484375,-49.31640625,-6.34765625
212.84765625,-1.46484375,14.6484375,-19.53125,-8.30078125
212.8515625,-15.625,6.8359375,-2.44140625,-14.16015625
212.85546875,-19.04296875,12.20703125,-22.4609375,16.11328125
212.859375,41.9921875,19.04296875,-47.36328125,66.40625
212.86328125,53.7109375,-6.8359375,-42.48046875,87.890625
212.8671875,-21.97265625,-31.25,-60.546875,97.65625
212.87109375,-35.64453125,-18.5546875,-68.84765625,62.5
212.875,30.76171875,-14.6484375,-25.87890625,46.875
212.87890625,47.8515625,-15.13671875,-0.48828125,33.69140625
212.8828125,41.015625,2.9296875,8.7890625,15.625
212.88671875,30.76171875,-4.39453125,12.20703125,51.7578125
212.890625,-17.578125,-23.4375,30.76171875,84.47265625
212.89453125,-25.390625,-22.94921875,25.87890625,106.4453125
212.8984375,28.3203125,-26.3671875,-25.390625,90.8203125
212.90234375,57.12890625,-42.48046875,-23.92578125,135.7421875
212.90625,-13.18359375,-34.1796875,22.4609375,110.83984375
212.91015625,-11.71875,-18.5546875,19.53125,74.70703125
212.9140625,24.90234375,-27.83203125,0.48828125,86.42578125
212.91796875,15.625,-41.50390625,9.27734375,91.796875
212.921875,0.9765625,-29.296875,13.671875,101.5625
212.92578125,-15.13671875,-22.94921875,6.34765625,113.28125
212.9296875,-8.30078125,-3.90625,-7.32421875,86.9140625
212.93359375,-9.765625,3.90625,-14.16015625,107.421875
212.9375,3.90625,-7.8125,-9.27734375,126.46484375
212.94140625,50.78125,3.41796875,-0.48828125,61.5234375
212.9453125,26.85546875,0.48828125,6.34765625,52.734375
212.94921875,-20.99609375,-20.01953125,25.390625,102.05078125
212.953125,-10.7421875,-20.01953125,15.625,73.73046875
212.95703125,50.29296875,-9.765625,-15.13671875,29.78515625
212.9609375,59.5703125,-15.13671875,-23.4375,40.52734375
212.96484375,9.27734375,-32.71484375,-21.484375,-9.27734375
212.96875,-12.6953125,-32.71484375,-4.39453125,67.87109375
212.97265625,2.44140625,-14.16015625,4.8828125,81.0546875
212.9765625,27.83203125,-10.25390625,-23.92578125,31.25
212.98046875,57.12890625,-21.484375,-27.83203125,64.94140625
212.984375,49.31640625,-26.3671875,-16.11328125,73.73046875
212.98828125,33.203125,-19.53125,-9.27734375,65.91796875
212.9921875,65.4296875,-26.3671875,12.6953125,131.34765625
212.99609375,75.1953125,-7.8125,13.18359375,99.12109375
213.0,-0.48828125,11.71875,-21.97265625,21.97265625
213.00390625,-27.83203125,-11.23046875,-77.63671875,-7.8125
213.0078125,-9.27734375,-51.26953125,-101.07421875,2.9296875
213.01171875,-57.12890625,-85.44921875,-69.3359375,-23.4375
213.015625,-59.5703125,-93.26171875,-50.78125,-28.80859375
213.01953125,-48.828125,-94.23828125,-57.6171875,24.90234375
213.0234375,-58.59375,-86.9140625,-65.91796875,16.11328125
213.02734375,-48.828125,-70.3125,-69.82421875,13.671875
213.03125,-45.41015625,-65.4296875,-77.63671875,62.98828125
213.03515625,-26.3671875,-67.87109375,-94.7265625,-50.78125
213.0390625,-23.4375,-59.08203125,-77.63671875,-37.59765625
213.04296875,-39.55078125,-55.6640625,-61.5234375,21.484375
213.046875,-22.4609375,-62.98828125,-48.33984375,-17.08984375
213.05078125,-34.1796875,-62.98828125,-25.390625,29.78515625
213.0546875,-36.1328125,-69.82421875,-13.18359375,89.35546875
213.05859375,12.20703125,-80.078125,-53.7109375,58.59375
213.0625,36.1328125,-59.5703125,-119.140625,3.41796875
213.06640625,18.5546875,-20.5078125,-78.61328125,-38.57421875
213.0703125,-6.8359375,-20.5078125,-11.23046875,-29.78515625
213.07421875,15.13671875,-24.4140625,-16.6015625,55.17578125
213.078125,16.6015625,-23.92578125,-61.5234375,35.64453125
213.08203125,-9.765625,-26.3671875,-61.5234375,-24.90234375
213.0859375,19.04296875,-25.87890625,-28.80859375,-3.41796875
213.08984375,13.671875,-38.0859375,-15.13671875,5.37109375
213.09375,-10.7421875,-47.36328125,-10.7421875,20.99609375
213.09765625,-6.8359375,-40.52734375,-35.64453125,24.4140625
213.1015625,-8.7890625,-31.73828125,-33.69140625,15.625
213.10546875,-13.18359375,-36.1328125,-5.859375,67.87109375
213.109375,13.671875,-47.36328125,-27.34375,46.38671875
213.11328125,48.828125,-48.33984375,-68.84765625,25.390625
213.1171875,13.18359375,-23.92578125,-35.64453125,58.10546875
213.12109375,1.953125,2.9296875,-19.04296875,41.015625
213.125,10.7421875,6.8359375,-51.7578125,32.2265625
213.12890625,-0.48828125,-21.97265625,-30.76171875,15.625
213.1328125,11.71875,-27.83203125,-16.11328125,20.01953125
213.13671875,16.11328125,-7.8125,-59.5703125,16.6015625
213.140625,-1.46484375,-9.27734375,-50.29296875,-13.671875
213.14453125,-14.6484375,-36.1328125,-10.7421875,-9.27734375
213.1484375,-24.4140625,-44.43359375,-11.71875,-1.953125
213.15234375,-22.4609375,-32.71484375,-14.6484375,14.16015625
213.15625,-9.765625,-35.15625,-36.62109375,25.390625
213.16015625,-4.8828125,-47.36328125,-46.875,-5.859375
213.1640625,-23.92578125,-34.66796875,-19.53125,-26.3671875
213.16796875,-40.0390625,-22.4609375,-8.7890625,7.8125
213.171875,-36.1328125,-19.53125,-6.8359375,20.5078125
213.17578125,-36.1328125,-23.4375,-8.7890625,21.484375
213.1796875,-41.9921875,-33.203125,-20.99609375,10.7421875
213.18359375,-23.4375,-33.203125,-31.73828125,23.4375
213.1875,25.87890625,-34.1796875,-38.0859375,8.7890625
213.19140625,11.71875,-43.45703125,-37.109375,27.83203125
213.1953125,12.20703125,-34.66796875,-42.48046875,41.015625
213.19921875,23.4375,-25.390625,-40.0390625,13.671875
213.203125,3.41796875,-49.8046875,-23.92578125,-13.671875
213.20703125,-21.97265625,-56.15234375,-5.37109375,-52.734375
213.2109375,-38.57421875,-34.66796875,-3.41796875,-29.78515625
213.21484375,-10.7421875,-36.62109375,-24.4140625,-30.76171875
213.21875,-21.484375,-30.76171875,-5.37109375,-18.5546875
213.22265625,-37.109375,-13.18359375,0.0,26.85546875
213.2265625,-5.37109375,-15.13671875,-43.45703125,7.8125
213.23046875,16.11328125,-20.99609375,-37.109375,-42.48046875
213.234375,25.390625,-11.71875,-10.7421875,-33.69140625
213.23828125,25.390625,-8.30078125,-20.5078125,-35.15625
213.2421875,20.5078125,-20.5078125,-8.7890625,-20.99609375
213.24609375,14.16015625,-25.87890625,-2.44140625,-4.8828125
213.25,-12.6953125,-19.04296875,-9.765625,-41.015625
213.25390625,-23.92578125,-8.7890625,-36.1328125,-26.85546875
213.2578125,-9.765625,-12.6953125,-78.125,-50.29296875
213.26171875,-27.83203125,-24.90234375,-55.6640625,-54.6875
213.265625,-41.50390625,-30.76171875,-20.5078125,-58.59375
213.26953125,-38.57421875,-24.90234375,1.46484375,-69.82421875
213.2734375,-22.4609375,-20.01953125,5.37109375,-12.6953125
213.27734375,-17.08984375,-21.97265625,4.39453125,-17.08984375
213.28125,-22.94921875,-17.578125,-14.16015625,-104.98046875
213.28515625,-6.8359375,-19.04296875,-25.87890625,-114.2578125
213.2890625,-5.859375,-27.83203125,-18.06640625,-89.84375
213.29296875,-29.78515625,-25.87890625,-20.01953125,-64.94140625
213.296875,-0.9765625,-27.83203125,-11.23046875,-43.9453125
213.30078125,7.8125,-31.73828125,-21.97265625,-24.90234375
213.3046875,-13.671875,-18.5546875,-42.96875,-47.36328125
213.30859375,-34.66796875,-20.99609375,-35.15625,-36.1328125
213.3125,-30.2734375,-33.69140625,-18.5546875,-11.23046875
213.31640625,-4.8828125,-40.0390625,-5.859375,-55.6640625
213.3203125,31.73828125,-38.57421875,-16.11328125,-52.24609375
213.32421875,50.78125,-24.90234375,-27.34375,-29.296875
213.328125,-7.8125,-21.97265625,-11.71875,-45.8984375
213.33203125,-51.26953125,-23.92578125,-10.25390625,-42.48046875
213.3359375,-39.55078125,-15.13671875,-28.3203125,-95.703125
213.33984375,-18.06640625,-13.18359375,-34.66796875,-92.7734375
213.34375,-28.80859375,-20.5078125,-40.0390625,-79.1015625
213.34765625,-10.25390625,-14.16015625,-47.8515625,-132.8125
213.3515625,-15.625,-12.20703125,-45.41015625,-116.2109375
213.35546875,-44.43359375,-24.4140625,-52.734375,-110.3515625
213.359375,-51.26953125,-28.3203125,-62.01171875,-110.3515625
213.36328125,-50.29296875,-10.25390625,-55.17578125,-65.91796875
213.3671875,-31.25,-13.671875,-64.94140625,-77.1484375
213.37109375,-16.11328125,-32.2265625,-63.4765625,-16.6015625
213.375,-24.90234375,-25.87890625,-55.6640625,171.38671875
213.37890625,-22.4609375,-16.11328125,-46.875,300.78125
213.3828125,3.90625,-6.34765625,-17.08984375,314.453125
213.38671875,6.34765625,0.48828125,-6.34765625,332.03125
213.390625,2.44140625,6.8359375,-9.27734375,366.2109375
213.39453125,0.48828125,-0.48828125,-16.11328125,355.95703125
213.3984375,41.9921875,-3.41796875,-29.78515625,328.125
213.40234375,36.1328125,8.7890625,-50.78125,311.5234375
213.40625,-4.39453125,2.9296875,-53.22265625,269.53125
213.41015625,-7.32421875,-4.39453125,-27.34375,252.9296875
213.4140625,0.0,-16.11328125,-13.18359375,246.09375
213.41796875,9.765625,-25.390625,-11.23046875,221.6796875
213.421875,11.23046875,-24.4140625,-20.01953125,194.82421875
213.42578125,30.76171875,-26.3671875,-30.76171875,200.1953125
213.4296875,15.13671875,-26.85546875,-46.875,178.22265625
213.43359375,-13.671875,-13.671875,-62.5,169.921875
213.4375,0.48828125,-12.6953125,-52.734375,190.91796875
213.44140625,16.6015625,-20.01953125,-41.9921875,167.96875
213.4453125,29.78515625,-13.671875,-59.08203125,145.99609375
213.44921875,12.20703125,-19.04296875,-74.21875,97.65625
213.453125,13.671875,-31.25,-47.8515625,101.07421875
213.45703125,30.76171875,-44.921875,-27.83203125,130.37109375
213.4609375,33.203125,-41.015625,-28.3203125,130.37109375
213.46484375,58.10546875,-16.6015625,-17.08984375,92.28515625
213.46875,36.62109375,-3.41796875,-9.765625,82.51953125
213.47265625,17.578125,1.953125,-6.8359375,81.0546875
213.4765625,20.5078125,-3.41796875,-22.4609375,45.41015625
213.48046875,19.53125,-14.6484375,-15.13671875,64.453125
213.484375,17.08984375,-19.04296875,16.11328125,83.49609375
213.48828125,-9.27734375,-22.94921875,20.5078125,40.0390625
213.4921875,12.6953125,-41.50390625,23.4375,34.66796875
213.49609375,46.38671875,-32.71484375,30.2734375,37.59765625
213.5,27.34375,-16.11328125,6.34765625,55.17578125
213.50390625,20.5078125,-24.90234375,-13.18359375,66.89453125
213.5078125,14.6484375,-24.4140625,0.48828125,48.828125
213.51171875,-20.5078125,-13.18359375,6.34765625,26.3671875
213.515625,-21.484375,-12.20703125,17.08984375,10.7421875
213.51953125,12.6953125,-11.23046875,10.25390625,-7.32421875
213.5234375,12.6953125,-11.23046875,-16.6015625,-19.04296875
213.52734375,11.71875,-11.71875,-12.20703125,-34.1796875
213.53125,22.94921875,-14.6484375,1.46484375,-62.98828125
213.53515625,7.8125,-25.390625,-0.48828125,-58.59375
213.5390625,-4.8828125,-29.78515625,-2.9296875,-28.80859375
213.54296875,2.9296875,-30.2734375,-11.23046875,-12.6953125
213.546875,16.6015625,-27.83203125,-23.4375,-23.4375
213.55078125,13.671875,-27.83203125,-24.4140625,-8.7890625
213.5546875,4.8828125,-32.2265625,-19.04296875,-1.953125
213.55859375,23.4375,-21.97265625,-34.1796875,-43.9453125
213.5625,26.85546875,-3.90625,-31.25,-55.17578125
213.56640625,-32.71484375,-9.27734375,-21.484375,-64.94140625
213.5703125,-3.90625,-29.78515625,-38.0859375,-55.17578125
213.57421875,40.0390625,-27.34375,-29.296875,-22.4609375
213.578125,27.34375,-22.4609375,-11.23046875,-11.71875
213.58203125,43.9453125,-24.90234375,-5.859375,46.38671875
213.5859375,26.85546875,-14.16015625,-8.30078125,25.390625
213.58984375,26.3671875,-5.859375,-11.23046875,-23.4375
213.59375,35.15625,-5.859375,-13.18359375,-36.62109375
213.59765625,21.97265625,-19.53125,-24.4140625,-51.26953125
213.6015625,8.30078125,-28.3203125,-21.484375,-32.2265625
213.60546875,13.671875,-33.203125,-13.671875,-15.13671875
213.609375,-1.953125,-35.64453125,-17.08984375,-29.296875
213.61328125,-22.4609375,-26.3671875,-17.08984375,-84.9609375
213.6171875,-26.3671875,-20.99609375,-17.578125,-95.703125
213.62109375,-3.41796875,-22.4609375,-17.578125,-58.10546875
213.625,9.765625,-9.27734375,-25.390625,-29.78515625
213.62890625,0.9765625,-14.16015625,-33.69140625,-26.3671875
213.6328125,-1.953125,-31.25,-30.76171875,-50.29296875
213.63671875,7.8125,-37.59765625,-29.296875,3.41796875
213.640625,4.39453125,-36.62109375,-29.78515625,-20.99609375
213.64453125,-17.578125,-30.2734375,-38.0859375,-79.58984375
213.6484375,-21.484375,-33.69140625,-33.203125,-12.20703125
213.65234375,-20.5078125,-39.0625,-10.7421875,39.0625
213.65625,2.9296875,-24.90234375,2.9296875,-28.80859375
213.66015625,26.85546875,-14.16015625,9.27734375,-17.578125
213.6640625,4.8828125,-19.53125,-12.6953125,42.96875
213.66796875,-5.37109375,-8.30078125,-52.24609375,-68.359375
213.671875,31.25,-5.859375,-34.1796875,-112.79296875
213.67578125,-8.7890625,-26.85546875,15.625,-33.203125
213.6796875,-40.0390625,-37.109375,27.34375,-70.3125
213.68359375,-1.953125,-44.921875,30.76171875,-74.21875
213.6875,8.7890625,-49.8046875,25.390625,-21.484375
213.69140625,1.46484375,-45.41015625,21.97265625,29.296875
213.6953125,-3.41796875,-42.96875,-2.44140625,6.8359375
213.69921875,1.953125,-42.96875,-17.08984375,-29.296875
213.703125,30.76171875,-42.96875,-7.32421875,10.25390625
213.70703125,35.15625,-36.1328125,5.37109375,34.1796875
213.7109375,0.9765625,-35.64453125,12.20703125,23.4375
213.71484375,-2.9296875,-47.8515625,22.4609375,-6.34765625
213.71875,7.32421875,-45.41015625,20.01953125,-33.203125
213.72265625,-4.39453125,-37.109375,14.16015625,-41.50390625
213.7265625,6.8359375,-45.8984375,11.23046875,-18.5546875
213.73046875,27.34375,-51.7578125,-13.18359375,-18.06640625
213.734375,28.80859375,-36.62109375,-28.3203125,4.8828125
213.73828125,26.85546875,-27.34375,-38.0859375,50.78125
213.7421875,23.4375,-27.83203125,-30.2734375,-0.9765625
213.74609375,5.859375,-23.92578125,-30.76171875,-43.45703125
213.75,-13.671875,-34.1796875,-33.69140625,-68.84765625
213.75390625,-13.671875,-46.875,-7.8125,-53.22265625
213.7578125,-9.765625,-42.48046875,-5.37109375,-20.01953125
213.76171875,-8.7890625,-28.3203125,-20.99609375,-12.20703125
213.765625,-8.7890625,-33.203125,-27.34375,-1.953125
213.76953125,-13.671875,-41.50390625,-17.08984375,-16.6015625
213.7734375,-11.71875,-39.0625,-13.18359375,-50.29296875
213.77734375,1.46484375,-45.8984375,-18.5546875,-15.13671875
213.78125,13.18359375,-51.26953125,-16.6015625,9.765625
213.78515625,21.484375,-37.109375,-26.85546875,4.8828125
213.7890625,1.46484375,-22.4609375,-31.25,27.34375
213.79296875,19.04296875,-23.4375,-7.32421875,-10.25390625
213.796875,17.578125,-22.94921875,0.0,-70.3125
213.80078125,6.8359375,-18.5546875,-23.92578125,-40.0390625
213.8046875,26.3671875,-19.04296875,-17.578125,-20.5078125
213.80859375,18.5546875,-16.11328125,-15.13671875,-37.59765625
213.8125,16.11328125,-16.6015625,-16.6015625,-30.2734375
213.81640625,6.8359375,-26.3671875,0.9765625,-35.64453125
213.8203125,11.23046875,-34.1796875,12.20703125,-28.80859375
213.82421875,32.71484375,-27.34375,19.53125,15.625
213.828125,47.8515625,-22.4609375,7.8125,-24.90234375
213.83203125,56.15234375,-24.90234375,-15.13671875,-78.125
213.8359375,37.109375,-21.484375,-38.0859375,-42.96875
213.83984375,26.3671875,-17.08984375,-44.43359375,-16.6015625
213.84375,29.296875,-18.06640625,-44.921875,-11.71875
213.84765625,26.85546875,-23.4375,-28.3203125,14.6484375
213.8515625,48.828125,-21.484375,0.48828125,-0.48828125
213.85546875,36.62109375,-15.625,-10.7421875,-18.06640625
213.859375,-0.9765625,-31.73828125,3.90625,1.953125
213.86328125,0.48828125,-39.0625,20.01953125,0.48828125
213.8671875,1.46484375,-25.390625,-5.37109375,-32.2265625
213.87109375,0.48828125,-9.27734375,-19.04296875,-25.390625
213.875,11.23046875,3.90625,-41.015625,7.8125
213.87890625,12.6953125,-0.9765625,-29.78515625,-14.6484375
213.8828125,31.25,-19.53125,-3.90625,-53.22265625
213.88671875,59.5703125,-20.5078125,-27.34375,4.8828125
213.890625,20.01953125,-14.16015625,-24.4140625,2.44140625
213.89453125,-9.27734375,-19.53125,0.48828125,-38.57421875
213.8984375,-11.23046875,-21.484375,1.46484375,-43.9453125
213.90234375,-13.671875,-15.13671875,0.48828125,-17.08984375
213.90625,-18.5546875,-15.13671875,12.6953125,-17.578125
213.91015625,-9.27734375,-12.6953125,17.578125,-38.0859375
213.9140625,0.48828125,-14.6484375,-8.30078125,-41.50390625
213.91796875,20.99609375,-19.53125,-8.7890625,-49.8046875
213.921875,40.0390625,-27.34375,7.8125,-11.71875
213.92578125,20.5078125,-25.390625,-16.11328125,24.90234375
213.9296875,-0.48828125,-15.625,-38.0859375,0.9765625
213.93359375,-18.5546875,-17.578125,-18.5546875,-76.171875
213.9375,-20.01953125,-8.7890625,-16.6015625,-59.5703125
213.94140625,9.765625,-1.953125,-29.296875,14.6484375
213.9453125,10.25390625,-15.625,-31.25,9.27734375
213.94921875,12.20703125,-23.92578125,-21.484375,-11.23046875
213.953125,23.4375,-29.78515625,-10.25390625,-28.80859375
213.95703125,18.5546875,-30.76171875,-24.4140625,-51.7578125
213.9609375,-3.41796875,-32.2265625,-38.0859375,-71.2890625
213.96484375,-31.25,-35.64453125,-31.25,-64.453125
213.96875,-19.04296875,-36.1328125,-22.4609375,-52.734375
213.97265625,-6.8359375,-25.390625,-18.5546875,-55.6640625
213.9765625,-24.90234375,-23.92578125,-23.92578125,-34.1796875
213.98046875,-12.20703125,-27.34375,-49.31640625,-29.296875
213.984375,9.765625,-29.296875,-65.4296875,-44.43359375
213.98828125,-5.859375,-33.69140625,-53.7109375,-40.52734375
213.9921875,-30.76171875,-35.15625,-35.15625,-34.1796875
213.99609375,-48.828125,-29.296875,-21.97265625,-37.109375
214.0,-24.4140625,-35.64453125,-18.5546875,-23.92578125
214.00390625,31.25,-32.2265625,-34.1796875,-16.11328125
214.0078125,23.4375,-21.484375,-46.875,-20.01953125
214.01171875,-16.11328125,-26.85546875,-35.64453125,-30.2734375
214.015625,-27.83203125,-35.15625,-13.671875,-58.59375
214.01953125,-28.80859375,-30.76171875,-1.46484375,-39.0625
214.0234375,-8.30078125,-21.97265625,-10.7421875,-49.31640625
214.02734375,-9.765625,-22.4609375,-28.3203125,-69.82421875
214.03125,-22.94921875,-18.5546875,-41.015625,-39.55078125
214.03515625,-17.08984375,-17.578125,-37.59765625,-14.6484375
214.0390625,-6.34765625,-22.4609375,-21.97265625,-29.78515625
214.04296875,2.44140625,-24.4140625,2.9296875,-26.3671875
214.046875,7.8125,-25.87890625,0.0,-0.9765625
214.05078125,2.44140625,-23.92578125,-37.109375,-0.48828125
214.0546875,-0.48828125,-27.83203125,-56.15234375,-40.0390625
214.05859375,-8.7890625,-35.64453125,-25.87890625,-39.55078125
214.0625,-7.8125,-35.15625,-13.671875,0.9765625
214.06640625,-7.32421875,-38.0859375,-20.5078125,-32.71484375
214.0703125,-13.671875,-39.0625,-2.9296875,-55.17578125
214.07421875,-9.765625,-20.99609375,1.953125,-45.41015625
214.078125,1.46484375,-6.34765625,-6.8359375,-4.8828125
214.08203125,8.30078125,-11.71875,-20.99609375,-8.30078125
214.0859375,-6.8359375,-25.390625,-27.83203125,-37.59765625
214.08984375,-9.765625,-25.87890625,-22.4609375,-42.48046875
214.09375,15.625,-16.6015625,-17.578125,-36.1328125
214.09765625,12.6953125,-16.11328125,-11.71875,-12.6953125
214.1015625,-4.8828125,-23.4375,-11.71875,-9.765625
214.10546875,-20.99609375,-24.90234375,-24.90234375,-20.01953125
214.109375,-31.25,-26.85546875,-45.41015625,-3.90625
214.11328125,0.48828125,-25.87890625,-51.7578125,-21.97265625
214.1171875,-9.27734375,-19.53125,-35.64453125,-59.08203125
214.12109375,-22.94921875,-22.94921875,-12.20703125,-12.20703125
214.125,-3.90625,-30.2734375,-13.18359375,-12.20703125
214.12890625,-24.4140625,-32.71484375,-16.11328125,-63.4765625
214.1328125,-41.9921875,-28.3203125,-28.3203125,-41.015625
214.13671875,-6.34765625,-23.4375,-41.9921875,-9.27734375
214.140625,18.06640625,-20.99609375,-50.29296875,-28.3203125
214.14453125,7.32421875,-22.4609375,-36.1328125,-53.7109375
214.1484375,-3.41796875,-32.71484375,-16.11328125,-37.59765625
214.15234375,-7.8125,-38.57421875,-6.34765625,-33.203125
214.15625,-8.30078125,-31.25,-7.32421875,-38.57421875
214.16015625,8.7890625,-23.92578125,-7.32421875,-24.4140625
214.1640625,15.13671875,-21.97265625,-1.953125,-0.9765625
214.16796875,17.578125,-23.4375,-1.953125,-24.90234375
214.171875,-24.90234375,-12.6953125,-25.390625,-42.48046875
214.17578125,-21.484375,-1.46484375,-51.7578125,-2.9296875
214.1796875,12.20703125,3.41796875,-48.828125,-32.71484375
214.18359375,-21.484375,-1.46484375,-34.1796875,-67.3828125
214.1875,-15.625,-17.08984375,-13.18359375,-44.43359375
214.19140625,29.296875,-7.8125,-28.3203125,-36.1328125
214.1953125,-5.859375,-1.953125,-30.76171875,-17.08984375
214.19921875,-58.10546875,-18.06640625,4.8828125,0.0
214.203125,-61.03515625,-24.90234375,11.71875,-24.90234375
214.20703125,-48.828125,-23.92578125,0.9765625,-73.73046875
214.2109375,-32.2265625,-26.3671875,-5.859375,-23.92578125
214.21484375,-15.625,-20.01953125,-17.578125,2.44140625
214.21875,-14.6484375,-14.6484375,-21.97265625,-61.03515625
214.22265625,-30.2734375,-22.94921875,-17.578125,-56.640625
214.2265625,-20.5078125,-19.53125,-25.87890625,-35.15625
214.23046875,-28.3203125,-18.5546875,-47.36328125,-23.4375
214.234375,-37.59765625,-20.5078125,-52.734375,-51.26953125
214.23828125,-23.4375,-15.13671875,-17.578125,-36.62109375
214.2421875,-18.06640625,-8.7890625,-12.6953125,-18.06640625
214.24609375,1.953125,1.46484375,-45.41015625,-30.76171875
214.25,9.765625,-12.6953125,-34.1796875,-31.73828125
214.25390625,2.9296875,-28.3203125,-18.5546875,-29.78515625
214.2578125,10.25390625,-20.99609375,-28.3203125,2.9296875
214.26171875,-8.7890625,-20.99609375,-22.94921875,-13.18359375
214.265625,-47.36328125,-34.66796875,0.9765625,-29.78515625
214.26953125,-1.46484375,-44.921875,-8.30078125,-17.08984375
214.2734375,51.7578125,-32.2265625,-27.83203125,10.7421875
214.27734375,13.18359375,-25.87890625,-26.3671875,-27.34375
214.28125,-41.9921875,-24.4140625,-29.296875,-74.70703125
214.28515625,-47.8515625,-9.765625,-30.2734375,-63.4765625
214.2890625,-40.0390625,-4.39453125,-29.296875,-84.47265625
214.29296875,-40.52734375,-10.25390625,-35.64453125,-89.35546875
214.296875,-53.7109375,-8.7890625,-38.0859375,-102.5390625
214.30078125,-45.8984375,-5.859375,-42.96875,-99.12109375
214.3046875,-35.15625,-15.13671875,-60.546875,-82.51953125
214.30859375,-14.6484375,-22.4609375,-87.890625,-105.95703125
214.3125,-7.8125,-18.5546875,-99.12109375,-93.26171875
214.31640625,-44.921875,-17.578125,-75.1953125,-92.7734375
214.3203125,-57.6171875,-20.5078125,-56.15234375,-134.765625
214.32421875,-50.29296875,-19.53125,-70.80078125,-95.21484375
214.328125,-51.7578125,-10.25390625,-43.45703125,-63.96484375
214.33203125,-21.97265625,-6.8359375,-5.859375,-53.7109375
214.3359375,-24.90234375,-2.44140625,-49.8046875,-107.91015625
214.33984375,-43.9453125,-8.7890625,-56.15234375,-131.34765625
214.34375,-50.29296875,-22.4609375,-19.53125,-64.453125
214.34765625,-69.82421875,-8.7890625,-22.4609375,-75.68359375
214.3515625,-49.8046875,1.953125,-23.4375,-116.2109375
214.35546875,-41.015625,-5.859375,-31.25,-108.88671875
214.359375,-56.640625,-24.90234375,-38.0859375,-96.19140625
214.36328125,-41.9921875,-25.390625,-42.96875,-83.984375
214.3671875,-27.34375,-13.18359375,-64.94140625,-46.38671875
214.37109375,-18.5546875,-21.97265625,-55.6640625,-30.2734375
214.375,-10.7421875,-33.203125,-38.0859375,-72.265625
214.37890625,-3.90625,-35.15625,-41.50390625,-64.453125
214.3828125,-18.5546875,-28.3203125,-46.38671875,-5.859375
214.38671875,-27.83203125,-17.578125,-50.29296875,-13.671875
214.390625,-16.11328125,-3.41796875,-53.7109375,-39.0625
214.39453125,-10.25390625,-3.41796875,-51.7578125,-75.68359375
214.3984375,-29.296875,-15.625,-44.43359375,-71.2890625
214.40234375,-28.3203125,-16.11328125,-26.85546875,-47.8515625
214.40625,-8.30078125,-10.7421875,-25.390625,-49.8046875
214.41015625,-12.6953125,-7.8125,-28.80859375,-18.5546875
214.4140625,-17.578125,-13.18359375,-20.5078125,-41.9921875
214.41796875,-20.01953125,-23.92578125,-16.6015625,-65.4296875
214.421875,-15.625,-29.78515625,-28.3203125,-45.8984375
214.42578125,-32.71484375,-26.3671875,-40.0390625,-54.19921875
214.4296875,-26.85546875,-26.85546875,-29.296875,-61.5234375
214.43359375,-11.23046875,-30.76171875,-10.7421875,-43.45703125
214.4375,-23.92578125,-25.87890625,-1.46484375,-40.0390625
214.44140625,-22.4609375,-10.7421875,-14.16015625,-67.3828125
214.4453125,-25.87890625,-8.30078125,-36.1328125,-69.3359375
214.44921875,-25.87890625,-30.76171875,-29.296875,-55.17578125
214.453125,0.9765625,-55.6640625,-19.53125,-43.9453125
214.45703125,9.765625,-32.2265625,-41.50390625,-20.99609375
214.4609375,2.9296875,-18.06640625,-47.36328125,37.59765625
214.46484375,11.23046875,-23.4375,-65.91796875,-6.8359375
214.46875,-29.296875,-5.859375,-86.9140625,-82.03125
214.47265625,-63.4765625,-3.90625,-31.73828125,-83.49609375
214.4765625,-76.66015625,-17.578125,5.37109375,-108.88671875
214.48046875,-80.078125,-20.99609375,9.27734375,-89.84375
214.484375,-52.734375,-20.01953125,20.01953125,-63.4765625
214.48828125,-42.96875,-24.4140625,12.6953125,-66.89453125
214.4921875,-46.875,-36.1328125,-7.32421875,-60.546875
214.49609375,-23.4375,-42.48046875,-17.578125,-85.9375
214.5,-9.27734375,-36.1328125,-38.57421875,-78.61328125
214.50390625,-40.52734375,-22.94921875,-41.9921875,-27.83203125
214.5078125,-52.734375,-18.06640625,-10.7421875,-66.40625
214.51171875,-62.98828125,-20.99609375,3.41796875,-127.44140625
214.515625,-69.82421875,-20.5078125,-6.8359375,-129.39453125
214.51953125,-71.77734375,-25.87890625,-19.53125,-125.48828125
214.5234375,-61.03515625,-28.3203125,-8.30078125,-131.8359375
214.52734375,-71.2890625,-31.25,35.64453125,-114.2578125
214.53125,-56.640625,-40.52734375,22.94921875,-92.28515625
214.53515625,-23.4375,-27.83203125,-21.97265625,-112.3046875
214.5390625,-88.37890625,-15.13671875,-1.46484375,-172.8515625
214.54296875,-127.9296875,-21.484375,20.01953125,-162.109375
214.546875,-97.16796875,-24.90234375,-0.48828125,-140.13671875
214.55078125,-107.421875,-24.90234375,-43.45703125,-197.265625
214.5546875,-145.99609375,-23.92578125,-62.5,-200.1953125
214.55859375,-134.27734375,-21.97265625,-49.31640625,-148.4375
214.5625,-144.04296875,-27.83203125,-43.45703125,-142.578125
214.56640625,-147.94921875,-22.94921875,-38.0859375,-184.5703125
214.5703125,-124.0234375,-13.671875,-30.2734375,-197.75390625
214.57421875,-115.234375,-16.6015625,-30.2734375,-161.62109375
214.578125,-90.33203125,-9.765625,-30.2734375,-146.97265625
214.58203125,-76.66015625,-10.7421875,-20.01953125,-164.0625
214.5859375,-97.16796875,-13.18359375,-13.671875,-170.41015625
214.58984375,-82.51953125,-10.7421875,-3.90625,-115.234375
214.59375,-62.01171875,-6.34765625,-22.4609375,-104.98046875
214.59765625,-80.078125,5.37109375,-40.0390625,-111.81640625
214.6015625,-50.29296875,2.44140625,-24.90234375,-49.31640625
214.60546875,-0.9765625,-3.90625,-23.92578125,-56.15234375
214.609375,13.18359375,0.48828125,-33.69140625,-81.54296875
214.61328125,9.27734375,-5.37109375,-11.71875,-29.296875
214.6171875,21.484375,-3.41796875,3.41796875,24.90234375
214.62109375,10.25390625,12.20703125,-12.20703125,7.8125
214.625,31.25,15.13671875,-19.04296875,-21.97265625
214.62890625,65.91796875,5.37109375,-18.06640625,-11.23046875
214.6328125,73.73046875,-8.7890625,-11.23046875,7.32421875
214.63671875,115.72265625,-4.39453125,-5.859375,38.57421875
214.640625,142.08984375,3.90625,-6.8359375,85.9375
214.64453125,102.5390625,5.37109375,-18.06640625,72.75390625
214.6484375,119.140625,6.8359375,-18.5546875,69.82421875
214.65234375,122.0703125,1.46484375,-15.13671875,5.859375
214.65625,148.92578125,3.41796875,-14.16015625,24.90234375
214.66015625,173.33984375,17.08984375,-19.04296875,105.95703125
214.6640625,124.0234375,18.5546875,-19.04296875,58.10546875
214.66796875,125.0,18.06640625,18.5546875,40.0390625
214.671875,198.73046875,18.5546875,38.57421875,94.7265625
214.67578125,200.1953125,9.765625,32.2265625,65.91796875
214.6796875,169.921875,7.8125,18.06640625,86.9140625
214.68359375,216.30859375,15.625,7.8125,140.13671875
214.6875,206.54296875,11.71875,-3.41796875,61.5234375
214.69140625,180.6640625,14.16015625,-5.859375,50.78125
214.6953125,190.91796875,16.11328125,-6.34765625,95.21484375
214.69921875,161.1328125,6.8359375,-11.23046875,86.42578125
214.703125,175.29296875,9.27734375,-9.765625,67.3828125
214.70703125,178.7109375,4.8828125,-8.7890625,94.7265625
214.7109375,124.51171875,-3.41796875,-9.27734375,89.35546875
214.71484375,125.48828125,-6.34765625,6.34765625,123.53515625
214.71875,155.76171875,-10.25390625,11.71875,148.92578125
214.72265625,137.20703125,-12.20703125,-0.9765625,54.19921875
214.7265625,112.79296875,-9.765625,-4.8828125,23.92578125
214.73046875,98.14453125,-2.44140625,-10.25390625,54.19921875
214.734375,103.515625,-1.953125,-4.8828125,26.85546875
214.73828125,125.0,-2.44140625,0.9765625,5.37109375
214.7421875,98.14453125,-1.46484375,-8.30078125,19.04296875
214.74609375,80.56640625,-2.9296875,-22.94921875,10.25390625
214.75,94.7265625,-12.6953125,-19.53125,46.875
214.75390625,81.0546875,-1.953125,-0.48828125,84.47265625
214.7578125,77.1484375,14.6484375,-3.90625,7.32421875
214.76171875,50.78125,13.18359375,-5.859375,-45.41015625
214.765625,32.2265625,2.9296875,1.953125,-36.1328125
214.76953125,41.50390625,-1.953125,-3.41796875,5.859375
214.7734375,36.1328125,-10.25390625,-6.8359375,2.9296875
214.77734375,52.24609375,-23.4375,-7.8125,-47.8515625
214.78125,57.12890625,-18.06640625,-18.06640625,-17.08984375
214.78515625,29.78515625,-6.34765625,-38.0859375,39.55078125
214.7890625,3.90625,-14.6484375,-34.1796875,-3.90625
214.79296875,-11.23046875,-21.484375,-13.18359375,-50.78125
214.796875,5.37109375,-18.06640625,-7.32421875,-10.25390625
214.80078125,7.32421875,-14.6484375,-11.71875,-8.30078125
214.8046875,0.0,-12.6953125,-27.34375,-21.484375
214.80859375,3.90625,-15.13671875,-53.7109375,-13.18359375
214.8125,2.44140625,-20.99609375,-57.6171875,-49.8046875
214.81640625,-23.92578125,-23.4375,-32.71484375,-88.37890625
214.8203125,-23.92578125,-35.15625,-14.6484375,-120.1171875
214.82421875,-44.921875,-42.48046875,-20.01953125,-171.38671875
214.828125,-57.12890625,-28.3203125,-46.38671875,-189.94140625
214.83203125,-46.875,-21.484375,-61.5234375,-208.49609375
214.8359375,-52.24609375,-22.4609375,-48.828125,-209.9609375
214.83984375,-48.33984375,-20.99609375,-35.64453125,-213.37890625
214.84375,-59.08203125,-25.390625,-28.80859375,-212.890625
214.84765625,-72.75390625,-28.3203125,-33.203125,-183.59375
214.8515625,-63.4765625,-30.2734375,-57.12890625,-163.0859375
214.85546875,-24.4140625,-25.390625,-64.453125,-154.296875
214.859375,-44.921875,-24.4140625,-54.6875,-177.24609375
214.86328125,-116.2109375,-32.71484375,-40.52734375,-203.61328125
214.8671875,-96.6796875,-37.109375,-19.53125,-180.17578125
214.87109375,-59.08203125,-43.45703125,-16.6015625,-172.8515625
214.875,-61.03515625,-39.55078125,-19.53125,-196.77734375
214.87890625,-77.63671875,-36.1328125,-23.4375,-200.68359375
214.8828125,-91.30859375,-36.62109375,-37.109375,-197.75390625
214.88671875,-78.125,-37.109375,-40.0390625,-183.59375
214.890625,-66.89453125,-54.19921875,-37.109375,-154.296875
214.89453125,-74.70703125,-57.6171875,-41.9921875,-130.37109375
214.8984375,-87.890625,-27.34375,-54.19921875,-153.3203125
214.90234375,-95.21484375,-9.27734375,-50.29296875,-146.484375
214.90625,-91.30859375,-15.13671875,-35.15625,-136.71875
214.91015625,-87.40234375,-15.13671875,-39.55078125,-152.83203125
214.9140625,-96.19140625,-16.11328125,-55.6640625,-129.39453125
214.91796875,-90.8203125,-41.50390625,-43.45703125,-118.1640625
214.921875,-113.76953125,-51.7578125,-26.85546875,-137.20703125
214.92578125,-135.7421875,-39.55078125,-28.3203125,-158.203125
214.9296875,-131.34765625,-40.52734375,-36.62109375,-184.5703125
214.93359375,-106.93359375,-36.62109375,-49.31640625,-190.4296875
214.9375,-86.9140625,-28.80859375,-50.78125,-145.5078125
214.94140625,-61.5234375,-30.76171875,-41.015625,-151.85546875
214.9453125,-74.70703125,-42.96875,-33.69140625,-167.96875
214.94921875,-107.421875,-49.31640625,-35.15625,-156.73828125
214.953125,-107.421875,-27.34375,-33.69140625,-118.1640625
214.95703125,-76.171875,-4.39453125,-48.33984375,-70.3125
214.9609375,-108.88671875,-16.11328125,-56.15234375,-115.234375
214.96484375,-116.2109375,-27.34375,-39.55078125,-158.69140625
214.96875,-50.78125,-32.71484375,-26.3671875,-165.52734375
214.97265625,-86.42578125,-33.203125,-28.80859375,-136.23046875
214.9765625,-97.65625,-29.296875,-54.6875,-111.81640625
214.98046875,-71.77734375,-29.296875,-59.5703125,-126.46484375
214.984375,-89.35546875,-29.296875,-29.296875,-127.44140625
214.98828125,-98.14453125,-35.15625,-14.16015625,-123.53515625
214.9921875,-84.9609375,-32.71484375,-21.97265625,-105.46875
214.99609375,-57.6171875,-34.66796875,-13.671875,-65.4296875
215.0,-62.98828125,-37.59765625,-8.30078125,-53.22265625
215.00390625,-90.8203125,-28.3203125,-16.6015625,-129.39453125
215.0078125,-83.49609375,-21.97265625,-31.73828125,-129.39453125
215.01171875,-86.9140625,-20.99609375,-37.59765625,-66.89453125
215.015625,-95.21484375,-19.53125,-33.203125,-117.1875
215.01953125,-89.84375,-21.484375,-43.9453125,-161.62109375
215.0234375,-82.51953125,-24.4140625,-35.64453125,-119.62890625
215.02734375,-47.36328125,-25.87890625,-21.484375,-88.8671875
215.03125,-54.19921875,-18.5546875,-25.390625,-92.28515625
215.03515625,-80.56640625,-19.53125,-32.2265625,-99.609375
215.0390625,-73.2421875,-27.83203125,-33.203125,-112.3046875
215.04296875,-66.89453125,-24.90234375,-36.1328125,-86.42578125
215.046875,-72.75390625,-27.34375,-33.203125,-59.5703125
215.05078125,-69.82421875,-30.76171875,-18.06640625,-63.96484375
215.0546875,-61.03515625,-29.296875,-21.97265625,-86.42578125
215.05859375,-44.921875,-27.83203125,-30.76171875,-101.07421875
215.0625,-56.15234375,-21.484375,-42.48046875,-121.58203125
215.06640625,-68.359375,-13.671875,-57.12890625,-103.515625
215.0703125,-50.29296875,-12.6953125,-51.26953125,-70.3125
215.07421875,-60.546875,-26.3671875,-32.2265625,-73.73046875
215.078125,-66.40625,-34.66796875,-23.92578125,-79.58984375
215.08203125,-34.66796875,-28.80859375,-22.94921875,-68.359375
215.0859375,-44.43359375,-25.87890625,-18.06640625,-75.1953125
215.08984375,-65.91796875,-32.71484375,-10.7421875,-73.73046875
215.09375,-56.15234375,-33.69140625,-14.6484375,-77.63671875
215.09765625,-75.68359375,-27.34375,-29.296875,-97.16796875
215.1015625,-81.0546875,-22.4609375,-28.80859375,-79.58984375
215.10546875,-83.0078125,-25.390625,-27.83203125,-71.77734375
215.109375,-89.84375,-25.390625,-43.9453125,-94.7265625
215.11328125,-97.16796875,-24.4140625,-43.9453125,-112.79296875
215.1171875,-88.8671875,-30.2734375,-34.66796875,-90.33203125
215.12109375,-64.94140625,-31.73828125,-31.25,-76.171875
215.125,-41.9921875,-29.78515625,-29.78515625,-57.6171875
215.12890625,-29.296875,-36.1328125,-30.76171875,-49.8046875
215.1328125,-63.96484375,-37.109375,-34.66796875,-88.8671875
215.13671875,-95.21484375,-26.85546875,-37.59765625,-71.77734375
215.140625,-80.078125,-28.3203125,-29.296875,-49.8046875
215.14453125,-64.453125,-22.4609375,-26.3671875,-79.1015625
215.1484375,-68.359375,-18.5546875,-32.71484375,-53.7109375
215.15234375,-59.5703125,-20.99609375,-39.0625,-39.55078125
215.15625,-41.015625,-22.94921875,-40.0390625,-86.42578125
215.16015625,-39.55078125,-21.484375,-26.85546875,-79.1015625
215.1640625,-57.12890625,-22.4609375,-14.16015625,-89.84375
215.16796875,-54.6875,-21.97265625,-15.625,-89.84375
215.171875,-26.3671875,-15.625,-28.80859375,-48.828125
215.17578125,-46.38671875,-14.6484375,-20.99609375,-41.9921875
215.1796875,-51.26953125,-14.6484375,-2.9296875,-60.05859375
215.18359375,-42.48046875,-14.6484375,4.39453125,-50.78125
215.1875,-41.9921875,-14.16015625,5.37109375,-55.17578125
215.19140625,-39.55078125,-14.16015625,-2.44140625,-20.5078125
215.1953125,-27.83203125,-18.06640625,-16.6015625,-46.875
215.19921875,-31.25,-28.80859375,-21.484375,-89.84375
215.203125,-44.43359375,-34.66796875,-24.4140625,-64.94140625
215.20703125,-46.38671875,-16.6015625,-25.390625,-46.38671875
215.2109375,-47.36328125,-5.37109375,-22.4609375,-53.7109375
215.21484375,-48.33984375,-16.6015625,-18.5546875,-62.98828125
215.21875,-49.8046875,-22.94921875,-18.06640625,-37.109375
215.22265625,-37.59765625,-20.99609375,-18.06640625,-44.43359375
215.2265625,-47.36328125,-22.94921875,-10.25390625,-69.3359375
215.23046875,-67.87109375,-18.5546875,-12.20703125,-54.19921875
215.234375,-60.05859375,-17.578125,-14.6484375,-50.78125
215.23828125,-36.1328125,-16.6015625,-13.671875,-61.03515625
215.2421875,-34.66796875,-14.16015625,-11.71875,-43.9453125
215.24609375,-29.78515625,-9.27734375,-24.4140625,-35.15625
215.25,-21.97265625,-12.20703125,-26.3671875,-18.06640625
215.25390625,-60.546875,-29.296875,-3.41796875,-30.2734375
215.2578125,-48.33984375,-30.2734375,0.9765625,-60.05859375
215.26171875,-2.44140625,-22.94921875,6.34765625,-59.08203125
215.265625,-9.27734375,-29.296875,5.859375,-77.1484375
215.26953125,-16.11328125,-31.73828125,3.41796875,-80.078125
215.2734375,-18.5546875,-26.3671875,-13.671875,-48.828125
215.27734375,-20.99609375,-23.92578125,-20.5078125,-26.3671875
215.28125,-14.16015625,-20.5078125,-1.953125,-34.1796875
215.28515625,-22.94921875,-17.08984375,5.859375,-62.01171875
215.2890625,-18.5546875,-13.671875,14.16015625,-45.8984375
215.29296875,-15.13671875,-15.625,14.6484375,-29.78515625
215.296875,-11.71875,-15.625,9.765625,-11.71875
215.30078125,1.953125,-18.06640625,14.6484375,-54.6875
215.3046875,-12.6953125,-25.390625,12.20703125,-64.94140625
215.30859375,-29.78515625,-28.80859375,-1.953125,-37.109375
215.3125,-32.2265625,-34.66796875,-18.06640625,-47.8515625
215.31640625,-19.53125,-26.3671875,-13.671875,-53.22265625
215.3203125,-13.18359375,-14.16015625,-4.39453125,-65.4296875
215.32421875,1.953125,-15.625,-13.18359375,-47.8515625
215.328125,-7.32421875,-11.71875,-12.6953125,-41.015625
215.33203125,-23.92578125,-9.27734375,-1.46484375,-62.01171875
215.3359375,-23.4375,-18.5546875,0.0,-31.25
215.33984375,-20.01953125,-26.85546875,3.41796875,-32.71484375
215.34375,-11.23046875,-17.08984375,-5.859375,-50.78125
215.34765625,-4.39453125,-16.11328125,-21.97265625,-47.36328125
215.3515625,-15.13671875,-23.92578125,-17.08984375,-39.0625
215.35546875,-14.6484375,-20.01953125,-2.9296875,-42.48046875
215.359375,-9.27734375,-21.484375,-7.32421875,-52.734375
215.36328125,0.48828125,-27.34375,-9.27734375,-48.33984375
215.3671875,31.25,-29.296875,8.7890625,-38.0859375
215.37109375,-4.8828125,-23.4375,6.34765625,-15.625
215.375,-33.69140625,-9.27734375,-8.7890625,-53.7109375
215.37890625,11.23046875,-5.859375,-10.25390625,-79.58984375
215.3828125,5.37109375,-12.6953125,-12.6953125,-42.96875
215.38671875,9.27734375,-17.578125,-15.13671875,-8.7890625
215.390625,12.20703125,-16.11328125,-15.13671875,-24.4140625
215.39453125,-14.6484375,-18.5546875,-19.53125,-32.2265625
215.3984375,-17.578125,-20.99609375,-20.99609375,-5.859375
215.40234375,6.8359375,-11.23046875,-28.3203125,-51.26953125
215.40625,20.5078125,-8.30078125,-29.78515625,-51.7578125
215.41015625,43.45703125,-27.34375,-19.04296875,-31.25
215.4140625,45.41015625,-33.203125,-16.11328125,-44.43359375
215.41796875,24.90234375,-23.92578125,-11.71875,-22.4609375
215.421875,27.83203125,-24.90234375,-12.20703125,-33.203125
215.42578125,29.78515625,-25.87890625,-13.671875,-45.41015625
215.4296875,31.73828125,-24.4140625,-15.625,-31.73828125
215.43359375,36.1328125,-31.25,-16.6015625,-66.40625
215.4375,23.4375,-22.94921875,-29.296875,-47.8515625
215.44140625,12.20703125,-9.765625,-31.25,-19.04296875
215.4453125,7.8125,-9.27734375,-13.18359375,-73.73046875
215.44921875,25.87890625,-16.11328125,-8.30078125,-79.1015625
215.453125,28.80859375,-19.53125,-21.97265625,-27.34375
215.45703125,0.9765625,-19.53125,-36.1328125,-20.01953125
215.4609375,11.23046875,-25.390625,-30.76171875,-25.390625
215.46484375,27.83203125,-22.4609375,-21.484375,-5.859375
215.46875,38.57421875,-16.11328125,-10.7421875,10.7421875
215.47265625,36.1328125,-13.18359375,0.48828125,-29.78515625
215.4765625,4.39453125,-14.16015625,-10.7421875,-62.01171875
215.48046875,0.0,-13.18359375,-19.53125,-41.015625
215.484375,6.8359375,-12.6953125,-21.484375,-56.15234375
215.48828125,11.71875,-12.20703125,-25.390625,-35.15625
215.4921875,8.30078125,-9.765625,-20.5078125,-17.578125
215.49609375,9.765625,-19.53125,-13.671875,-55.6640625
215.5,7.8125,-18.5546875,-15.625,-46.38671875
215.50390625,13.671875,-9.765625,-20.01953125,-23.4375
215.5078125,15.625,-12.20703125,-30.2734375,-28.3203125
215.51171875,13.18359375,-11.23046875,-50.29296875,-49.31640625
215.515625,26.85546875,-11.71875,-36.1328125,-41.9921875
215.51953125,46.875,-20.01953125,-13.671875,-30.2734375
215.5234375,23.92578125,-27.34375,-8.30078125,-43.45703125
215.52734375,-2.9296875,-27.34375,-5.859375,-41.50390625
215.53125,11.71875,-19.53125,0.0,-37.109375
215.53515625,23.92578125,-13.671875,-0.9765625,-37.59765625
215.5390625,-1.46484375,-12.6953125,-14.6484375,-31.25
215.54296875,-19.53125,-18.5546875,-22.94921875,-41.015625
215.546875,5.37109375,-19.04296875,-20.5078125,-33.203125
215.55078125,14.16015625,-12.6953125,-18.06640625,-38.0859375
215.5546875,6.34765625,-20.01953125,-15.625,-48.33984375
215.55859375,16.6015625,-22.4609375,-18.5546875,-14.6484375
215.5625,26.3671875,-25.87890625,-34.1796875,-16.11328125
215.56640625,4.8828125,-35.64453125,-26.3671875,-56.640625
215.5703125,3.41796875,-38.0859375,-11.23046875,-43.9453125
215.57421875,-9.27734375,-32.71484375,-13.18359375,-12.20703125
215.578125,-14.16015625,-35.15625,-17.578125,-51.26953125
215.58203125,-0.9765625,-33.69140625,-15.625,-65.91796875
215.5859375,13.18359375,-23.92578125,-16.11328125,-43.45703125
215.58984375,-0.9765625,-27.83203125,-21.97265625,-50.29296875
215.59375,-11.71875,-32.2265625,-14.6484375,-34.66796875
215.59765625,1.46484375,-29.78515625,-6.8359375,-6.8359375
215.6015625,5.37109375,-27.83203125,-6.8359375,8.30078125
215.60546875,18.06640625,-21.484375,-5.37109375,-3.90625
215.609375,26.3671875,-13.671875,-10.7421875,-39.0625
215.61328125,6.8359375,-17.578125,-13.18359375,-31.73828125
215.6171875,-4.39453125,-20.99609375,-12.20703125,-37.59765625
215.62109375,-10.7421875,-17.08984375,-10.25390625,-28.80859375
215.625,-9.765625,-15.625,-4.39453125,-28.3203125
215.62890625,11.23046875,-6.8359375,-16.6015625,-12.6953125
215.6328125,5.37109375,-14.6484375,-25.390625,6.34765625
215.63671875,-5.37109375,-23.92578125,-5.859375,-21.97265625
215.640625,-4.8828125,-23.92578125,1.46484375,-37.59765625
215.64453125,2.44140625,-28.3203125,0.0,-39.0625
215.6484375,2.44140625,-31.25,-6.8359375,-33.69140625
215.65234375,-13.18359375,-29.296875,-14.16015625,-38.0859375
215.65625,-14.6484375,-24.90234375,-14.16015625,-52.734375
215.66015625,-0.48828125,-25.390625,-19.53125,-51.7578125
215.6640625,8.7890625,-29.78515625,-13.18359375,-28.80859375
215.66796875,-20.5078125,-31.25,-7.32421875,-32.2265625
215.671875,-21.97265625,-34.66796875,-8.7890625,-19.53125
215.67578125,10.7421875,-31.25,-10.7421875,-3.90625
215.6796875,14.16015625,-27.83203125,-39.0625,-47.36328125
215.68359375,15.625,-35.64453125,-35.64453125,-34.66796875
215.6875,9.27734375,-39.0625,-0.9765625,-13.671875
215.69140625,-8.30078125,-30.2734375,-4.8828125,-20.01953125
215.6953125,-17.578125,-16.6015625,-19.04296875,-61.03515625
215.69921875,-20.01953125,-7.8125,-12.20703125,-59.08203125
215.703125,-16.6015625,-15.625,-3.90625,-16.6015625
215.70703125,-17.08984375,-15.625,-5.859375,-30.2734375
215.7109375,-18.06640625,-15.625,-6.8359375,-27.83203125
215.71484375,-27.34375,-25.390625,-3.90625,-11.23046875
215.71875,-29.296875,-24.4140625,-1.46484375,-42.48046875
215.72265625,-1.953125,-22.94921875,-0.9765625,-71.2890625
215.7265625,-3.41796875,-26.85546875,-15.625,-57.6171875
215.73046875,-0.9765625,-17.578125,-36.62109375,-33.203125
215.734375,3.41796875,-10.25390625,-25.87890625,-8.7890625
215.73828125,-18.5546875,-13.18359375,-8.7890625,-31.25
215.7421875,-40.52734375,-16.6015625,-0.48828125,-62.01171875
215.74609375,-45.41015625,-23.4375,11.23046875,-37.59765625
215.75,-44.921875,-29.296875,-2.44140625,-49.8046875
215.75390625,-49.8046875,-26.3671875,-12.20703125,-74.70703125
215.7578125,-52.734375,-33.203125,-7.32421875,-73.2421875
215.76171875,-74.21875,-33.203125,-3.90625,-83.0078125
215.765625,-72.75390625,-27.83203125,-7.32421875,-83.49609375
215.76953125,-43.9453125,-28.80859375,-8.30078125,-83.984375
215.7734375,-28.3203125,-22.94921875,-24.90234375,-69.3359375
215.77734375,-18.5546875,-22.4609375,-54.19921875,-60.546875
215.78125,-31.73828125,-26.85546875,-26.3671875,-62.98828125
215.78515625,-22.94921875,-20.01953125,1.953125,-57.12890625
215.7890625,-17.578125,-22.94921875,-9.27734375,-47.36328125
215.79296875,-33.203125,-29.78515625,-11.71875,-41.9921875
215.796875,-27.34375,-39.0625,-7.32421875,-54.6875
215.80078125,-34.1796875,-36.62109375,-6.34765625,-70.80078125
215.8046875,-28.80859375,-21.97265625,-9.27734375,-33.203125
215.80859375,-12.6953125,-19.04296875,-14.16015625,-28.3203125
215.8125,-7.32421875,-19.04296875,-10.7421875,-66.89453125
215.81640625,-23.4375,-17.08984375,-20.01953125,-58.10546875
215.8203125,-13.671875,-20.99609375,-35.15625,-55.17578125
215.82421875,2.9296875,-28.3203125,-25.87890625,-58.59375
215.828125,-8.7890625,-33.203125,-28.80859375,-51.26953125
215.83203125,-0.48828125,-29.296875,-33.69140625,-36.62109375
215.8359375,-16.11328125,-34.1796875,-11.71875,-48.33984375
215.83984375,-27.34375,-32.71484375,3.90625,-61.5234375
215.84375,-6.34765625,-12.6953125,1.953125,-5.37109375
215.84765625,-13.18359375,-0.48828125,-30.2734375,-3.90625
215.8515625,-30.76171875,-7.32421875,-37.59765625,-42.48046875
215.85546875,-32.71484375,-22.94921875,-7.8125,-73.73046875
215.859375,-31.73828125,-30.76171875,-4.39453125,-80.56640625
215.86328125,-25.87890625,-23.4375,-13.18359375,-46.38671875
215.8671875,-11.71875,-18.06640625,-23.92578125,-47.36328125
215.87109375,-3.90625,-23.92578125,-31.73828125,-49.8046875
215.875,3.90625,-24.90234375,-25.87890625,-34.66796875
215.87890625,7.32421875,-24.4140625,-16.11328125,-26.85546875
215.8828125,-11.23046875,-28.80859375,-7.8125,-45.8984375
215.88671875,-31.73828125,-35.15625,-3.41796875,-41.015625
215.890625,-18.5546875,-23.4375,-5.859375,-41.9921875
215.89453125,-2.44140625,-16.6015625,-2.44140625,-48.33984375
215.8984375,-10.25390625,-18.06640625,-19.53125,-43.9453125
215.90234375,4.8828125,-3.41796875,-43.45703125,-41.015625
215.90625,21.97265625,-11.23046875,-32.2265625,-20.01953125
215.91015625,1.953125,-28.80859375,-10.25390625,-33.203125
215.9140625,-8.7890625,-21.97265625,-15.625,-39.0625
215.91796875,-0.48828125,-8.30078125,-43.9453125,-17.578125
215.921875,-9.27734375,-7.32421875,-28.80859375,-35.64453125
215.92578125,-7.8125,-15.13671875,4.8828125,-60.546875
215.9296875,2.44140625,-23.92578125,10.7421875,-43.9453125
215.93359375,6.8359375,-26.85546875,-0.48828125,-28.80859375
215.9375,2.44140625,-34.66796875,-21.484375,-20.5078125
215.94140625,-0.9765625,-32.2265625,-17.578125,-11.23046875
215.9453125,-2.9296875,-17.578125,-23.4375,-21.484375
215.94921875,-38.57421875,-15.13671875,-26.3671875,-62.01171875
215.953125,-72.265625,-15.13671875,-13.671875,-70.80078125
215.95703125,-58.10546875,-11.23046875,-8.7890625,-42.96875
215.9609375,-45.41015625,-10.25390625,-13.18359375,-50.29296875
215.96484375,-30.2734375,-9.765625,-15.13671875,-50.29296875
215.96875,-25.87890625,-15.625,-16.11328125,-27.34375
215.97265625,-14.6484375,-19.04296875,-20.01953125,-19.53125
215.9765625,3.41796875,-16.6015625,-20.99609375,-22.94921875
215.98046875,-18.06640625,-20.99609375,-12.20703125,-16.11328125
215.984375,-40.0390625,-20.99609375,-13.671875,-21.97265625
215.98828125,-15.625,-17.08984375,-20.01953125,-40.0390625
215.9921875,-28.80859375,-19.53125,-16.6015625,-50.29296875
215.99609375,-31.25,-23.4375,-16.6015625,-50.78125
216.0,-27.34375,-28.80859375,-15.625,-15.625
216.00390625,-33.203125,-27.83203125,-14.16015625,13.18359375
216.0078125,-23.4375,-23.4375,-19.53125,-35.64453125
216.01171875,-7.32421875,-20.01953125,-34.1796875,-52.24609375
216.015625,2.44140625,-14.16015625,-48.828125,-20.99609375
216.01953125,3.90625,-15.625,-32.2265625,-0.9765625
216.0234375,-16.6015625,-24.90234375,0.0,-32.71484375
216.02734375,-50.29296875,-33.69140625,1.953125,-66.89453125
216.03125,-41.015625,-34.66796875,-8.7890625,-60.546875
216.03515625,-16.6015625,-30.76171875,-11.71875,-67.3828125
216.0390625,-41.015625,-23.92578125,-16.6015625,-62.5
216.04296875,-23.4375,-27.34375,-14.6484375,-45.41015625
216.046875,-20.01953125,-36.62109375,-19.53125,-47.8515625
216.05078125,-26.3671875,-22.4609375,-40.52734375,11.23046875
216.0546875,0.9765625,-12.6953125,-38.57421875,34.1796875
216.05859375,-32.71484375,-21.97265625,-17.08984375,-77.1484375
216.0625,-24.4140625,-23.92578125,-1.953125,-94.7265625
216.06640625,8.7890625,-25.390625,-4.8828125,-58.59375
216.0703125,-25.87890625,-30.2734375,-10.7421875,-41.015625
216.07421875,-40.52734375,-29.296875,-10.7421875,-33.69140625
216.078125,-2.9296875,-28.80859375,-13.18359375,-74.21875
216.08203125,3.41796875,-29.296875,-22.4609375,-54.19921875
216.0859375,-27.83203125,-29.296875,-35.15625,-9.27734375
216.08984375,-33.69140625,-33.203125,-26.85546875,-38.57421875
216.09375,-45.41015625,-32.2265625,-15.13671875,-41.9921875
216.09765625,-54.19921875,-22.4609375,-13.671875,-26.85546875
216.1015625,-41.50390625,-14.16015625,-7.32421875,-68.359375
216.10546875,-19.53125,-18.06640625,-14.16015625,-62.5
216.109375,3.90625,-21.484375,-23.4375,-18.5546875
216.11328125,7.32421875,-22.4609375,-24.4140625,7.32421875
216.1171875,-44.43359375,-25.390625,-22.4609375,1.46484375
216.12109375,-43.9453125,-17.578125,-23.92578125,-27.83203125
216.125,-28.3203125,-19.04296875,-25.87890625,-56.15234375
216.12890625,-36.62109375,-18.06640625,-19.04296875,-52.24609375
216.1328125,-2.9296875,-11.71875,-26.3671875,-50.78125
216.13671875,14.6484375,-10.25390625,-42.48046875,-44.43359375
216.140625,-5.859375,-12.20703125,-35.15625,-74.21875
216.14453125,-16.6015625,-24.4140625,-9.765625,-59.08203125
216.1484375,-15.13671875,-32.2265625,11.23046875,3.90625
216.15234375,0.0,-17.08984375,-3.90625,-43.45703125
216.15625,-20.99609375,-18.06640625,-33.203125,-37.59765625
216.16015625,-11.23046875,-20.5078125,-26.3671875,7.8125
216.1640625,-8.30078125,-13.18359375,0.48828125,-15.13671875
216.16796875,-22.94921875,-8.30078125,-4.39453125,-30.76171875
216.171875,-10.25390625,-14.6484375,-23.4375,-23.4375
216.17578125,-36.1328125,-23.4375,-25.87890625,-43.9453125
216.1796875,-52.24609375,-21.97265625,-20.5078125,-17.578125
216.18359375,-42.96875,-24.4140625,-19.04296875,0.48828125
216.1875,-40.52734375,-26.85546875,-19.04296875,-60.546875
216.19140625,-8.7890625,-17.578125,-30.76171875,-56.15234375
216.1953125,42.48046875,-35.64453125,-42.96875,8.30078125
216.19921875,48.33984375,-65.4296875,-43.9453125,26.3671875
216.203125,16.6015625,-52.734375,-31.25,16.6015625
216.20703125,10.25390625,-21.97265625,-12.20703125,5.859375
216.2109375,4.39453125,4.39453125,-20.01953125,-5.859375
216.21484375,-58.10546875,9.27734375,-16.11328125,-88.37890625
216.21875,-32.2265625,-3.90625,-1.953125,-71.77734375
216.22265625,-0.9765625,-15.625,11.23046875,-38.0859375
216.2265625,-38.0859375,-43.45703125,-11.71875,-38.57421875
216.23046875,-3.90625,-54.19921875,-62.01171875,81.0546875
216.234375,46.875,-38.0859375,-62.01171875,49.31640625
216.23828125,48.828125,-29.296875,-42.96875,-23.92578125
216.2421875,21.97265625,-18.06640625,-6.34765625,-4.39453125
216.24609375,41.015625,-2.9296875,17.08984375,-65.91796875
216.25,19.53125,18.06640625,-12.6953125,-20.01953125
216.25390625,22.94921875,25.87890625,-39.55078125,38.57421875
216.2578125,25.87890625,-13.671875,-8.7890625,-30.76171875
216.26171875,-10.25390625,-59.5703125,-12.6953125,23.4375
216.265625,-12.6953125,-59.5703125,-63.96484375,47.36328125
216.26953125,-60.546875,-19.53125,-57.12890625,-95.21484375
216.2734375,-116.69921875,9.27734375,-26.85546875,-162.59765625
216.27734375,-102.05078125,13.671875,3.90625,-160.15625
216.28125,-48.828125,-50.78125,20.01953125,-166.015625
216.28515625,-62.98828125,-183.59375,20.5078125,-157.2265625
216.2890625,-165.0390625,-133.30078125,-18.06640625,-143.5546875
216.29296875,-195.3125,1.46484375,-74.70703125,-172.8515625
216.296875,-169.43359375,-24.90234375,-86.42578125,-224.609375
216.30078125,-170.41015625,-12.20703125,-133.7890625,-189.453125
216.3046875,-214.35546875,57.12890625,-148.92578125,-200.68359375
216.30859375,-287.109375,30.2734375,-100.09765625,-337.40234375
216.3125,-298.33984375,-4.39453125,-70.80078125,-352.5390625
216.31640625,-283.69140625,-13.18359375,-75.1953125,-252.9296875
216.3203125,-202.63671875,-52.734375,-83.0078125,-229.00390625
216.32421875,-203.125,-61.5234375,-90.33203125,-271.484375
216.328125,-240.234375,-8.30078125,-161.62109375,-262.20703125
216.33203125,-184.5703125,14.16015625,-185.05859375,-203.61328125
216.3359375,-203.125,-7.32421875,-115.234375,-184.5703125
216.33984375,-206.54296875,-38.0859375,-80.078125,-181.15234375
216.34375,-172.8515625,-49.31640625,-78.125,-214.35546875
216.34765625,-164.0625,-32.71484375,-68.84765625,-217.28515625
216.3515625,-127.9296875,-20.5078125,-62.98828125,-170.8984375
216.35546875,-108.3984375,-6.8359375,-65.91796875,-105.95703125
216.359375,-104.4921875,-14.16015625,-62.01171875,-78.61328125
216.36328125,-65.4296875,-29.296875,-61.03515625,-112.3046875
216.3671875,-23.4375,-29.296875,-67.3828125,-64.94140625
216.37109375,-10.25390625,-20.01953125,-76.66015625,-10.25390625
216.375,5.37109375,-10.7421875,-68.359375,-18.5546875
216.37890625,30.2734375,-1.953125,-27.83203125,-0.9765625
216.3828125,22.94921875,-5.37109375,-16.6015625,-20.01953125
216.38671875,38.57421875,-3.41796875,-17.08984375,4.39453125
216.390625,65.91796875,6.34765625,13.18359375,15.625
216.39453125,70.80078125,2.44140625,38.0859375,8.7890625
216.3984375,65.4296875,6.34765625,31.73828125,28.80859375
216.40234375,74.70703125,18.06640625,16.6015625,20.5078125
216.40625,77.1484375,8.30078125,-0.48828125,33.69140625
216.41015625,66.89453125,8.7890625,13.18359375,37.109375
216.4140625,59.5703125,7.32421875,27.83203125,21.97265625
216.41796875,66.89453125,3.90625,20.5078125,39.55078125
216.421875,51.7578125,5.37109375,20.01953125,27.34375
216.42578125,19.53125,5.37109375,15.625,17.578125
216.4296875,26.85546875,0.0,-12.20703125,75.68359375
216.43359375,79.58984375,-15.13671875,-30.76171875,94.7265625
216.4375,78.61328125,-12.6953125,-28.3203125,30.2734375
216.44140625,84.9609375,0.48828125,-28.3203125,13.18359375
216.4453125,73.2421875,-11.23046875,-19.53125,33.203125
216.44921875,56.640625,-22.4609375,-3.90625,26.85546875
216.453125,46.875,-26.85546875,-14.16015625,35.15625
216.45703125,16.6015625,-26.85546875,-32.2265625,49.8046875
216.4609375,-17.578125,-23.4375,-25.87890625,52.24609375
216.46484375,-38.57421875,-28.80859375,-18.5546875,-6.8359375
216.46875,-42.48046875,-37.109375,-26.85546875,6.34765625
216.47265625,-28.3203125,-36.62109375,-53.7109375,82.51953125
216.4765625,-27.83203125,-35.15625,-63.96484375,49.31640625
216.48046875,-35.15625,-34.1796875,-36.1328125,30.76171875
216.484375,-19.53125,-40.0390625,-19.04296875,41.015625
216.48828125,-25.390625,-43.9453125,-34.1796875,22.4609375
216.4921875,-88.8671875,-53.22265625,-75.1953125,-44.921875
216.49609375,-119.140625,-68.84765625,-97.65625,-74.21875
216.5,-82.03125,-80.56640625,-110.3515625,-36.1328125
216.50390625,-103.515625,-84.9609375,-106.4453125,-19.04296875
216.5078125,-137.6953125,-88.8671875,-99.609375,-53.22265625
216.51171875,-74.21875,-99.609375,-101.5625,-57.12890625
216.515625,-41.9921875,-89.84375,-98.6328125,-41.015625
216.51953125,-3.41796875,-77.63671875,-105.95703125,-83.49609375
216.5234375,-46.38671875,-87.40234375,-115.72265625,-79.58984375
216.52734375,-89.84375,-76.66015625,-118.65234375,-34.66796875
216.53125,-125.48828125,-68.359375,-110.83984375,-30.2734375
216.53515625,-183.10546875,-71.2890625,-98.14453125,-42.96875
216.5390625,-121.58203125,-62.5,-88.37890625,-62.5
216.54296875,-94.23828125,-59.08203125,-83.984375,-60.546875
216.546875,-126.953125,-57.12890625,-79.58984375,-106.93359375
216.55078125,-103.515625,-46.38671875,-83.49609375,-98.14453125
216.5546875,-62.01171875,-39.55078125,-71.2890625,-26.85546875
216.55859375,-68.84765625,-49.31640625,-58.59375,-73.73046875
216.5625,-45.41015625,-58.10546875,-62.01171875,-92.28515625
216.56640625,-29.296875,-49.8046875,-48.828125,-78.125
216.5703125,-70.80078125,-50.29296875,-34.66796875,-69.82421875
216.57421875,-87.890625,-52.734375,-46.875,-57.12890625
216.578125,-52.24609375,-49.8046875,-48.828125,-65.4296875
216.58203125,-43.45703125,-57.12890625,-39.55078125,-56.15234375
216.5859375,-77.63671875,-65.91796875,-28.3203125,-3.90625
216.58984375,-92.7734375,-43.45703125,-29.78515625,-41.50390625
216.59375,-73.73046875,-43.45703125,-33.203125,-108.88671875
216.59765625,-62.01171875,-68.359375,-28.80859375,-43.9453125
216.6015625,-98.6328125,-50.29296875,-35.15625,-7.8125
216.60546875,-80.078125,-12.20703125,-42.96875,-60.05859375
216.609375,-53.22265625,-8.30078125,-47.36328125,-79.58984375
216.61328125,-80.078125,-26.85546875,-61.5234375,-35.15625
216.6171875,-75.1953125,-26.3671875,-78.61328125,-53.22265625
216.62109375,-65.91796875,-32.2265625,-33.203125,-44.43359375
216.625,-66.89453125,-46.875,11.23046875,-8.30078125
216.62890625,-48.828125,-48.33984375,13.18359375,-48.33984375
216.6328125,-33.203125,-43.45703125,4.39453125,-80.56640625
216.63671875,-20.99609375,-42.96875,-17.08984375,-83.0078125
216.640625,-30.2734375,-47.8515625,-20.01953125,-60.546875
216.64453125,-44.43359375,-40.0390625,-10.25390625,-5.859375
216.6484375,-33.203125,-34.1796875,-9.27734375,39.55078125
216.65234375,-43.45703125,-44.43359375,-18.5546875,-62.01171875
216.65625,-65.91796875,-41.9921875,-35.64453125,-70.3125
216.66015625,-48.33984375,-29.296875,-51.7578125,-17.08984375
216.6640625,-24.90234375,-30.76171875,-61.03515625,-20.01953125
216.66796875,-30.2734375,-35.15625,-29.78515625,-63.96484375
216.671875,-23.4375,-33.203125,4.39453125,-41.9921875
216.67578125,18.5546875,-34.66796875,18.06640625,25.87890625
216.6796875,37.59765625,-47.8515625,1.953125,25.390625
216.68359375,-24.90234375,-47.36328125,-31.25,41.9921875
216.6875,-94.23828125,-18.5546875,-39.55078125,-28.3203125
216.69140625,-82.03125,-2.9296875,-34.1796875,-106.93359375
216.6953125,-91.30859375,-10.7421875,-28.3203125,-79.1015625
216.69921875,-86.9140625,-23.92578125,-24.4140625,-85.9375
216.703125,-61.5234375,-31.25,-40.0390625,-80.078125
216.70703125,-48.828125,-29.78515625,-58.59375,-37.109375
216.7109375,-15.625,-28.3203125,-62.98828125,-22.4609375
216.71484375,-57.12890625,-25.87890625,-63.4765625,-35.64453125
216.71875,-75.1953125,-21.97265625,-65.91796875,-27.34375
216.72265625,-44.921875,-17.578125,-62.98828125,-37.59765625
216.7265625,-23.92578125,-11.71875,-67.3828125,-54.19921875
216.73046875,-8.30078125,0.9765625,-89.84375,-59.08203125
216.734375,-8.7890625,13.18359375,-79.58984375,-44.43359375
216.73828125,-12.20703125,6.8359375,-44.43359375,-7.8125
216.7421875,7.32421875,-17.578125,-33.69140625,15.625
216.74609375,19.04296875,-26.85546875,-40.52734375,17.08984375
216.75,6.8359375,-22.4609375,-48.33984375,56.640625
216.75390625,2.9296875,-12.6953125,-44.43359375,-3.41796875
216.7578125,-11.23046875,-9.27734375,-39.55078125,-121.58203125
216.76171875,-24.4140625,-7.8125,-28.80859375,-90.8203125
216.765625,1.46484375,10.7421875,-33.69140625,0.0
216.76953125,3.90625,7.8125,-31.73828125,66.40625
216.7734375,-42.48046875,-5.859375,-26.3671875,41.015625
216.77734375,-46.875,-3.90625,-38.57421875,1.46484375
216.78125,-24.90234375,-8.7890625,-39.55078125,-38.0859375
216.78515625,-29.296875,-9.27734375,-26.85546875,0.48828125
216.7890625,-18.5546875,-7.32421875,-22.4609375,-8.7890625
216.79296875,-7.8125,-11.23046875,-35.64453125,-43.45703125
216.796875,-18.06640625,-12.6953125,-29.78515625,-26.85546875
216.80078125,-49.31640625,-24.4140625,-18.06640625,29.296875
216.8046875,-29.296875,-31.73828125,-14.6484375,44.921875
216.80859375,-17.578125,-14.6484375,-20.01953125,-38.0859375
216.8125,-26.85546875,-8.7890625,-37.109375,-50.29296875
216.81640625,-18.5546875,-8.30078125,-35.15625,-23.4375
216.8203125,-14.6484375,-6.8359375,-26.85546875,-42.96875
216.82421875,-24.4140625,-10.7421875,-30.76171875,-21.484375
216.828125,-2.9296875,-3.90625,-31.25,1.953125
216.83203125,7.32421875,0.9765625,-22.94921875,-11.71875
216.8359375,4.8828125,-2.9296875,-19.53125,-6.8359375
216.83984375,23.92578125,-11.23046875,-17.08984375,-10.7421875
216.84375,-12.6953125,-18.5546875,-13.18359375,-38.57421875
216.84765625,-22.4609375,-24.90234375,-10.25390625,-47.36328125
216.8515625,-7.8125,-31.73828125,-8.7890625,8.7890625
216.85546875,-16.11328125,-34.1796875,-17.578125,6.8359375
216.859375,-20.5078125,-34.66796875,-21.484375,-33.203125
216.86328125,-12.6953125,-29.78515625,-29.78515625,31.25
216.8671875,-28.3203125,-22.4609375,-26.85546875,43.9453125
216.87109375,-27.34375,-16.6015625,-27.34375,-22.4609375
216.875,-1.953125,-8.30078125,-42.48046875,-16.11328125
216.87890625,-0.48828125,-5.37109375,-41.015625,-11.23046875
216.8828125,-15.625,-15.625,-26.85546875,-27.34375
216.88671875,-1.953125,-29.78515625,-20.5078125,-12.20703125
216.890625,-12.6953125,-32.2265625,-38.57421875,9.765625
216.89453125,-3.90625,-20.5078125,-52.24609375,3.90625
216.8984375,2.9296875,-10.7421875,-39.0625,-17.08984375
216.90234375,-12.20703125,-14.16015625,-24.4140625,13.18359375
216.90625,-8.7890625,-22.94921875,-24.90234375,45.8984375
216.91015625,-8.30078125,-17.08984375,-27.34375,-37.59765625
216.9140625,5.859375,-3.41796875,-36.1328125,-64.94140625
216.91796875,24.90234375,-5.37109375,-48.33984375,-36.1328125
216.921875,36.62109375,-12.6953125,-49.8046875,-25.87890625
216.92578125,8.30078125,-18.06640625,-53.7109375,11.71875
216.9296875,-7.32421875,-10.25390625,-53.7109375,44.921875
216.93359375,-16.6015625,-17.08984375,-48.33984375,12.6953125
216.9375,-41.9921875,-28.80859375,-43.9453125,-26.3671875
216.94140625,-41.50390625,-18.5546875,-36.1328125,-8.30078125
216.9453125,-50.78125,-12.6953125,-42.48046875,-21.97265625
216.94921875,-38.57421875,-13.18359375,-49.31640625,-12.20703125
216.953125,-27.34375,-16.11328125,-40.52734375,0.48828125
216.95703125,-30.76171875,-28.3203125,-29.296875,9.27734375
216.9609375,-7.32421875,-29.296875,-26.85546875,84.9609375
216.96484375,4.8828125,-1.953125,-43.9453125,42.96875
216.96875,-52.734375,-2.9296875,-44.43359375,-75.68359375
216.97265625,-67.87109375,-11.23046875,-37.59765625,-60.546875
216.9765625,-32.2265625,-7.32421875,-41.9921875,-39.0625
216.98046875,-32.71484375,-8.30078125,-41.50390625,-64.94140625
216.984375,-62.01171875,-9.765625,-38.0859375,-46.38671875
216.98828125,-69.82421875,-2.9296875,-49.31640625,-51.7578125
216.9921875,-45.41015625,-2.44140625,-50.29296875,-96.6796875
216.99609375,-27.34375,-3.90625,-60.546875,-103.515625
217.0,23.4375,0.48828125,-72.75390625,-80.56640625
217.00390625,53.22265625,4.39453125,-64.94140625,-57.6171875
217.0078125,39.0625,2.9296875,-61.5234375,-63.4765625
217.01171875,-20.01953125,-13.18359375,-50.29296875,-47.36328125
217.015625,-88.37890625,-13.18359375,-62.98828125,-49.31640625
217.01953125,-42.96875,-9.27734375,-83.984375,-103.02734375
217.0234375,-26.85546875,-17.08984375,-66.89453125,-92.28515625
217.02734375,-52.734375,-22.94921875,-47.36328125,-32.71484375
217.03125,-51.26953125,-22.4609375,-43.45703125,-67.87109375
217.03515625,-87.890625,-12.20703125,-58.59375,-46.38671875
217.0390625,-109.86328125,-11.71875,-54.6875,28.80859375
217.04296875,-69.3359375,-17.578125,-39.55078125,-55.17578125
217.046875,-46.38671875,-21.484375,-38.0859375,-33.203125
217.05078125,-37.109375,-17.08984375,-25.390625,46.875
217.0546875,-27.83203125,-9.27734375,-21.97265625,-3.90625
217.05859375,-47.36328125,-12.6953125,-31.25,-18.5546875
217.0625,-31.25,-25.390625,-28.3203125,37.109375
217.06640625,-20.5078125,-24.90234375,-26.85546875,31.73828125
217.0703125,-11.23046875,-17.08984375,-34.66796875,-59.5703125
217.07421875,-8.7890625,-16.11328125,-37.109375,-49.8046875
217.078125,-38.0859375,-15.625,-47.8515625,-19.04296875
217.08203125,0.9765625,-14.6484375,-38.0859375,-55.17578125
217.0859375,8.30078125,-21.97265625,-19.04296875,-57.12890625
217.08984375,8.30078125,-19.04296875,-27.34375,-25.390625
217.09375,2.44140625,-20.01953125,-30.2734375,-32.71484375
217.09765625,1.953125,-27.34375,-24.90234375,-22.94921875
217.1015625,16.11328125,-26.85546875,-33.203125,-3.41796875
217.10546875,-0.9765625,-28.3203125,-52.24609375,0.48828125
217.109375,-23.4375,-32.71484375,-46.875,-21.97265625
217.11328125,-37.109375,-34.66796875,-25.390625,1.46484375
217.1171875,-20.5078125,-21.97265625,-22.4609375,-13.18359375
217.12109375,-8.30078125,-20.99609375,-25.87890625,-49.8046875
217.125,-21.484375,-40.0390625,-20.5078125,-37.59765625
217.12890625,-40.0390625,-35.64453125,-26.85546875,-35.64453125
217.1328125,-42.48046875,-21.484375,-33.203125,-17.08984375
217.13671875,-28.80859375,-22.4609375,-34.66796875,-25.390625
217.140625,-12.20703125,-28.80859375,-36.1328125,-41.9921875
217.14453125,-23.4375,-29.296875,-46.38671875,-24.4140625
217.1484375,-32.2265625,-19.04296875,-56.640625,-50.29296875
217.15234375,-20.01953125,-7.32421875,-61.03515625,-60.05859375
217.15625,-17.578125,-16.6015625,-53.22265625,-37.109375
217.16015625,-0.48828125,-22.94921875,-34.1796875,-17.578125
217.1640625,-9.27734375,-15.13671875,-32.71484375,-22.4609375
217.16796875,-16.11328125,-21.484375,-31.73828125,-28.3203125
217.171875,-37.59765625,-37.59765625,-30.76171875,-17.08984375
217.17578125,-25.390625,-41.015625,-34.1796875,-30.76171875
217.1796875,2.9296875,-30.76171875,-53.7109375,-50.78125
217.18359375,3.41796875,-32.2265625,-47.36328125,-31.25
217.1875,20.01953125,-36.62109375,-22.4609375,-36.1328125
217.19140625,9.27734375,-29.78515625,-20.5078125,-53.22265625
217.1953125,-9.27734375,-24.90234375,-34.1796875,-55.6640625
217.19921875,-50.78125,-24.4140625,-52.734375,-55.17578125
217.203125,-83.49609375,-28.80859375,-45.8984375,-29.296875
217.20703125,-86.9140625,-35.15625,-39.55078125,-5.37109375
217.2109375,-95.21484375,-40.52734375,-33.203125,-41.015625
217.21484375,-101.5625,-29.296875,-20.01953125,-29.78515625
217.21875,-96.6796875,-25.390625,-29.78515625,14.16015625
217.22265625,-60.05859375,-24.90234375,-53.7109375,-47.8515625
217.2265625,-51.26953125,-19.04296875,-42.48046875,-45.41015625
217.23046875,-70.80078125,-27.34375,-26.85546875,10.25390625
217.234375,-92.28515625,-36.1328125,-33.203125,-59.08203125
217.23828125,-88.8671875,-30.76171875,-42.96875,-73.73046875
217.2421875,-77.1484375,-26.3671875,-41.50390625,-51.26953125
217.24609375,-66.40625,-32.2265625,-28.3203125,-61.5234375
217.25,-45.41015625,-28.3203125,-33.69140625,-47.36328125
217.25390625,-37.109375,-20.99609375,-45.41015625,-62.98828125
217.2578125,-39.55078125,-20.99609375,-31.73828125,-33.69140625
217.26171875,-61.03515625,-20.01953125,-23.92578125,-11.71875
217.265625,-57.12890625,-24.4140625,-25.390625,-56.640625
217.26953125,-38.57421875,-21.97265625,-21.97265625,-57.6171875
217.2734375,-34.66796875,-14.6484375,-27.34375,-55.17578125
217.27734375,-26.3671875,-20.99609375,-19.53125,-49.8046875
217.28125,-27.83203125,-24.4140625,-2.44140625,-46.38671875
217.28515625,-13.18359375,-18.06640625,8.30078125,-45.41015625
217.2890625,-5.37109375,-18.5546875,13.671875,18.06640625
217.29296875,-13.18359375,-14.16015625,4.39453125,30.76171875
217.296875,-9.765625,-16.6015625,-13.18359375,-10.25390625
217.30078125,2.9296875,-5.859375,-9.27734375,-52.24609375
217.3046875,-28.80859375,5.37109375,1.46484375,-18.06640625
217.30859375,-78.61328125,-7.32421875,17.08984375,-0.48828125
217.3125,-76.66015625,-18.5546875,45.8984375,-35.15625
217.31640625,-52.734375,-22.94921875,38.0859375,-32.71484375
217.3203125,-34.1796875,-26.85546875,24.4140625,-25.87890625
217.32421875,-33.203125,-36.62109375,27.34375,-28.3203125
217.328125,-60.05859375,-40.52734375,31.25,-9.765625
217.33203125,-73.2421875,-41.015625,31.25,-9.27734375
217.3359375,-7.32421875,-35.15625,27.83203125,-24.90234375
217.33984375,-5.859375,-29.78515625,30.76171875,-32.71484375
217.34375,-40.52734375,-27.34375,27.34375,-12.20703125
217.34765625,-31.73828125,-25.390625,14.16015625,-4.8828125
217.3515625,-50.29296875,-36.1328125,25.87890625,-18.5546875
217.35546875,-58.10546875,-36.1328125,36.62109375,-4.8828125
217.359375,-22.4609375,-32.2265625,37.59765625,-22.4609375
217.36328125,-9.27734375,-32.71484375,41.015625,-41.9921875
217.3671875,-33.69140625,-25.390625,38.57421875,-27.83203125
217.37109375,-16.6015625,-25.390625,22.94921875,-24.4140625
217.375,31.73828125,-23.4375,6.34765625,-28.80859375
217.37890625,19.04296875,-21.484375,0.0,-26.85546875
217.3828125,-23.4375,-30.2734375,-9.27734375,-33.203125
217.38671875,-15.13671875,-26.85546875,-21.484375,16.11328125
217.390625,-2.44140625,-28.3203125,-23.92578125,36.62109375
217.39453125,-20.01953125,-42.96875,-27.34375,-20.01953125
217.3984375,-33.203125,-41.015625,-17.08984375,-4.39453125
217.40234375,-38.0859375,-29.78515625,-9.27734375,-3.41796875
217.40625,-45.8984375,-33.203125,-11.71875,-28.80859375
217.41015625,-60.546875,-31.25,-11.23046875,-39.55078125
217.4140625,-47.36328125,-25.87890625,-18.5546875,-45.8984375
217.41796875,-42.48046875,-27.34375,-17.578125,-24.90234375
217.421875,-49.8046875,-32.2265625,0.0,-1.46484375
217.42578125,-48.33984375,-33.203125,12.20703125,-13.18359375
217.4296875,-50.29296875,-24.90234375,9.765625,-40.52734375
217.43359375,-44.43359375,-20.5078125,12.20703125,-33.69140625
217.4375,-6.34765625,-26.3671875,16.6015625,-15.13671875
217.44140625,20.01953125,-19.04296875,3.90625,-7.32421875
217.4453125,10.25390625,-10.7421875,-6.8359375,-31.25
217.44921875,-10.7421875,-14.6484375,11.71875,-35.15625
217.453125,-30.76171875,-18.5546875,26.85546875,-36.62109375
217.45703125,-11.71875,-17.08984375,24.90234375,-51.26953125
217.4609375,-28.3203125,-19.53125,16.6015625,-49.31640625
217.46484375,-53.22265625,-22.4609375,12.20703125,-17.578125
217.46875,-36.62109375,-22.4609375,8.30078125,-37.109375
217.47265625,-43.45703125,-18.06640625,6.34765625,-60.05859375
217.4765625,-54.19921875,-20.01953125,2.9296875,-35.64453125
217.48046875,-43.9453125,-20.01953125,8.7890625,-29.78515625
217.484375,-36.62109375,-9.27734375,10.25390625,-60.05859375
217.48828125,-32.2265625,-0.48828125,-4.8828125,-63.96484375
217.4921875,-36.1328125,-7.8125,2.44140625,-58.10546875
217.49609375,-76.171875,-15.625,5.37109375,-74.70703125
217.5,-93.75,-12.20703125,-7.32421875,-56.15234375
217.50390625,-62.98828125,-9.27734375,1.953125,-44.921875
217.5078125,-68.359375,-12.20703125,18.5546875,-50.29296875
217.51171875,-92.7734375,-12.20703125,17.578125,-62.01171875
217.515625,-86.42578125,-10.7421875,19.53125,-91.796875
217.51953125,-75.68359375,-5.859375,8.30078125,-66.40625
217.5234375,-90.8203125,-11.71875,-5.37109375,-41.50390625
217.52734375,-106.4453125,-21.97265625,8.30078125,-74.70703125
217.53125,-73.2421875,-23.4375,19.04296875,-75.68359375
217.53515625,-40.52734375,-27.34375,16.6015625,-57.12890625
217.5390625,-46.38671875,-25.87890625,9.27734375,-63.96484375
217.54296875,-71.2890625,-20.99609375,11.71875,-39.0625
217.546875,-83.49609375,-21.97265625,8.7890625,-54.19921875
217.55078125,-60.546875,-20.99609375,6.34765625,-30.76171875
217.5546875,-84.47265625,-24.90234375,9.765625,9.765625
217.55859375,-102.05078125,-27.34375,0.48828125,-33.69140625
217.5625,-67.87109375,-26.85546875,-0.9765625,-85.9375
217.56640625,-63.4765625,-24.4140625,-0.9765625,-80.56640625
217.5703125,-69.3359375,-24.4140625,-11.23046875,-90.33203125
217.57421875,-54.6875,-26.85546875,-12.6953125,-119.140625
217.578125,-74.70703125,-22.4609375,-9.765625,-111.81640625
217.58203125,-69.82421875,-18.06640625,-14.16015625,-92.28515625
217.5859375,-55.17578125,-23.4375,-15.625,-94.23828125
217.58984375,-54.6875,-20.5078125,-15.625,-74.70703125
217.59375,-34.66796875,-8.7890625,-33.203125,-80.078125
217.59765625,-58.10546875,-19.53125,-38.57421875,-103.02734375
217.6015625,-80.078125,-32.71484375,-16.11328125,-65.4296875
217.60546875,-72.75390625,-33.69140625,-3.90625,-55.6640625
217.609375,-82.03125,-31.73828125,0.0,-80.56640625
217.61328125,-83.49609375,-21.97265625,-8.7890625,-53.7109375
217.6171875,-93.75,-21.484375,-31.73828125,-51.26953125
217.62109375,-97.65625,-21.97265625,-34.66796875,-91.796875
217.625,-50.78125,-16.11328125,-35.15625,-53.22265625
217.62890625,-70.3125,-14.16015625,-44.921875,-71.2890625
217.6328125,-66.89453125,-13.18359375,-40.52734375,-92.28515625
217.63671875,-44.43359375,-14.6484375,-32.2265625,-25.87890625
217.640625,-61.03515625,-19.53125,-23.92578125,-39.55078125
217.64453125,-71.77734375,-35.15625,-25.87890625,-75.1953125
217.6484375,-53.7109375,-34.1796875,-38.57421875,-69.82421875
217.65234375,-45.41015625,-19.04296875,-40.0390625,-68.84765625
217.65625,-66.40625,-18.5546875,-39.0625,-79.58984375
217.66015625,-41.9921875,0.48828125,-31.25,-63.4765625
217.6640625,-68.84765625,4.8828125,-19.53125,-41.015625
217.66796875,-97.65625,-18.5546875,-6.34765625,-89.84375
217.671875,-103.02734375,-23.4375,-11.71875,-98.6328125
217.67578125,-84.9609375,-13.18359375,-14.6484375,-42.96875
217.6796875,-95.703125,-10.7421875,-2.9296875,-49.31640625
217.68359375,-118.1640625,-11.71875,-6.34765625,-77.1484375
217.6875,-80.078125,-17.578125,-14.6484375,-79.1015625
217.69140625,-54.19921875,-22.4609375,-14.6484375,-56.15234375
217.6953125,-50.29296875,-22.94921875,-18.5546875,-58.10546875
217.69921875,-48.33984375,-22.94921875,-18.5546875,-87.40234375
217.703125,-59.08203125,-26.85546875,-12.20703125,-80.078125
217.70703125,-65.91796875,-28.3203125,-3.41796875,-68.359375
217.7109375,-73.73046875,-17.08984375,-3.41796875,-52.24609375
217.71484375,-67.3828125,-12.20703125,-25.87890625,-53.22265625
217.71875,-49.31640625,-18.5546875,-15.13671875,-63.4765625
217.72265625,-90.33203125,-23.4375,13.18359375,-57.6171875
217.7265625,-132.32421875,-30.2734375,12.6953125,-55.6640625
217.73046875,-95.703125,-31.73828125,-2.9296875,-19.04296875
217.734375,-47.8515625,-26.85546875,-23.92578125,-15.13671875
217.73828125,-103.02734375,-33.69140625,-10.25390625,-58.59375
217.7421875,-163.57421875,-42.48046875,-12.20703125,-73.73046875
217.74609375,-115.234375,-51.7578125,-16.6015625,-82.51953125
217.75,-90.33203125,-51.7578125,-1.953125,-83.0078125
217.75390625,-101.07421875,-28.80859375,-7.32421875,-77.63671875
217.7578125,-83.49609375,-19.04296875,0.9765625,-84.9609375
217.76171875,-95.703125,-17.578125,8.30078125,-80.078125
217.765625,-108.88671875,-10.25390625,-11.23046875,-58.59375
217.76953125,-84.9609375,-13.671875,-5.859375,-48.33984375
217.7734375,-65.4296875,-23.4375,3.90625,-21.97265625
217.77734375,-47.36328125,-20.5078125,-15.13671875,-32.2265625
217.78125,-44.43359375,-7.8125,-46.875,-50.29296875
217.78515625,-55.17578125,-20.99609375,-41.50390625,-39.55078125
217.7890625,-58.10546875,-32.71484375,-20.01953125,-74.70703125
217.79296875,-77.1484375,-34.1796875,-4.8828125,-83.49609375
217.796875,-79.1015625,-29.296875,-13.18359375,-68.359375
217.80078125,-74.21875,-17.578125,-30.2734375,-77.63671875
217.8046875,-68.359375,-27.34375,-20.01953125,3.90625
217.80859375,-47.36328125,-30.2734375,-18.06640625,20.01953125
217.8125,-26.85546875,-4.8828125,-17.578125,-104.98046875
217.81640625,-27.34375,-10.7421875,-13.18359375,-80.56640625
217.8203125,-30.2734375,-20.99609375,-9.765625,-20.5078125
217.82421875,-50.78125,-13.671875,-3.90625,-84.47265625
217.828125,-59.08203125,-16.6015625,-8.30078125,-99.12109375
217.83203125,-107.421875,-19.53125,-12.20703125,-42.48046875
217.8359375,-114.2578125,-15.13671875,-8.30078125,23.4375
217.83984375,-102.5390625,-10.7421875,-20.99609375,-10.7421875
217.84375,-107.421875,-4.39453125,-37.109375,-68.84765625
217.84765625,-72.75390625,-8.7890625,-31.73828125,-47.8515625
217.8515625,-44.921875,-7.32421875,-39.55078125,-46.38671875
217.85546875,-48.828125,-8.7890625,-54.6875,-35.15625
217.859375,-55.17578125,-20.01953125,-53.7109375,-13.671875
217.86328125,-58.59375,-18.06640625,-45.8984375,-51.26953125
217.8671875,-87.40234375,-19.53125,-39.55078125,-46.38671875
217.87109375,-75.68359375,-26.3671875,-33.203125,-85.9375
217.875,-73.73046875,-31.73828125,-41.015625,-109.375
217.87890625,-90.8203125,-33.69140625,-45.41015625,-87.890625
217.8828125,-76.66015625,-27.34375,-38.57421875,-59.08203125
217.88671875,-69.82421875,-25.87890625,-41.9921875,-54.6875
217.890625,-86.42578125,-27.83203125,-32.2265625,-73.73046875
217.89453125,-83.0078125,-25.390625,-25.390625,-68.84765625
217.8984375,-58.10546875,-35.64453125,-33.203125,-38.0859375
217.90234375,-44.921875,-45.41015625,-35.64453125,-48.828125
217.90625,-62.5,-43.45703125,-28.3203125,-92.7734375
217.91015625,-89.84375,-35.64453125,-47.36328125,-73.73046875
217.9140625,-76.171875,-22.4609375,-76.171875,-61.5234375
217.91796875,-91.30859375,-22.94921875,-55.6640625,-90.33203125
217.921875,-120.60546875,-33.69140625,-34.1796875,-60.546875
217.92578125,-135.25390625,-33.203125,-44.921875,3.41796875
217.9296875,-113.76953125,-30.76171875,-53.22265625,-85.44921875
217.93359375,-113.28125,-42.48046875,-55.6640625,-122.0703125
217.9375,-100.5859375,-51.7578125,-68.359375,-76.171875
217.94140625,-47.8515625,-42.96875,-64.94140625,-59.5703125
217.9453125,-85.44921875,-36.62109375,-32.71484375,-57.6171875
217.94921875,-115.72265625,-44.43359375,-32.2265625,-94.7265625
217.953125,-104.00390625,-44.921875,-51.26953125,-49.8046875
217.95703125,-93.75,-27.83203125,-50.29296875,0.48828125
217.9609375,-113.28125,-20.5078125,-58.10546875,-84.47265625
217.96484375,-104.4921875,-32.71484375,-44.921875,-99.12109375
217.96875,-68.359375,-38.57421875,-12.6953125,-31.73828125
217.97265625,-50.78125,-19.53125,-17.08984375,-41.50390625
217.9765625,-107.421875,-6.34765625,-33.69140625,-94.23828125
217.98046875,-130.859375,-25.390625,-37.109375,-86.42578125
217.984375,-114.74609375,-38.0859375,-33.69140625,-67.3828125
217.98828125,-98.6328125,-20.01953125,-31.25,-47.8515625
217.9921875,-126.953125,-10.7421875,-42.48046875,-106.93359375
217.99609375,-150.87890625,-15.625,-35.64453125,-134.765625
218.0,-139.16015625,-16.6015625,-14.16015625,-64.453125
218.00390625,-147.4609375,-19.04296875,-16.6015625,-74.70703125
218.0078125,-166.015625,-24.90234375,-35.64453125,-127.44140625
218.01171875,-184.5703125,-37.109375,-22.4609375,-111.81640625
218.015625,-195.3125,-44.43359375,-37.109375,-115.234375
218.01953125,-198.73046875,-40.52734375,-32.71484375,-168.45703125
218.0234375,-179.19921875,-39.55078125,14.16015625,-134.765625
218.02734375,-161.1328125,-53.7109375,9.27734375,-139.6484375
218.03125,-122.55859375,-68.359375,-5.37109375,-134.765625
218.03515625,-121.09375,-65.4296875,20.5078125,-56.15234375
218.0390625,-159.66796875,-67.87109375,26.3671875,-101.07421875
218.04296875,-156.73828125,-62.01171875,20.5078125,-161.1328125
218.046875,-137.6953125,-51.7578125,40.52734375,-123.046875
218.05078125,-120.60546875,-47.8515625,46.38671875,-76.171875
218.0546875,-98.14453125,-41.015625,39.0625,-40.52734375
218.05859375,-95.703125,-36.62109375,11.71875,-70.3125
218.0625,-86.42578125,-29.296875,16.6015625,-85.9375
218.06640625,-106.4453125,-26.85546875,24.90234375,-83.984375
218.0703125,-154.296875,-29.78515625,18.5546875,-56.15234375
218.07421875,-109.375,-32.2265625,9.27734375,-17.578125
218.078125,-54.6875,-38.0859375,-1.953125,-24.90234375
218.08203125,-60.546875,-34.66796875,2.9296875,-12.6953125
218.0859375,-90.33203125,-24.90234375,7.8125,-13.671875
218.08984375,-83.0078125,-21.97265625,2.44140625,-35.15625
218.09375,-48.828125,-32.2265625,-18.06640625,-1.953125
218.09765625,-51.26953125,-36.1328125,-32.2265625,-12.6953125
218.1015625,-42.48046875,-29.296875,-24.4140625,-8.7890625
218.10546875,-10.25390625,-31.73828125,-11.71875,8.7890625
218.109375,-12.20703125,-27.34375,-16.11328125,-17.578125
218.11328125,-13.18359375,-12.6953125,-36.1328125,-46.38671875
218.1171875,1.953125,-8.30078125,-59.08203125,-33.69140625
218.12109375,6.8359375,-10.25390625,-57.6171875,-32.71484375
218.125,2.44140625,-18.06640625,-32.2265625,-28.3203125
218.12890625,-7.32421875,-20.99609375,-19.53125,-13.671875
218.1328125,1.46484375,-11.23046875,-48.33984375,-32.2265625
218.13671875,24.90234375,-7.8125,-60.546875,-19.53125
218.140625,17.578125,-13.671875,-38.0859375,8.7890625
218.14453125,-2.44140625,-20.5078125,-34.1796875,-20.99609375
218.1484375,-19.53125,-29.296875,-33.203125,-7.8125
218.15234375,-20.01953125,-27.83203125,-21.484375,61.03515625
218.15625,-31.73828125,-19.04296875,-32.71484375,88.8671875
218.16015625,-13.671875,-16.11328125,-53.7109375,63.4765625
218.1640625,-11.23046875,-18.06640625,-80.56640625,6.8359375
218.16796875,-24.4140625,-25.390625,-84.47265625,1.953125
218.171875,9.765625,-37.109375,-50.78125,50.78125
218.17578125,-45.41015625,-39.55078125,-23.92578125,20.5078125
218.1796875,-49.31640625,-35.64453125,-27.34375,-62.01171875
218.18359375,0.9765625,-24.90234375,-22.4609375,-65.4296875
218.1875,2.9296875,-11.71875,-15.625,-28.3203125
218.19140625,20.01953125,-9.27734375,-21.484375,-18.06640625
218.1953125,32.2265625,1.953125,-34.1796875,0.9765625
218.19921875,24.4140625,3.90625,-33.69140625,8.30078125
218.203125,37.59765625,-1.46484375,-21.484375,21.97265625
218.20703125,48.33984375,0.0,-18.06640625,32.71484375
218.2109375,24.4140625,-8.7890625,-23.4375,62.98828125
218.21484375,19.04296875,-10.25390625,-24.4140625,60.05859375
218.21875,3.90625,-4.8828125,-38.0859375,-15.13671875
218.22265625,-3.41796875,-5.859375,-58.10546875,-41.015625
218.2265625,12.20703125,-9.27734375,-41.015625,-44.921875
218.23046875,2.9296875,-11.23046875,-31.73828125,-24.4140625
218.234375,10.25390625,-10.25390625,-48.33984375,51.26953125
218.23828125,-2.9296875,-12.20703125,-34.1796875,12.6953125
218.2421875,-10.7421875,-18.5546875,-13.18359375,-31.25
218.24609375,10.25390625,-17.08984375,-11.23046875,-12.20703125
218.25,15.13671875,-8.7890625,-25.390625,-12.6953125
218.25390625,25.87890625,1.953125,-24.4140625,-10.7421875
218.2578125,-9.765625,10.25390625,-18.06640625,-4.8828125
218.26171875,-20.99609375,7.32421875,-23.92578125,-14.16015625
218.265625,39.55078125,-0.48828125,-24.4140625,3.90625
218.26953125,61.5234375,-0.48828125,-18.06640625,24.4140625
218.2734375,46.38671875,1.953125,-24.90234375,10.7421875
218.27734375,47.8515625,5.37109375,-36.62109375,20.5078125
218.28125,38.0859375,-5.37109375,-58.10546875,-19.04296875
218.28515625,41.50390625,-23.4375,-36.62109375,-4.39453125
218.2890625,34.66796875,-22.4609375,-27.83203125,15.13671875
218.29296875,8.7890625,-3.90625,-44.43359375,-39.55078125
218.296875,8.7890625,1.953125,-31.25,-30.76171875
218.30078125,-11.23046875,-3.90625,-18.06640625,0.0
218.3046875,3.90625,2.44140625,-25.390625,-14.16015625
218.30859375,10.25390625,5.37109375,-36.62109375,-25.390625
218.3125,9.27734375,1.953125,-38.57421875,-23.92578125
218.31640625,10.7421875,-1.46484375,-36.1328125,-8.30078125
218.3203125,12.6953125,-5.859375,-39.0625,-38.57421875
218.32421875,15.13671875,-2.9296875,-39.55078125,-38.0859375
218.328125,10.7421875,-0.9765625,-36.62109375,29.78515625
218.33203125,14.16015625,0.48828125,-33.203125,65.4296875
218.3359375,-3.90625,-10.7421875,-41.015625,7.8125
218.33984375,12.6953125,-4.39453125,-46.38671875,-15.625
218.34375,19.04296875,19.04296875,-39.55078125,-8.30078125
218.34765625,26.85546875,-1.953125,-21.484375,-22.4609375
218.3515625,-26.85546875,-19.04296875,-14.16015625,-21.484375
218.35546875,-95.21484375,-8.30078125,-24.90234375,-14.16015625
218.359375,-105.46875,-6.8359375,-30.2734375,-10.25390625
218.36328125,-109.86328125,-8.30078125,-34.66796875,-19.04296875
218.3671875,-103.02734375,-21.97265625,-38.57421875,-19.53125
218.37109375,-68.359375,-30.76171875,-15.13671875,26.85546875
218.375,-72.75390625,-3.90625,-9.765625,78.125
218.37890625,-104.4921875,3.41796875,-23.92578125,0.9765625
218.3828125,-116.69921875,-3.41796875,-26.85546875,-80.56640625
218.38671875,-108.3984375,5.859375,-40.52734375,-66.40625
218.390625,-67.3828125,0.48828125,-64.94140625,0.9765625
218.39453125,-83.0078125,-6.34765625,-54.6875,-3.41796875
218.3984375,-118.65234375,-5.37109375,-43.45703125,-82.03125
218.40234375,-67.87109375,1.46484375,-48.828125,-80.56640625
218.40625,-18.5546875,2.9296875,-54.19921875,-70.3125
218.41015625,-10.7421875,6.8359375,-65.4296875,-68.359375
218.4140625,-1.953125,11.23046875,-71.77734375,-85.9375
218.41796875,6.8359375,13.671875,-83.49609375,-61.03515625
218.421875,21.97265625,7.32421875,-96.6796875,-48.33984375
218.42578125,33.69140625,-7.32421875,-87.40234375,-87.40234375
218.4296875,21.97265625,-11.23046875,-72.265625,-86.9140625
218.43359375,0.48828125,-16.11328125,-61.5234375,-36.62109375
218.4375,4.39453125,-25.390625,-47.8515625,-24.4140625
218.44140625,3.90625,-17.08984375,-52.24609375,-56.15234375
218.4453125,1.46484375,-3.90625,-65.4296875,-53.7109375
218.44921875,40.0390625,-0.9765625,-63.96484375,-58.59375
218.453125,51.7578125,-1.46484375,-64.94140625,-47.36328125
218.45703125,16.6015625,-0.48828125,-59.08203125,37.109375
218.4609375,13.18359375,5.37109375,-61.5234375,-32.71484375
218.46484375,39.55078125,4.8828125,-54.19921875,-84.9609375
218.46875,41.015625,-7.8125,-39.0625,-33.203125
218.47265625,39.55078125,-20.5078125,-28.80859375,-37.59765625
218.4765625,42.96875,-11.23046875,-34.1796875,-39.0625
218.48046875,59.08203125,0.9765625,-54.6875,-45.8984375
218.484375,57.6171875,-0.48828125,-44.921875,-22.94921875
218.48828125,42.96875,-3.90625,-26.3671875,-15.625
218.4921875,49.31640625,-10.25390625,-19.04296875,-47.36328125
218.49609375,62.01171875,-16.11328125,-21.484375,-35.64453125
218.5,81.0546875,-13.671875,-23.92578125,20.5078125
218.50390625,68.359375,-7.32421875,-29.296875,26.85546875
218.5078125,61.5234375,-19.04296875,-43.45703125,-19.53125
218.51171875,61.03515625,-30.76171875,-35.15625,-9.765625
218.515625,52.24609375,-19.04296875,-27.34375,4.39453125
218.51953125,56.640625,1.953125,-27.83203125,-15.625
218.5234375,45.41015625,0.9765625,-21.97265625,-19.53125
218.52734375,35.15625,-9.765625,-12.6953125,-23.4375
218.53125,58.59375,-14.6484375,-14.16015625,5.859375
218.53515625,71.2890625,-23.92578125,-21.97265625,28.3203125
218.5390625,83.49609375,-17.08984375,-23.4375,0.0
218.54296875,91.30859375,-8.30078125,-22.4609375,-14.6484375
218.546875,58.59375,-16.6015625,-17.08984375,-39.55078125
218.55078125,48.828125,-16.6015625,-16.11328125,-45.8984375
218.5546875,51.26953125,-16.11328125,-18.06640625,-7.32421875
218.55859375,58.10546875,-20.01953125,-19.04296875,38.57421875
218.5625,83.984375,-15.13671875,-30.2734375,39.0625
218.56640625,54.6875,-24.90234375,-16.11328125,59.5703125
218.5703125,35.15625,-45.41015625,3.41796875,63.96484375
218.57421875,34.66796875,-35.64453125,-12.20703125,-16.11328125
218.578125,32.2265625,-18.5546875,-25.87890625,-41.9921875
218.58203125,37.109375,-6.34765625,-30.2734375,-9.27734375
218.5859375,29.296875,-4.8828125,-30.2734375,18.06640625
218.58984375,47.36328125,-9.765625,-31.25,15.13671875
218.59375,83.0078125,-18.06640625,-35.64453125,-17.08984375
218.59765625,69.82421875,-17.578125,-25.390625,-21.484375
218.6015625,53.22265625,-9.765625,-19.04296875,-30.76171875
218.60546875,73.2421875,-20.01953125,-26.85546875,-12.6953125
218.609375,54.6875,-26.3671875,-42.96875,27.83203125
218.61328125,38.0859375,-24.90234375,-45.8984375,29.296875
218.6171875,37.59765625,-19.04296875,-43.45703125,-3.41796875
218.62109375,36.1328125,-15.625,-54.19921875,-10.7421875
218.625,29.78515625,-18.5546875,-41.015625,10.25390625
218.62890625,22.4609375,-22.4609375,-35.64453125,61.03515625
218.6328125,7.32421875,-22.94921875,-34.66796875,16.6015625
218.63671875,35.15625,-24.4140625,-20.5078125,-51.26953125
218.640625,68.359375,-19.53125,-13.671875,-32.71484375
218.64453125,32.2265625,-23.4375,-17.08984375,-16.11328125
218.6484375,16.6015625,-28.80859375,-18.5546875,-19.04296875
218.65234375,30.2734375,-23.4375,-16.11328125,-27.83203125
218.65625,35.64453125,-20.99609375,-16.6015625,-12.20703125
218.66015625,31.73828125,-21.97265625,-16.6015625,17.578125
218.6640625,45.8984375,-21.97265625,-37.109375,-4.8828125
218.66796875,53.7109375,-21.97265625,-40.0390625,-40.0390625
218.671875,42.48046875,-32.71484375,-11.71875,-10.7421875
218.67578125,39.0625,-32.2265625,-1.46484375,10.25390625
218.6796875,28.3203125,-10.7421875,0.48828125,-9.27734375
218.68359375,9.765625,-8.30078125,3.41796875,7.8125
218.6875,23.92578125,-15.13671875,-8.30078125,23.92578125
218.69140625,41.50390625,-10.25390625,-23.4375,20.5078125
218.6953125,67.3828125,-3.41796875,-21.484375,11.71875
218.69921875,44.921875,-12.6953125,-20.01953125,-18.5546875
218.703125,22.94921875,-22.4609375,-36.1328125,-18.06640625
218.70703125,36.1328125,-28.3203125,-38.0859375,4.39453125
218.7109375,41.50390625,-20.5078125,-22.94921875,-20.99609375
218.71484375,48.33984375,-8.30078125,-19.04296875,-32.71484375
218.71875,29.296875,-16.6015625,-16.11328125,-24.90234375
218.72265625,8.30078125,-24.90234375,-12.6953125,5.37109375
218.7265625,44.921875,-22.4609375,-13.671875,-8.30078125
218.73046875,85.44921875,-20.99609375,-27.83203125,-45.8984375
218.734375,61.5234375,-20.01953125,-50.78125,-24.4140625
218.73828125,26.3671875,-21.97265625,-38.0859375,24.4140625
218.7421875,42.96875,-32.71484375,-24.4140625,15.13671875
218.74609375,36.62109375,-38.0859375,-26.85546875,-24.4140625
218.75,30.2734375,-28.80859375,-26.3671875,-23.92578125
218.75390625,43.9453125,-23.4375,-42.96875,-1.953125
218.7578125,63.4765625,-22.94921875,-72.265625,10.7421875
218.76171875,73.73046875,-11.71875,-55.6640625,-28.80859375
218.765625,55.6640625,-3.90625,-34.66796875,-70.80078125
218.76953125,48.33984375,-5.859375,-40.0390625,-67.3828125
218.7734375,46.875,-9.765625,-28.80859375,-40.52734375
218.77734375,67.87109375,-15.13671875,-9.765625,-23.92578125
218.78125,115.234375,-20.01953125,-0.48828125,-4.8828125
218.78515625,79.1015625,-14.16015625,-5.859375,-5.859375
218.7890625,55.6640625,-9.765625,-28.3203125,-16.11328125
218.79296875,72.265625,-16.6015625,-33.203125,-9.765625
218.796875,45.8984375,-22.94921875,-27.83203125,-4.39453125
218.80078125,33.69140625,-24.90234375,-25.390625,-11.71875
218.8046875,64.94140625,-21.484375,-29.296875,-47.36328125
218.80859375,75.1953125,-20.5078125,-29.78515625,-41.9921875
218.8125,73.2421875,-15.13671875,-25.390625,-19.04296875
218.81640625,90.33203125,-12.6953125,-24.4140625,12.20703125
218.8203125,85.9375,-15.625,-26.3671875,27.34375
218.82421875,83.49609375,-12.20703125,-29.296875,-0.48828125
218.828125,91.796875,-12.20703125,-46.38671875,-6.34765625
218.83203125,69.3359375,-16.6015625,-47.36328125,-10.25390625
218.8359375,52.24609375,-16.11328125,-25.87890625,-19.04296875
218.83984375,47.36328125,-16.6015625,-20.01953125,-5.859375
218.84375,56.640625,-12.6953125,-20.99609375,39.0625
218.84765625,80.56640625,-14.16015625,-15.625,12.6953125
218.8515625,79.58984375,-19.53125,-5.859375,-8.7890625
218.85546875,57.6171875,-18.06640625,-10.25390625,14.16015625
218.859375,60.05859375,-2.9296875,-23.4375,22.4609375
218.86328125,84.9609375,6.34765625,-23.92578125,-6.8359375
218.8671875,73.73046875,-3.41796875,-14.6484375,-16.11328125
218.87109375,73.73046875,-10.7421875,-6.8359375,-11.71875
218.875,69.3359375,-7.8125,-3.90625,-18.06640625
218.87890625,64.453125,-12.6953125,-3.90625,-7.32421875
218.8828125,63.96484375,-24.90234375,-8.7890625,-9.765625
218.88671875,62.98828125,-21.484375,-37.109375,10.7421875
218.890625,79.1015625,-5.859375,-36.1328125,48.828125
218.89453125,93.75,5.37109375,7.32421875,47.36328125
218.8984375,81.54296875,3.41796875,13.671875,11.71875
218.90234375,75.1953125,-8.7890625,-14.16015625,-9.27734375
218.90625,94.7265625,-11.71875,-20.99609375,6.34765625
218.91015625,48.33984375,-11.23046875,-4.39453125,48.33984375
218.9140625,26.3671875,-16.6015625,-11.71875,28.3203125
218.91796875,47.36328125,-17.08984375,-22.4609375,-20.99609375
218.921875,55.6640625,-21.484375,-11.23046875,-8.7890625
218.92578125,49.31640625,-5.37109375,-6.8359375,-10.25390625
218.9296875,43.9453125,9.765625,-15.13671875,3.90625
218.93359375,36.1328125,3.41796875,-20.01953125,11.23046875
218.9375,28.80859375,-6.8359375,-15.13671875,-7.32421875
218.94140625,35.15625,-8.30078125,-10.7421875,-4.39453125
218.9453125,41.50390625,-11.23046875,-12.20703125,3.41796875
218.94921875,49.31640625,-18.06640625,-23.4375,-18.5546875
218.953125,60.546875,-19.53125,-24.4140625,38.57421875
218.95703125,41.015625,-20.01953125,-20.01953125,70.80078125
218.9609375,52.734375,-17.08984375,-31.25,-18.06640625
218.96484375,62.01171875,-9.27734375,-42.96875,-23.4375
218.96875,33.203125,-20.5078125,-31.73828125,-8.30078125
218.97265625,14.6484375,-33.203125,-11.23046875,-28.80859375
218.9765625,24.90234375,-27.34375,-5.859375,-32.71484375
218.98046875,38.57421875,-25.87890625,-13.18359375,-14.6484375
218.984375,46.38671875,-32.2265625,-15.625,-2.9296875
218.98828125,41.9921875,-36.62109375,-18.5546875,-7.8125
218.9921875,43.9453125,-30.76171875,-23.92578125,-25.390625
218.99609375,52.24609375,-25.390625,-20.5078125,-19.53125
219.0,54.6875,-23.4375,-23.4375,-8.7890625
219.00390625,59.5703125,-17.08984375,-43.9453125,-8.7890625
219.0078125,43.9453125,-16.11328125,-51.7578125,9.27734375
219.01171875,39.55078125,-13.671875,-39.0625,-12.6953125
219.015625,37.59765625,-16.6015625,-27.34375,-7.8125
219.01953125,34.1796875,-22.94921875,-17.578125,-6.34765625
219.0234375,36.1328125,-29.296875,-25.87890625,-34.66796875
219.02734375,40.52734375,-38.0859375,-33.69140625,0.0
219.03125,39.0625,-25.87890625,-18.06640625,4.8828125
219.03515625,54.19921875,-18.06640625,-29.78515625,-36.62109375
219.0390625,49.8046875,-16.6015625,-37.109375,-22.94921875
219.04296875,27.83203125,-14.16015625,-46.875,-6.34765625
219.046875,37.59765625,-16.6015625,-66.40625,-1.953125
219.05078125,23.4375,-21.97265625,-47.8515625,-16.11328125
219.0546875,14.16015625,-24.4140625,-26.85546875,-29.78515625
219.05859375,38.57421875,-27.83203125,-23.92578125,-23.4375
219.0625,43.45703125,-28.3203125,-29.78515625,-17.578125
219.06640625,26.3671875,-24.90234375,-26.3671875,-13.18359375
219.0703125,71.2890625,-27.34375,-26.85546875,0.48828125
219.07421875,122.55859375,-25.87890625,-32.71484375,2.9296875
219.078125,71.2890625,-25.87890625,-35.64453125,-10.7421875
219.08203125,17.578125,-30.2734375,-39.0625,-28.3203125
219.0859375,24.4140625,-27.34375,-27.34375,7.8125
219.08984375,20.01953125,-23.4375,-17.578125,26.85546875
219.09375,6.8359375,-25.390625,-24.4140625,-17.578125
219.09765625,-0.48828125,-32.2265625,-6.8359375,-48.828125
219.1015625,-3.41796875,-34.1796875,19.53125,-27.83203125
219.10546875,24.90234375,-35.15625,21.97265625,-3.41796875
219.109375,12.6953125,-41.50390625,27.34375,-17.578125
219.11328125,10.25390625,-45.41015625,22.94921875,-25.87890625
219.1171875,25.87890625,-46.875,-9.27734375,-2.9296875
219.12109375,37.59765625,-45.41015625,0.9765625,24.90234375
219.125,15.13671875,-40.52734375,19.04296875,8.7890625
219.12890625,5.859375,-34.66796875,17.08984375,-45.8984375
219.1328125,31.25,-34.66796875,8.7890625,-26.3671875
219.13671875,-5.37109375,-41.9921875,9.27734375,-12.6953125
219.140625,-34.66796875,-34.1796875,18.5546875,-47.8515625
219.14453125,-1.46484375,-23.4375,27.83203125,-27.83203125
219.1484375,27.34375,-27.83203125,37.109375,8.30078125
219.15234375,22.4609375,-26.3671875,24.90234375,20.5078125
219.15625,39.0625,-28.3203125,4.39453125,6.34765625
219.16015625,59.08203125,-25.390625,1.46484375,-3.90625
219.1640625,62.5,-20.5078125,-14.16015625,4.39453125
219.16796875,41.50390625,-22.94921875,-14.16015625,15.625
219.171875,34.1796875,-17.08984375,7.32421875,-9.27734375
219.17578125,40.0390625,-7.32421875,5.37109375,-25.390625
219.1796875,34.66796875,-12.20703125,-4.39453125,-4.39453125
219.18359375,70.3125,-17.08984375,-8.30078125,2.9296875
219.1875,65.91796875,-24.4140625,-4.39453125,-5.37109375
219.19140625,44.921875,-35.64453125,-8.7890625,2.44140625
219.1953125,45.41015625,-30.76171875,-18.06640625,-8.30078125
219.19921875,46.875,-22.94921875,-20.01953125,-15.625
219.203125,46.875,-24.4140625,-16.11328125,-5.37109375
219.20703125,42.96875,-25.390625,-7.8125,0.9765625
219.2109375,37.59765625,-36.1328125,-2.44140625,8.7890625
219.21484375,50.78125,-55.17578125,-11.23046875,8.30078125
219.21875,60.05859375,-45.8984375,-27.34375,4.39453125
219.22265625,33.69140625,-21.484375,-29.296875,4.8828125
219.2265625,43.45703125,-11.23046875,-11.71875,-2.44140625
219.23046875,70.3125,-15.13671875,-4.39453125,-0.9765625
219.234375,47.36328125,-19.53125,-27.34375,-6.8359375
219.23828125,37.59765625,-24.4140625,-27.83203125,9.27734375
219.2421875,2.9296875,-24.4140625,-12.6953125,-5.37109375
219.24609375,-27.83203125,-27.34375,15.13671875,-30.76171875
219.25,14.16015625,-41.9921875,29.296875,-11.71875
219.25390625,57.6171875,-31.25,24.4140625,26.85546875
219.2578125,43.9453125,-33.69140625,9.27734375,7.8125
219.26171875,6.34765625,-41.9921875,-21.97265625,-25.87890625
219.265625,-66.40625,-11.71875,-26.3671875,-30.76171875
219.26953125,-108.88671875,-1.46484375,-21.97265625,-67.87109375
219.2734375,-96.19140625,-0.48828125,-27.34375,-59.5703125
219.27734375,-38.57421875,13.18359375,-30.2734375,3.41796875
219.28125,-42.48046875,4.39453125,-38.57421875,-15.625
219.28515625,-52.24609375,3.90625,-56.640625,-33.203125
219.2890625,-10.7421875,19.04296875,-71.2890625,4.39453125
219.29296875,-26.85546875,11.71875,-57.6171875,37.59765625
219.296875,-43.9453125,-2.9296875,-39.55078125,-19.53125
219.30078125,-38.0859375,-17.578125,-26.85546875,-76.171875
219.3046875,-32.2265625,-10.25390625,-29.78515625,-50.78125
219.30859375,-38.0859375,9.765625,-42.96875,-55.17578125
219.3125,-22.94921875,12.20703125,-35.15625,-27.83203125
219.31640625,-12.6953125,5.859375,-25.87890625,67.87109375
219.3203125,23.4375,5.37109375,-41.50390625,-48.33984375
219.32421875,45.41015625,-0.9765625,-40.52734375,-69.3359375
219.328125,62.01171875,0.48828125,-31.73828125,-4.39453125
219.33203125,95.21484375,4.8828125,-23.92578125,8.7890625
219.3359375,118.1640625,2.9296875,-19.04296875,14.16015625
219.33984375,92.7734375,7.8125,-23.4375,8.7890625
219.34375,57.6171875,9.27734375,-38.57421875,-7.32421875
219.34765625,29.296875,11.71875,-54.19921875,1.46484375
219.3515625,61.03515625,10.25390625,-41.50390625,3.90625
219.35546875,106.93359375,2.9296875,-22.94921875,29.78515625
219.359375,78.61328125,-1.953125,-8.30078125,118.65234375
219.36328125,69.82421875,-3.90625,-20.5078125,18.06640625
219.3671875,69.3359375,4.39453125,-32.71484375,-74.21875
219.37109375,83.984375,6.34765625,-18.5546875,-13.671875
219.375,106.4453125,7.32421875,-24.4140625,20.5078125
219.37890625,112.3046875,12.20703125,-32.2265625,27.34375
219.3828125,64.94140625,3.90625,-19.04296875,10.25390625
219.38671875,38.0859375,-8.7890625,-10.7421875,12.6953125
219.390625,85.9375,-5.37109375,-21.484375,9.27734375
219.39453125,74.70703125,-3.90625,-19.53125,18.06640625
219.3984375,66.89453125,-4.39453125,-14.6484375,61.03515625
219.40234375,70.3125,-6.8359375,-9.27734375,33.69140625
219.40625,16.6015625,-9.27734375,-15.13671875,12.20703125
219.41015625,27.34375,-3.90625,-30.76171875,27.83203125
219.4140625,48.828125,-0.48828125,-33.69140625,78.125
219.41796875,7.8125,-8.30078125,-24.90234375,49.31640625
219.421875,-35.15625,-12.20703125,-18.06640625,19.04296875
219.42578125,-71.77734375,-11.71875,-37.59765625,75.1953125
219.4296875,-87.40234375,-26.3671875,-29.78515625,93.26171875
219.43359375,-42.96875,-32.2265625,3.90625,128.41796875
219.4375,10.25390625,-18.06640625,-5.859375,4.39453125
219.44140625,20.99609375,-14.16015625,-17.08984375,-48.33984375
219.4453125,60.05859375,-17.08984375,-23.4375,37.59765625
219.44921875,84.9609375,-20.01953125,-31.25,73.2421875
219.453125,3.90625,-30.2734375,-17.578125,6.8359375
219.45703125,4.39453125,-30.2734375,-26.3671875,14.6484375
219.4609375,38.0859375,-20.99609375,-49.31640625,124.0234375
219.46484375,7.32421875,-26.3671875,-24.4140625,73.2421875
219.46875,61.03515625,-26.85546875,-12.20703125,-2.9296875
219.47265625,101.07421875,-15.13671875,-31.25,27.34375
219.4765625,107.91015625,-16.11328125,-29.78515625,23.4375
219.48046875,112.79296875,-17.578125,-27.83203125,6.8359375
219.484375,72.265625,-19.53125,-21.484375,16.6015625
219.48828125,67.87109375,-24.90234375,-23.4375,-8.30078125
219.4921875,75.68359375,-28.80859375,-36.1328125,-40.52734375
219.49609375,45.41015625,-26.85546875,-37.59765625,-6.34765625
219.5,43.9453125,-19.04296875,-45.41015625,12.20703125
219.50390625,72.75390625,-20.01953125,-47.36328125,1.46484375
219.5078125,48.828125,-20.5078125,-41.9921875,19.53125
219.51171875,12.6953125,-15.13671875,-54.19921875,-16.6015625
219.515625,19.53125,-25.87890625,-46.875,-20.01953125
219.51953125,24.90234375,-29.78515625,-46.38671875,-20.01953125
219.5234375,-2.44140625,-22.94921875,-72.75390625,-75.68359375
219.52734375,-1.953125,-27.83203125,-63.96484375,-84.47265625
219.53125,-2.44140625,-36.1328125,-44.43359375,-42.96875
219.53515625,-20.5078125,-27.83203125,-54.6875,-43.9453125
219.5390625,2.44140625,-19.04296875,-46.875,-53.7109375
219.54296875,29.296875,-21.97265625,-23.4375,-53.22265625
219.546875,-14.16015625,-22.94921875,-19.53125,-93.75
219.55078125,-20.99609375,-25.390625,-20.99609375,-117.1875
219.5546875,21.484375,-18.06640625,-24.4140625,-92.7734375
219.55859375,-20.99609375,-16.6015625,-22.4609375,-131.34765625
219.5625,-90.8203125,-32.2265625,-18.5546875,-123.53515625
219.56640625,-92.7734375,-34.66796875,-11.23046875,-108.3984375
219.5703125,-76.66015625,-20.5078125,-12.20703125,-143.06640625
219.57421875,-88.8671875,-21.484375,-8.7890625,-140.625
219.578125,-83.984375,-25.390625,-6.34765625,-143.5546875
219.58203125,-96.19140625,-26.85546875,-3.41796875,-131.8359375
219.5859375,-89.84375,-36.1328125,0.0,-125.9765625
219.58984375,-61.5234375,-35.64453125,-2.9296875,-118.65234375
219.59375,-67.87109375,-27.83203125,-2.44140625,-89.84375
219.59765625,-37.59765625,-22.94921875,-3.41796875,-127.44140625
219.6015625,-42.48046875,-14.6484375,-5.859375,-123.53515625
219.60546875,-68.84765625,-20.01953125,-7.32421875,-60.546875
219.609375,-81.0546875,-34.1796875,20.99609375,-52.734375
219.61328125,-76.171875,-40.0390625,33.69140625,-54.6875
219.6171875,-62.98828125,-40.0390625,26.85546875,-41.9921875
219.62109375,-59.08203125,-39.0625,21.97265625,-28.80859375
219.625,-77.1484375,-36.62109375,10.7421875,-62.98828125
219.62890625,-93.26171875,-45.8984375,11.23046875,-105.95703125
219.6328125,-56.640625,-45.8984375,4.8828125,-96.6796875
219.63671875,-37.59765625,-40.0390625,15.625,-51.7578125
219.640625,-20.01953125,-32.71484375,13.18359375,-29.78515625
219.64453125,18.5546875,-27.83203125,-18.06640625,-52.734375
219.6484375,12.20703125,-26.3671875,-9.765625,-46.38671875
219.65234375,-10.7421875,-26.3671875,26.3671875,-31.73828125
219.65625,-49.8046875,-31.73828125,39.55078125,-19.53125
219.66015625,-36.1328125,-29.78515625,38.57421875,-21.97265625
219.6640625,-25.390625,-22.94921875,36.62109375,-34.1796875
219.66796875,-44.43359375,-18.06640625,23.4375,-2.9296875
219.671875,-36.1328125,-12.6953125,16.11328125,10.25390625
219.67578125,-1.46484375,-17.578125,9.765625,-20.01953125
219.6796875,2.44140625,-28.80859375,12.20703125,-14.6484375
219.68359375,51.26953125,-25.87890625,19.04296875,50.78125
219.6875,108.3984375,-17.08984375,11.71875,37.109375
219.69140625,23.4375,-23.92578125,1.953125,-41.50390625
219.6953125,-6.8359375,-27.83203125,-5.859375,-54.6875
219.69921875,81.0546875,-24.90234375,-10.7421875,-16.6015625
219.703125,113.76953125,-30.2734375,-16.6015625,4.39453125
219.70703125,103.515625,-26.3671875,-12.20703125,5.859375
219.7109375,122.55859375,-17.578125,-3.90625,39.55078125
219.71484375,66.40625,-20.01953125,-4.8828125,60.546875
219.71875,44.921875,-24.90234375,-4.39453125,51.26953125
219.72265625,118.65234375,-20.01953125,-5.859375,41.50390625
219.7265625,133.30078125,-16.6015625,-18.5546875,25.87890625
219.73046875,131.8359375,-16.11328125,-28.3203125,35.64453125
219.734375,138.18359375,-24.4140625,-24.90234375,49.8046875
219.73828125,140.13671875,-28.3203125,-20.99609375,66.40625
219.7421875,147.4609375,-24.90234375,-21.484375,51.7578125
219.74609375,119.62890625,-23.4375,-15.625,39.55078125
219.75,106.93359375,-19.04296875,-12.6953125,54.19921875
219.75390625,153.3203125,-19.53125,-38.0859375,88.37890625
219.7578125,198.73046875,-14.6484375,-51.7578125,111.328125
219.76171875,178.7109375,-14.6484375,-25.390625,83.49609375
219.765625,153.80859375,-17.08984375,-6.34765625,38.0859375
219.76953125,160.15625,-6.34765625,-25.390625,83.49609375
219.7734375,101.5625,-7.8125,-41.50390625,130.859375
219.77734375,125.0,-11.71875,-18.5546875,45.41015625
219.78125,177.734375,-8.30078125,-6.8359375,5.859375
219.78515625,165.52734375,-25.87890625,12.20703125,40.0390625
219.7890625,146.97265625,-21.97265625,19.04296875,71.77734375
219.79296875,126.46484375,-7.32421875,6.34765625,101.07421875
219.796875,186.5234375,-15.13671875,-9.765625,134.27734375
219.80078125,270.5078125,-24.90234375,-20.5078125,44.921875
219.8046875,282.71484375,-20.01953125,-19.53125,-46.38671875
219.80859375,254.8828125,-9.765625,-29.296875,-31.25
219.8125,255.37109375,-10.7421875,-33.69140625,-79.58984375
219.81640625,278.80859375,-23.92578125,-24.4140625,-95.703125
219.8203125,303.22265625,-28.80859375,-30.76171875,-23.4375
219.82421875,328.61328125,-21.484375,-21.97265625,-0.48828125
219.828125,310.05859375,-14.6484375,-18.06640625,-22.94921875
219.83203125,307.6171875,-17.578125,-34.66796875,-15.625
219.8359375,306.15234375,-27.34375,-28.3203125,-47.8515625
219.83984375,307.6171875,-15.13671875,-18.5546875,-56.640625
219.84375,278.80859375,-5.859375,-6.34765625,-29.296875
219.84765625,258.7890625,-5.37109375,10.25390625,-35.15625
219.8515625,281.73828125,1.953125,3.90625,-64.94140625
219.85546875,302.24609375,-1.46484375,-1.953125,-104.4921875
219.859375,310.546875,-12.6953125,-9.765625,-80.078125
219.86328125,304.6875,-11.23046875,-22.94921875,-40.0390625
219.8671875,374.0234375,-8.7890625,-17.08984375,-47.8515625
219.87109375,455.56640625,-18.06640625,-2.44140625,-7.8125
219.875,413.0859375,-27.83203125,4.8828125,-14.6484375
219.87890625,402.34375,-24.4140625,5.859375,-12.6953125
219.8828125,399.90234375,-6.8359375,-14.6484375,-24.4140625
219.88671875,386.71875,-2.44140625,-19.53125,-44.43359375
219.890625,392.578125,2.44140625,-5.859375,-54.6875
219.89453125,341.30859375,0.48828125,1.46484375,-62.98828125
219.8984375,373.53515625,-21.97265625,4.8828125,-2.9296875
219.90234375,416.9921875,-17.578125,-2.44140625,6.8359375
219.90625,365.234375,2.9296875,-8.30078125,-13.671875
219.91015625,304.6875,8.7890625,6.8359375,-26.3671875
219.9140625,287.59765625,10.7421875,9.765625,-25.87890625
219.91796875,292.96875,14.16015625,5.37109375,-27.83203125
219.921875,282.71484375,5.37109375,-1.46484375,-45.41015625
219.92578125,257.32421875,-8.30078125,1.46484375,-38.57421875
219.9296875,230.95703125,-5.859375,8.7890625,-28.3203125
219.93359375,232.91015625,4.39453125,7.32421875,18.06640625
219.9375,219.7265625,-0.48828125,26.3671875,5.859375
219.94140625,212.40234375,-8.7890625,30.2734375,-40.0390625
219.9453125,238.76953125,-6.8359375,21.484375,-4.8828125
219.94921875,231.93359375,-6.34765625,27.34375,-5.859375
219.953125,220.21484375,-0.9765625,30.2734375,-29.296875
219.95703125,267.08984375,9.765625,23.92578125,-9.765625
219.9609375,273.92578125,1.46484375,18.5546875,-2.9296875
219.96484375,244.140625,-3.41796875,13.18359375,-49.8046875
219.96875,276.85546875,-1.46484375,-8.30078125,-35.64453125
219.97265625,268.06640625,-15.625,-2.44140625,13.18359375
219.9765625,243.65234375,-23.92578125,13.18359375,-35.15625
219.98046875,250.9765625,-17.578125,21.484375,-38.0859375
219.984375,226.07421875,-7.32421875,30.2734375,2.9296875
219.98828125,208.984375,10.25390625,12.20703125,-16.6015625
219.9921875,200.68359375,15.625,-5.859375,-26.3671875
219.99609375,163.57421875,2.44140625,2.9296875,-14.16015625
220.0,160.15625,-3.90625,5.37109375,-16.11328125
220.00390625,165.52734375,8.7890625,-31.25,-20.99609375
220.0078125,133.7890625,11.71875,-34.1796875,-48.33984375
220.01171875,125.9765625,3.90625,8.30078125,-85.9375
220.015625,137.20703125,-5.859375,32.71484375,-52.734375
220.01953125,142.578125,-7.32421875,27.34375,-6.8359375
220.0234375,158.203125,-8.7890625,5.859375,-9.765625
220.02734375,184.5703125,-5.859375,-6.34765625,-21.484375
220.03125,173.33984375,-3.41796875,-8.30078125,-9.27734375
220.03515625,171.875,-3.90625,-20.5078125,-29.296875
220.0390625,154.296875,-12.6953125,-36.1328125,-14.6484375
220.04296875,80.078125,-28.80859375,-29.296875,-50.29296875
220.046875,122.55859375,-24.90234375,-20.01953125,-76.171875
220.05078125,151.85546875,-5.859375,-22.94921875,-51.26953125
220.0546875,147.4609375,-0.9765625,-22.4609375,-19.04296875
220.05859375,186.03515625,-15.625,-16.11328125,-19.04296875
220.0625,167.48046875,-23.92578125,-8.7890625,-58.10546875
220.06640625,165.52734375,-23.4375,-10.7421875,-17.578125
220.0703125,142.578125,-22.94921875,-20.01953125,-48.828125
220.07421875,115.72265625,-23.4375,-20.01953125,-71.2890625
220.078125,169.43359375,-29.296875,-20.5078125,-41.9921875
220.08203125,157.2265625,-23.92578125,-28.80859375,-15.625
220.0859375,125.9765625,-7.32421875,-41.9921875,-30.2734375
220.08984375,118.1640625,-4.8828125,-46.875,-22.94921875
220.09375,116.2109375,-8.7890625,-35.64453125,30.2734375
220.09765625,89.35546875,2.44140625,-46.875,-29.78515625
220.1015625,88.37890625,3.90625,-66.40625,-82.51953125
220.10546875,86.42578125,-2.44140625,-39.0625,-43.9453125
220.109375,28.80859375,-4.39453125,-22.4609375,-67.87109375
220.11328125,48.33984375,-10.25390625,-35.64453125,-70.3125
220.1171875,86.9140625,-5.37109375,-43.9453125,-57.12890625
220.12109375,68.359375,-4.8828125,-39.55078125,-53.22265625
220.125,89.84375,-10.7421875,-28.3203125,-22.4609375
220.12890625,73.2421875,-7.32421875,-24.90234375,-1.953125
220.1328125,80.078125,-6.34765625,-49.8046875,-15.625
220.13671875,74.70703125,-13.671875,-71.77734375,-42.96875
220.140625,28.80859375,-20.01953125,-57.12890625,-60.05859375
220.14453125,29.296875,-19.04296875,-32.71484375,-59.08203125
220.1484375,32.71484375,-26.3671875,-31.73828125,-28.80859375
220.15234375,38.0859375,-25.87890625,-32.71484375,-16.11328125
220.15625,28.80859375,-21.484375,-28.80859375,-43.9453125
220.16015625,-15.625,-31.73828125,-28.80859375,-40.52734375
220.1640625,-27.83203125,-42.48046875,-34.66796875,-53.7109375
220.16796875,4.39453125,-27.34375,-46.38671875,-81.0546875
220.171875,-2.9296875,-22.94921875,-58.10546875,-73.73046875
220.17578125,6.8359375,-32.2265625,-43.9453125,-59.08203125
220.1796875,9.27734375,-31.25,-16.11328125,-62.01171875
220.18359375,-20.5078125,-34.1796875,-8.7890625,-38.0859375
220.1875,12.6953125,-29.296875,-20.99609375,-38.57421875
220.19140625,26.85546875,-9.27734375,-38.57421875,-50.78125
220.1953125,36.1328125,-8.7890625,-44.921875,-20.99609375
220.19921875,46.38671875,-21.484375,-36.62109375,12.20703125
220.203125,18.5546875,-18.5546875,-30.76171875,-43.45703125
220.20703125,14.6484375,-10.7421875,-30.2734375,-79.1015625
220.2109375,16.6015625,-7.8125,-27.34375,-39.0625
220.21484375,27.34375,-13.18359375,-20.99609375,-8.7890625
220.21875,-3.41796875,-24.4140625,-12.20703125,-35.64453125
220.22265625,9.765625,-18.06640625,-16.11328125,-27.83203125
220.2265625,36.1328125,-14.6484375,-32.2265625,-49.8046875
220.23046875,6.8359375,-21.97265625,-35.15625,-63.96484375
220.234375,-8.30078125,-29.296875,-46.875,-51.7578125
220.23828125,-4.39453125,-40.0390625,-82.03125,-34.1796875
220.2421875,14.16015625,-51.7578125,-80.078125,-7.32421875
220.24609375,40.0390625,-49.31640625,-57.6171875,-15.13671875
220.25,15.13671875,-34.1796875,-50.29296875,-61.03515625
220.25390625,-12.6953125,-23.92578125,-45.41015625,-39.55078125
220.2578125,-16.6015625,-19.04296875,-36.1328125,-0.9765625
220.26171875,-6.8359375,-22.4609375,-41.50390625,33.69140625
220.265625,-13.18359375,-23.4375,-54.6875,37.109375
220.26953125,18.5546875,-11.23046875,-56.15234375,-12.20703125
220.2734375,25.390625,-9.27734375,-41.015625,-38.57421875
220.27734375,0.9765625,-25.390625,-25.390625,-49.8046875
220.28125,-2.44140625,-38.57421875,-34.66796875,-90.8203125
220.28515625,29.78515625,-32.2265625,-46.875,-78.125
220.2890625,41.9921875,-30.2734375,-57.6171875,-57.12890625
220.29296875,37.59765625,-29.78515625,-48.33984375,-77.63671875
220.296875,42.96875,-30.2734375,-21.97265625,-30.76171875
220.30078125,61.5234375,-28.3203125,-4.39453125,13.671875
220.3046875,60.546875,-22.4609375,-6.8359375,9.27734375
220.30859375,-2.9296875,-27.83203125,-20.01953125,-7.8125
220.3125,12.6953125,-27.34375,-24.4140625,-50.29296875
220.31640625,40.52734375,-20.01953125,-22.4609375,-17.578125
220.3203125,32.2265625,-24.4140625,-20.5078125,12.6953125
220.32421875,37.59765625,-20.99609375,-37.109375,-67.3828125
220.328125,45.8984375,-20.01953125,-36.1328125,-65.4296875
220.33203125,34.1796875,-19.04296875,-22.94921875,-25.87890625
220.3359375,46.875,-20.5078125,-28.80859375,-29.78515625
220.33984375,62.01171875,-20.99609375,-14.16015625,-8.30078125
220.34375,55.17578125,-20.99609375,-3.41796875,43.45703125
220.34765625,54.19921875,-31.73828125,-25.87890625,21.484375
220.3515625,52.734375,-30.76171875,-41.015625,-39.0625
220.35546875,10.7421875,-28.3203125,-27.83203125,-49.8046875
220.359375,-13.18359375,-31.25,-25.390625,-29.296875
220.36328125,20.5078125,-30.2734375,-22.4609375,67.87109375
220.3671875,23.92578125,-18.06640625,-36.62109375,42.48046875
220.37109375,33.69140625,-25.87890625,-60.05859375,-61.5234375
220.375,26.85546875,-46.38671875,-37.59765625,-13.671875
220.37890625,29.296875,-52.734375,-8.7890625,28.3203125
220.3828125,35.64453125,-35.64453125,-15.13671875,-28.80859375
220.38671875,31.25,-13.18359375,-28.3203125,-34.66796875
220.390625,38.57421875,-14.6484375,-36.1328125,-54.19921875
220.39453125,52.24609375,-13.18359375,-44.921875,-54.6875
220.3984375,11.23046875,-14.16015625,-36.62109375,14.6484375
220.40234375,10.7421875,-18.06640625,-15.13671875,1.953125
220.40625,52.734375,-33.69140625,-24.4140625,-34.1796875
220.41015625,38.0859375,-50.29296875,-34.1796875,-36.62109375
220.4140625,18.06640625,-36.62109375,-32.71484375,-4.8828125
220.41796875,1.953125,-11.71875,-46.38671875,44.921875
220.421875,-4.8828125,-13.18359375,-50.29296875,-41.015625
220.42578125,15.13671875,-16.11328125,-39.55078125,-73.2421875
220.4296875,19.04296875,-21.97265625,-41.015625,-14.16015625
220.43359375,6.34765625,-31.73828125,-41.015625,-17.08984375
220.4375,2.44140625,-24.90234375,-41.015625,-32.71484375
220.44140625,-7.8125,-23.4375,-37.59765625,-7.8125
220.4453125,-24.90234375,-25.390625,-28.80859375,20.99609375
220.44921875,26.3671875,-22.4609375,-28.3203125,14.6484375
220.453125,54.19921875,-25.390625,-23.4375,-64.453125
220.45703125,35.64453125,-27.34375,-22.94921875,-65.4296875
220.4609375,32.2265625,-14.6484375,-37.109375,0.9765625
220.46484375,16.11328125,-8.7890625,-46.875,4.8828125
220.46875,-4.39453125,-16.11328125,-25.87890625,-0.48828125
220.47265625,-15.13671875,-20.01953125,-4.8828125,19.53125
220.4765625,5.859375,-17.08984375,-11.71875,-10.25390625
220.48046875,39.0625,-19.53125,-23.4375,-17.578125
220.484375,34.1796875,-23.92578125,-25.87890625,27.34375
220.48828125,42.48046875,-12.20703125,-30.2734375,24.90234375
220.4921875,32.71484375,-2.9296875,-33.69140625,5.37109375
220.49609375,12.20703125,-10.7421875,-26.3671875,4.39453125
220.5,28.80859375,-14.16015625,-13.671875,-18.06640625
220.50390625,55.17578125,-12.6953125,-3.90625,-17.08984375
220.5078125,56.15234375,-20.01953125,-16.6015625,-0.48828125
220.51171875,36.1328125,-14.16015625,-27.83203125,6.34765625
220.515625,33.69140625,-13.671875,-24.90234375,20.5078125
220.51953125,22.94921875,-17.08984375,-22.94921875,21.484375
220.5234375,-2.9296875,-19.04296875,-20.5078125,-14.6484375
220.52734375,-34.66796875,-26.85546875,-13.18359375,-37.59765625
220.53125,-23.4375,-16.11328125,-12.20703125,16.6015625
220.53515625,14.6484375,-13.18359375,-38.0859375,55.17578125
220.5390625,71.77734375,-27.83203125,-42.48046875,-22.4609375
220.54296875,68.359375,-26.3671875,-21.97265625,-49.31640625
220.546875,20.99609375,-11.23046875,-22.94921875,-10.25390625
220.55078125,12.6953125,-15.625,-20.99609375,0.9765625
220.5546875,-15.13671875,-33.69140625,-10.7421875,-22.94921875
220.55859375,-10.25390625,-25.87890625,-22.4609375,-3.41796875
220.5625,16.6015625,-5.37109375,-40.52734375,2.9296875
220.56640625,26.3671875,-7.32421875,-33.69140625,-35.64453125
220.5703125,22.94921875,-4.39453125,-17.08984375,-38.57421875
220.57421875,-1.46484375,-9.27734375,-9.27734375,-55.17578125
220.578125,22.94921875,-26.85546875,-13.671875,-9.27734375
220.58203125,9.765625,-29.296875,-7.32421875,39.0625
220.5859375,-16.11328125,-23.92578125,2.44140625,-6.34765625
220.58984375,3.41796875,-18.06640625,0.0,-11.23046875
220.59375,-5.37109375,-8.30078125,-2.9296875,-20.99609375
220.59765625,-32.2265625,-9.765625,-20.99609375,12.20703125
220.6015625,-3.90625,-20.01953125,-40.0390625,0.9765625
220.60546875,15.625,-10.25390625,-53.7109375,-22.94921875
220.609375,79.1015625,-0.9765625,-65.91796875,36.1328125
220.61328125,100.09765625,-16.11328125,-19.04296875,60.05859375
220.6171875,29.296875,-16.11328125,20.99609375,-26.3671875
220.62109375,29.78515625,-2.44140625,24.90234375,25.87890625
220.625,64.453125,-11.23046875,20.5078125,30.2734375
220.62890625,47.36328125,-23.92578125,5.859375,-17.578125
220.6328125,12.6953125,-21.97265625,-26.3671875,-12.20703125
220.63671875,77.1484375,-13.18359375,-75.1953125,26.3671875
220.640625,93.75,-4.8828125,-50.78125,72.75390625
220.64453125,12.6953125,5.37109375,17.08984375,78.61328125
220.6484375,-26.85546875,12.20703125,64.453125,36.1328125
220.65234375,10.25390625,-8.7890625,20.01953125,-2.44140625
220.65625,42.96875,-27.34375,-76.171875,-15.13671875
220.66015625,-1.46484375,-31.25,-112.79296875,-25.87890625
220.6640625,-57.12890625,-39.0625,-30.2734375,-61.5234375
220.66796875,-133.30078125,-39.0625,104.4921875,-59.5703125
220.671875,-200.1953125,-64.453125,99.609375,-92.7734375
220.67578125,-182.12890625,-33.69140625,-22.4609375,-194.3359375
220.6796875,-122.55859375,-8.7890625,-87.890625,-172.36328125
220.68359375,-149.90234375,-28.3203125,-81.54296875,-173.828125
220.6875,-219.7265625,-77.1484375,23.92578125,-225.5859375
220.69140625,-171.875,-167.48046875,92.7734375,-145.5078125
220.6953125,-100.5859375,-90.8203125,-9.27734375,-76.171875
220.69921875,-187.01171875,20.01953125,-23.92578125,-215.33203125
220.703125,-292.96875,29.296875,-5.37109375,-313.4765625
220.70703125,-257.32421875,5.859375,35.64453125,-257.8125
220.7109375,-212.40234375,-18.5546875,52.24609375,-148.92578125
220.71484375,-218.26171875,-8.30078125,-1.953125,-156.25
220.71875,-185.05859375,2.44140625,-12.20703125,-172.36328125
220.72265625,-168.45703125,-18.5546875,27.34375,-124.51171875
220.7265625,-116.69921875,-58.59375,-0.9765625,-123.046875
220.73046875,-87.40234375,-69.3359375,-158.203125,-146.484375
220.734375,-98.14453125,-22.4609375,-167.96875,-166.015625
220.73828125,-122.55859375,-7.32421875,-8.30078125,-169.921875
220.7421875,-151.3671875,-49.31640625,17.578125,-187.98828125
220.74609375,-148.4375,-70.80078125,-21.97265625,-202.63671875
220.75,-82.51953125,-66.89453125,-2.9296875,-92.7734375
220.75390625,-62.98828125,-37.109375,-54.6875,-26.3671875
220.7578125,-49.31640625,-18.06640625,-122.55859375,-61.03515625
220.76171875,-77.63671875,-18.5546875,-69.3359375,-62.5
220.765625,-52.24609375,-19.04296875,-14.6484375,-25.87890625
220.76953125,-49.31640625,-21.484375,-25.87890625,-51.7578125
220.7734375,-40.52734375,-22.94921875,-99.12109375,-63.4765625
220.77734375,4.8828125,-21.97265625,-141.6015625,-43.45703125
220.78125,21.97265625,-69.3359375,-83.984375,2.9296875
220.78515625,114.74609375,-58.10546875,-83.49609375,18.5546875
220.7890625,99.12109375,-5.37109375,-132.8125,28.3203125
220.79296875,5.859375,-7.32421875,-111.328125,52.24609375
220.796875,42.96875,-18.06640625,-76.66015625,89.84375
220.80078125,79.1015625,-27.34375,-70.80078125,41.015625
220.8046875,103.02734375,-28.3203125,-122.0703125,31.73828125
220.80859375,74.21875,-21.484375,-146.484375,29.78515625
220.8125,25.87890625,-15.13671875,-158.69140625,-8.30078125
220.81640625,91.796875,-14.6484375,-180.17578125,31.73828125
220.8203125,136.71875,-42.96875,-148.4375,11.23046875
220.82421875,122.55859375,-51.7578125,-133.30078125,-3.41796875
220.828125,92.28515625,-42.96875,-125.48828125,42.96875
220.83203125,62.5,-39.55078125,-112.3046875,56.15234375
220.8359375,94.23828125,-25.390625,-152.34375,24.4140625
220.83984375,100.09765625,-18.5546875,-162.59765625,0.48828125
220.84375,92.28515625,-35.15625,-142.578125,-10.25390625
220.84765625,85.9375,-51.7578125,-146.484375,-26.85546875
220.8515625,110.3515625,-61.03515625,-140.13671875,14.16015625
220.85546875,127.44140625,-58.59375,-148.4375,66.89453125
220.859375,71.77734375,-34.1796875,-117.67578125,34.1796875
220.86328125,48.33984375,-38.0859375,-101.07421875,84.47265625
220.8671875,43.45703125,-71.2890625,-81.54296875,132.8125
220.87109375,42.96875,-36.1328125,-84.47265625,41.50390625
220.875,100.09765625,19.53125,-150.390625,50.29296875
220.87890625,65.91796875,9.27734375,-109.86328125,87.890625
220.8828125,15.625,-20.5078125,-35.64453125,36.62109375
220.88671875,67.3828125,-15.13671875,-47.36328125,20.01953125
220.890625,103.02734375,-8.30078125,-187.5,88.8671875
220.89453125,106.93359375,-11.71875,-199.70703125,164.55078125
220.8984375,90.33203125,-29.78515625,-93.75,46.38671875
220.90234375,31.73828125,-38.0859375,-97.65625,-3.90625
220.90625,-9.27734375,-15.13671875,-94.7265625,78.61328125
220.91015625,10.25390625,-0.9765625,-103.515625,49.31640625
220.9140625,16.11328125,-18.5546875,-145.99609375,23.92578125
220.91796875,11.71875,-41.9921875,-152.34375,67.87109375
220.921875,33.69140625,-33.203125,-146.484375,109.375
220.92578125,17.578125,10.7421875,-155.76171875,119.140625
220.9296875,23.4375,20.99609375,-103.02734375,61.5234375
220.93359375,58.59375,-7.8125,-76.66015625,30.76171875
220.9375,26.3671875,-11.71875,-140.13671875,122.55859375
220.94140625,68.84765625,-18.06640625,-142.08984375,218.26171875
220.9453125,77.63671875,-44.43359375,-151.85546875,137.20703125
220.94921875,22.4609375,-15.13671875,-188.96484375,89.84375
220.953125,33.69140625,12.6953125,-148.92578125,153.3203125
220.95703125,30.76171875,-15.625,-86.9140625,84.47265625
220.9609375,-9.27734375,-33.203125,-75.1953125,28.80859375
220.96484375,-18.06640625,-22.4609375,-104.00390625,40.0390625
220.96875,-5.37109375,-12.20703125,-130.37109375,27.83203125
220.97265625,-16.11328125,-13.671875,-145.01953125,81.54296875
220.9765625,15.13671875,-26.85546875,-159.1796875,136.23046875
220.98046875,15.13671875,-43.9453125,-140.625,140.13671875
220.984375,-24.90234375,-40.0390625,-154.296875,153.80859375
220.98828125,-1.953125,-28.3203125,-202.63671875,201.171875
220.9921875,7.32421875,-13.671875,-185.05859375,96.6796875
220.99609375,-5.37109375,-15.13671875,-138.18359375,-95.21484375
221.0,-28.3203125,-32.71484375,-110.3515625,-17.08984375
221.00390625,-6.8359375,-52.24609375,-113.76953125,87.890625
221.0078125,39.0625,-50.78125,-110.83984375,89.35546875
221.01171875,11.71875,-29.296875,-108.3984375,76.171875
221.015625,-27.83203125,-14.16015625,-134.765625,56.15234375
221.01953125,18.06640625,-5.859375,-179.19921875,66.89453125
221.0234375,42.48046875,-21.484375,-209.47265625,80.078125
221.02734375,-8.30078125,-33.69140625,-177.24609375,75.68359375
221.03125,-9.27734375,-36.62109375,-151.3671875,15.13671875
221.03515625,16.6015625,-38.57421875,-187.5,77.1484375
221.0390625,38.0859375,-41.015625,-174.31640625,125.0
221.04296875,39.0625,-61.03515625,-138.671875,146.484375
221.046875,-29.296875,-73.73046875,-157.2265625,79.1015625
221.05078125,-20.01953125,-48.828125,-197.265625,-38.0859375
221.0546875,4.8828125,-33.69140625,-184.5703125,8.7890625
221.05859375,-26.3671875,-22.94921875,-150.390625,26.85546875
221.0625,-38.57421875,-14.16015625,-128.41796875,-9.27734375
221.06640625,-18.06640625,-20.5078125,-137.6953125,23.92578125
221.0703125,-19.04296875,-33.203125,-149.4140625,74.70703125
221.07421875,-6.8359375,-41.015625,-153.3203125,29.78515625
221.078125,13.671875,-30.76171875,-140.625,17.08984375
221.08203125,12.6953125,-27.83203125,-113.76953125,78.61328125
221.0859375,27.83203125,-37.59765625,-106.93359375,42.96875
221.08984375,59.08203125,-44.921875,-145.99609375,14.6484375
221.09375,56.640625,-42.96875,-178.22265625,55.6640625
221.09765625,29.78515625,-30.76171875,-155.76171875,37.109375
221.1015625,16.11328125,-28.80859375,-110.83984375,49.31640625
221.10546875,41.9921875,-34.1796875,-85.9375,63.4765625
221.109375,41.9921875,-28.80859375,-100.5859375,66.89453125
221.11328125,20.5078125,-22.4609375,-121.09375,35.15625
221.1171875,34.1796875,-20.01953125,-157.2265625,26.3671875
221.12109375,64.453125,-18.06640625,-178.7109375,58.59375
221.125,68.359375,-34.1796875,-156.73828125,133.7890625
221.12890625,52.734375,-67.3828125,-93.26171875,99.609375
221.1328125,43.9453125,-67.3828125,-52.734375,56.640625
221.13671875,51.7578125,-28.3203125,-104.00390625,77.63671875
221.140625,44.43359375,3.90625,-148.92578125,48.828125
221.14453125,-11.23046875,-4.8828125,-144.53125,41.015625
221.1484375,-12.20703125,-25.87890625,-124.51171875,95.21484375
221.15234375,-1.953125,-33.203125,-107.91015625,102.05078125
221.15625,-35.64453125,-27.34375,-149.90234375,43.45703125
221.16015625,5.37109375,-30.76171875,-122.0703125,84.9609375
221.1640625,33.203125,-39.0625,-90.33203125,120.60546875
221.16796875,2.9296875,-35.64453125,-132.32421875,125.9765625
221.171875,-32.2265625,-37.59765625,-110.83984375,188.4765625
221.17578125,17.08984375,-29.296875,-88.8671875,206.54296875
221.1796875,33.203125,-21.484375,-106.93359375,183.10546875
221.18359375,3.41796875,-31.73828125,-117.1875,119.62890625
221.1875,38.57421875,-41.9921875,-103.515625,97.65625
221.19140625,34.66796875,-41.9921875,-89.84375,77.63671875
221.1953125,2.9296875,-44.43359375,-93.75,31.25
221.19921875,20.99609375,-47.8515625,-103.02734375,32.2265625
221.203125,18.06640625,-43.45703125,-98.14453125,72.265625
221.20703125,-8.30078125,-44.921875,-95.703125,58.59375
221.2109375,11.71875,-31.73828125,-117.1875,7.32421875
221.21484375,-8.7890625,-25.390625,-149.90234375,17.578125
221.21875,34.1796875,-26.85546875,-184.08203125,14.16015625
221.22265625,24.4140625,-33.203125,-138.18359375,-16.11328125
221.2265625,17.578125,-60.546875,-79.1015625,32.2265625
221.23046875,35.64453125,-75.1953125,-93.26171875,41.9921875
221.234375,14.6484375,-59.08203125,-111.328125,-10.25390625
221.23828125,-6.34765625,-17.578125,-93.75,-28.80859375
221.2421875,-40.0390625,-9.27734375,-101.5625,-41.015625
221.24609375,-24.4140625,-24.4140625,-125.48828125,-63.4765625
221.25,13.671875,-45.41015625,-109.375,-52.734375
221.25390625,22.4609375,-48.33984375,-98.14453125,0.9765625
221.2578125,65.91796875,-24.4140625,-134.765625,-26.85546875
221.26171875,55.6640625,-12.6953125,-145.5078125,-20.5078125
221.265625,15.625,-16.6015625,-137.20703125,40.52734375
221.26953125,-5.859375,-27.34375,-88.37890625,-2.9296875
221.2734375,-0.48828125,-30.2734375,-67.3828125,-25.390625
221.27734375,9.765625,-26.3671875,-89.35546875,-63.96484375
221.28125,-2.44140625,-29.78515625,-104.00390625,-44.921875
221.28515625,22.4609375,-26.85546875,-123.53515625,-2.44140625
221.2890625,60.546875,-22.94921875,-115.234375,-50.29296875
221.29296875,44.921875,-33.69140625,-89.84375,-22.4609375
221.296875,41.9921875,-43.9453125,-78.125,66.89453125
221.30078125,18.5546875,-31.25,-94.7265625,-7.8125
221.3046875,-17.578125,-23.4375,-126.46484375,-44.921875
221.30859375,-14.16015625,-32.71484375,-101.5625,-30.2734375
221.3125,6.8359375,-39.0625,-82.03125,-94.7265625
221.31640625,38.0859375,-31.73828125,-104.98046875,-69.3359375
221.3203125,52.24609375,-25.87890625,-135.7421875,-32.71484375
221.32421875,37.59765625,-33.203125,-138.18359375,-48.828125
221.328125,26.3671875,-29.296875,-110.83984375,-22.4609375
221.33203125,36.1328125,-25.87890625,-94.7265625,-43.45703125
221.3359375,58.10546875,-18.5546875,-94.7265625,-6.8359375
221.33984375,-4.8828125,-9.765625,-107.91015625,91.796875
221.34375,-25.87890625,-21.484375,-122.55859375,-15.625
221.34765625,9.27734375,-34.1796875,-108.3984375,-68.84765625
221.3515625,23.4375,-27.83203125,-97.16796875,-76.171875
221.35546875,23.4375,-26.85546875,-107.421875,-78.125
221.359375,38.0859375,-37.59765625,-125.48828125,-41.50390625
221.36328125,66.89453125,-19.53125,-155.76171875,25.87890625
221.3671875,52.24609375,-4.39453125,-160.64453125,10.7421875
221.37109375,3.41796875,-11.23046875,-126.953125,-33.69140625
221.375,8.30078125,-15.13671875,-89.35546875,-41.9921875
221.37890625,43.9453125,-20.99609375,-88.37890625,-61.5234375
221.3828125,50.29296875,-25.390625,-118.65234375,-42.48046875
221.38671875,61.5234375,-26.3671875,-129.8828125,-33.69140625
221.390625,18.5546875,-22.4609375,-106.93359375,7.8125
221.39453125,12.6953125,-18.5546875,-81.54296875,-39.0625
221.3984375,46.38671875,-23.92578125,-93.26171875,-58.59375
221.40234375,36.1328125,-10.25390625,-114.2578125,11.23046875
221.40625,28.3203125,-3.90625,-102.5390625,-0.48828125
221.41015625,32.71484375,-5.37109375,-102.05078125,-27.83203125
221.4140625,31.25,-3.90625,-111.328125,-56.15234375
221.41796875,48.828125,4.39453125,-102.5390625,-15.625
221.421875,58.10546875,14.16015625,-120.1171875,-17.578125
221.42578125,34.66796875,3.41796875,-118.65234375,-65.91796875
221.4296875,12.6953125,-16.11328125,-103.515625,-85.44921875
221.43359375,17.08984375,-22.4609375,-107.421875,-43.45703125
221.4375,38.0859375,-20.01953125,-106.4453125,-16.11328125
221.44140625,44.921875,-12.6953125,-99.12109375,15.13671875
221.4453125,16.11328125,-4.39453125,-89.35546875,41.50390625
221.44921875,22.94921875,-3.41796875,-100.5859375,11.23046875
221.453125,25.87890625,-5.37109375,-103.515625,-25.87890625
221.45703125,6.34765625,-10.25390625,-100.5859375,-15.625
221.4609375,18.5546875,-5.859375,-111.81640625,-31.25
221.46484375,30.76171875,-2.9296875,-104.00390625,-32.71484375
221.46875,48.828125,-9.27734375,-93.75,-15.13671875
221.47265625,36.62109375,-15.625,-93.26171875,28.3203125
221.4765625,21.97265625,-14.16015625,-85.9375,39.55078125
221.48046875,42.96875,-2.9296875,-84.47265625,14.16015625
221.484375,15.13671875,3.90625,-93.75,86.42578125
221.48828125,13.671875,-0.48828125,-101.07421875,93.75
221.4921875,-18.06640625,-5.37109375,-96.6796875,-5.37109375
221.49609375,-1.46484375,10.25390625,-83.0078125,-23.4375
221.5,66.89453125,19.53125,-69.82421875,21.484375
221.50390625,79.58984375,9.27734375,-58.10546875,-6.34765625
221.5078125,62.98828125,8.30078125,-50.29296875,-19.04296875
221.51171875,34.1796875,16.6015625,-43.45703125,7.8125
221.515625,35.64453125,18.5546875,-36.62109375,23.92578125
221.51953125,44.43359375,24.90234375,-43.45703125,7.8125
221.5234375,10.25390625,14.16015625,-68.84765625,-16.6015625
221.52734375,-32.2265625,-38.0859375,-85.44921875,-48.828125
221.53125,-77.1484375,-66.40625,-111.328125,-68.359375
221.53515625,-55.17578125,-59.5703125,-132.32421875,-28.80859375
221.5390625,-62.98828125,-54.6875,-115.72265625,122.55859375
221.54296875,-97.16796875,-56.15234375,-95.21484375,190.91796875
221.546875,-20.01953125,-41.015625,-94.7265625,51.26953125
221.55078125,-13.18359375,-26.85546875,-104.4921875,93.75
221.5546875,-38.0859375,-35.15625,-99.609375,278.3203125
221.55859375,-25.87890625,-30.2734375,-80.078125,366.2109375
221.5625,-6.8359375,-20.99609375,-40.52734375,413.0859375
221.56640625,13.671875,-20.99609375,-35.64453125,405.76171875
221.5703125,9.765625,-11.71875,-71.77734375,391.6015625
221.57421875,-6.34765625,-3.90625,-82.03125,356.93359375
221.578125,-19.04296875,-18.5546875,-65.91796875,293.9453125
221.58203125,-3.41796875,-16.6015625,-91.796875,146.484375
221.5859375,-2.44140625,-4.39453125,-104.00390625,52.734375
221.58984375,3.41796875,-5.859375,-64.94140625,88.37890625
221.59375,-5.859375,-2.44140625,-63.4765625,46.875
221.59765625,12.6953125,-2.9296875,-68.359375,46.38671875
221.6015625,46.875,-4.8828125,-57.12890625,84.9609375
221.60546875,60.05859375,-3.90625,-94.7265625,30.2734375
221.609375,2.9296875,-8.30078125,-128.41796875,6.34765625
221.61328125,0.48828125,-8.7890625,-133.30078125,20.01953125
221.6171875,15.13671875,-7.32421875,-128.90625,-24.90234375
221.62109375,-43.45703125,-11.71875,-127.44140625,-24.90234375
221.625,-28.3203125,-13.671875,-140.625,43.9453125
221.62890625,20.5078125,-12.20703125,-120.60546875,148.92578125
221.6328125,48.33984375,-15.625,-103.515625,192.87109375
221.63671875,45.8984375,-20.5078125,-124.51171875,225.09765625
221.640625,38.0859375,-20.01953125,-116.2109375,203.61328125
221.64453125,36.1328125,-20.99609375,-87.890625,176.7578125
221.6484375,64.453125,-23.92578125,-87.890625,206.54296875
221.65234375,44.921875,-24.90234375,-90.8203125,20.5078125
221.65625,-13.671875,-28.3203125,-79.58984375,-61.5234375
221.66015625,14.16015625,-33.69140625,-71.2890625,-46.875
221.6640625,30.2734375,-28.3203125,-60.05859375,-70.3125
221.66796875,-12.6953125,-30.76171875,-56.15234375,-61.03515625
221.671875,-21.484375,-42.96875,-52.734375,-87.40234375
221.67578125,-0.48828125,-35.64453125,-55.6640625,-121.09375
221.6796875,35.15625,-28.3203125,-65.4296875,-86.9140625
221.68359375,47.8515625,-29.78515625,-65.91796875,-123.046875
221.6875,43.45703125,-40.52734375,-65.4296875,-136.23046875
221.69140625,62.98828125,-35.64453125,-60.05859375,-75.68359375
221.6953125,6.34765625,-33.203125,-55.6640625,-108.88671875
221.69921875,-21.484375,-41.50390625,-51.7578125,-114.74609375
221.703125,-36.1328125,-56.15234375,-35.64453125,-69.3359375
221.70703125,-48.828125,-41.015625,-43.45703125,-71.2890625
221.7109375,-20.5078125,-26.3671875,-63.4765625,-67.3828125
221.71484375,-50.78125,-40.0390625,-49.8046875,-117.67578125
221.71875,-45.41015625,-47.36328125,-23.4375,-132.32421875
221.72265625,7.32421875,-55.6640625,-23.92578125,-144.04296875
221.7265625,108.88671875,-43.9453125,-48.33984375,-113.28125
221.73046875,105.95703125,-33.203125,-47.36328125,-113.28125
221.734375,10.7421875,-50.78125,-19.53125,-87.890625
221.73828125,19.04296875,-65.4296875,-0.48828125,-74.70703125
221.7421875,-17.08984375,-62.5,-1.46484375,-95.21484375
221.74609375,-77.1484375,-50.78125,-28.80859375,-34.66796875
221.75,-90.33203125,-54.19921875,-44.921875,-44.921875
221.75390625,-115.234375,-58.10546875,-39.55078125,-73.73046875
221.7578125,-104.98046875,-45.41015625,-30.2734375,-139.6484375
221.76171875,-124.0234375,-53.22265625,-24.90234375,-138.671875
221.765625,-75.1953125,-46.38671875,-26.85546875,-59.5703125
221.76953125,-20.99609375,-16.11328125,-28.80859375,-144.04296875
221.7734375,-63.4765625,-14.16015625,-32.2265625,-189.94140625
221.77734375,-53.22265625,-13.18359375,-30.2734375,-125.9765625
221.78125,-44.43359375,-13.671875,-29.296875,-136.71875
221.78515625,-58.59375,0.0,-42.48046875,-124.0234375
221.7890625,-100.09765625,-2.44140625,-42.48046875,-80.078125
221.79296875,-147.94921875,-16.6015625,-37.109375,-179.19921875
221.796875,-114.2578125,-6.34765625,-43.9453125,-212.890625
221.80078125,-74.70703125,-3.41796875,-36.1328125,-108.3984375
221.8046875,-101.5625,-10.7421875,-30.76171875,-87.40234375
221.80859375,-117.1875,-8.7890625,-48.828125,-108.3984375
221.8125,-101.5625,-6.8359375,-61.03515625,-165.0390625
221.81640625,-100.5859375,8.30078125,-62.01171875,-177.24609375
221.8203125,-112.79296875,22.4609375,-63.4765625,-152.34375
221.82421875,-119.140625,17.08984375,-71.77734375,-137.6953125
221.828125,-42.96875,10.25390625,-62.98828125,-128.41796875
221.83203125,-27.34375,3.41796875,-49.8046875,-127.9296875
221.8359375,-119.140625,1.953125,-47.36328125,-115.72265625
221.83984375,-118.65234375,6.34765625,-38.0859375,-134.765625
221.84375,-94.23828125,14.6484375,-33.203125,-148.92578125
221.84765625,-78.61328125,36.62109375,-39.0625,-137.20703125
221.8515625,-65.91796875,45.41015625,-52.734375,-169.921875
221.85546875,-73.2421875,31.73828125,-57.6171875,-159.66796875
221.859375,-90.8203125,13.18359375,-33.203125,-104.4921875
221.86328125,-106.4453125,20.5078125,-36.62109375,-110.3515625
221.8671875,-62.98828125,33.69140625,-56.640625,-103.02734375
221.87109375,-74.21875,22.94921875,-59.08203125,-118.1640625
221.875,-97.65625,24.4140625,-62.5,-162.59765625
221.87890625,-60.05859375,25.87890625,-69.3359375,-88.8671875
221.8828125,-62.98828125,16.6015625,-77.63671875,-143.06640625
221.88671875,12.20703125,24.4140625,-78.61328125,-133.30078125
221.890625,-5.37109375,22.4609375,-69.82421875,-102.5390625
221.89453125,-55.17578125,-2.9296875,-73.2421875,-205.078125
221.8984375,-16.11328125,-3.41796875,-85.44921875,-186.5234375
221.90234375,-32.2265625,19.04296875,-83.49609375,-166.50390625
221.90625,-48.33984375,10.25390625,-79.1015625,-195.80078125
221.91015625,-36.62109375,5.859375,-86.9140625,-139.16015625
221.9140625,-21.484375,12.20703125,-93.75,-73.73046875
221.91796875,-4.8828125,4.8828125,-77.1484375,-20.5078125
221.921875,-44.43359375,19.53125,-86.9140625,-132.8125
221.92578125,-32.71484375,34.66796875,-105.46875,-216.796875
221.9296875,25.87890625,31.73828125,-93.26171875,-117.1875
221.93359375,53.22265625,15.625,-85.44921875,-52.24609375
221.9375,39.55078125,12.20703125,-102.05078125,16.11328125
221.94140625,15.13671875,12.6953125,-109.86328125,-60.05859375
221.9453125,-4.39453125,9.27734375,-100.09765625,-159.66796875
221.94921875,-25.87890625,13.18359375,-85.9375,-64.94140625
221.953125,-1.953125,16.6015625,-85.9375,28.3203125
221.95703125,33.203125,18.5546875,-104.00390625,-18.5546875
221.9609375,12.6953125,21.484375,-102.5390625,-48.828125
221.96484375,19.04296875,20.5078125,-94.7265625,-37.59765625
221.96875,10.7421875,16.11328125,-91.30859375,-43.45703125
221.97265625,11.71875,5.859375,-80.078125,-42.96875
221.9765625,44.43359375,14.6484375,-79.1015625,29.78515625
221.98046875,11.71875,26.85546875,-83.49609375,34.1796875
221.984375,10.25390625,17.578125,-81.0546875,29.78515625
221.98828125,32.71484375,18.5546875,-91.796875,61.5234375
221.9921875,64.94140625,26.3671875,-100.09765625,19.04296875
221.99609375,65.4296875,14.16015625,-85.44921875,59.5703125
222.0,63.4765625,14.16015625,-90.8203125,61.5234375
222.00390625,115.234375,28.80859375,-104.4921875,58.10546875
222.0078125,119.62890625,20.01953125,-98.6328125,47.36328125
222.01171875,38.57421875,-8.30078125,-63.4765625,58.59375
222.015625,19.53125,-18.06640625,-51.26953125,92.7734375
222.01953125,90.33203125,-5.37109375,-74.70703125,24.90234375
222.0234375,126.46484375,8.30078125,-92.7734375,15.625
222.02734375,152.83203125,2.9296875,-78.125,78.125
222.03125,162.109375,-19.04296875,-49.8046875,56.640625
222.03515625,248.046875,-27.83203125,-41.015625,43.9453125
222.0390625,366.2109375,-19.04296875,-52.24609375,95.703125
222.04296875,262.20703125,-24.4140625,-60.05859375,86.9140625
222.046875,243.65234375,-37.59765625,-64.94140625,-14.6484375
222.05078125,323.2421875,-37.59765625,-52.24609375,23.92578125
222.0546875,308.10546875,-13.18359375,-51.7578125,131.8359375
222.05859375,254.8828125,-19.04296875,-56.640625,71.2890625
222.0625,299.31640625,-24.4140625,-57.12890625,20.99609375
222.06640625,283.203125,-15.13671875,-58.59375,12.20703125
222.0703125,256.8359375,-22.94921875,-49.31640625,75.1953125
222.07421875,301.7578125,-13.671875,-62.98828125,88.37890625
222.078125,271.484375,-13.671875,-64.453125,41.50390625
222.08203125,256.34765625,-27.34375,-33.69140625,63.96484375
222.0859375,231.93359375,-22.4609375,-31.25,114.2578125
222.08984375,166.015625,-21.484375,-46.38671875,83.984375
222.09375,178.7109375,-30.2734375,-40.52734375,9.27734375
222.09765625,198.2421875,-14.6484375,-41.50390625,54.6875
222.1015625,182.6171875,-8.30078125,-45.41015625,75.1953125
222.10546875,167.48046875,-17.08984375,-36.62109375,29.296875
222.109375,137.6953125,-24.90234375,-35.15625,36.62109375
222.11328125,158.203125,-18.5546875,-37.59765625,61.5234375
222.1171875,196.77734375,-12.6953125,-41.015625,67.87109375
222.12109375,181.15234375,-15.13671875,-45.8984375,101.07421875
222.125,149.90234375,-19.04296875,-47.8515625,66.40625
222.12890625,102.05078125,-20.01953125,-24.90234375,5.37109375
222.1328125,123.046875,-10.25390625,-16.11328125,15.13671875
222.13671875,131.8359375,-6.8359375,-25.390625,74.70703125
222.140625,77.1484375,-12.6953125,-17.578125,106.4453125
222.14453125,22.4609375,-22.94921875,-18.5546875,18.5546875
222.1484375,45.41015625,-26.3671875,-46.38671875,-13.671875
222.15234375,48.33984375,-10.7421875,-62.98828125,61.03515625
222.15625,57.6171875,-12.6953125,-38.0859375,97.16796875
222.16015625,46.38671875,-25.390625,-16.11328125,58.59375
222.1640625,20.01953125,-35.15625,-6.8359375,49.8046875
222.16796875,29.296875,-36.62109375,-5.859375,96.6796875
222.171875,122.55859375,-16.6015625,-27.34375,102.5390625
222.17578125,151.3671875,-8.30078125,-42.48046875,56.640625
222.1796875,80.078125,-5.859375,-69.82421875,9.27734375
222.18359375,4.39453125,-0.48828125,-87.890625,40.0390625
222.1875,-18.06640625,-6.34765625,-69.82421875,34.1796875
222.19140625,8.7890625,-9.765625,-56.640625,31.73828125
222.1953125,6.34765625,-13.18359375,-62.5,21.484375
222.19921875,12.20703125,-9.27734375,-82.51953125,2.9296875
222.203125,12.6953125,-6.34765625,-85.9375,23.4375
222.20703125,34.66796875,-12.6953125,-76.66015625,-8.7890625
222.2109375,54.19921875,-18.5546875,-69.82421875,29.78515625
222.21484375,2.44140625,-19.53125,-68.84765625,65.91796875
222.21875,-17.08984375,-17.578125,-87.40234375,-33.203125
222.22265625,23.4375,-17.08984375,-89.35546875,-42.96875
222.2265625,41.9921875,-22.94921875,-73.73046875,4.39453125
222.23046875,34.1796875,-20.5078125,-62.5,12.20703125
222.234375,43.9453125,-10.25390625,-75.68359375,4.8828125
222.23828125,99.609375,-12.6953125,-92.28515625,-21.97265625
222.2421875,96.6796875,-20.5078125,-90.33203125,-27.83203125
222.24609375,78.61328125,-30.2734375,-83.0078125,-22.94921875
222.25,63.96484375,-43.45703125,-79.1015625,-22.94921875
222.25390625,42.48046875,-59.5703125,-79.58984375,7.8125
222.2578125,91.30859375,-47.8515625,-78.61328125,32.2265625
222.26171875,83.49609375,-24.4140625,-78.125,-19.53125
222.265625,43.45703125,-27.83203125,-72.265625,-49.31640625
222.26953125,41.9921875,-17.578125,-70.3125,-19.04296875
222.2734375,72.75390625,-10.25390625,-74.21875,17.08984375
222.27734375,109.86328125,-9.27734375,-71.77734375,3.41796875
222.28125,106.4453125,-8.30078125,-76.66015625,-19.04296875
222.28515625,97.16796875,-21.97265625,-74.70703125,23.92578125
222.2890625,85.9375,-34.66796875,-77.1484375,61.03515625
222.29296875,80.56640625,-34.66796875,-89.35546875,25.87890625
222.296875,17.578125,-36.62109375,-81.0546875,-20.99609375
222.30078125,-12.20703125,-41.9921875,-61.5234375,-26.85546875
222.3046875,19.53125,-35.64453125,-62.98828125,-28.80859375
222.30859375,57.6171875,-29.78515625,-73.2421875,-1.46484375
222.3125,75.1953125,-22.94921875,-75.1953125,41.015625
222.31640625,62.98828125,-21.97265625,-76.66015625,-3.90625
222.3203125,74.21875,-33.69140625,-76.171875,-12.6953125
222.32421875,95.703125,-31.25,-76.171875,6.34765625
222.328125,91.796875,-21.484375,-68.359375,0.9765625
222.33203125,49.8046875,-18.06640625,-58.59375,22.94921875
222.3359375,8.30078125,-27.83203125,-60.546875,68.84765625
222.33984375,-3.41796875,-30.76171875,-63.96484375,3.41796875
222.34375,-0.9765625,-34.66796875,-66.40625,-51.7578125
222.34765625,-1.46484375,-37.59765625,-62.98828125,-41.015625
222.3515625,9.27734375,-33.69140625,-68.359375,-23.92578125
222.35546875,3.41796875,-32.71484375,-92.7734375,13.671875
222.359375,13.18359375,-35.15625,-86.42578125,13.18359375
222.36328125,17.578125,-33.69140625,-63.96484375,14.16015625
222.3671875,4.8828125,-23.92578125,-69.82421875,5.37109375
222.37109375,14.6484375,-29.78515625,-75.1953125,5.859375
222.375,46.875,-55.17578125,-63.96484375,4.39453125
222.37890625,33.203125,-56.640625,-58.59375,20.5078125
222.3828125,22.94921875,-27.34375,-82.51953125,5.859375
222.38671875,-0.9765625,-18.06640625,-83.49609375,-56.15234375
222.390625,26.3671875,-16.11328125,-83.984375,-58.59375
222.39453125,23.92578125,-21.484375,-84.9609375,-34.66796875
222.3984375,-8.7890625,-29.78515625,-80.078125,-31.25
222.40234375,9.765625,-39.0625,-73.73046875,18.5546875
222.40625,37.109375,-26.85546875,-83.49609375,20.01953125
222.41015625,16.6015625,-11.23046875,-94.23828125,0.0
222.4140625,7.32421875,-16.11328125,-77.1484375,-51.7578125
222.41796875,43.45703125,-19.53125,-71.77734375,-49.31640625
222.421875,38.0859375,-29.78515625,-73.73046875,39.55078125
222.42578125,-8.30078125,-27.34375,-71.77734375,5.859375
222.4296875,15.13671875,-14.6484375,-73.2421875,-2.9296875
222.43359375,88.37890625,-6.8359375,-85.9375,-9.27734375
222.4375,47.8515625,-15.13671875,-66.40625,-20.5078125
222.44140625,42.48046875,-30.76171875,-34.1796875,62.01171875
222.4453125,57.6171875,-30.2734375,-58.10546875,88.37890625
222.44921875,-32.2265625,-26.3671875,-78.125,-31.25
222.453125,-33.69140625,-31.25,-73.73046875,-88.37890625
222.45703125,39.55078125,-21.97265625,-86.42578125,-57.12890625
222.4609375,59.08203125,-20.01953125,-90.8203125,-25.87890625
222.46484375,7.32421875,-24.4140625,-86.42578125,-42.96875
222.46875,1.953125,-21.484375,-88.8671875,-50.78125
222.47265625,21.484375,-13.671875,-97.16796875,-2.9296875
222.4765625,-26.85546875,-20.01953125,-94.23828125,13.18359375
222.48046875,-25.390625,-29.78515625,-82.03125,-32.71484375
222.484375,24.90234375,-27.83203125,-76.171875,-54.19921875
222.48828125,41.9921875,-22.94921875,-76.66015625,-42.48046875
222.4921875,14.6484375,-25.87890625,-81.0546875,-70.80078125
222.49609375,2.9296875,-27.34375,-86.9140625,-57.6171875
222.5,15.625,-23.4375,-96.19140625,-44.921875
222.50390625,46.38671875,-23.4375,-83.0078125,-65.91796875
222.5078125,1.46484375,-32.2265625,-62.01171875,-17.08984375
222.51171875,39.55078125,-31.73828125,-75.68359375,58.59375
222.515625,101.07421875,-17.08984375,-99.609375,-23.4375
222.51953125,31.25,-30.2734375,-90.8203125,-65.4296875
222.5234375,-8.30078125,-46.875,-78.125,-16.11328125
222.52734375,-35.15625,-34.66796875,-66.40625,-6.8359375
222.53125,-19.04296875,-21.97265625,-49.8046875,-2.44140625
222.53515625,29.296875,-24.90234375,-56.15234375,6.8359375
222.5390625,20.99609375,-22.94921875,-73.73046875,-5.37109375
222.54296875,33.203125,-18.06640625,-75.1953125,-33.69140625
222.546875,42.96875,-15.625,-73.73046875,-8.7890625
222.55078125,30.76171875,-5.37109375,-74.21875,2.44140625
222.5546875,33.203125,-10.25390625,-68.84765625,15.13671875
222.55859375,55.6640625,-21.97265625,-59.5703125,7.32421875
222.5625,47.8515625,-10.25390625,-67.87109375,-41.015625
222.56640625,17.578125,-6.34765625,-78.61328125,-71.77734375
222.5703125,11.23046875,-20.01953125,-75.68359375,-54.19921875
222.57421875,53.7109375,-22.94921875,-80.56640625,-41.015625
222.578125,21.484375,-17.578125,-79.1015625,-58.10546875
222.58203125,16.6015625,-19.53125,-68.359375,-23.92578125
222.5859375,41.50390625,-29.296875,-60.546875,-27.83203125
222.58984375,36.1328125,-24.4140625,-49.8046875,-15.13671875
222.59375,58.59375,-7.32421875,-72.75390625,30.2734375
222.59765625,-11.71875,-9.27734375,-92.7734375,13.671875
222.6015625,33.69140625,-12.6953125,-82.03125,7.8125
222.60546875,128.41796875,-17.08984375,-74.70703125,-9.765625
222.609375,0.9765625,-21.484375,-53.7109375,-20.01953125
222.61328125,-14.6484375,-19.53125,-53.7109375,-35.15625
222.6171875,0.0,-25.87890625,-81.54296875,-74.21875
222.62109375,-47.36328125,-35.64453125,-81.54296875,-75.68359375
222.625,1.46484375,-31.73828125,-63.4765625,-21.484375
222.62890625,15.625,-16.6015625,-59.08203125,17.578125
222.6328125,4.39453125,-7.8125,-76.171875,-32.71484375
222.63671875,24.4140625,-13.671875,-73.2421875,-50.78125
222.640625,27.34375,-9.765625,-60.05859375,-21.97265625
222.64453125,14.16015625,-6.34765625,-62.01171875,6.8359375
222.6484375,-30.2734375,-19.53125,-67.3828125,15.625
222.65234375,-50.29296875,-24.90234375,-61.5234375,-36.1328125
222.65625,10.7421875,-20.01953125,-62.98828125,-79.1015625
222.66015625,43.9453125,-22.94921875,-63.96484375,-61.03515625
222.6640625,61.5234375,-8.7890625,-70.80078125,-44.43359375
222.66796875,27.34375,-10.25390625,-77.63671875,-43.9453125
222.671875,-39.55078125,-20.99609375,-55.6640625,-36.62109375
222.67578125,-21.484375,-20.01953125,-38.0859375,-33.69140625
222.6796875,8.30078125,-14.16015625,-46.875,-18.06640625
222.68359375,5.859375,-8.30078125,-71.77734375,-23.92578125
222.6875,32.2265625,-9.765625,-75.1953125,-40.52734375
222.69140625,-16.6015625,-10.25390625,-57.6171875,11.71875
222.6953125,-28.80859375,-11.71875,-51.7578125,14.6484375
222.69921875,35.15625,-15.13671875,-67.3828125,-41.015625
222.703125,43.9453125,-11.23046875,-80.078125,-23.4375
222.70703125,-3.41796875,-11.71875,-73.73046875,-21.484375
222.7109375,0.0,-20.5078125,-64.94140625,-20.99609375
222.71484375,12.6953125,-20.5078125,-58.59375,-48.828125
222.71875,-6.8359375,-24.90234375,-48.828125,-53.22265625
222.72265625,-27.83203125,-14.6484375,-54.6875,-35.15625
222.7265625,6.34765625,1.46484375,-77.63671875,-22.94921875
222.73046875,-5.859375,-23.4375,-85.44921875,-43.45703125
222.734375,-55.6640625,-51.7578125,-77.1484375,-41.015625
222.73828125,3.41796875,-37.109375,-77.63671875,13.18359375
222.7421875,-44.921875,-21.484375,-82.51953125,9.27734375
222.74609375,-94.7265625,-19.53125,-86.9140625,-26.85546875
222.75,-92.7734375,-11.71875,-87.890625,-73.2421875
222.75390625,-75.1953125,-29.296875,-62.5,-101.07421875
222.7578125,-48.33984375,-41.9921875,-54.6875,-40.0390625
222.76171875,-28.80859375,-12.6953125,-71.2890625,16.11328125
222.765625,-29.78515625,3.41796875,-56.15234375,21.97265625
222.76953125,-87.40234375,-14.16015625,-59.5703125,-61.03515625
222.7734375,-23.4375,-20.5078125,-72.75390625,-83.0078125
222.77734375,12.6953125,-31.25,-74.70703125,-73.2421875
222.78125,-25.390625,-41.50390625,-73.2421875,-88.37890625
222.78515625,-20.99609375,-22.94921875,-81.54296875,-40.52734375
222.7890625,-17.578125,-15.625,-81.0546875,-1.46484375
222.79296875,-23.4375,-21.484375,-60.546875,-8.30078125
222.796875,-95.703125,-29.78515625,-56.15234375,-88.37890625
222.80078125,-76.171875,-24.4140625,-62.01171875,-58.59375
222.8046875,-4.39453125,-23.4375,-62.01171875,-33.203125
222.80859375,-60.546875,-15.625,-74.70703125,-100.09765625
222.8125,-49.8046875,-6.8359375,-76.171875,-93.75
222.81640625,10.7421875,-18.06640625,-62.5,-37.59765625
222.8203125,-28.80859375,-20.5078125,-73.73046875,-2.44140625
222.82421875,-30.2734375,-19.04296875,-81.54296875,-45.8984375
222.828125,-35.64453125,-19.53125,-55.6640625,-46.38671875
222.83203125,-62.5,-25.87890625,-37.59765625,3.90625
222.8359375,-25.87890625,-17.578125,-63.96484375,-55.6640625
222.83984375,46.875,-3.41796875,-70.3125,-59.08203125
222.84375,-9.27734375,-10.25390625,-50.29296875,0.48828125
222.84765625,-57.12890625,-4.8828125,-38.57421875,-11.23046875
222.8515625,-27.34375,-9.765625,-41.50390625,-74.21875
222.85546875,-19.04296875,-23.92578125,-41.50390625,-51.26953125
222.859375,-49.8046875,-19.04296875,-37.59765625,-33.203125
222.86328125,-30.2734375,-1.46484375,-44.43359375,-33.203125
222.8671875,2.9296875,11.71875,-50.29296875,-49.8046875
222.87109375,-12.20703125,7.8125,-60.05859375,-66.89453125
222.875,-19.53125,6.34765625,-80.56640625,-12.20703125
222.87890625,-10.25390625,6.34765625,-75.68359375,6.8359375
222.8828125,-14.6484375,2.44140625,-60.05859375,-8.30078125
222.88671875,-36.62109375,4.39453125,-51.7578125,-41.015625
222.890625,-70.80078125,-6.8359375,-41.50390625,-39.55078125
222.89453125,-39.55078125,-19.04296875,-51.7578125,-54.19921875
222.8984375,-2.44140625,-27.34375,-49.31640625,-78.125
222.90234375,12.20703125,-19.53125,-42.96875,-41.50390625
222.90625,-16.11328125,4.39453125,-57.12890625,-18.06640625
222.91015625,-63.96484375,9.765625,-63.4765625,-53.22265625
222.9140625,-73.2421875,-4.8828125,-46.875,-50.78125
222.91796875,-49.31640625,-5.37109375,-43.9453125,14.6484375
222.921875,-31.25,6.34765625,-47.8515625,-13.671875
222.92578125,-36.1328125,10.7421875,-52.24609375,-95.703125
222.9296875,-19.53125,5.859375,-49.8046875,-22.94921875
222.93359375,-29.78515625,-4.8828125,-32.71484375,7.8125
222.9375,-56.640625,-4.39453125,-35.15625,-56.15234375
222.94140625,-37.59765625,6.8359375,-45.41015625,-52.734375
222.9453125,-20.99609375,11.71875,-43.9453125,-38.0859375
222.94921875,-23.4375,-4.39453125,-41.9921875,-55.6640625
222.953125,-36.1328125,-9.765625,-38.57421875,-51.26953125
222.95703125,-31.25,-8.7890625,-46.38671875,-60.546875
222.9609375,-28.80859375,-12.6953125,-62.5,-88.8671875
222.96484375,-48.33984375,-20.5078125,-58.59375,-59.08203125
222.96875,-47.36328125,-22.4609375,-46.38671875,-32.2265625
222.97265625,-55.6640625,-15.13671875,-52.734375,-94.23828125
222.9765625,-19.04296875,-6.34765625,-65.4296875,-58.59375
222.98046875,-23.92578125,-3.90625,-69.82421875,-1.46484375
222.984375,-56.640625,-7.32421875,-67.3828125,-110.3515625
222.98828125,-42.48046875,-14.16015625,-56.15234375,-124.0234375
222.9921875,-49.8046875,-23.92578125,-53.22265625,-54.6875
222.99609375,-10.25390625,-18.5546875,-57.12890625,-42.96875
223.0,-37.59765625,-20.5078125,-74.21875,-67.87109375
223.00390625,-78.61328125,-30.76171875,-78.125,-115.72265625
223.0078125,-86.9140625,-30.2734375,-60.05859375,-113.28125
223.01171875,-94.23828125,-24.90234375,-57.6171875,-99.609375
223.015625,-87.890625,-18.5546875,-70.3125,-107.421875
223.01953125,-98.6328125,-21.484375,-63.4765625,-83.0078125
223.0234375,-78.61328125,-25.390625,-53.7109375,-74.70703125
223.02734375,-74.70703125,-26.85546875,-67.3828125,-59.5703125
223.03125,-55.6640625,-14.6484375,-83.0078125,-37.59765625
223.03515625,-53.7109375,-9.27734375,-75.1953125,-57.6171875
223.0390625,-90.8203125,-18.5546875,-60.05859375,-71.2890625
223.04296875,-82.51953125,-20.5078125,-60.546875,-98.6328125
223.046875,-69.82421875,-20.99609375,-56.15234375,-92.28515625
223.05078125,-49.8046875,-33.203125,-56.640625,-79.58984375
223.0546875,-45.41015625,-36.62109375,-62.01171875,-86.42578125
223.05859375,-55.6640625,-26.85546875,-62.01171875,-61.03515625
223.0625,-28.3203125,-12.6953125,-67.87109375,-33.203125
223.06640625,-34.66796875,3.41796875,-75.68359375,-19.53125
223.0703125,-28.3203125,-1.46484375,-68.359375,-22.94921875
223.07421875,-14.6484375,-9.27734375,-48.828125,-42.48046875
223.078125,-36.62109375,-15.13671875,-45.41015625,-84.47265625
223.08203125,-18.5546875,-23.92578125,-58.59375,-66.40625
223.0859375,-52.734375,-10.7421875,-61.5234375,-42.96875
223.08984375,-94.23828125,-11.23046875,-51.7578125,-46.875
223.09375,-65.4296875,-23.4375,-55.6640625,-51.26953125
223.09765625,-84.47265625,-29.296875,-55.6640625,-26.85546875
223.1015625,-87.890625,-27.83203125,-53.22265625,-9.765625
223.10546875,-45.8984375,-23.4375,-57.6171875,-19.04296875
223.109375,-29.78515625,-16.6015625,-55.6640625,-37.109375
223.11328125,-17.578125,-15.13671875,-67.87109375,-58.10546875
223.1171875,-24.4140625,-8.30078125,-87.40234375,-30.2734375
223.12109375,-61.5234375,-6.34765625,-64.94140625,-4.39453125
223.125,-31.73828125,-15.13671875,-44.921875,-50.78125
223.12890625,-1.953125,-8.30078125,-47.36328125,-41.50390625
223.1328125,-25.390625,-8.7890625,-45.41015625,-29.78515625
223.13671875,-42.96875,-19.04296875,-41.9921875,-46.875
223.140625,-22.94921875,-13.18359375,-56.15234375,13.18359375
223.14453125,-19.53125,-13.671875,-69.82421875,0.48828125
223.1484375,-45.8984375,-19.53125,-56.15234375,-83.984375
223.15234375,-41.50390625,-12.6953125,-42.48046875,-60.05859375
223.15625,4.39453125,-11.23046875,-47.36328125,-50.78125
223.16015625,3.41796875,-15.625,-53.22265625,-43.9453125
223.1640625,26.3671875,-20.5078125,-55.6640625,-7.8125
223.16796875,44.921875,-26.3671875,-55.17578125,8.30078125
223.171875,14.16015625,-27.83203125,-54.19921875,-11.23046875
223.17578125,-52.24609375,-29.78515625,-53.7109375,28.80859375
223.1796875,-43.45703125,-13.18359375,-70.80078125,17.08984375
223.18359375,2.44140625,-14.16015625,-78.125,-22.4609375
223.1875,-41.9921875,-26.3671875,-59.5703125,-39.55078125
223.19140625,-49.8046875,-29.296875,-40.52734375,-63.4765625
223.1953125,-29.296875,-34.1796875,-61.5234375,-62.01171875
223.19921875,-20.5078125,-22.4609375,-69.82421875,-28.80859375
223.203125,-29.296875,-13.671875,-58.10546875,-23.4375
223.20703125,14.16015625,-8.7890625,-58.10546875,0.48828125
223.2109375,15.13671875,-17.08984375,-63.4765625,-31.25
223.21484375,6.34765625,-25.390625,-69.82421875,-55.17578125
223.21875,32.2265625,-13.671875,-84.9609375,9.765625
223.22265625,21.484375,-20.99609375,-80.56640625,-6.8359375
223.2265625,33.69140625,-34.66796875,-53.7109375,-5.859375
223.23046875,26.85546875,-25.87890625,-55.6640625,0.0
223.234375,-13.671875,-20.99609375,-62.01171875,-90.8203125
223.23828125,-30.76171875,-18.5546875,-58.10546875,-82.51953125
223.2421875,-13.671875,-17.578125,-55.17578125,15.625
223.24609375,9.27734375,-21.97265625,-55.17578125,11.23046875
223.25,-21.484375,-21.97265625,-55.17578125,-23.92578125
223.25390625,-34.1796875,-23.4375,-49.8046875,-40.0390625
223.2578125,22.94921875,-28.80859375,-48.33984375,-34.66796875
223.26171875,45.8984375,-28.80859375,-52.24609375,39.55078125
223.265625,9.27734375,-13.18359375,-62.5,6.34765625
223.26953125,-10.7421875,1.953125,-67.3828125,-95.703125
223.2734375,-14.16015625,-5.37109375,-56.15234375,-49.31640625
223.27734375,-28.80859375,-14.16015625,-46.38671875,-14.6484375
223.28125,-2.9296875,-14.6484375,-54.6875,-75.1953125
223.28515625,0.9765625,-26.85546875,-42.48046875,-34.66796875
223.2890625,7.8125,-36.1328125,-18.5546875,36.1328125
223.29296875,28.80859375,-24.4140625,-37.109375,-46.38671875
223.296875,50.29296875,-0.9765625,-65.91796875,-56.640625
223.30078125,36.1328125,7.32421875,-58.10546875,-56.640625
223.3046875,22.94921875,19.04296875,-38.57421875,-63.4765625
223.30859375,8.7890625,20.01953125,-40.52734375,-62.01171875
223.3125,-19.53125,0.0,-45.8984375,-73.2421875
223.31640625,-18.5546875,-11.23046875,-43.45703125,-105.95703125
223.3203125,-4.39453125,-8.30078125,-34.66796875,-93.75
223.32421875,-4.8828125,2.9296875,-34.1796875,-1.46484375
223.328125,-4.8828125,7.32421875,-33.203125,23.4375
223.33203125,-16.11328125,11.71875,-24.90234375,-19.53125
223.3359375,-7.8125,5.37109375,-38.57421875,-27.83203125
223.33984375,-0.9765625,-11.71875,-51.26953125,-36.1328125
223.34375,18.5546875,-8.7890625,-49.8046875,-52.24609375
223.34765625,1.46484375,-0.48828125,-30.76171875,-45.8984375
223.3515625,-48.33984375,-18.5546875,-20.5078125,-44.921875
223.35546875,-18.5546875,-38.57421875,-23.4375,5.859375
223.359375,0.0,-21.484375,-24.4140625,13.18359375
223.36328125,-13.18359375,3.90625,-39.55078125,-1.46484375
223.3671875,-13.18359375,1.46484375,-48.33984375,-51.26953125
223.37109375,-21.97265625,-3.41796875,-57.6171875,-77.63671875
223.375,-37.59765625,-7.32421875,-52.734375,-72.75390625
223.37890625,-8.30078125,-20.01953125,-34.1796875,-58.10546875
223.3828125,21.484375,-23.4375,-31.25,5.37109375
223.38671875,34.66796875,-14.6484375,-40.52734375,-31.25
223.390625,23.92578125,-14.16015625,-53.7109375,-32.2265625
223.39453125,-39.0625,-1.46484375,-49.8046875,-42.48046875
223.3984375,-26.85546875,-9.27734375,-40.0390625,-74.70703125
223.40234375,35.64453125,-20.5078125,-40.0390625,-34.1796875
223.40625,1.46484375,-16.11328125,-40.0390625,19.53125
223.41015625,-53.22265625,-11.71875,-39.55078125,-0.9765625
223.4140625,-73.2421875,-16.6015625,-41.015625,-50.29296875
223.41796875,-35.15625,-20.5078125,-41.9921875,-36.62109375
223.421875,-24.90234375,-13.18359375,-43.45703125,-86.42578125
223.42578125,-30.2734375,-12.6953125,-44.921875,-58.59375
223.4296875,15.625,-16.11328125,-51.26953125,-10.25390625
223.43359375,-0.9765625,-20.01953125,-31.73828125,27.83203125
223.4375,-82.03125,-16.11328125,-25.87890625,16.11328125
223.44140625,-100.09765625,-20.5078125,-49.8046875,-67.87109375
223.4453125,-46.38671875,-17.08984375,-45.41015625,-41.9921875
223.44921875,-20.99609375,-19.04296875,-39.0625,-20.01953125
223.453125,-30.76171875,-27.34375,-52.24609375,-41.9921875
223.45703125,-41.015625,-21.484375,-50.29296875,-46.38671875
223.4609375,-29.296875,-14.16015625,-38.0859375,-29.296875
223.46484375,-33.203125,-18.06640625,-38.57421875,-23.4375
223.46875,-38.0859375,-12.6953125,-32.2265625,-12.20703125
223.47265625,-48.33984375,-9.27734375,-27.83203125,-20.01953125
223.4765625,-5.37109375,-13.671875,-29.78515625,-40.0390625
223.48046875,-9.765625,-13.671875,-24.4140625,5.37109375
223.484375,-2.9296875,-18.06640625,-33.69140625,-48.33984375
223.48828125,-20.01953125,-16.11328125,-43.9453125,-70.80078125
223.4921875,-38.0859375,-22.4609375,-19.04296875,-33.203125
223.49609375,-16.11328125,-24.90234375,-14.6484375,-19.53125
223.5,-19.53125,-19.04296875,-26.85546875,9.27734375
223.50390625,-20.5078125,-16.11328125,-31.73828125,-12.20703125
223.5078125,-32.2265625,-11.71875,-23.4375,-45.41015625
223.51171875,-11.71875,-4.8828125,0.9765625,-4.8828125
223.515625,-24.90234375,0.9765625,-6.34765625,-5.859375
223.51953125,-50.78125,4.39453125,-21.97265625,-45.41015625
223.5234375,-53.22265625,-2.9296875,-21.484375,-35.15625
223.52734375,-20.01953125,-10.25390625,-11.71875,50.78125
223.53125,11.71875,-13.18359375,-13.671875,39.0625
223.53515625,-19.04296875,-3.41796875,-33.69140625,-88.8671875
223.5390625,-32.71484375,-2.9296875,-44.921875,-78.61328125
223.54296875,-16.11328125,-17.578125,-36.62109375,-42.48046875
223.546875,-20.01953125,-26.85546875,-28.3203125,-41.9921875
223.55078125,-25.390625,-25.390625,-23.92578125,-32.2265625
223.5546875,-24.4140625,-26.3671875,-32.71484375,-53.22265625
223.55859375,-48.828125,-27.34375,-36.62109375,-46.875
223.5625,-33.203125,-19.04296875,-29.78515625,-30.76171875
223.56640625,-50.29296875,-16.6015625,-28.80859375,-6.8359375
223.5703125,-71.77734375,-29.296875,-31.73828125,-39.0625
223.57421875,-41.9921875,-38.0859375,-30.2734375,-81.54296875
223.578125,-1.46484375,-31.25,-28.3203125,-63.4765625
223.58203125,-29.296875,-29.296875,-23.92578125,-43.45703125
223.5859375,-50.29296875,-9.765625,-27.34375,-3.41796875
223.58984375,-25.390625,6.34765625,-43.45703125,-26.3671875
223.59375,-48.828125,-6.34765625,-41.9921875,-36.62109375
223.59765625,-53.7109375,-11.71875,-29.78515625,-42.96875
223.6015625,-34.1796875,-19.53125,-18.06640625,-41.015625
223.60546875,-45.41015625,-22.94921875,-14.16015625,-29.296875
223.609375,-52.24609375,-7.32421875,-27.34375,-2.9296875
223.61328125,-51.7578125,-7.8125,-38.57421875,17.08984375
223.6171875,-40.0390625,-22.4609375,-41.9921875,-35.64453125
223.62109375,-41.015625,-24.4140625,-42.96875,-28.80859375
223.625,-50.78125,-33.69140625,-38.57421875,-35.64453125
223.62890625,-25.390625,-35.64453125,-36.62109375,-55.6640625
223.6328125,-41.50390625,-18.06640625,-28.80859375,-56.640625
223.63671875,-89.35546875,-20.5078125,-37.109375,-63.4765625
223.640625,2.44140625,-17.08984375,-36.62109375,-43.9453125
223.64453125,62.01171875,-8.7890625,-25.390625,-43.9453125
223.6484375,-62.5,-23.4375,-24.4140625,-65.91796875
223.65234375,-104.00390625,-33.203125,-14.6484375,-28.3203125
223.65625,-21.97265625,-29.296875,-31.73828125,-40.0390625
223.66015625,-45.41015625,-40.0390625,-42.48046875,-79.1015625
223.6640625,-86.9140625,-26.85546875,-31.73828125,-62.01171875
223.66796875,-59.5703125,-6.34765625,-34.1796875,-1.46484375
223.671875,-41.015625,-12.6953125,-31.25,-4.8828125
223.67578125,-46.875,-19.53125,-18.5546875,-68.359375
223.6796875,-51.26953125,-31.73828125,-24.4140625,-53.7109375
223.68359375,-54.6875,-36.1328125,-32.2265625,-41.9921875
223.6875,-49.8046875,-21.97265625,-28.3203125,-86.42578125
223.69140625,-62.98828125,-18.5546875,-29.296875,-107.421875
223.6953125,-87.890625,-20.01953125,-18.06640625,-51.7578125
223.69921875,-58.59375,-8.7890625,-16.6015625,-3.41796875
223.703125,-29.78515625,-13.671875,-31.25,-49.8046875
223.70703125,-41.015625,-21.97265625,-28.80859375,-71.77734375
223.7109375,-64.94140625,-20.01953125,-19.53125,-21.97265625
223.71484375,-76.66015625,-23.92578125,-17.578125,8.7890625
223.71875,-39.0625,-26.3671875,-30.76171875,-11.23046875
223.72265625,-14.16015625,-27.34375,-32.71484375,15.625
223.7265625,-42.48046875,-41.50390625,-30.2734375,-53.22265625
223.73046875,-22.94921875,-48.828125,-40.0390625,-107.421875
223.734375,-35.64453125,-41.015625,-32.2265625,-85.9375
223.73828125,-63.4765625,-33.69140625,-17.578125,-68.84765625
223.7421875,-65.91796875,-26.3671875,-23.92578125,-66.89453125
223.74609375,-80.078125,-31.25,-51.26953125,-61.03515625
223.75,-90.8203125,-39.55078125,-54.19921875,-53.22265625
223.75390625,-80.078125,-35.64453125,-33.69140625,-36.62109375
223.7578125,-56.15234375,-17.08984375,-25.87890625,-25.87890625
223.76171875,-81.54296875,-23.4375,-27.83203125,-50.78125
223.765625,-74.21875,-40.52734375,-29.78515625,-50.78125
223.76953125,-42.96875,-44.921875,-27.83203125,-51.26953125
223.7734375,-64.453125,-41.9921875,-24.4140625,-63.96484375
223.77734375,-79.58984375,-30.2734375,-19.53125,-85.44921875
223.78125,-41.015625,-20.99609375,-17.08984375,-21.484375
223.78515625,-17.578125,-8.7890625,-29.296875,20.5078125
223.7890625,-40.0390625,-18.5546875,-39.0625,-62.01171875
223.79296875,-61.5234375,-30.2734375,-29.296875,-66.89453125
223.796875,-61.03515625,-24.90234375,-12.20703125,-15.13671875
223.80078125,-41.015625,-44.921875,2.9296875,-34.66796875
223.8046875,-40.52734375,-59.5703125,-1.953125,-72.265625
223.80859375,-77.1484375,-24.4140625,-8.7890625,-78.61328125
223.8125,-92.7734375,-7.32421875,-13.18359375,-81.54296875
223.81640625,-49.31640625,-8.30078125,-8.30078125,-83.984375
223.8203125,-21.97265625,-6.8359375,-10.7421875,-82.51953125
223.82421875,-42.48046875,-31.73828125,-13.18359375,-65.4296875
223.828125,-20.01953125,-24.4140625,-27.34375,-87.40234375
223.83203125,-20.5078125,-15.625,-30.76171875,-69.82421875
223.8359375,-95.703125,-31.25,-19.04296875,-20.5078125
223.83984375,-62.98828125,-26.85546875,-26.3671875,-47.36328125
223.84375,-43.9453125,-25.390625,-25.390625,-10.25390625
223.84765625,-85.44921875,-17.08984375,-25.390625,-24.90234375
223.8515625,-65.4296875,-4.39453125,-43.9453125,-80.56640625
223.85546875,-64.94140625,-18.5546875,-27.83203125,-93.75
223.859375,-73.2421875,-32.2265625,-1.46484375,-46.875
223.86328125,-71.2890625,-20.01953125,-1.953125,-24.4140625
223.8671875,-46.38671875,-11.23046875,-6.8359375,-43.45703125
223.87109375,-57.12890625,-16.6015625,-9.765625,-21.484375
223.875,-63.96484375,-24.4140625,-11.23046875,-17.578125
223.87890625,-1.46484375,-19.04296875,-5.37109375,-64.94140625
223.8828125,-19.04296875,-13.18359375,-3.41796875,-64.453125
223.88671875,-60.546875,-20.5078125,-5.859375,-49.31640625
223.890625,-39.55078125,-27.83203125,-8.30078125,-77.63671875
223.89453125,-21.97265625,-32.71484375,-9.765625,-65.91796875
223.8984375,-24.90234375,-35.15625,-14.16015625,-7.8125
223.90234375,-33.69140625,-45.8984375,-11.23046875,9.765625
223.90625,-33.203125,-31.73828125,-14.16015625,-15.13671875
223.91015625,-24.4140625,4.39453125,-42.96875,-20.01953125
223.9140625,-7.8125,14.6484375,-42.96875,-61.5234375
223.91796875,-10.7421875,10.7421875,-7.8125,-62.5
223.921875,-10.25390625,3.41796875,11.71875,-61.03515625
223.92578125,-44.43359375,-0.9765625,-0.9765625,-63.4765625
223.9296875,-62.5,-9.27734375,-14.6484375,-61.03515625
223.93359375,-64.453125,-24.90234375,-12.20703125,-65.4296875
223.9375,-32.71484375,-41.015625,-7.8125,-65.91796875
223.94140625,3.41796875,-31.25,-12.20703125,9.27734375
223.9453125,17.08984375,-5.37109375,-22.4609375,43.45703125
223.94921875,-10.7421875,-4.39453125,-22.94921875,-40.52734375
223.953125,-14.6484375,-20.5078125,-14.6484375,-54.6875
223.95703125,-6.8359375,-32.2265625,-10.7421875,-10.25390625
223.9609375,0.48828125,-22.94921875,-13.18359375,11.23046875
223.96484375,-3.41796875,-1.46484375,-18.06640625,-21.97265625
223.96875,-14.6484375,4.8828125,-20.01953125,-38.57421875
223.97265625,19.53125,-6.34765625,-24.90234375,-50.29296875
223.9765625,16.6015625,-28.80859375,-36.1328125,-60.05859375
223.98046875,-9.27734375,-21.97265625,-31.25,-62.5
223.984375,-37.59765625,-9.765625,-13.18359375,13.18359375
223.98828125,-64.453125,-23.4375,-14.6484375,10.25390625
223.9921875,-66.89453125,-24.4140625,-26.85546875,-81.0546875
223.99609375,-57.6171875,-18.5546875,-45.41015625,-65.91796875
224.0,-72.75390625,-18.5546875,-45.8984375,-66.40625
224.00390625,-77.1484375,-17.08984375,-21.484375,-58.10546875
224.0078125,-71.77734375,-18.06640625,-26.85546875,-32.71484375
224.01171875,-77.63671875,-23.92578125,-30.76171875,-47.36328125
224.015625,-61.03515625,-41.015625,-21.97265625,-76.171875
224.01953125,-67.3828125,-45.41015625,-10.25390625,-81.0546875
224.0234375,-59.5703125,-41.9921875,-11.71875,-88.37890625
224.02734375,-61.5234375,-21.484375,-30.76171875,-96.19140625
224.03125,-73.73046875,-10.7421875,-29.296875,-56.640625
224.03515625,-46.38671875,-5.37109375,-26.3671875,11.23046875
224.0390625,-36.1328125,-8.30078125,-51.26953125,-14.6484375
224.04296875,-78.61328125,-23.92578125,-54.19921875,-63.96484375
224.046875,-63.4765625,-22.4609375,-41.50390625,-82.03125
224.05078125,-36.62109375,-23.4375,-31.25,-86.9140625
224.0546875,-79.58984375,-27.34375,-20.01953125,-70.3125
224.05859375,-45.8984375,-31.25,-25.390625,-50.29296875
224.0625,-26.85546875,-32.71484375,-38.57421875,-43.45703125
224.06640625,-76.66015625,-28.80859375,-46.38671875,-62.01171875
224.0703125,-96.6796875,-21.484375,-26.85546875,-41.9921875
224.07421875,-93.26171875,-9.765625,0.9765625,-84.9609375
224.078125,-62.98828125,-14.16015625,11.71875,-141.6015625
224.08203125,-32.2265625,-24.4140625,11.71875,-94.7265625
224.0859375,-15.625,-17.578125,2.9296875,-68.84765625
224.08984375,-16.11328125,7.32421875,-3.41796875,-62.98828125
224.09375,-39.0625,17.578125,-11.23046875,-75.1953125
224.09765625,-70.3125,2.44140625,-5.37109375,-48.828125
224.1015625,-36.1328125,-8.30078125,-0.9765625,-1.953125
224.10546875,-56.640625,-11.71875,-12.20703125,-31.25
224.109375,-97.65625,-14.16015625,-10.7421875,-40.52734375
224.11328125,-68.84765625,-13.18359375,-23.92578125,-12.6953125
224.1171875,-25.390625,-4.39453125,-57.12890625,9.27734375
224.12109375,-2.44140625,-14.16015625,-48.828125,-109.375
224.125,-15.13671875,-17.08984375,-29.78515625,-153.80859375
224.12890625,-17.578125,-8.30078125,-23.4375,-61.5234375
224.1328125,13.18359375,-2.9296875,-9.765625,-28.80859375
224.13671875,-6.8359375,0.0,-2.9296875,-5.37109375
224.140625,-33.203125,-21.484375,-1.953125,-43.9453125
224.14453125,-27.34375,-29.78515625,-2.9296875,-33.69140625
224.1484375,-43.9453125,-16.6015625,-36.1328125,15.13671875
224.15234375,-36.62109375,-12.20703125,-62.98828125,-0.9765625
224.15625,-36.62109375,-17.578125,-68.84765625,-24.90234375
224.16015625,-0.48828125,-19.04296875,-66.89453125,-74.21875
224.1640625,29.296875,-33.203125,7.8125,-37.59765625
224.16796875,1.46484375,-47.36328125,33.69140625,-41.9921875
224.171875,28.80859375,-37.109375,-29.78515625,-91.796875
224.17578125,29.296875,-50.29296875,-36.62109375,-76.171875
224.1796875,-19.04296875,-65.4296875,30.76171875,-54.6875
224.18359375,-20.01953125,-59.5703125,72.265625,-74.21875
224.1875,-55.17578125,-57.12890625,69.82421875,-70.80078125
224.19140625,-57.12890625,-59.08203125,68.359375,-13.671875
224.1953125,6.34765625,-58.59375,-0.9765625,-1.46484375
224.19921875,28.80859375,-62.5,-55.6640625,-27.83203125
224.203125,0.48828125,-55.6640625,-33.203125,-47.8515625
224.20703125,-19.04296875,-42.48046875,10.25390625,-19.53125
224.2109375,-111.328125,-65.4296875,70.3125,-70.80078125
224.21484375,-163.0859375,-106.93359375,78.125,-126.46484375
224.21875,-90.33203125,-103.02734375,84.47265625,-89.35546875
224.22265625,-59.5703125,-51.26953125,83.0078125,-98.6328125
224.2265625,-52.734375,-12.6953125,3.41796875,-83.0078125
224.23046875,-58.10546875,-25.87890625,-10.7421875,-77.63671875
224.234375,-91.30859375,-62.98828125,31.73828125,-131.34765625
224.23828125,-121.09375,-68.359375,0.0,-132.8125
224.2421875,-54.6875,-61.03515625,-1.953125,-87.890625
224.24609375,-15.13671875,-62.01171875,28.3203125,-107.421875
224.25,-45.8984375,-62.01171875,7.8125,-88.8671875
224.25390625,-32.71484375,-46.875,-12.20703125,-49.8046875
224.2578125,13.671875,-48.33984375,0.48828125,-74.21875
224.26171875,13.671875,-63.96484375,11.71875,-65.91796875
224.265625,-30.2734375,-58.10546875,8.30078125,-35.15625
224.26953125,-62.01171875,-55.6640625,6.34765625,-79.1015625
224.2734375,-52.734375,-53.7109375,-14.16015625,-71.2890625
224.27734375,18.06640625,-50.29296875,-7.32421875,-45.41015625
224.28125,37.109375,-42.96875,10.25390625,-8.30078125
224.28515625,-19.53125,-42.96875,9.27734375,10.25390625
224.2890625,-41.015625,-50.29296875,38.57421875,4.8828125
224.29296875,-41.50390625,-62.01171875,21.484375,63.4765625
224.296875,-4.8828125,-54.6875,-3.41796875,20.99609375
224.30078125,-45.41015625,-44.43359375,27.83203125,-23.92578125
224.3046875,-10.7421875,-44.43359375,-6.34765625,83.984375
224.30859375,27.34375,-35.15625,-3.90625,75.1953125
224.3125,-34.1796875,-31.25,39.0625,58.10546875
224.31640625,-1.46484375,-18.5546875,21.484375,105.95703125
224.3203125,47.36328125,-11.71875,17.08984375,48.828125
224.32421875,-47.8515625,-30.76171875,51.26953125,-19.04296875
224.328125,-116.69921875,-47.8515625,83.0078125,-0.48828125
224.33203125,-66.89453125,-55.17578125,59.5703125,58.59375
224.3359375,-57.12890625,-38.57421875,-16.6015625,77.1484375
224.33984375,-83.0078125,-33.69140625,2.9296875,41.50390625
224.34375,-108.3984375,-40.0390625,87.40234375,33.203125
224.34765625,-91.796875,-29.78515625,96.19140625,82.03125
224.3515625,-79.1015625,-35.64453125,49.8046875,117.67578125
224.35546875,-76.66015625,-40.52734375,14.6484375,77.1484375
224.359375,-62.98828125,-42.96875,20.01953125,40.0390625
224.36328125,-49.31640625,-41.50390625,8.7890625,108.88671875
224.3671875,-46.875,-18.5546875,-8.30078125,135.25390625
224.37109375,-58.10546875,-0.9765625,0.48828125,33.69140625
224.375,-47.36328125,-1.953125,10.7421875,70.3125
224.37890625,-18.06640625,-16.6015625,20.99609375,149.4140625
224.3828125,-24.90234375,-5.859375,37.109375,126.46484375
224.38671875,-42.48046875,7.8125,29.296875,27.34375
224.390625,-31.25,4.8828125,-5.859375,-17.08984375
224.39453125,-33.203125,8.30078125,-41.50390625,30.2734375
224.3984375,-34.1796875,10.25390625,-40.0390625,55.17578125
224.40234375,23.4375,0.48828125,-9.27734375,42.48046875
224.40625,30.76171875,-3.90625,2.9296875,68.84765625
224.41015625,-15.13671875,5.37109375,2.44140625,56.640625
224.4140625,-17.08984375,10.7421875,-9.765625,-12.6953125
224.41796875,2.44140625,12.20703125,-31.73828125,-22.4609375
224.421875,2.44140625,12.6953125,-36.1328125,10.7421875
224.42578125,17.578125,11.23046875,3.90625,50.29296875
224.4296875,22.4609375,2.9296875,20.01953125,27.83203125
224.43359375,21.484375,-7.32421875,10.25390625,16.6015625
224.4375,22.94921875,-3.90625,7.32421875,32.2265625
224.44140625,9.765625,7.8125,6.34765625,43.9453125
224.4453125,23.4375,-2.9296875,-1.46484375,41.9921875
224.44921875,26.3671875,-1.953125,4.8828125,15.625
224.453125,9.765625,10.25390625,-11.23046875,-31.73828125
224.45703125,5.859375,16.11328125,-18.5546875,-44.43359375
224.4609375,20.5078125,12.20703125,-10.25390625,-29.296875
224.46484375,55.6640625,6.34765625,20.01953125,5.37109375
224.46875,69.3359375,14.6484375,41.015625,27.34375
224.47265625,57.12890625,14.6484375,24.4140625,22.4609375
224.4765625,23.4375,8.7890625,8.30078125,20.5078125
224.48046875,39.0625,5.37109375,0.48828125,37.109375
224.484375,74.21875,4.39453125,28.3203125,14.16015625
224.48828125,40.0390625,-7.32421875,32.71484375,3.41796875
224.4921875,-0.9765625,-28.3203125,17.08984375,34.66796875
224.49609375,40.0390625,-0.9765625,0.0,-29.296875
224.5,62.98828125,23.92578125,-12.6953125,-66.40625
224.50390625,28.80859375,22.94921875,4.39453125,-36.1328125
224.5078125,20.5078125,20.01953125,19.53125,-23.4375
224.51171875,25.390625,7.32421875,45.41015625,-44.921875
224.515625,69.82421875,7.32421875,41.9921875,-66.89453125
224.51953125,69.82421875,16.6015625,29.296875,-64.94140625
224.5234375,43.45703125,20.99609375,24.90234375,-46.38671875
224.52734375,49.8046875,15.13671875,19.53125,-37.59765625
224.53125,64.453125,17.578125,22.4609375,-38.57421875
224.53515625,69.82421875,20.99609375,30.76171875,-20.01953125
224.5390625,45.41015625,16.6015625,16.6015625,-12.6953125
224.54296875,23.4375,16.11328125,4.39453125,-5.859375
224.546875,25.87890625,17.08984375,13.671875,-27.34375
224.55078125,53.22265625,8.30078125,19.04296875,-20.01953125
224.5546875,91.30859375,-1.953125,24.4140625,6.34765625
224.55859375,98.6328125,5.859375,23.92578125,19.04296875
224.5625,43.9453125,9.27734375,9.27734375,-7.32421875
224.56640625,3.41796875,6.34765625,5.859375,-2.9296875
224.5703125,12.6953125,11.23046875,7.32421875,-8.30078125
224.57421875,6.8359375,9.765625,0.0,-55.6640625
224.578125,-4.8828125,2.9296875,0.0,-34.66796875
224.58203125,18.5546875,8.7890625,-5.859375,-0.48828125
224.5859375,28.3203125,13.671875,-22.94921875,-58.59375
224.58984375,15.625,8.30078125,-21.97265625,-26.85546875
224.59375,23.92578125,5.859375,-10.25390625,-12.20703125
224.59765625,37.109375,7.8125,-15.625,-56.15234375
224.6015625,10.25390625,13.18359375,-15.625,-33.203125
224.60546875,-21.484375,8.30078125,-15.625,-5.37109375
224.609375,-1.46484375,7.32421875,-54.19921875,-14.6484375
224.61328125,9.27734375,24.90234375,-47.8515625,-53.22265625
224.6171875,-28.80859375,8.7890625,-11.71875,-53.7109375
224.62109375,-62.5,-10.7421875,-3.41796875,-52.24609375
224.625,-50.78125,-1.46484375,12.20703125,-58.10546875
224.62890625,-42.96875,0.9765625,18.5546875,-79.58984375
224.6328125,-29.296875,-3.90625,4.39453125,-62.5
224.63671875,-24.90234375,-4.8828125,-11.71875,-55.6640625
224.640625,-32.2265625,-4.8828125,-9.765625,-62.98828125
224.64453125,-34.1796875,-9.765625,2.44140625,-30.2734375
224.6484375,-33.69140625,-10.25390625,-0.9765625,-18.5546875
224.65234375,-19.04296875,-3.41796875,-4.8828125,-37.109375
224.65625,-28.3203125,-0.9765625,10.7421875,-19.53125
224.66015625,-58.59375,-2.44140625,16.11328125,-12.6953125
224.6640625,-54.6875,-9.27734375,6.8359375,-9.765625
224.66796875,-22.94921875,-10.25390625,6.8359375,-42.96875
224.671875,-40.52734375,-12.20703125,-1.46484375,-51.26953125
224.67578125,-75.68359375,-17.08984375,-14.16015625,-41.015625
224.6796875,-71.2890625,-20.01953125,-7.32421875,-65.4296875
224.68359375,-19.04296875,-21.484375,-18.06640625,-52.24609375
224.6875,-6.8359375,-19.04296875,-43.45703125,-20.5078125
224.69140625,-48.828125,-25.87890625,-47.36328125,-29.78515625
224.6953125,-53.7109375,-33.69140625,-16.6015625,-57.12890625
224.69921875,-46.875,-35.64453125,12.20703125,-59.08203125
224.703125,-54.19921875,-37.109375,-2.9296875,-39.55078125
224.70703125,-43.9453125,-29.296875,-18.06640625,-47.8515625
224.7109375,-41.50390625,-25.87890625,-27.83203125,-68.359375
224.71484375,-39.55078125,-29.78515625,-19.04296875,-57.6171875
224.71875,-35.15625,-26.3671875,10.25390625,-32.71484375
224.72265625,-43.9453125,-38.0859375,3.90625,-36.1328125
224.7265625,-32.2265625,-45.8984375,-12.6953125,-49.31640625
224.73046875,-33.203125,-18.5546875,-1.46484375,-11.23046875
224.734375,-58.59375,6.34765625,1.953125,-24.4140625
224.73828125,-97.65625,6.34765625,-1.953125,-51.26953125
224.7421875,-110.83984375,1.46484375,2.44140625,-85.44921875
224.74609375,-94.23828125,-4.8828125,3.90625,-118.65234375
224.75,-67.3828125,-12.20703125,-12.6953125,-85.44921875
224.75390625,-16.6015625,-23.92578125,-5.859375,-47.8515625
224.7578125,-38.57421875,-20.99609375,-5.37109375,-34.66796875
224.76171875,-69.82421875,-8.30078125,-27.83203125,-27.83203125
224.765625,-37.109375,-8.7890625,-6.8359375,-58.10546875
224.76953125,-34.1796875,-10.7421875,9.765625,-55.17578125
224.7734375,-39.55078125,-11.71875,2.9296875,-37.59765625
224.77734375,-20.01953125,-11.71875,-8.7890625,-66.40625
224.78125,-47.36328125,-13.18359375,-7.32421875,-65.91796875
224.78515625,-60.546875,-16.11328125,11.23046875,-53.22265625
224.7890625,-53.7109375,-30.76171875,6.8359375,-57.12890625
224.79296875,-58.59375,-28.3203125,-5.37109375,-40.52734375
224.796875,-47.36328125,-17.08984375,0.48828125,-24.4140625
224.80078125,-55.6640625,-22.94921875,-1.953125,-66.40625
224.8046875,-47.36328125,-31.73828125,-9.27734375,-66.89453125
224.80859375,-55.17578125,-32.2265625,-7.8125,-54.6875
224.8125,-30.76171875,-20.99609375,-7.8125,3.41796875
224.81640625,-8.30078125,-25.87890625,-19.04296875,34.66796875
224.8203125,-46.875,-26.85546875,-10.25390625,-53.7109375
224.82421875,-33.69140625,-19.04296875,10.25390625,-81.54296875
224.828125,-22.94921875,-22.4609375,19.53125,-77.63671875
224.83203125,-35.64453125,-21.97265625,12.6953125,-95.21484375
224.8359375,-40.52734375,-32.2265625,-0.48828125,-78.125
224.83984375,-43.45703125,-30.76171875,-6.34765625,-48.828125
224.84375,-42.48046875,-14.16015625,-5.37109375,-3.41796875
224.84765625,-71.77734375,-9.765625,-9.765625,1.953125
224.8515625,-121.09375,-16.6015625,-6.34765625,-17.08984375
224.85546875,-104.00390625,-21.484375,1.46484375,-25.390625
224.859375,-59.5703125,-17.08984375,-14.16015625,-30.2734375
224.86328125,-74.70703125,-16.6015625,-19.04296875,-25.390625
224.8671875,-92.7734375,-20.01953125,0.0,-23.4375
224.87109375,-78.61328125,-26.3671875,-4.39453125,-64.453125
224.875,-85.9375,-28.3203125,-30.76171875,-74.21875
224.87890625,-96.6796875,-22.4609375,-22.94921875,-42.96875
224.8828125,-57.6171875,-26.85546875,2.44140625,-23.4375
224.88671875,-52.24609375,-37.59765625,20.99609375,1.953125
224.890625,-66.89453125,-29.78515625,8.30078125,-18.06640625
224.89453125,-77.63671875,-23.4375,-15.625,-56.640625
224.8984375,-85.44921875,-20.5078125,-21.484375,-26.85546875
224.90234375,-70.80078125,-18.06640625,-1.46484375,-40.0390625
224.90625,-51.7578125,-27.83203125,-2.9296875,-54.6875
224.91015625,-58.59375,-32.71484375,-9.765625,-52.734375
224.9140625,-44.43359375,-32.2265625,2.44140625,-26.85546875
224.91796875,-28.3203125,-30.2734375,-11.71875,0.0
224.921875,-54.19921875,-21.97265625,-38.0859375,-23.92578125
224.92578125,-47.8515625,-26.85546875,-40.52734375,-49.8046875
224.9296875,-47.8515625,-31.25,-10.25390625,-61.03515625
224.93359375,-68.359375,-24.90234375,-14.16015625,-52.734375
224.9375,-75.68359375,-31.25,-19.04296875,-42.48046875
224.94140625,-56.15234375,-23.4375,0.0,-58.10546875
224.9453125,-30.76171875,-12.20703125,5.859375,-58.59375
224.94921875,-35.64453125,-17.08984375,-5.37109375,-48.33984375
224.953125,-42.48046875,-22.4609375,-21.484375,-22.4609375
224.95703125,-33.203125,-30.2734375,-20.99609375,-44.43359375
224.9609375,-47.36328125,-23.4375,-13.671875,-54.6875
224.96484375,-62.98828125,-29.296875,-31.25,-25.87890625
224.96875,-56.15234375,-35.64453125,-26.3671875,-24.4140625
224.97265625,-48.828125,-17.08984375,-0.9765625,-51.7578125
224.9765625,-44.921875,-11.71875,-9.27734375,-52.24609375
224.98046875,-72.265625,-4.8828125,-4.8828125,-22.94921875
224.984375,-67.87109375,-3.41796875,-8.30078125,-26.85546875
224.98828125,-28.3203125,-15.625,-17.08984375,-52.734375
224.9921875,-36.1328125,-20.01953125,-15.625,-70.3125
224.99609375,-25.87890625,-14.6484375,-30.2734375,-57.12890625
225.0,-36.62109375,-21.97265625,-26.3671875,-43.9453125
225.00390625,-60.05859375,-21.97265625,3.90625,-53.7109375
225.0078125,-64.453125,-19.53125,-3.41796875,-79.58984375
225.01171875,-41.9921875,-19.53125,-21.97265625,-58.10546875
225.015625,-30.76171875,-23.4375,-17.578125,-42.48046875
225.01953125,-12.6953125,-21.484375,-5.859375,-48.33984375
225.0234375,-17.08984375,-22.4609375,0.9765625,-44.43359375
225.02734375,-38.57421875,-34.1796875,-1.46484375,-57.12890625
225.03125,-32.71484375,-35.64453125,-10.25390625,-50.78125
225.03515625,-7.32421875,-26.3671875,-18.06640625,-24.4140625
225.0390625,-16.11328125,-24.4140625,-21.97265625,-41.015625
225.04296875,-46.875,-35.15625,-22.94921875,-57.12890625
225.046875,-62.98828125,-29.78515625,-23.92578125,-70.80078125
225.05078125,-39.55078125,-17.08984375,-21.97265625,-66.89453125
225.0546875,-38.57421875,-13.671875,-14.16015625,-64.453125
225.05859375,-55.6640625,-16.6015625,-6.8359375,-71.77734375
225.0625,-34.1796875,-13.18359375,-10.7421875,-46.875
225.06640625,-10.7421875,-7.8125,-9.765625,-38.57421875
225.0703125,-7.8125,-13.18359375,-9.27734375,-42.96875
225.07421875,-2.9296875,-4.8828125,-29.296875,-9.27734375
225.078125,-23.92578125,1.46484375,-24.90234375,-36.1328125
225.08203125,-47.8515625,-9.27734375,0.48828125,-76.171875
225.0859375,-52.734375,-16.11328125,-3.90625,-45.8984375
225.08984375,-24.4140625,-17.08984375,-6.34765625,-5.37109375
225.09375,-0.9765625,-26.3671875,3.41796875,37.59765625
225.09765625,-45.41015625,-15.625,-19.53125,-10.25390625
225.1015625,-32.71484375,-3.41796875,-26.3671875,-76.66015625
225.10546875,-30.2734375,-20.99609375,-3.41796875,-18.06640625
225.109375,-28.3203125,-22.4609375,11.71875,7.8125
225.11328125,-15.625,-17.08984375,12.6953125,-25.390625
225.1171875,-24.90234375,-27.34375,4.8828125,-47.8515625
225.12109375,-22.94921875,-17.578125,3.90625,-23.92578125
225.125,-14.16015625,-8.7890625,2.9296875,-16.11328125
225.12890625,-29.296875,-17.08984375,-29.296875,-32.71484375
225.1328125,-73.2421875,-17.578125,-52.734375,-49.31640625
225.13671875,-41.9921875,-16.11328125,-41.015625,-39.0625
225.140625,4.8828125,-14.6484375,-19.53125,29.78515625
225.14453125,-30.2734375,-29.78515625,13.18359375,-24.90234375
225.1484375,-30.2734375,-42.48046875,31.73828125,-42.96875
225.15234375,-4.8828125,-28.3203125,29.78515625,11.23046875
225.15625,-49.31640625,-17.578125,7.8125,-21.484375
225.16015625,-80.56640625,-15.625,-8.30078125,-80.56640625
225.1640625,-76.171875,-9.765625,-14.16015625,-68.359375
225.16796875,-80.56640625,-8.30078125,-20.5078125,-62.98828125
225.171875,-64.94140625,-20.01953125,-25.390625,-65.4296875
225.17578125,-47.36328125,-24.4140625,-33.69140625,-68.359375
225.1796875,-58.59375,-24.90234375,-47.8515625,-105.46875
225.18359375,-38.57421875,-7.32421875,-59.5703125,-87.40234375
225.1875,-63.96484375,-11.23046875,-52.24609375,-76.66015625
225.19140625,-76.171875,-29.296875,-52.24609375,-83.49609375
225.1953125,-57.6171875,-15.13671875,-65.4296875,-70.80078125
225.19921875,-53.7109375,3.90625,-64.453125,-83.49609375
225.203125,-51.26953125,4.8828125,-47.8515625,-72.265625
225.20703125,-57.12890625,-12.20703125,-21.97265625,-51.7578125
225.2109375,-65.91796875,-16.11328125,-21.97265625,-65.91796875
225.21484375,-93.75,-10.7421875,-46.38671875,-53.22265625
225.21875,-49.8046875,-15.625,-46.875,-46.38671875
225.22265625,-36.1328125,-22.4609375,-28.3203125,-80.56640625
225.2265625,-67.87109375,-10.25390625,-9.27734375,-80.56640625
225.23046875,-64.453125,6.8359375,-8.7890625,-65.91796875
225.234375,-63.96484375,5.859375,-15.625,-81.54296875
225.23828125,-98.6328125,-5.37109375,-16.6015625,-83.49609375
225.2421875,-77.63671875,-17.08984375,-36.62109375,-71.2890625
225.24609375,-41.50390625,-25.390625,-58.59375,-68.84765625
225.25,-51.26953125,-30.2734375,-52.734375,-45.8984375
225.25390625,-94.7265625,-30.2734375,-24.4140625,-43.9453125
225.2578125,-120.60546875,-30.76171875,1.953125,-63.4765625
225.26171875,-93.75,-24.4140625,5.859375,-41.015625
225.265625,-111.328125,-37.109375,-7.32421875,3.90625
225.26953125,-146.97265625,-60.05859375,-36.1328125,-19.53125
225.2734375,-152.34375,-83.49609375,-80.078125,-127.44140625
225.27734375,-121.58203125,-126.953125,-102.05078125,-124.51171875
225.28125,-103.02734375,-114.74609375,-79.58984375,-83.49609375
225.28515625,-115.72265625,-53.22265625,-59.5703125,-112.79296875
225.2890625,-105.46875,-30.2734375,-36.62109375,-93.26171875
225.29296875,-73.73046875,-26.85546875,13.18359375,-26.85546875
225.296875,-57.6171875,-26.85546875,23.92578125,20.5078125
225.30078125,-51.7578125,-26.85546875,0.9765625,-4.8828125
225.3046875,-78.61328125,-26.3671875,-12.20703125,-63.96484375
225.30859375,-78.61328125,-18.06640625,-29.78515625,-105.46875
225.3125,-25.87890625,-36.62109375,-35.64453125,-68.84765625
225.31640625,-42.48046875,-48.828125,-30.2734375,-63.4765625
225.3203125,-58.59375,-3.90625,-33.69140625,-61.03515625
225.32421875,-34.1796875,12.6953125,-39.0625,-53.7109375
225.328125,-50.78125,0.9765625,-40.52734375,-57.12890625
225.33203125,-42.96875,0.9765625,-46.875,-56.15234375
225.3359375,-26.3671875,2.44140625,-55.17578125,-20.99609375
225.33984375,-36.62109375,1.46484375,-67.3828125,-49.8046875
225.34375,-43.9453125,-3.41796875,-67.3828125,-128.41796875
225.34765625,-57.12890625,-16.11328125,-53.22265625,-89.35546875
225.3515625,-51.26953125,-10.7421875,-48.828125,-97.16796875
225.35546875,-14.6484375,-0.48828125,-55.17578125,-115.72265625
225.359375,-15.13671875,-10.25390625,-48.828125,-107.91015625
225.36328125,-40.52734375,-18.06640625,-32.71484375,-79.58984375
225.3671875,-31.25,-15.625,-37.109375,-70.3125
225.37109375,-18.5546875,-16.6015625,-35.15625,-94.7265625
225.375,-24.90234375,-19.04296875,-41.50390625,-74.70703125
225.37890625,-43.9453125,-17.578125,-61.5234375,-22.94921875
225.3828125,-51.7578125,-21.484375,-39.0625,-30.2734375
225.38671875,-30.2734375,-59.08203125,-20.5078125,-18.5546875
225.390625,-23.4375,-49.8046875,-26.85546875,-24.90234375
225.39453125,-35.64453125,-4.8828125,-28.80859375,-43.9453125
225.3984375,-30.76171875,-5.859375,-41.50390625,-30.2734375
225.40234375,-22.4609375,-11.71875,-55.6640625,-6.8359375
225.40625,-12.20703125,-17.08984375,-33.69140625,-7.32421875
225.41015625,-22.4609375,-23.4375,-21.97265625,-7.32421875
225.4140625,-21.97265625,-11.71875,-20.5078125,-13.671875
225.41796875,-20.01953125,-7.32421875,-23.92578125,-13.671875
225.421875,-42.96875,-13.18359375,-33.203125,13.18359375
225.42578125,-29.78515625,-28.80859375,-12.20703125,-47.8515625
225.4296875,-9.765625,-38.57421875,3.90625,-39.55078125
225.43359375,0.0,-21.97265625,-13.671875,43.9453125
225.4375,-27.34375,-29.78515625,-28.80859375,15.13671875
225.44140625,-14.6484375,-39.0625,-9.765625,9.27734375
225.4453125,7.32421875,-19.53125,-4.39453125,16.11328125
225.44921875,7.8125,-24.4140625,-11.23046875,-49.31640625
225.453125,-0.48828125,-41.50390625,-18.06640625,10.7421875
225.45703125,-20.99609375,-40.52734375,-51.7578125,5.37109375
225.4609375,-31.25,-27.34375,-68.359375,-41.9921875
225.46484375,-17.578125,-19.53125,-20.99609375,33.203125
225.46875,-38.0859375,-32.2265625,18.5546875,20.99609375
225.47265625,-37.109375,-17.08984375,7.8125,-28.80859375
225.4765625,-19.04296875,-9.27734375,-3.41796875,-36.1328125
225.48046875,17.578125,-6.8359375,-15.13671875,-48.33984375
225.484375,4.8828125,5.859375,-46.38671875,-52.24609375
225.48828125,-58.59375,4.8828125,-53.7109375,-55.17578125
225.4921875,-45.8984375,5.37109375,-26.85546875,-64.453125
225.49609375,-64.453125,2.44140625,-19.53125,-42.96875
225.5,-60.546875,-4.39453125,-22.94921875,-30.76171875
225.50390625,-23.92578125,4.39453125,-29.296875,-42.48046875
225.5078125,-48.828125,14.6484375,-41.50390625,-62.01171875
225.51171875,-57.6171875,20.99609375,-40.0390625,-78.125
225.515625,-26.3671875,12.20703125,-38.57421875,-87.40234375
225.51953125,-12.6953125,-2.9296875,-38.0859375,-38.57421875
225.5234375,-47.36328125,10.7421875,-48.33984375,-56.15234375
225.52734375,-77.1484375,29.78515625,-70.80078125,-185.05859375
225.53125,-87.890625,27.83203125,-75.1953125,-176.26953125
225.53515625,-47.8515625,26.3671875,-70.3125,-104.4921875
225.5390625,-17.578125,23.92578125,-86.42578125,-89.84375
225.54296875,-20.01953125,13.671875,-77.63671875,-87.890625
225.546875,-20.5078125,7.8125,-51.7578125,-76.171875
225.55078125,-45.41015625,2.9296875,-36.1328125,-35.64453125
225.5546875,-36.1328125,-3.90625,-36.1328125,-70.80078125
225.55859375,-8.7890625,-28.3203125,-35.64453125,-70.3125
225.5625,-6.8359375,-26.85546875,-20.99609375,-33.69140625
225.56640625,19.04296875,-12.6953125,-22.94921875,-93.26171875
225.5703125,2.9296875,1.46484375,-34.66796875,-120.1171875
225.57421875,-65.4296875,11.23046875,-38.57421875,-90.8203125
225.578125,-79.1015625,8.7890625,-23.4375,-46.875
225.58203125,-74.70703125,-27.34375,-47.8515625,-43.9453125
225.5859375,-98.14453125,-85.9375,-91.30859375,-117.67578125
225.58984375,-117.67578125,-99.609375,-102.5390625,-109.86328125
225.59375,-116.69921875,-98.6328125,-124.0234375,-89.35546875
225.59765625,-92.28515625,-105.95703125,-131.8359375,-129.39453125
225.6015625,-110.83984375,-108.3984375,-98.6328125,-117.67578125
225.60546875,-118.1640625,-109.86328125,-80.078125,-86.9140625
225.609375,-108.3984375,-112.79296875,-89.35546875,-101.07421875
225.61328125,-107.91015625,-114.2578125,-89.35546875,-119.62890625
225.6171875,-106.93359375,-112.3046875,-86.9140625,-112.3046875
225.62109375,-100.09765625,-100.5859375,-85.9375,-77.63671875
225.625,-71.2890625,-95.703125,-86.9140625,-76.66015625
225.62890625,-69.82421875,-90.8203125,-85.44921875,-115.72265625
225.6328125,-74.70703125,-89.35546875,-75.1953125,-94.23828125
225.63671875,-45.8984375,-85.44921875,-75.1953125,-65.91796875
225.640625,-32.2265625,-91.796875,-74.70703125,-68.359375
225.64453125,-59.08203125,-87.40234375,-56.15234375,-45.41015625
225.6484375,-82.03125,-70.3125,-44.921875,-61.5234375
225.65234375,-102.05078125,-75.1953125,-47.8515625,-50.78125
225.65625,-76.171875,-86.9140625,-45.8984375,-11.23046875
225.66015625,-14.16015625,-72.75390625,-41.015625,-19.53125
225.6640625,-10.25390625,-66.40625,-40.0390625,-6.8359375
225.66796875,-41.015625,-64.453125,-50.78125,-18.5546875
225.671875,-64.453125,-52.24609375,-65.91796875,-46.38671875
225.67578125,-62.01171875,-55.6640625,-36.62109375,3.90625
225.6796875,-55.6640625,-67.3828125,-11.23046875,-18.06640625
225.68359375,-46.875,-68.359375,-29.296875,-51.26953125
225.6875,-35.64453125,-61.5234375,-35.64453125,-29.296875
225.69140625,-43.45703125,-56.640625,-12.6953125,-11.71875
225.6953125,-92.28515625,-57.12890625,0.9765625,-6.34765625
225.69921875,-120.60546875,-58.59375,14.16015625,22.4609375
225.703125,-73.73046875,-48.33984375,20.01953125,54.19921875
225.70703125,-55.6640625,-29.78515625,-19.53125,5.37109375
225.7109375,-108.3984375,-35.64453125,-51.26953125,-56.15234375
225.71484375,-128.90625,-44.43359375,-40.0390625,-97.65625
225.71875,-122.55859375,-60.05859375,-19.04296875,-122.55859375
225.72265625,-155.2734375,-59.5703125,-19.04296875,-131.34765625
225.7265625,-184.08203125,-30.2734375,-27.83203125,-96.19140625
225.73046875,-192.3828125,-26.3671875,-45.8984375,-94.7265625
225.734375,-172.36328125,-18.5546875,-67.87109375,-174.8046875
225.73828125,-178.22265625,-6.34765625,-66.89453125,-183.10546875
225.7421875,-200.1953125,-14.6484375,-56.15234375,-166.9921875
225.74609375,-191.40625,-13.671875,-48.828125,-186.5234375
225.75,-196.2890625,7.32421875,-59.08203125,-191.89453125
225.75390625,-169.921875,-3.90625,-81.0546875,-125.0
225.7578125,-151.3671875,-24.90234375,-63.96484375,-121.58203125
225.76171875,-129.39453125,-3.41796875,-50.78125,-172.8515625
225.765625,-123.046875,31.73828125,-68.359375,-163.0859375
225.76953125,-157.2265625,38.57421875,-45.41015625,-155.76171875
225.7734375,-159.66796875,26.3671875,-33.69140625,-121.58203125
225.77734375,-112.3046875,13.18359375,-27.83203125,-80.078125
225.78125,-110.83984375,-1.46484375,-15.13671875,-75.68359375
225.78515625,-152.83203125,-7.8125,-16.6015625,-50.29296875
225.7890625,-110.3515625,-14.6484375,-17.08984375,-51.26953125
225.79296875,-86.9140625,-27.83203125,-20.99609375,-87.890625
225.796875,-100.5859375,-16.11328125,-24.90234375,-10.7421875
225.80078125,-84.9609375,1.953125,-37.109375,8.30078125
225.8046875,-73.2421875,-19.04296875,-28.80859375,-51.26953125
225.80859375,-61.5234375,-16.6015625,-24.90234375,-62.98828125
225.8125,-73.73046875,3.41796875,-41.015625,-48.33984375
225.81640625,-78.125,7.8125,-20.01953125,-4.8828125
225.8203125,-65.91796875,5.859375,3.41796875,31.73828125
225.82421875,-50.78125,1.46484375,16.11328125,20.5078125
225.828125,-38.57421875,-9.27734375,36.62109375,7.8125
225.83203125,-3.41796875,0.9765625,42.48046875,40.0390625
225.8359375,-6.8359375,22.4609375,32.2265625,74.21875
225.83984375,4.39453125,17.08984375,17.578125,94.7265625
225.84375,81.0546875,1.46484375,19.04296875,87.40234375
225.84765625,78.61328125,5.859375,29.296875,69.82421875
225.8515625,46.38671875,33.203125,25.390625,103.515625
225.85546875,62.98828125,28.3203125,41.50390625,98.6328125
225.859375,59.5703125,9.27734375,54.19921875,42.96875
225.86328125,2.44140625,19.53125,53.7109375,25.390625
225.8671875,-35.64453125,22.94921875,56.15234375,49.8046875
225.87109375,-21.484375,10.7421875,68.84765625,88.8671875
225.875,-2.44140625,10.25390625,63.96484375,73.73046875
225.87890625,-19.53125,25.87890625,29.296875,57.12890625
225.8828125,-1.953125,22.4609375,22.4609375,86.42578125
225.88671875,3.41796875,-4.39453125,46.875,139.16015625
225.890625,-2.44140625,-3.90625,55.6640625,92.7734375
225.89453125,-12.6953125,8.7890625,51.7578125,19.53125
225.8984375,-29.296875,8.30078125,35.15625,33.69140625
225.90234375,-28.80859375,12.20703125,19.04296875,68.84765625
225.90625,-30.2734375,9.765625,9.765625,74.21875
225.91015625,-67.3828125,-0.48828125,16.11328125,45.8984375
225.9140625,-65.4296875,-8.7890625,31.25,47.36328125
225.91796875,-7.32421875,-20.5078125,36.62109375,78.61328125
225.921875,-1.46484375,-8.7890625,42.48046875,96.6796875
225.92578125,-20.5078125,18.5546875,44.921875,108.88671875
225.9296875,-39.0625,20.5078125,30.76171875,67.3828125
225.93359375,-57.12890625,10.7421875,12.6953125,8.7890625
225.9375,-45.8984375,7.32421875,12.6953125,44.921875
225.94140625,-49.31640625,9.765625,4.39453125,23.92578125
225.9453125,-52.24609375,6.34765625,-7.32421875,-22.4609375
225.94921875,-61.5234375,9.765625,-10.25390625,-28.3203125
225.953125,-69.82421875,6.8359375,-18.06640625,-58.10546875
225.95703125,-68.84765625,5.859375,-17.578125,-41.9921875
225.9609375,-76.66015625,3.90625,-17.578125,-4.8828125
225.96484375,-40.0390625,4.39453125,-15.13671875,1.953125
225.96875,-43.9453125,6.8359375,-12.20703125,17.08984375
225.97265625,-87.40234375,-3.90625,-17.08984375,-0.48828125
225.9765625,-66.40625,4.39453125,-31.25,12.6953125
225.98046875,-54.6875,12.6953125,-37.59765625,20.01953125
225.984375,-65.4296875,14.16015625,-25.390625,-12.6953125
225.98828125,-54.19921875,8.30078125,-12.20703125,-9.27734375
225.9921875,-31.25,0.0,-18.5546875,26.3671875
225.99609375,-29.296875,13.18359375,-10.7421875,42.48046875
226.0,-55.17578125,9.765625,3.90625,-4.39453125
226.00390625,-73.2421875,1.953125,-6.8359375,-5.37109375
226.0078125,-83.0078125,2.44140625,-9.765625,13.18359375
226.01171875,-100.5859375,0.0,-21.484375,-34.66796875
226.015625,-91.30859375,-1.953125,-32.71484375,-13.671875
226.01953125,-70.80078125,-5.859375,-26.3671875,28.80859375
226.0234375,-71.77734375,-9.27734375,-17.08984375,-0.9765625
226.02734375,-100.09765625,-19.53125,-10.25390625,-31.73828125
226.03125,-88.37890625,-36.1328125,-15.13671875,-30.2734375
226.03515625,-67.87109375,-19.04296875,-16.11328125,-8.30078125
226.0390625,-69.3359375,18.06640625,-30.76171875,1.953125
226.04296875,-42.96875,-3.90625,-23.92578125,21.97265625
226.046875,-57.12890625,-30.2734375,-4.39453125,27.83203125
226.05078125,-88.8671875,-15.13671875,-14.6484375,-52.24609375
226.0546875,-79.1015625,13.18359375,-30.2734375,-63.96484375
226.05859375,-87.40234375,17.08984375,-33.203125,-25.390625
226.0625,-102.05078125,-1.46484375,-19.53125,-39.0625
226.06640625,-102.5390625,-14.6484375,-11.71875,-27.83203125
226.0703125,-84.9609375,-22.94921875,-8.7890625,3.41796875
226.07421875,-82.03125,-20.01953125,-12.6953125,6.8359375
226.078125,-103.515625,-8.30078125,-19.04296875,-7.8125
226.08203125,-103.515625,-14.16015625,-15.625,-22.4609375
226.0859375,-113.28125,-28.80859375,-16.6015625,11.23046875
226.08984375,-118.1640625,-8.30078125,-5.859375,-4.8828125
226.09375,-112.3046875,0.9765625,-5.859375,-38.57421875
226.09765625,-121.58203125,-15.625,-14.6484375,6.8359375
226.1015625,-107.421875,-19.53125,-19.04296875,-18.5546875
226.10546875,-95.703125,-27.83203125,-27.83203125,-62.98828125
226.109375,-109.86328125,-24.90234375,-18.06640625,-41.9921875
226.11328125,-97.16796875,-5.859375,-10.25390625,-26.3671875
226.1171875,-83.984375,-1.953125,-23.92578125,-21.484375
226.12109375,-71.77734375,5.859375,-26.85546875,9.765625
226.125,-83.984375,-1.953125,-21.484375,18.06640625
226.12890625,-111.328125,-23.92578125,-11.71875,-21.97265625
226.1328125,-78.125,-28.80859375,-3.90625,-48.828125
226.13671875,-69.3359375,-23.4375,-5.859375,-55.17578125
226.140625,-101.5625,-8.30078125,-9.765625,-55.6640625
226.14453125,-87.890625,-7.32421875,-11.71875,-34.66796875
226.1484375,-74.70703125,-13.671875,-9.27734375,0.9765625
226.15234375,-64.94140625,-12.6953125,-10.7421875,-12.6953125
226.15625,-52.24609375,-19.04296875,-18.06640625,-5.859375
226.16015625,-53.7109375,-11.71875,-21.97265625,5.859375
226.1640625,-53.22265625,-25.390625,-28.3203125,-31.25
226.16796875,-50.78125,-36.62109375,-14.6484375,-41.9921875
226.171875,-71.2890625,-23.4375,1.953125,-38.0859375
226.17578125,-101.5625,-11.71875,5.37109375,-28.80859375
226.1796875,-111.328125,-5.859375,0.48828125,-24.4140625
226.18359375,-101.07421875,-10.25390625,-4.39453125,-38.0859375
226.1875,-73.73046875,-16.6015625,-16.11328125,-41.50390625
226.19140625,-55.6640625,-15.13671875,-27.83203125,-31.73828125
226.1953125,-69.3359375,-23.92578125,-17.578125,2.9296875
226.19921875,-63.4765625,-22.4609375,-22.94921875,-17.08984375
226.203125,-50.78125,-13.671875,-19.53125,-27.34375
226.20703125,-58.59375,-21.484375,0.0,-14.6484375
226.2109375,-85.9375,-29.296875,-0.48828125,-42.96875
226.21484375,-108.88671875,-20.99609375,-7.8125,-66.89453125
226.21875,-120.1171875,-21.97265625,-11.23046875,-54.6875
226.22265625,-84.47265625,-32.2265625,2.44140625,-3.90625
226.2265625,-62.98828125,-35.64453125,-2.44140625,-15.625
226.23046875,-66.89453125,-28.80859375,-15.625,-26.3671875
226.234375,-59.08203125,-18.06640625,-29.296875,-2.44140625
226.23828125,-53.22265625,-28.3203125,-28.80859375,-50.78125
226.2421875,-80.56640625,-25.390625,-11.23046875,-41.50390625
226.24609375,-85.9375,-19.53125,-6.34765625,-14.6484375
226.25,-35.15625,-24.4140625,-2.9296875,-0.48828125
226.25390625,-29.78515625,-20.5078125,-7.8125,3.90625
226.2578125,-41.50390625,-23.4375,-24.90234375,13.18359375
226.26171875,-18.5546875,-3.41796875,-44.921875,31.73828125
226.265625,-29.296875,9.765625,-27.34375,-8.30078125
226.26953125,-87.40234375,-8.7890625,7.32421875,-32.2265625
226.2734375,-90.8203125,-17.08984375,13.671875,-22.94921875
226.27734375,-67.3828125,-14.6484375,4.8828125,-21.484375
226.28125,-55.6640625,-12.20703125,2.44140625,-9.27734375
226.28515625,-53.7109375,-14.16015625,-4.39453125,-1.953125
226.2890625,-57.12890625,-28.80859375,-10.7421875,17.578125
226.29296875,-41.015625,-34.66796875,-18.5546875,-20.01953125
226.296875,-47.8515625,-20.99609375,-32.71484375,-19.53125
226.30078125,-64.94140625,-11.71875,-32.2265625,9.27734375
226.3046875,-77.63671875,-18.06640625,-18.06640625,-57.12890625
226.30859375,-83.984375,-23.92578125,-13.671875,-80.56640625
226.3125,-72.265625,-18.5546875,-19.53125,-69.3359375
226.31640625,-53.22265625,-12.20703125,-25.390625,-40.0390625
226.3203125,-62.98828125,-22.4609375,-31.73828125,-52.734375
226.32421875,-73.2421875,-31.73828125,-35.64453125,-84.47265625
226.328125,-32.71484375,-21.484375,-42.48046875,-49.31640625
226.33203125,-33.69140625,-21.97265625,-33.203125,-27.83203125
226.3359375,-97.16796875,-31.73828125,-20.99609375,-51.26953125
226.33984375,-105.95703125,-24.90234375,-37.109375,-46.875
226.34375,-98.6328125,-20.01953125,-19.53125,-51.7578125
226.34765625,-98.14453125,-31.73828125,15.625,-75.68359375
226.3515625,-105.95703125,-32.71484375,-0.48828125,-85.44921875
226.35546875,-109.86328125,-30.76171875,9.27734375,-105.95703125
226.359375,-96.19140625,-42.96875,21.97265625,-42.48046875
226.36328125,-103.515625,-43.9453125,1.953125,-38.57421875
226.3671875,-135.25390625,-31.25,-16.6015625,-86.9140625
226.37109375,-133.30078125,-24.90234375,-16.11328125,-75.1953125
226.375,-98.6328125,-34.1796875,16.6015625,-70.3125
226.37890625,-104.00390625,-37.109375,34.1796875,-104.4921875
226.3828125,-139.6484375,-37.59765625,35.64453125,-122.0703125
226.38671875,-122.0703125,-35.15625,23.92578125,-95.703125
226.390625,-88.8671875,-39.55078125,36.1328125,-72.265625
226.39453125,-85.9375,-46.875,83.0078125,-31.73828125
226.3984375,-107.91015625,-65.91796875,64.453125,-47.36328125
226.40234375,-176.26953125,-135.7421875,-37.59765625,-164.0625
226.40625,-192.87109375,-173.828125,-85.44921875,-180.6640625
226.41015625,-185.546875,-187.98828125,-49.8046875,-187.98828125
226.4140625,-178.7109375,-209.47265625,-5.859375,-179.6875
226.41796875,-165.52734375,-212.890625,2.44140625,-152.34375
226.421875,-179.6875,-197.265625,14.16015625,-193.359375
226.42578125,-180.17578125,-180.6640625,51.7578125,-178.7109375
226.4296875,-150.87890625,-171.38671875,83.0078125,-170.8984375
226.43359375,-126.953125,-166.015625,150.87890625,-169.43359375
226.4375,-118.1640625,-166.015625,209.47265625,-125.48828125
226.44140625,-92.7734375,-156.73828125,196.2890625,-89.35546875
226.4453125,-99.12109375,-145.01953125,198.2421875,-83.0078125
226.44921875,-128.90625,-135.7421875,207.03125,-77.1484375
226.453125,-53.7109375,-104.98046875,229.4921875,-32.71484375
226.45703125,-17.578125,-83.984375,249.0234375,-3.41796875
226.4609375,-8.30078125,-74.21875,242.67578125,-11.23046875
226.46484375,-2.9296875,-66.40625,238.76953125,9.27734375
226.46875,-11.71875,-56.15234375,225.09765625,42.48046875
226.47265625,-23.4375,-43.45703125,190.4296875,-31.73828125
226.4765625,9.27734375,-48.828125,128.90625,-47.36328125
226.48046875,72.75390625,-66.40625,145.01953125,70.3125
226.484375,69.3359375,-73.2421875,187.01171875,105.95703125
226.48828125,41.9921875,-54.6875,174.8046875,54.6875
226.4921875,60.05859375,-41.015625,173.33984375,82.03125
226.49609375,83.984375,-45.41015625,166.50390625,66.89453125
226.5,59.5703125,-40.0390625,147.4609375,64.453125
226.50390625,101.5625,-39.0625,139.6484375,92.7734375
226.5078125,202.1484375,-38.0859375,127.9296875,68.84765625
226.51171875,212.890625,-38.57421875,111.328125,80.078125
226.515625,179.19921875,-40.52734375,95.21484375,120.1171875
226.51953125,221.19140625,-43.45703125,90.33203125,100.5859375
226.5234375,250.9765625,-48.33984375,93.26171875,98.6328125
226.52734375,295.8984375,-40.0390625,87.40234375,150.87890625
226.53125,330.56640625,-20.5078125,76.66015625,125.9765625
226.53515625,307.12890625,-14.6484375,75.1953125,81.0546875
226.5390625,296.38671875,-23.92578125,63.96484375,101.5625
226.54296875,309.08203125,-27.34375,79.1015625,105.95703125
226.546875,281.25,-26.3671875,110.3515625,122.55859375
226.55078125,272.94921875,-35.15625,107.421875,172.36328125
226.5546875,280.76171875,-38.0859375,99.609375,145.5078125
226.55859375,291.50390625,-23.92578125,90.8203125,140.625
226.5625,258.30078125,-15.625,93.26171875,196.2890625
226.56640625,232.421875,-15.13671875,88.37890625,178.22265625
226.5703125,306.640625,-16.11328125,67.3828125,83.984375
226.57421875,306.15234375,-18.06640625,69.3359375,67.3828125
226.578125,255.37109375,-19.04296875,70.3125,57.6171875
226.58203125,265.13671875,-22.4609375,74.70703125,68.84765625
226.5859375,252.9296875,-25.87890625,71.77734375,115.72265625
226.58984375,256.8359375,-22.94921875,59.08203125,83.49609375
226.59375,264.6484375,-28.3203125,54.19921875,45.41015625
226.59765625,251.953125,-29.296875,43.45703125,37.109375
226.6015625,276.3671875,-13.671875,31.25,39.55078125
226.60546875,268.06640625,-1.46484375,41.50390625,73.73046875
226.609375,270.01953125,-11.23046875,47.36328125,98.6328125
226.61328125,293.45703125,-28.80859375,36.1328125,91.30859375
226.6171875,244.140625,-23.92578125,24.4140625,34.1796875
226.62109375,216.796875,-3.90625,9.27734375,19.53125
226.625,219.7265625,-6.34765625,20.99609375,33.69140625
226.62890625,218.75,-18.06640625,44.921875,25.390625
226.6328125,229.00390625,-17.08984375,46.875,11.71875
226.63671875,271.97265625,-19.04296875,41.9921875,-19.53125
226.640625,277.34375,-21.97265625,44.921875,33.69140625
226.64453125,251.46484375,-18.06640625,39.0625,62.01171875
226.6484375,236.328125,-5.859375,48.828125,60.05859375
226.65234375,202.1484375,-3.90625,59.08203125,59.5703125
226.65625,200.68359375,-22.4609375,45.8984375,24.90234375
226.66015625,222.65625,-26.3671875,64.453125,10.25390625
226.6640625,220.703125,-18.5546875,90.8203125,-37.109375
226.66796875,220.21484375,-33.69140625,77.63671875,-53.22265625
226.671875,255.859375,-45.41015625,73.73046875,-34.1796875
226.67578125,240.234375,-38.57421875,79.58984375,-24.90234375
226.6796875,198.73046875,-31.73828125,79.1015625,-29.296875
226.68359375,196.77734375,-20.99609375,75.68359375,42.48046875
226.6875,209.47265625,-3.90625,64.94140625,50.29296875
226.69140625,214.84375,-3.90625,56.15234375,-20.01953125
226.6953125,184.5703125,7.8125,60.05859375,-27.83203125
226.69921875,169.921875,16.6015625,74.70703125,-8.7890625
226.703125,178.7109375,7.32421875,66.40625,-9.765625
226.70703125,178.7109375,2.9296875,31.73828125,-39.55078125
226.7109375,168.9453125,0.48828125,36.1328125,-41.9921875
226.71484375,176.26953125,-20.5078125,60.05859375,22.94921875
226.71875,141.11328125,-35.15625,43.9453125,-1.46484375
226.72265625,104.4921875,-8.7890625,23.92578125,-54.6875
226.7265625,139.16015625,4.8828125,25.390625,-8.30078125
226.73046875,182.12890625,0.48828125,23.92578125,-16.11328125
226.734375,192.3828125,-7.8125,27.83203125,-30.2734375
226.73828125,174.8046875,-19.04296875,31.25,-2.9296875
226.7421875,153.3203125,-13.18359375,26.85546875,-61.5234375
226.74609375,139.16015625,-14.16015625,15.13671875,-89.84375
226.75,131.8359375,-14.16015625,5.37109375,-61.5234375
226.75390625,136.23046875,-13.18359375,-0.9765625,-63.4765625
226.7578125,126.46484375,-18.5546875,-12.20703125,-59.5703125
226.76171875,116.2109375,-17.578125,-12.20703125,-37.109375
226.765625,141.11328125,-11.23046875,-10.25390625,-10.25390625
226.76953125,128.41796875,-9.27734375,-4.39453125,-36.1328125
226.7734375,122.0703125,-1.953125,-1.46484375,-46.875
226.77734375,137.20703125,-1.953125,4.39453125,-32.2265625
226.78125,119.140625,-20.01953125,19.04296875,-52.734375
226.78515625,119.62890625,-32.71484375,22.4609375,-56.15234375
226.7890625,134.27734375,-25.390625,4.8828125,-39.0625
226.79296875,119.62890625,-18.06640625,1.46484375,-30.2734375
226.796875,82.03125,-17.08984375,17.578125,-20.5078125
226.80078125,76.171875,-16.6015625,18.5546875,-28.3203125
226.8046875,118.65234375,-15.625,17.08984375,-37.59765625
226.80859375,117.1875,-14.16015625,20.99609375,-36.62109375
226.8125,112.79296875,-16.11328125,21.97265625,-23.4375
226.81640625,109.375,-13.671875,23.4375,-23.92578125
226.8203125,101.07421875,-7.8125,4.8828125,-34.66796875
226.82421875,125.9765625,2.9296875,8.30078125,-7.8125
226.828125,127.44140625,4.8828125,21.97265625,-8.30078125
226.83203125,106.4453125,-5.859375,34.1796875,14.16015625
226.8359375,86.42578125,-3.41796875,43.9453125,-17.08984375
226.83984375,79.1015625,-8.30078125,20.5078125,-82.03125
226.84375,83.0078125,-19.53125,6.8359375,-57.12890625
226.84765625,96.6796875,-14.16015625,15.13671875,-43.9453125
226.8515625,96.19140625,-11.71875,20.01953125,8.30078125
226.85546875,108.88671875,-15.625,0.48828125,-6.8359375
226.859375,121.58203125,-10.7421875,0.0,-59.5703125
226.86328125,148.4375,0.0,14.6484375,-3.90625
226.8671875,138.18359375,-0.48828125,14.16015625,-15.13671875
226.87109375,96.19140625,-15.625,20.99609375,-46.38671875
226.875,97.16796875,-20.99609375,37.109375,-11.23046875
226.87890625,107.421875,-14.16015625,42.96875,-28.3203125
226.8828125,113.28125,-9.27734375,41.015625,-8.7890625
226.88671875,116.2109375,-7.32421875,20.5078125,23.92578125
226.890625,111.81640625,-9.765625,2.9296875,-54.19921875
226.89453125,111.328125,-10.25390625,14.6484375,-55.17578125
226.8984375,108.3984375,-6.34765625,20.99609375,-10.25390625
226.90234375,100.5859375,-12.20703125,10.25390625,-7.8125
226.90625,128.41796875,-21.97265625,8.7890625,-28.80859375
226.91015625,135.7421875,-17.08984375,15.13671875,-42.48046875
226.9140625,136.71875,-3.41796875,14.16015625,-18.5546875
226.91796875,116.69921875,-2.44140625,16.11328125,18.06640625
226.921875,98.6328125,-11.23046875,23.92578125,37.109375
226.92578125,83.984375,-17.578125,21.484375,1.46484375
226.9296875,81.54296875,-26.3671875,17.578125,-55.6640625
226.93359375,87.890625,-26.3671875,4.8828125,-64.94140625
226.9375,48.828125,-18.5546875,2.9296875,-30.76171875
226.94140625,41.9921875,-21.484375,9.27734375,-30.2734375
226.9453125,39.0625,-25.390625,16.11328125,-11.71875
226.94921875,48.33984375,-17.08984375,9.27734375,39.55078125
226.953125,62.5,-13.18359375,-17.578125,-14.6484375
226.95703125,62.98828125,-25.87890625,-6.34765625,-76.66015625
226.9609375,44.921875,-31.73828125,-3.41796875,-76.171875
226.96484375,48.33984375,-28.80859375,10.7421875,-49.31640625
226.96875,71.2890625,-33.69140625,22.94921875,-33.69140625
226.97265625,90.33203125,-42.96875,9.27734375,-21.484375
226.9765625,61.5234375,-36.62109375,14.16015625,-10.25390625
226.98046875,20.99609375,-35.64453125,21.97265625,-20.99609375
226.984375,40.52734375,-30.2734375,15.13671875,-11.23046875
226.98828125,45.8984375,-23.4375,6.34765625,-26.3671875
226.9921875,27.83203125,-26.3671875,2.9296875,-20.01953125
226.99609375,54.19921875,-21.484375,8.30078125,11.23046875
227.0,52.24609375,-22.94921875,15.625,-10.25390625
227.00390625,61.03515625,-28.3203125,15.13671875,-23.4375
227.0078125,96.6796875,-37.59765625,4.8828125,-0.48828125
227.01171875,62.98828125,-46.38671875,15.13671875,2.9296875
227.015625,44.43359375,-23.92578125,22.4609375,16.6015625
227.01953125,42.48046875,-15.625,18.06640625,30.76171875
227.0234375,29.296875,-30.2734375,29.78515625,-33.203125
227.02734375,21.97265625,-24.90234375,32.71484375,-76.66015625
227.03125,15.625,-29.78515625,31.25,-36.1328125
227.03515625,35.64453125,-25.390625,35.15625,4.39453125
227.0390625,42.48046875,-17.578125,30.2734375,-30.76171875
227.04296875,24.90234375,-20.99609375,18.5546875,-26.3671875
227.046875,43.45703125,-20.01953125,13.18359375,10.7421875
227.05078125,36.62109375,-21.484375,25.390625,-7.8125
227.0546875,9.27734375,-29.296875,41.9921875,-15.13671875
227.05859375,6.8359375,-35.15625,48.828125,4.8828125
227.0625,16.11328125,-37.109375,56.640625,-19.53125
227.06640625,21.97265625,-32.71484375,51.7578125,-24.90234375
227.0703125,27.34375,-29.296875,41.015625,-30.2734375
227.07421875,25.87890625,-25.390625,35.15625,-25.87890625
227.078125,14.6484375,-15.625,32.2265625,0.48828125
227.08203125,52.24609375,-6.34765625,41.50390625,10.25390625
227.0859375,52.734375,-16.11328125,53.7109375,19.53125
227.08984375,30.76171875,-25.390625,53.7109375,8.7890625
227.09375,22.94921875,-23.92578125,45.8984375,-10.7421875
227.09765625,20.5078125,-19.53125,23.4375,-12.20703125
227.1015625,35.15625,-18.06640625,9.765625,-8.7890625
227.10546875,20.99609375,-22.94921875,35.64453125,-21.484375
227.109375,0.0,-24.4140625,54.6875,-19.04296875
227.11328125,17.08984375,-14.6484375,58.10546875,-21.484375
227.1171875,3.90625,-7.32421875,52.24609375,-36.62109375
227.12109375,24.90234375,-10.25390625,37.109375,-21.97265625
227.125,27.83203125,-27.34375,31.73828125,-17.08984375
227.12890625,-14.16015625,-29.78515625,26.85546875,-28.3203125
227.1328125,-10.7421875,-21.484375,25.390625,6.34765625
227.13671875,-20.99609375,-22.94921875,27.83203125,14.6484375
227.140625,-23.92578125,-26.3671875,18.06640625,-32.2265625
227.14453125,-7.8125,-27.34375,22.94921875,-24.90234375
227.1484375,-3.41796875,-31.25,41.50390625,-13.671875
227.15234375,-17.08984375,-33.69140625,36.62109375,-49.31640625
227.15625,-45.8984375,-33.203125,18.5546875,-57.6171875
227.16015625,-58.59375,-32.2265625,17.08984375,-41.9921875
227.1640625,-50.29296875,-32.71484375,21.97265625,-53.22265625
227.16796875,-33.69140625,-31.73828125,11.71875,-57.6171875
227.171875,-25.87890625,-28.3203125,-7.32421875,-35.64453125
227.17578125,-31.25,-26.3671875,12.6953125,-35.15625
227.1796875,-49.8046875,-27.83203125,34.1796875,-45.8984375
227.18359375,-52.24609375,-28.3203125,26.3671875,-51.7578125
227.1875,-38.0859375,-21.97265625,17.578125,-77.1484375
227.19140625,-39.0625,-21.97265625,19.04296875,-74.70703125
227.1953125,-39.0625,-30.2734375,18.06640625,-56.15234375
227.19921875,-45.41015625,-27.34375,15.13671875,-69.82421875
227.203125,-34.1796875,-26.85546875,23.4375,-67.3828125
227.20703125,-28.3203125,-30.2734375,20.99609375,-62.5
227.2109375,-44.921875,-29.78515625,15.625,-48.33984375
227.21484375,-55.17578125,-23.4375,5.37109375,-54.6875
227.21875,-48.33984375,-24.4140625,3.41796875,-61.03515625
227.22265625,-41.015625,-26.85546875,16.6015625,-41.015625
227.2265625,-34.66796875,-18.06640625,19.04296875,-28.80859375
227.23046875,-30.76171875,-19.04296875,20.99609375,-31.73828125
227.234375,-27.83203125,-21.484375,21.97265625,-23.4375
227.23828125,-30.76171875,-26.3671875,20.5078125,-12.20703125
227.2421875,-41.50390625,-34.1796875,21.484375,-6.8359375
227.24609375,-45.8984375,-20.5078125,27.34375,7.8125
227.25,-33.203125,-10.25390625,34.1796875,-1.46484375
227.25390625,-16.11328125,-13.18359375,31.73828125,-30.76171875
227.2578125,-20.01953125,-16.6015625,35.64453125,-28.80859375
227.26171875,-20.99609375,-12.6953125,41.9921875,-21.484375
227.265625,-10.25390625,1.953125,30.76171875,-1.953125
227.26953125,-14.6484375,0.9765625,11.71875,2.9296875
227.2734375,-32.71484375,-21.484375,24.4140625,-38.57421875
227.27734375,-20.99609375,-30.2734375,44.43359375,-57.6171875
227.28125,-29.78515625,-26.3671875,51.26953125,-36.62109375
227.28515625,-31.73828125,-23.4375,43.9453125,-25.390625
227.2890625,-6.8359375,-27.83203125,37.109375,-1.46484375
227.29296875,-21.484375,-30.76171875,36.62109375,14.16015625
227.296875,-41.015625,-28.3203125,20.5078125,-23.4375
227.30078125,-42.48046875,-28.3203125,21.484375,-55.6640625
227.3046875,-37.109375,-33.69140625,35.64453125,-39.0625
227.30859375,-58.10546875,-33.69140625,16.6015625,-25.87890625
227.3125,-53.22265625,-29.296875,-11.23046875,1.953125
227.31640625,-50.78125,-35.64453125,2.9296875,-2.9296875
227.3203125,-43.9453125,-34.66796875,33.203125,-7.32421875
227.32421875,-34.66796875,-30.2734375,43.45703125,-31.73828125
227.328125,-27.34375,-36.1328125,43.9453125,-16.6015625
227.33203125,-10.7421875,-24.4140625,36.62109375,12.6953125
227.3359375,-37.59765625,-15.13671875,29.296875,-19.04296875
227.33984375,-27.83203125,-20.5078125,30.2734375,-40.0390625
227.34375,-9.27734375,-17.08984375,22.94921875,-38.0859375
227.34765625,-28.3203125,-9.27734375,8.30078125,0.9765625
227.3515625,-39.55078125,-16.11328125,11.71875,-21.97265625
227.35546875,-50.29296875,-25.87890625,28.3203125,-52.734375
227.359375,-41.50390625,-34.1796875,35.64453125,24.90234375
227.36328125,-23.4375,-35.15625,14.16015625,8.30078125
227.3671875,-20.99609375,-34.1796875,-9.765625,-36.62109375
227.37109375,-44.43359375,-31.73828125,13.18359375,-35.15625
227.375,-51.26953125,-32.2265625,24.90234375,-20.01953125
227.37890625,-17.578125,-41.50390625,13.18359375,-35.15625
227.3828125,-22.4609375,-40.0390625,19.53125,-45.41015625
227.38671875,-12.6953125,-32.71484375,14.6484375,-22.4609375
227.390625,11.23046875,-42.48046875,-1.953125,-12.20703125
227.39453125,11.71875,-40.52734375,-7.32421875,-43.9453125
227.3984375,2.9296875,-26.3671875,-0.48828125,-26.85546875
227.40234375,6.8359375,-27.83203125,4.39453125,72.265625
227.40625,11.71875,-28.80859375,7.32421875,29.296875
227.41015625,29.296875,-27.83203125,9.765625,-51.26953125
227.4140625,29.296875,-34.1796875,9.27734375,16.11328125
227.41796875,3.41796875,-33.203125,0.9765625,42.48046875
227.421875,-3.90625,-12.6953125,-7.32421875,-12.6953125
227.42578125,2.9296875,-12.6953125,1.46484375,-18.06640625
227.4296875,5.37109375,-23.4375,21.97265625,3.41796875
227.43359375,-15.625,-23.4375,32.71484375,20.01953125
227.4375,2.44140625,-30.2734375,10.25390625,-36.62109375
227.44140625,12.20703125,-27.83203125,-11.23046875,-44.921875
227.4453125,-2.9296875,-25.87890625,-7.8125,-13.18359375
227.44921875,5.859375,-36.1328125,-2.44140625,-29.78515625
227.453125,20.01953125,-31.25,2.44140625,-43.9453125
227.45703125,57.12890625,-26.3671875,-1.46484375,-53.7109375
227.4609375,39.55078125,-37.59765625,0.48828125,-18.06640625
227.46484375,5.859375,-29.296875,14.6484375,-6.8359375
227.46875,3.90625,-17.08984375,3.41796875,-10.7421875
227.47265625,-0.48828125,-17.578125,-8.30078125,42.48046875
227.4765625,48.33984375,-11.71875,-2.44140625,41.9921875
227.48046875,73.2421875,-22.4609375,-7.8125,-7.32421875
227.484375,57.6171875,-57.6171875,-20.01953125,-36.1328125
227.48828125,2.9296875,-43.9453125,-1.953125,-27.34375
227.4921875,-32.71484375,-1.953125,-8.30078125,-4.8828125
227.49609375,12.20703125,4.8828125,-45.8984375,-20.99609375
227.5,-0.9765625,-6.34765625,-42.48046875,2.44140625
227.50390625,-10.7421875,-20.5078125,2.44140625,9.765625
227.5078125,34.1796875,-14.16015625,33.203125,18.5546875
227.51171875,21.97265625,7.32421875,31.73828125,-7.32421875
227.515625,5.859375,-7.32421875,31.73828125,-31.25
227.51953125,63.4765625,-23.4375,12.20703125,7.32421875
227.5234375,41.9921875,-20.99609375,-21.97265625,17.08984375
227.52734375,-5.37109375,-16.11328125,-4.8828125,-11.71875
227.53125,29.78515625,-48.828125,20.5078125,-31.73828125
227.53515625,59.5703125,-87.40234375,4.39453125,-6.8359375
227.5390625,75.1953125,-38.0859375,-4.8828125,11.71875
227.54296875,36.1328125,8.30078125,3.41796875,-20.99609375
227.546875,-56.640625,19.04296875,-5.859375,-101.07421875
227.55078125,-94.7265625,24.4140625,-15.625,-50.29296875
227.5546875,-50.29296875,-15.625,-63.4765625,-29.296875
227.55859375,-44.43359375,-62.01171875,-22.94921875,-80.078125
227.5625,-79.58984375,-48.828125,29.78515625,-140.625
227.56640625,-142.578125,-20.5078125,-16.6015625,-200.1953125
227.5703125,-166.015625,-34.66796875,5.37109375,-204.58984375
227.57421875,-225.5859375,-33.203125,-2.44140625,-213.37890625
227.578125,-245.60546875,-12.20703125,-14.16015625,-199.21875
227.58203125,-222.16796875,-32.2265625,8.30078125,-199.21875
227.5859375,-204.1015625,-46.875,-42.96875,-204.1015625
227.58984375,-242.1875,0.48828125,-68.84765625,-223.14453125
227.59375,-295.41015625,19.04296875,-35.15625,-245.60546875
227.59765625,-344.7265625,-3.41796875,-18.5546875,-338.37890625
227.6015625,-354.98046875,1.953125,4.8828125,-363.28125
227.60546875,-288.57421875,-3.41796875,20.99609375,-308.10546875
227.609375,-278.3203125,-16.6015625,-2.44140625,-272.4609375
227.61328125,-258.7890625,-15.13671875,-16.11328125,-248.53515625
227.6171875,-229.4921875,-13.671875,-18.5546875,-210.9375
227.62109375,-193.84765625,-32.2265625,-32.2265625,-170.41015625
227.625,-134.27734375,-19.04296875,-62.98828125,-178.22265625
227.62890625,-129.8828125,-9.765625,-82.03125,-116.2109375
227.6328125,-174.8046875,-21.97265625,-75.1953125,-71.77734375
227.63671875,-168.9453125,-23.92578125,-59.5703125,-118.1640625
227.640625,-165.0390625,-32.71484375,-52.734375,-123.046875
227.64453125,-157.71484375,-16.6015625,-76.66015625,-103.515625
227.6484375,-93.75,-6.8359375,-87.890625,-97.65625
227.65234375,-67.3828125,-17.08984375,-73.2421875,-80.078125
227.65625,-60.05859375,-17.578125,-49.8046875,-58.59375
227.66015625,2.44140625,-3.41796875,-21.97265625,29.296875
227.6640625,20.01953125,-0.9765625,-7.8125,70.80078125
227.66796875,-39.55078125,-6.8359375,-8.7890625,-20.99609375
227.671875,-29.78515625,-1.46484375,-20.5078125,-4.8828125
227.67578125,35.64453125,3.41796875,-16.6015625,65.4296875
227.6796875,40.0390625,4.39453125,-10.7421875,77.1484375
227.68359375,53.7109375,12.6953125,-4.39453125,55.17578125
227.6875,74.21875,25.87890625,-6.34765625,66.89453125
227.69140625,47.8515625,20.5078125,-10.7421875,53.22265625
227.6953125,49.8046875,10.7421875,-9.765625,59.08203125
227.69921875,65.4296875,13.18359375,-3.41796875,116.69921875
227.703125,79.58984375,5.37109375,-0.9765625,107.91015625
227.70703125,88.37890625,-15.13671875,-12.20703125,100.09765625
227.7109375,74.70703125,-7.8125,-39.0625,81.54296875
227.71484375,62.5,17.08984375,-44.921875,74.21875
227.71875,46.38671875,6.34765625,-31.73828125,85.9375
227.72265625,62.5,-7.8125,-21.97265625,86.9140625
227.7265625,66.40625,-14.16015625,-6.8359375,66.40625
227.73046875,46.875,-16.11328125,9.765625,93.75
227.734375,13.671875,-6.8359375,24.90234375,122.55859375
227.73828125,17.578125,-8.30078125,27.34375,72.265625
227.7421875,44.43359375,-17.08984375,26.3671875,80.56640625
227.74609375,79.1015625,-16.11328125,8.30078125,111.81640625
227.75,102.5390625,-22.4609375,7.8125,83.984375
227.75390625,65.4296875,-35.15625,-4.8828125,72.75390625
227.7578125,26.3671875,-14.16015625,-35.64453125,79.58984375
227.76171875,37.59765625,-6.8359375,-14.6484375,68.84765625
227.765625,61.03515625,-26.3671875,9.27734375,49.31640625
227.76953125,24.90234375,-31.73828125,5.859375,45.41015625
227.7734375,-0.48828125,-24.4140625,10.7421875,53.22265625
227.77734375,24.4140625,-12.6953125,6.8359375,23.92578125
227.78125,41.015625,-12.20703125,1.953125,12.20703125
227.78515625,39.0625,-15.625,-2.9296875,22.4609375
227.7890625,39.55078125,-15.625,0.0,-2.44140625
227.79296875,24.4140625,-20.99609375,-1.953125,27.34375
227.796875,33.203125,-26.85546875,-23.92578125,53.7109375
227.80078125,41.9921875,-30.2734375,-24.4140625,67.87109375
227.8046875,20.99609375,-29.78515625,-7.8125,36.1328125
227.80859375,23.92578125,-20.01953125,-20.99609375,-23.4375
227.8125,51.26953125,-20.99609375,-26.85546875,34.66796875
227.81640625,30.2734375,-27.34375,-16.11328125,26.85546875
227.8203125,-73.73046875,-25.87890625,-6.8359375,-24.4140625
227.82421875,-132.8125,-25.87890625,-8.7890625,-41.9921875
227.828125,-98.6328125,-26.85546875,-10.25390625,-31.25
227.83203125,-78.125,-30.76171875,-2.44140625,14.6484375
227.8359375,-64.94140625,-28.80859375,-2.9296875,11.71875
227.83984375,0.48828125,-15.13671875,-11.71875,-19.04296875
227.84375,19.04296875,-21.97265625,-12.6953125,-1.46484375
227.84765625,-20.01953125,-34.1796875,-6.8359375,27.83203125
227.8515625,-47.36328125,-21.484375,-5.859375,23.4375
227.85546875,-44.921875,-15.625,-11.23046875,11.71875
227.859375,-55.6640625,-23.4375,-16.11328125,-9.27734375
227.86328125,-52.734375,-33.69140625,-21.484375,22.4609375
227.8671875,-31.25,-33.203125,-28.80859375,48.33984375
227.87109375,-13.18359375,-19.53125,-41.9921875,11.23046875
227.875,20.5078125,-18.06640625,-54.6875,37.59765625
227.87890625,44.43359375,-33.203125,-47.8515625,93.75
227.8828125,-10.7421875,-32.2265625,-30.2734375,26.3671875
227.88671875,-41.015625,-6.34765625,21.97265625,-22.94921875
227.890625,-42.48046875,-2.44140625,60.05859375,-1.953125
227.89453125,-70.3125,-14.6484375,56.15234375,11.23046875
227.8984375,-59.08203125,-14.6484375,37.109375,3.41796875
227.90234375,-84.47265625,-14.6484375,23.4375,-8.30078125
227.90625,-59.5703125,-19.53125,26.3671875,33.69140625
227.91015625,4.8828125,-19.53125,17.08984375,55.17578125
227.9140625,-7.8125,-11.71875,-1.46484375,17.08984375
227.91796875,-39.0625,-2.44140625,-19.53125,-59.08203125
227.921875,9.27734375,-4.8828125,-21.484375,-54.6875
227.92578125,33.203125,-8.30078125,-7.8125,-53.7109375
227.9296875,77.1484375,-12.20703125,-10.7421875,-33.203125
227.93359375,105.95703125,-16.6015625,-27.34375,20.01953125
227.9375,32.2265625,-7.8125,-44.921875,5.37109375
227.94140625,-10.7421875,-6.8359375,-43.9453125,-44.43359375
227.9453125,-23.4375,-23.4375,-39.0625,-19.53125
227.94921875,-61.5234375,-46.38671875,-75.1953125,-9.765625
227.953125,-78.61328125,-57.12890625,-113.76953125,-34.1796875
227.95703125,-84.47265625,-56.15234375,-145.99609375,-87.890625
227.9609375,-67.3828125,-64.94140625,-158.69140625,-88.8671875
227.96484375,-65.4296875,-69.3359375,-138.671875,-62.5
227.96875,-84.47265625,-63.96484375,-116.69921875,-131.8359375
227.97265625,-72.75390625,-54.19921875,-97.16796875,-113.28125
227.9765625,-68.359375,-51.26953125,-93.26171875,-61.03515625
227.98046875,-53.7109375,-58.59375,-94.7265625,-49.31640625
227.984375,-41.9921875,-73.2421875,-85.44921875,-5.859375
227.98828125,-35.15625,-56.15234375,-102.5390625,-27.34375
227.9921875,-21.97265625,-54.6875,-104.98046875,-36.1328125
227.99609375,-45.8984375,-65.91796875,-73.2421875,-64.453125
228.0,-80.078125,-58.10546875,-63.4765625,-116.2109375
228.00390625,-77.1484375,-58.10546875,-74.70703125,-34.1796875
228.0078125,-84.47265625,-52.734375,-63.4765625,44.921875
228.01171875,-75.68359375,-38.57421875,-55.17578125,-52.24609375
228.015625,-57.12890625,-37.109375,-56.15234375,-85.9375
228.01953125,-41.9921875,-36.62109375,-54.6875,-53.7109375
228.0234375,-27.83203125,-35.15625,-62.01171875,2.44140625
228.02734375,17.578125,-40.0390625,-45.8984375,40.52734375
228.03125,9.765625,-53.22265625,-27.34375,-0.9765625
228.03515625,-13.18359375,-48.828125,-21.97265625,-32.71484375
228.0390625,1.46484375,-41.9921875,-20.99609375,-5.37109375
228.04296875,-0.48828125,-41.9921875,-29.296875,-7.8125
228.046875,-23.92578125,-37.109375,-46.38671875,-28.3203125
228.05078125,-54.6875,-32.2265625,-40.0390625,-16.11328125
228.0546875,-54.6875,-42.48046875,-37.59765625,-19.53125
228.05859375,-45.41015625,-42.96875,-25.87890625,-26.85546875
228.0625,-54.6875,-33.203125,3.90625,-20.5078125
228.06640625,-31.73828125,-31.25,12.6953125,2.44140625
228.0703125,-16.6015625,-32.2265625,11.71875,17.578125
228.07421875,-14.6484375,-30.76171875,13.671875,26.3671875
228.078125,9.27734375,-38.57421875,9.765625,29.296875
228.08203125,14.16015625,-51.26953125,15.13671875,28.80859375
228.0859375,-3.90625,-54.6875,17.08984375,34.1796875
228.08984375,-6.34765625,-41.9921875,1.46484375,52.24609375
228.09375,11.71875,-32.2265625,-49.8046875,47.8515625
228.09765625,46.38671875,-44.43359375,-61.03515625,60.546875
228.1015625,8.7890625,-39.0625,0.9765625,42.48046875
228.10546875,-71.77734375,-27.34375,41.015625,-11.71875
228.109375,-89.35546875,-32.71484375,30.2734375,8.7890625
228.11328125,-102.05078125,-24.4140625,21.484375,39.0625
228.1171875,-73.2421875,-17.08984375,13.671875,17.08984375
228.12109375,-71.77734375,-24.4140625,10.7421875,24.4140625
228.125,-61.03515625,-23.4375,11.71875,39.0625
228.12890625,-42.48046875,-20.99609375,-9.27734375,9.27734375
228.1328125,-80.078125,-41.50390625,0.0,13.671875
228.13671875,-101.5625,-44.921875,18.06640625,37.59765625
228.140625,-76.171875,-41.015625,-16.6015625,52.24609375
228.14453125,-51.26953125,-40.52734375,-21.484375,37.109375
228.1484375,-63.4765625,-31.25,19.04296875,-7.32421875
228.15234375,-91.796875,-30.2734375,21.97265625,9.765625
228.15625,-92.7734375,-37.59765625,1.953125,68.84765625
228.16015625,-63.4765625,-42.48046875,3.41796875,37.59765625
228.1640625,-78.61328125,-39.55078125,-2.9296875,-1.953125
228.16796875,-50.78125,-35.64453125,-1.46484375,38.57421875
228.171875,-8.7890625,-11.71875,20.99609375,67.3828125
228.17578125,-7.32421875,5.859375,24.90234375,46.38671875
228.1796875,-28.3203125,1.46484375,17.08984375,45.8984375
228.18359375,-14.6484375,-6.8359375,11.23046875,89.84375
228.1875,3.41796875,-19.53125,32.71484375,70.3125
228.19140625,-45.8984375,-14.6484375,65.4296875,8.30078125
228.1953125,-51.26953125,6.8359375,67.87109375,6.34765625
228.19921875,-22.94921875,10.25390625,54.6875,43.45703125
228.203125,-10.25390625,22.94921875,43.45703125,100.5859375
228.20703125,0.48828125,29.78515625,31.25,121.58203125
228.2109375,19.04296875,5.37109375,19.53125,84.47265625
228.21484375,26.85546875,-6.8359375,2.9296875,66.40625
228.21875,33.203125,4.8828125,1.953125,81.0546875
228.22265625,33.203125,0.0,7.32421875,87.40234375
228.2265625,73.73046875,-7.32421875,36.62109375,131.34765625
228.23046875,104.4921875,-4.39453125,48.33984375,158.203125
228.234375,21.97265625,19.53125,-8.30078125,21.97265625
228.23828125,-35.64453125,40.52734375,-16.11328125,-12.20703125
228.2421875,-35.15625,28.3203125,16.6015625,-9.765625
228.24609375,-30.76171875,-10.25390625,-2.44140625,-28.3203125
228.25,10.7421875,-27.83203125,-11.71875,21.484375
228.25390625,-50.29296875,2.44140625,4.39453125,-54.19921875
228.2578125,-127.44140625,10.7421875,-23.92578125,-88.37890625
228.26171875,-63.96484375,4.39453125,-52.734375,-53.7109375
228.265625,-19.53125,7.8125,-17.578125,-9.27734375
228.26953125,-65.4296875,5.37109375,3.41796875,-58.59375
228.2734375,-119.62890625,24.90234375,10.7421875,-163.57421875
228.27734375,-134.27734375,40.0390625,19.04296875,-177.24609375
228.28125,-112.3046875,13.671875,-14.6484375,-156.25
228.28515625,-70.80078125,-17.08984375,-49.31640625,-59.08203125
228.2890625,-71.2890625,12.6953125,-24.90234375,-6.8359375
228.29296875,-91.796875,21.97265625,12.6953125,-86.42578125
228.296875,-84.9609375,1.953125,13.18359375,-100.5859375
228.30078125,-32.71484375,1.953125,-2.9296875,-56.640625
228.3046875,-40.52734375,15.13671875,-17.578125,-33.203125
228.30859375,-64.453125,13.18359375,-25.390625,-29.78515625
228.3125,-45.41015625,14.6484375,-28.80859375,-35.64453125
228.31640625,-21.97265625,23.92578125,-44.43359375,-14.6484375
228.3203125,-5.37109375,20.01953125,-54.6875,-20.99609375
228.32421875,-20.5078125,3.41796875,-36.62109375,-40.0390625
228.328125,-4.8828125,-9.765625,-16.11328125,-32.2265625
228.33203125,13.671875,3.41796875,-31.73828125,-27.83203125
228.3359375,14.16015625,1.953125,-38.57421875,-24.4140625
228.33984375,11.71875,-3.41796875,-8.7890625,-10.7421875
228.34375,17.578125,11.23046875,0.9765625,24.90234375
228.34765625,31.25,11.71875,-4.39453125,41.9921875
228.3515625,11.71875,12.6953125,-2.44140625,36.62109375
228.35546875,8.7890625,21.484375,-13.671875,18.5546875
228.359375,22.4609375,12.6953125,-8.7890625,11.23046875
228.36328125,1.46484375,-7.8125,0.48828125,-25.87890625
228.3671875,7.32421875,-20.01953125,-2.9296875,-5.37109375
228.37109375,5.859375,-16.11328125,-10.7421875,25.87890625
228.375,-6.34765625,-6.34765625,-3.90625,7.8125
228.37890625,-4.8828125,9.27734375,-13.18359375,-11.71875
228.3828125,-12.20703125,10.25390625,-23.4375,-15.13671875
228.38671875,11.23046875,1.953125,0.48828125,0.0
228.390625,15.13671875,0.48828125,-7.32421875,0.0
228.39453125,1.953125,2.9296875,-8.30078125,-16.11328125
228.3984375,-4.8828125,1.953125,3.41796875,-11.71875
228.40234375,-20.99609375,-1.953125,-3.90625,6.8359375
228.40625,-39.55078125,-16.6015625,-17.578125,37.109375
228.41015625,-63.4765625,-26.85546875,-25.390625,12.20703125
228.4140625,-88.37890625,-15.625,-19.53125,-43.45703125
228.41796875,-83.49609375,-9.27734375,7.8125,-50.78125
228.421875,-86.9140625,-7.8125,18.06640625,-24.90234375
228.42578125,-82.51953125,-5.859375,5.859375,-4.39453125
228.4296875,-59.5703125,-18.06640625,0.48828125,-13.671875
228.43359375,-40.0390625,-36.1328125,-11.23046875,-4.8828125
228.4375,-16.6015625,-25.390625,-19.04296875,31.25
228.44140625,-49.31640625,-5.37109375,-27.83203125,39.0625
228.4453125,-79.1015625,-1.953125,-30.76171875,-2.44140625
228.44921875,-62.01171875,5.859375,-2.9296875,-8.7890625
228.453125,-73.2421875,3.90625,13.671875,-6.8359375
228.45703125,-69.3359375,-11.71875,8.30078125,-41.50390625
228.4609375,-59.5703125,-27.83203125,3.90625,-56.640625
228.46484375,-62.01171875,-26.3671875,-5.859375,-48.828125
228.46875,-58.10546875,-21.484375,-18.5546875,-39.0625
228.47265625,-34.66796875,-25.87890625,-26.85546875,-32.2265625
228.4765625,-28.3203125,-18.5546875,-20.01953125,-35.15625
228.48046875,-32.2265625,-25.390625,1.953125,-22.4609375
228.484375,-34.66796875,-22.94921875,10.7421875,-11.71875
228.48828125,-33.69140625,-20.99609375,3.90625,-24.4140625
228.4921875,-4.8828125,-35.64453125,0.48828125,5.37109375
228.49609375,-16.11328125,-41.015625,2.44140625,16.11328125
228.5,-34.1796875,-28.80859375,2.44140625,-20.99609375
228.50390625,-24.90234375,-8.7890625,12.6953125,41.50390625
228.5078125,-37.59765625,-11.71875,25.87890625,74.21875
228.51171875,-39.55078125,-44.921875,-8.30078125,-39.55078125
228.515625,-49.31640625,-63.4765625,-62.5,-56.640625
228.51953125,-104.4921875,-77.63671875,-90.33203125,-84.47265625
228.5234375,-119.62890625,-85.9375,-95.703125,-108.3984375
228.52734375,-82.51953125,-80.56640625,-72.75390625,-54.6875
228.53125,-67.3828125,-82.51953125,-50.78125,-31.25
228.53515625,-63.4765625,-81.0546875,-52.734375,-35.64453125
228.5390625,-39.55078125,-72.75390625,-54.19921875,-31.73828125
228.54296875,-22.94921875,-66.40625,-46.38671875,-21.484375
228.546875,-26.3671875,-61.5234375,-43.45703125,-20.5078125
228.55078125,-20.99609375,-59.5703125,-47.36328125,-20.5078125
228.5546875,-20.01953125,-59.5703125,-53.7109375,2.9296875
228.55859375,-19.04296875,-62.98828125,-47.8515625,14.16015625
228.5625,-15.625,-63.96484375,-49.8046875,25.390625
228.56640625,-4.8828125,-60.546875,-61.5234375,50.29296875
228.5703125,11.71875,-62.01171875,-55.17578125,39.0625
228.57421875,2.44140625,-64.94140625,-41.9921875,6.34765625
228.578125,-7.32421875,-56.15234375,-47.36328125,-15.13671875
228.58203125,-14.6484375,-53.7109375,-42.48046875,-16.11328125
228.5859375,-31.25,-57.6171875,-36.1328125,-1.953125
228.58984375,-47.8515625,-54.6875,-38.0859375,16.6015625
228.59375,-37.109375,-59.08203125,-22.94921875,3.41796875
228.59765625,-14.6484375,-59.08203125,-9.27734375,11.71875
228.6015625,-18.5546875,-32.71484375,-9.27734375,22.94921875
228.60546875,-38.0859375,-20.5078125,-26.85546875,25.390625
228.609375,-22.4609375,-30.2734375,-26.3671875,16.6015625
228.61328125,-31.25,-39.55078125,-9.765625,-3.41796875
228.6171875,-11.23046875,-39.55078125,-9.27734375,-18.5546875
228.62109375,2.44140625,-52.24609375,-11.23046875,0.0
228.625,5.859375,-50.29296875,-17.578125,32.2265625
228.62890625,10.25390625,-41.015625,-30.2734375,-17.578125
228.6328125,0.0,-42.48046875,-34.66796875,-13.671875
228.63671875,4.39453125,-40.52734375,-20.01953125,-1.46484375
228.640625,7.8125,-40.52734375,-1.46484375,-42.48046875
228.64453125,1.46484375,-30.76171875,1.46484375,-41.50390625
228.6484375,-31.73828125,-16.11328125,-2.44140625,-27.83203125
228.65234375,-50.78125,-23.4375,-8.30078125,-23.4375
228.65625,-31.25,-28.3203125,-20.01953125,1.953125
228.66015625,-14.16015625,-15.13671875,-24.90234375,27.83203125
228.6640625,-10.7421875,-23.92578125,-8.7890625,-3.41796875
228.66796875,-47.36328125,-39.55078125,0.9765625,-41.9921875
228.671875,-35.64453125,-36.62109375,-5.859375,-19.53125
228.67578125,-8.7890625,-29.78515625,-15.625,28.80859375
228.6796875,-17.578125,-23.4375,-22.4609375,-22.94921875
228.68359375,20.5078125,-25.87890625,-42.48046875,-34.66796875
228.6875,0.9765625,-37.59765625,-50.29296875,-14.6484375
228.69140625,-20.99609375,-32.71484375,-26.85546875,-30.2734375
228.6953125,3.41796875,-21.484375,-17.578125,18.06640625
228.69921875,-11.23046875,-15.625,-0.9765625,59.08203125
228.703125,-13.18359375,-17.08984375,6.8359375,10.7421875
228.70703125,-2.44140625,-17.08984375,0.9765625,-31.25
228.7109375,-24.90234375,-9.765625,0.0,-45.8984375
228.71484375,-22.94921875,-10.25390625,-9.27734375,-68.359375
228.71875,-35.64453125,-10.7421875,-11.23046875,-48.33984375
228.72265625,-37.59765625,-9.765625,-31.25,-14.16015625
228.7265625,-6.34765625,-8.7890625,-53.22265625,-7.32421875
228.73046875,1.46484375,-12.20703125,-22.4609375,-29.296875
228.734375,-19.53125,-7.8125,5.37109375,-16.6015625
228.73828125,-20.5078125,-3.41796875,4.39453125,-1.46484375
228.7421875,-0.9765625,-6.34765625,-7.8125,-56.640625
228.74609375,-24.90234375,-8.7890625,-16.6015625,-50.29296875
228.75,-34.66796875,-10.7421875,-23.4375,-15.625
228.75390625,-23.4375,-10.7421875,-23.4375,-10.25390625
228.7578125,-20.99609375,-12.20703125,-29.78515625,-10.25390625
228.76171875,20.99609375,-12.6953125,-38.0859375,66.40625
228.765625,25.390625,-13.671875,-26.85546875,63.4765625
228.76953125,-41.50390625,-15.625,-7.32421875,-27.34375
228.7734375,-61.03515625,-17.578125,3.41796875,-40.0390625
228.77734375,-25.87890625,-23.92578125,-6.34765625,-35.64453125
228.78125,-40.0390625,-18.5546875,-16.11328125,-45.8984375
228.78515625,-50.29296875,-26.3671875,1.953125,-45.8984375
228.7890625,-38.0859375,-41.9921875,9.27734375,-27.83203125
228.79296875,-38.57421875,-14.16015625,13.18359375,-17.08984375
228.796875,-33.203125,9.765625,61.5234375,-13.18359375
228.80078125,-54.6875,-19.04296875,104.98046875,-22.94921875
228.8046875,-54.6875,-22.4609375,153.80859375,16.6015625
228.80859375,-80.56640625,12.6953125,168.9453125,-0.48828125
228.8125,-80.078125,18.5546875,154.78515625,-44.921875
228.81640625,-32.71484375,-4.39453125,148.4375,4.39453125
228.8203125,-50.29296875,-13.18359375,133.30078125,-13.18359375
228.82421875,-49.31640625,8.7890625,131.8359375,-11.23046875
228.828125,-49.8046875,5.37109375,136.71875,10.7421875
228.83203125,-63.4765625,-8.30078125,130.859375,18.5546875
228.8359375,-80.078125,-21.97265625,146.484375,22.94921875
228.83984375,-84.9609375,-17.578125,148.4375,18.5546875
228.84375,-42.48046875,-9.27734375,133.30078125,46.875
228.84765625,-46.38671875,-12.20703125,100.09765625,23.92578125
228.8515625,-28.3203125,-8.30078125,79.1015625,35.64453125
228.85546875,2.44140625,-1.953125,75.68359375,53.22265625
228.859375,14.16015625,6.34765625,24.90234375,43.45703125
228.86328125,9.765625,6.34765625,13.671875,25.390625
228.8671875,-40.0390625,-7.32421875,54.6875,-14.16015625
228.87109375,-52.734375,-18.5546875,53.22265625,8.30078125
228.875,-8.30078125,-1.46484375,22.94921875,50.78125
228.87890625,6.34765625,8.7890625,28.80859375,45.41015625
228.8828125,-12.20703125,4.39453125,44.43359375,20.01953125
228.88671875,1.46484375,15.13671875,28.3203125,47.36328125
228.890625,-0.9765625,17.578125,-0.9765625,45.8984375
228.89453125,-41.50390625,-12.6953125,-9.765625,23.92578125
228.8984375,-73.73046875,-39.0625,-13.671875,-36.62109375
228.90234375,-94.7265625,-43.45703125,-26.3671875,-56.15234375
228.90625,-83.0078125,-40.52734375,-31.25,-32.2265625
228.91015625,-66.89453125,-41.9921875,-35.64453125,-13.18359375
228.9140625,-58.10546875,-40.0390625,-46.875,6.34765625
228.91796875,-63.96484375,-43.9453125,-56.15234375,-1.953125
228.921875,-73.73046875,-49.8046875,-63.96484375,-20.01953125
228.92578125,-66.40625,-29.296875,-72.75390625,-24.90234375
228.9296875,-58.10546875,-25.87890625,-66.89453125,-23.92578125
228.93359375,-75.1953125,-40.52734375,-43.45703125,-48.33984375
228.9375,-71.77734375,-36.62109375,-33.203125,-35.64453125
228.94140625,-57.6171875,-34.1796875,-32.71484375,-9.27734375
228.9453125,-44.921875,-38.57421875,-29.296875,-12.20703125
228.94921875,-40.52734375,-36.62109375,-42.48046875,-22.4609375
228.953125,-60.546875,-31.73828125,-43.45703125,-20.01953125
228.95703125,-145.99609375,-24.4140625,-18.5546875,-20.01953125
228.9609375,-188.96484375,-20.5078125,-1.953125,-24.90234375
228.96484375,-161.62109375,-22.4609375,-6.8359375,-28.80859375
228.96875,-142.578125,-13.671875,-51.26953125,-2.44140625
228.97265625,-120.60546875,-17.578125,-62.5,-0.9765625
228.9765625,-129.39453125,-29.78515625,-5.859375,-13.671875
228.98046875,-152.34375,-21.484375,30.76171875,-31.25
228.984375,-161.1328125,-25.87890625,21.484375,-41.50390625
228.98828125,-152.34375,-41.015625,12.20703125,-12.20703125
228.9921875,-138.18359375,-38.57421875,7.8125,-18.5546875
228.99609375,-143.5546875,-30.2734375,0.48828125,-66.40625
229.0,-151.3671875,-21.484375,4.8828125,-44.921875
229.00390625,-144.04296875,-18.5546875,20.5078125,-2.9296875
229.0078125,-142.578125,-22.94921875,27.83203125,-11.71875
229.01171875,-153.3203125,-25.390625,13.18359375,7.32421875
229.015625,-148.4375,-24.90234375,-18.5546875,-0.48828125
229.01953125,-153.80859375,-16.11328125,-14.6484375,-50.29296875
229.0234375,-169.43359375,-20.5078125,1.953125,-37.109375
229.02734375,-183.10546875,-27.34375,4.39453125,-50.78125
229.03125,-165.0390625,-26.85546875,-10.7421875,-61.03515625
229.03515625,-150.87890625,-30.76171875,-22.4609375,-46.38671875
229.0390625,-138.671875,-23.92578125,-14.6484375,-37.59765625
229.04296875,-124.0234375,-27.83203125,-14.16015625,-30.76171875
229.046875,-120.60546875,-44.921875,-39.55078125,-36.62109375
229.05078125,-125.48828125,-40.0390625,-55.17578125,-20.99609375
229.0546875,-134.27734375,-29.78515625,-22.94921875,-34.1796875
229.05859375,-125.48828125,-22.94921875,1.953125,-60.546875
229.0625,-118.1640625,-24.4140625,-16.11328125,-29.78515625
229.06640625,-116.2109375,-28.80859375,-33.203125,-34.1796875
229.0703125,-126.46484375,-28.3203125,-20.5078125,-43.9453125
229.07421875,-94.23828125,-23.4375,0.9765625,-24.4140625
229.078125,-65.91796875,-13.671875,6.8359375,-26.85546875
229.08203125,-107.91015625,-13.671875,-0.9765625,-45.41015625
229.0859375,-146.484375,-18.06640625,11.23046875,-59.08203125
229.08984375,-129.8828125,-20.99609375,19.53125,-54.19921875
229.09375,-127.44140625,-33.203125,20.01953125,-55.6640625
229.09765625,-125.0,-44.43359375,8.7890625,-62.01171875
229.1015625,-102.05078125,-41.015625,-17.08984375,-29.296875
229.10546875,-84.47265625,-34.66796875,-3.90625,-10.7421875
229.109375,-82.51953125,-35.15625,6.34765625,-10.7421875
229.11328125,-110.83984375,-29.78515625,8.7890625,-11.71875
229.1171875,-123.53515625,-22.94921875,20.99609375,-42.96875
229.12109375,-114.74609375,-23.4375,13.671875,-64.453125
229.125,-102.5390625,-18.06640625,-4.8828125,-45.41015625
229.12890625,-81.0546875,-15.625,-6.34765625,-39.0625
229.1328125,-65.4296875,-22.94921875,-5.859375,-20.5078125
229.13671875,-79.58984375,-32.71484375,-12.20703125,-6.34765625
229.140625,-89.35546875,-27.83203125,-15.13671875,-22.4609375
229.14453125,-65.91796875,-10.25390625,-32.2265625,0.9765625
229.1484375,-59.5703125,-10.7421875,-29.78515625,13.18359375
229.15234375,-81.54296875,-24.4140625,-7.32421875,-46.875
229.15625,-86.9140625,-26.85546875,8.7890625,-74.70703125
229.16015625,-93.26171875,-16.6015625,-2.44140625,-56.15234375
229.1640625,-110.3515625,-15.13671875,-20.99609375,-40.0390625
229.16796875,-99.609375,-27.83203125,-26.3671875,-37.109375
229.171875,-82.03125,-37.59765625,-18.5546875,-50.29296875
229.17578125,-84.9609375,-36.62109375,-21.97265625,-36.1328125
229.1796875,-75.1953125,-30.2734375,-41.50390625,-24.90234375
229.18359375,-63.96484375,-28.80859375,-28.80859375,-23.4375
229.1875,-95.21484375,-21.97265625,-10.7421875,-32.71484375
229.19140625,-102.05078125,-20.99609375,-10.25390625,-26.3671875
229.1953125,-88.37890625,-35.15625,9.27734375,5.859375
229.19921875,-72.75390625,-23.4375,13.671875,-28.3203125
229.203125,-69.82421875,-9.765625,-10.7421875,-32.71484375
229.20703125,-81.54296875,-4.8828125,-14.6484375,-29.296875
229.2109375,-87.40234375,-1.46484375,2.9296875,-66.40625
229.21484375,-63.4765625,-17.08984375,10.7421875,-68.84765625
229.21875,-66.89453125,-34.66796875,-0.9765625,-38.0859375
229.22265625,-67.87109375,-21.484375,3.90625,-40.52734375
229.2265625,-58.59375,-16.11328125,0.0,-62.01171875
229.23046875,-82.51953125,-22.94921875,-6.34765625,-52.734375
229.234375,-82.03125,-14.16015625,13.671875,-19.04296875
229.23828125,-80.078125,0.9765625,28.80859375,-34.66796875
229.2421875,-67.87109375,-3.90625,27.34375,-20.5078125
229.24609375,-50.29296875,-18.06640625,22.94921875,-24.90234375
229.25,-70.80078125,-14.16015625,4.39453125,-69.82421875
229.25390625,-71.77734375,-1.953125,-8.30078125,-72.265625
229.2578125,-62.5,8.7890625,4.8828125,-50.78125
229.26171875,-53.22265625,3.90625,5.37109375,-14.16015625
229.265625,-54.6875,-20.01953125,1.46484375,-27.83203125
229.26953125,-44.43359375,-19.53125,14.6484375,-47.36328125
229.2734375,-48.828125,-17.08984375,19.53125,-33.203125
229.27734375,-51.7578125,-21.97265625,5.859375,-22.4609375
229.28125,-48.828125,-14.16015625,12.20703125,22.4609375
229.28515625,-61.03515625,-5.37109375,13.18359375,-33.203125
229.2890625,-59.5703125,-10.25390625,-5.37109375,-73.2421875
229.29296875,-33.203125,-1.953125,-34.66796875,-48.828125
229.296875,-36.1328125,4.8828125,-39.55078125,-48.33984375
229.30078125,-56.640625,-7.32421875,4.8828125,-52.734375
229.3046875,-61.03515625,-14.6484375,24.4140625,-100.5859375
229.30859375,-81.0546875,-12.6953125,3.41796875,-81.54296875
229.3125,-79.58984375,-14.6484375,-17.08984375,-32.71484375
229.31640625,-53.22265625,-23.92578125,-9.27734375,-50.29296875
229.3203125,-19.53125,-30.2734375,3.41796875,-59.08203125
229.32421875,-35.15625,-27.83203125,13.671875,-39.0625
229.328125,-66.40625,-23.92578125,11.23046875,-46.875
229.33203125,-62.01171875,-15.625,4.39453125,-37.109375
229.3359375,-100.09765625,-19.53125,23.4375,-55.6640625
229.33984375,-103.02734375,-37.109375,25.87890625,-79.1015625
229.34375,-75.68359375,-40.52734375,3.41796875,-54.19921875
229.34765625,-80.078125,-27.34375,-6.34765625,-41.9921875
229.3515625,-49.31640625,-18.06640625,-6.34765625,-12.20703125
229.35546875,-59.08203125,-6.34765625,-13.18359375,-1.953125
229.359375,-86.42578125,-3.41796875,-13.671875,-42.96875
229.36328125,-110.83984375,-16.11328125,0.0,-36.62109375
229.3671875,-105.46875,-20.5078125,5.37109375,-22.4609375
229.37109375,-54.19921875,-16.6015625,0.0,-53.22265625
229.375,-44.921875,-10.7421875,-12.6953125,-44.43359375
229.37890625,-54.19921875,-11.71875,-9.765625,-44.921875
229.3828125,-38.0859375,-13.671875,5.859375,-53.22265625
229.38671875,9.765625,-12.20703125,14.16015625,-5.37109375
229.390625,4.39453125,-18.5546875,18.06640625,0.9765625
229.39453125,-4.39453125,-20.5078125,20.99609375,-3.41796875
229.3984375,-4.39453125,-22.94921875,4.39453125,2.9296875
229.40234375,-36.1328125,-28.3203125,-17.578125,0.0
229.40625,-34.1796875,-21.484375,-0.48828125,20.5078125
229.41015625,23.92578125,-3.41796875,0.0,6.34765625
229.4140625,4.8828125,-0.9765625,-9.27734375,-24.90234375
229.41796875,-21.484375,-8.7890625,8.30078125,-37.59765625
229.421875,1.953125,-7.8125,-8.7890625,-16.11328125
229.42578125,6.34765625,-12.6953125,-9.765625,-13.18359375
229.4296875,-25.87890625,-16.11328125,11.23046875,-44.921875
229.43359375,-6.34765625,-8.7890625,5.37109375,-13.18359375
229.4375,13.671875,-11.23046875,10.25390625,22.4609375
229.44140625,-28.80859375,-20.99609375,17.08984375,-33.203125
229.4453125,-8.7890625,-18.06640625,10.25390625,-19.53125
229.44921875,14.6484375,-14.16015625,-3.41796875,0.9765625
229.453125,-10.25390625,-15.625,28.3203125,7.8125
229.45703125,3.41796875,-9.765625,40.0390625,24.90234375
229.4609375,6.34765625,-3.90625,6.8359375,-39.55078125
229.46484375,-12.20703125,-8.30078125,-0.48828125,-66.89453125
229.46875,-13.18359375,-8.7890625,6.8359375,-25.87890625
229.47265625,-15.13671875,-4.8828125,-2.44140625,4.8828125
229.4765625,32.71484375,-4.39453125,-28.3203125,68.84765625
229.48046875,55.6640625,-1.953125,-23.4375,62.5
229.484375,8.30078125,-3.90625,31.25,-5.859375
229.48828125,-40.0390625,-8.7890625,51.7578125,-14.16015625
229.4921875,-17.578125,0.48828125,32.2265625,-22.94921875
229.49609375,1.46484375,-4.8828125,20.5078125,-9.765625
229.5,-26.85546875,-26.85546875,34.1796875,-12.20703125
229.50390625,0.9765625,-27.83203125,29.296875,-40.52734375
229.5078125,10.25390625,-15.625,5.37109375,6.8359375
229.51171875,-3.41796875,-27.34375,10.7421875,35.15625
229.515625,-20.99609375,-46.875,30.76171875,15.13671875
229.51953125,-32.71484375,-42.96875,50.29296875,22.4609375
229.5234375,-56.640625,-44.43359375,47.8515625,37.59765625
229.52734375,-58.59375,-34.1796875,10.25390625,9.27734375
229.53125,-37.59765625,-16.11328125,21.97265625,-8.7890625
229.53515625,-35.64453125,-5.859375,46.38671875,-3.90625
229.5390625,-42.96875,-3.41796875,48.828125,-16.11328125
229.54296875,-42.96875,-12.6953125,45.41015625,-35.15625
229.546875,-23.4375,-14.16015625,16.6015625,2.44140625
229.55078125,11.71875,-9.27734375,12.20703125,7.32421875
229.5546875,0.9765625,-22.4609375,18.06640625,-55.6640625
229.55859375,-12.6953125,-24.90234375,-15.13671875,-44.921875
229.5625,-22.94921875,-21.484375,-17.578125,-11.71875
229.56640625,-14.6484375,-26.3671875,13.671875,-8.30078125
229.5703125,-2.44140625,-27.83203125,-11.23046875,-5.37109375
229.57421875,5.859375,-25.87890625,-44.921875,23.92578125
229.578125,16.11328125,-20.5078125,-23.4375,51.26953125
229.58203125,-24.4140625,-19.53125,-3.90625,-12.6953125
229.5859375,-10.25390625,-19.04296875,39.55078125,-23.92578125
229.58984375,5.37109375,-19.04296875,66.89453125,6.34765625
229.59375,1.953125,-25.390625,46.875,-12.6953125
229.59765625,0.0,-20.01953125,16.6015625,19.53125
229.6015625,-28.3203125,-4.8828125,-3.90625,30.76171875
229.60546875,-25.390625,7.8125,3.41796875,-16.11328125
229.609375,-20.99609375,7.32421875,12.20703125,-1.46484375
229.61328125,-6.34765625,-3.90625,7.32421875,23.92578125
229.6171875,-6.34765625,-8.30078125,-18.06640625,40.52734375
229.62109375,-50.78125,-20.5078125,-25.390625,49.8046875
229.625,-77.1484375,-30.2734375,-5.37109375,76.171875
229.62890625,-83.49609375,-9.765625,9.27734375,71.77734375
229.6328125,-78.125,7.8125,14.16015625,7.8125
229.63671875,-81.54296875,2.9296875,10.25390625,-28.80859375
229.640625,-87.890625,-0.9765625,4.8828125,-27.83203125
229.64453125,-123.046875,-4.39453125,-1.953125,5.37109375
229.6484375,-136.23046875,-9.765625,-6.34765625,7.32421875
229.65234375,-121.58203125,-10.25390625,-6.34765625,-12.6953125
229.65625,-82.51953125,-5.37109375,-16.11328125,0.9765625
229.66015625,-62.5,-14.16015625,-20.01953125,14.6484375
229.6640625,-82.03125,-27.83203125,-5.37109375,11.23046875
229.66796875,-103.02734375,-16.11328125,0.48828125,-42.48046875
229.671875,-110.3515625,-14.16015625,6.8359375,-49.31640625
229.67578125,-90.8203125,-19.04296875,18.5546875,-23.92578125
229.6796875,-79.1015625,-9.27734375,11.23046875,-18.06640625
229.68359375,-54.6875,-5.37109375,-29.78515625,-9.765625
229.6875,-52.24609375,-8.7890625,-52.24609375,-34.1796875
229.69140625,-82.03125,-15.13671875,-14.6484375,-31.25
229.6953125,-104.00390625,-22.94921875,19.53125,-37.109375
229.69921875,-109.375,-19.53125,17.08984375,-49.31640625
229.703125,-100.09765625,-20.99609375,10.25390625,-30.76171875
229.70703125,-86.9140625,-23.4375,3.90625,-9.765625
229.7109375,-73.73046875,-19.53125,-17.08984375,1.46484375
229.71484375,-70.3125,-19.53125,-20.5078125,-9.27734375
229.71875,-79.1015625,-24.90234375,-4.39453125,-22.4609375
229.72265625,-75.1953125,-25.390625,-5.859375,-2.44140625
229.7265625,-53.22265625,-23.92578125,-10.25390625,18.06640625
229.73046875,-75.68359375,-23.4375,-19.53125,-19.04296875
229.734375,-71.77734375,-23.92578125,-36.62109375,-4.39453125
229.73828125,-57.12890625,-25.87890625,-42.48046875,-2.9296875
229.7421875,-68.359375,-20.5078125,-41.015625,-54.6875
229.74609375,-61.03515625,-24.4140625,-26.85546875,-79.1015625
229.75,-76.66015625,-33.69140625,-10.7421875,-66.40625
229.75390625,-83.49609375,-35.15625,-10.7421875,-35.64453125
229.7578125,-68.84765625,-37.109375,-41.50390625,-28.80859375
229.76171875,-58.59375,-35.64453125,-61.03515625,-24.90234375
229.765625,-56.15234375,-34.1796875,-41.015625,-27.34375
229.76953125,-71.2890625,-36.1328125,-25.390625,-48.828125
229.7734375,-88.8671875,-39.55078125,-22.94921875,-51.7578125
229.77734375,-84.47265625,-38.57421875,-14.6484375,-27.34375
229.78125,-68.359375,-37.59765625,-20.99609375,-32.71484375
229.78515625,-61.5234375,-50.29296875,-25.87890625,-38.57421875
229.7890625,-54.19921875,-45.8984375,-14.16015625,-27.34375
229.79296875,-58.10546875,-28.80859375,-28.3203125,-30.2734375
229.796875,-67.87109375,-33.203125,-43.45703125,-42.48046875
229.80078125,-77.63671875,-33.203125,-34.1796875,-20.01953125
229.8046875,-82.51953125,-24.4140625,-16.11328125,-32.71484375
229.80859375,-65.91796875,-27.83203125,-15.625,-70.3125
229.8125,-63.4765625,-30.2734375,-36.1328125,-86.9140625
229.81640625,-92.7734375,-23.92578125,-37.59765625,-66.89453125
229.8203125,-60.05859375,-15.625,-26.3671875,-18.5546875
229.82421875,-47.36328125,-9.765625,-42.96875,-8.30078125
229.828125,-64.94140625,-13.18359375,-43.9453125,-50.29296875
229.83203125,-62.98828125,-18.06640625,-15.625,-49.8046875
229.8359375,-98.6328125,-39.0625,-6.34765625,-50.29296875
229.83984375,-125.9765625,-42.96875,-11.23046875,-61.03515625
229.84375,-107.91015625,-30.2734375,-14.16015625,-45.8984375
229.84765625,-94.23828125,-23.4375,-21.97265625,-43.45703125
229.8515625,-116.69921875,-17.08984375,-28.80859375,-40.52734375
229.85546875,-139.16015625,-15.13671875,-30.76171875,-34.1796875
229.859375,-145.99609375,-17.08984375,-35.15625,-64.94140625
229.86328125,-143.06640625,-19.04296875,-48.828125,-75.68359375
229.8671875,-145.01953125,-27.83203125,-52.734375,-62.01171875
229.87109375,-124.0234375,-30.76171875,-26.3671875,-49.8046875
229.875,-122.55859375,-29.296875,-15.625,-52.734375
229.87890625,-128.41796875,-28.80859375,-25.390625,-41.015625
229.8828125,-113.76953125,-40.0390625,-18.06640625,-50.78125
229.88671875,-96.19140625,-42.48046875,-11.71875,-44.921875
229.890625,-89.35546875,-34.1796875,-20.01953125,-20.99609375
229.89453125,-97.16796875,-30.76171875,-37.59765625,-44.921875
229.8984375,-96.6796875,-25.390625,-32.71484375,-37.59765625
229.90234375,-80.078125,-34.66796875,-6.8359375,-36.1328125
229.90625,-59.08203125,-38.57421875,5.859375,-26.85546875
229.91015625,-69.3359375,-25.390625,-6.34765625,4.39453125
229.9140625,-64.453125,-34.1796875,-11.23046875,-18.5546875
229.91796875,-82.51953125,-48.33984375,-18.5546875,-86.9140625
229.921875,-128.41796875,-28.80859375,-31.73828125,-83.984375
229.92578125,-127.44140625,2.9296875,-27.83203125,-74.70703125
229.9296875,-108.88671875,5.859375,-22.94921875,-107.421875
229.93359375,-91.30859375,-8.30078125,-11.71875,-52.24609375
229.9375,-104.4921875,-14.16015625,-5.37109375,-59.08203125
229.94140625,-112.3046875,-10.25390625,-11.23046875,-97.16796875
229.9453125,-102.05078125,-3.90625,-22.94921875,-50.29296875
229.94921875,-82.51953125,6.34765625,-24.90234375,-36.62109375
229.953125,-89.84375,0.0,-28.80859375,-63.4765625
229.95703125,-110.83984375,-0.9765625,-55.17578125,-111.81640625
229.9609375,-97.65625,13.18359375,-53.7109375,-146.484375
229.96484375,-80.56640625,20.01953125,-46.38671875,-128.90625
229.96875,-86.42578125,28.80859375,-64.453125,-124.0234375
229.97265625,-93.75,31.25,-53.22265625,-111.81640625
229.9765625,-79.58984375,31.25,-35.15625,-89.35546875
229.98046875,-65.4296875,24.90234375,-38.0859375,-57.12890625
229.984375,-78.125,11.23046875,-45.41015625,-107.91015625
229.98828125,-62.5,11.23046875,-64.94140625,-150.87890625
229.9921875,-11.23046875,23.92578125,-92.7734375,-101.07421875
229.99609375,-61.03515625,24.4140625,-86.42578125,-96.19140625
230.0,-77.1484375,17.578125,-74.21875,-114.74609375
230.00390625,-20.99609375,20.01953125,-79.58984375,-89.84375
230.0078125,0.48828125,22.4609375,-79.1015625,-71.77734375
230.01171875,-33.203125,4.8828125,-71.77734375,-93.26171875
230.015625,-26.3671875,-3.41796875,-62.5,-61.03515625
230.01953125,0.0,2.9296875,-56.640625,-55.17578125
230.0234375,-20.5078125,2.44140625,-62.98828125,-95.703125
230.02734375,-27.83203125,-0.48828125,-73.73046875,-64.453125
230.03125,-18.06640625,-0.9765625,-54.6875,-49.31640625
230.03515625,2.9296875,-1.953125,-31.25,-43.9453125
230.0390625,-5.859375,-1.953125,-27.34375,-6.34765625
230.04296875,-12.6953125,-3.41796875,-35.64453125,-38.0859375
230.046875,3.41796875,-9.27734375,-40.0390625,-78.61328125
230.05078125,-8.7890625,-9.27734375,-41.9921875,-63.4765625
230.0546875,-18.5546875,-4.8828125,-50.78125,-80.56640625
230.05859375,-53.22265625,-9.27734375,-44.43359375,-91.30859375
230.0625,-60.546875,-17.08984375,-25.87890625,-88.8671875
230.06640625,-43.9453125,-1.46484375,-26.3671875,-75.68359375
230.0703125,-53.7109375,1.46484375,-32.71484375,-47.36328125
230.07421875,-34.66796875,-19.04296875,-22.94921875,-5.859375
230.078125,10.25390625,-21.97265625,-19.04296875,-95.21484375
230.08203125,13.671875,-11.71875,-12.20703125,-144.53125
230.0859375,11.23046875,0.0,-11.71875,-95.21484375
230.08984375,21.484375,-0.9765625,-28.3203125,-95.703125
230.09375,-2.44140625,-8.30078125,-31.25,-91.30859375
230.09765625,-25.87890625,1.46484375,-29.296875,-66.89453125
230.1015625,-19.04296875,7.32421875,-39.0625,-86.9140625
230.10546875,-32.2265625,0.9765625,-53.22265625,-92.7734375
230.109375,-23.92578125,-1.953125,-70.3125,-72.265625
230.11328125,-12.20703125,6.8359375,-55.6640625,-77.63671875
230.1171875,5.859375,10.25390625,-34.1796875,-62.5
230.12109375,-0.9765625,2.9296875,-26.3671875,-35.15625
230.125,-20.99609375,0.48828125,-23.92578125,-79.58984375
230.12890625,-9.27734375,1.953125,-28.3203125,-103.02734375
230.1328125,0.0,-4.39453125,-26.3671875,-63.96484375
230.13671875,0.0,-4.39453125,-22.94921875,-68.84765625
230.140625,4.39453125,1.953125,-28.3203125,-65.4296875
230.14453125,6.8359375,-0.9765625,-28.3203125,-56.15234375
230.1484375,9.27734375,-8.7890625,-22.94921875,-58.59375
230.15234375,32.2265625,-7.8125,-30.2734375,-51.7578125
230.15625,42.96875,-3.90625,-40.0390625,-20.5078125
230.16015625,50.78125,-5.859375,-36.1328125,-8.30078125
230.1640625,12.6953125,-6.8359375,-12.20703125,-25.390625
230.16796875,-9.27734375,-12.20703125,2.9296875,-27.83203125
230.171875,18.5546875,-14.6484375,-9.27734375,-16.6015625
230.17578125,6.8359375,-17.08984375,-19.04296875,28.80859375
230.1796875,-14.16015625,-30.2734375,-10.7421875,-39.0625
230.18359375,-30.76171875,-38.0859375,-1.953125,-50.78125
230.1875,-4.8828125,-22.4609375,10.7421875,-12.20703125
230.19140625,-18.5546875,2.9296875,20.01953125,-41.50390625
230.1953125,-41.50390625,5.37109375,19.04296875,-52.734375
230.19921875,-21.97265625,-3.41796875,15.13671875,-19.04296875
230.203125,6.8359375,-7.8125,10.25390625,5.37109375
230.20703125,-14.16015625,-14.6484375,9.27734375,-18.06640625
230.2109375,-4.8828125,-19.53125,14.16015625,-25.390625
230.21484375,7.8125,-25.87890625,9.765625,-20.99609375
230.21875,-2.44140625,-40.0390625,-1.953125,-41.50390625
230.22265625,-25.390625,-47.36328125,-0.9765625,-24.4140625
230.2265625,-23.4375,-41.015625,5.37109375,10.7421875
230.23046875,-9.765625,-27.83203125,5.37109375,-9.27734375
230.234375,-21.97265625,-13.18359375,-5.37109375,24.90234375
230.23828125,-12.20703125,-22.4609375,-0.48828125,-31.25
230.2421875,-32.71484375,-30.2734375,18.06640625,-62.98828125
230.24609375,-37.59765625,-21.484375,19.04296875,-39.0625
230.25,-10.25390625,-14.16015625,-0.48828125,-23.92578125
230.25390625,10.25390625,-20.5078125,0.48828125,-16.11328125
230.2578125,13.18359375,-28.80859375,12.6953125,-44.921875
230.26171875,0.0,-22.4609375,11.23046875,-26.3671875
230.265625,-13.671875,-26.3671875,0.48828125,-4.8828125
230.26953125,-9.765625,-29.296875,-4.39453125,-21.97265625
230.2734375,-15.625,-27.34375,-11.23046875,-25.87890625
230.27734375,-20.99609375,-27.34375,-7.32421875,9.765625
230.28125,-1.46484375,-32.2265625,-10.25390625,-3.41796875
230.28515625,0.0,-36.62109375,-12.6953125,-54.19921875
230.2890625,9.765625,-29.78515625,-12.6953125,8.7890625
230.29296875,12.6953125,-32.2265625,-20.01953125,17.08984375
230.296875,4.8828125,-37.109375,-0.48828125,-25.390625
230.30078125,-7.8125,-33.203125,9.765625,-20.99609375
230.3046875,-9.765625,-29.78515625,4.39453125,-32.2265625
230.30859375,-8.30078125,-30.2734375,0.9765625,-39.0625
230.3125,2.9296875,-29.78515625,2.9296875,-37.109375
230.31640625,16.11328125,-27.83203125,4.8828125,-40.0390625
230.3203125,-4.39453125,-27.34375,0.9765625,22.94921875
230.32421875,-31.25,-26.85546875,-3.90625,27.34375
230.328125,-3.41796875,-28.3203125,0.48828125,9.765625
230.33203125,1.953125,-28.80859375,6.34765625,55.6640625
230.3359375,-47.36328125,-23.4375,6.34765625,1.953125
230.33984375,-62.5,-23.92578125,-3.41796875,-65.4296875
230.34375,-28.3203125,-13.671875,-28.3203125,-58.59375
230.34765625,-19.04296875,-9.765625,-36.1328125,-58.10546875
230.3515625,-25.390625,-20.5078125,-26.85546875,-61.5234375
230.35546875,-14.16015625,-26.85546875,-14.16015625,-25.390625
230.359375,-19.53125,-28.80859375,-0.9765625,35.64453125
230.36328125,-8.7890625,-21.484375,-9.765625,-41.015625
230.3671875,30.2734375,-14.6484375,-30.2734375,-113.28125
230.37109375,39.0625,-20.01953125,-34.66796875,-83.984375
230.375,2.44140625,-23.92578125,-23.4375,-43.9453125
230.37890625,-28.3203125,-26.85546875,-11.23046875,-43.9453125
230.3828125,-66.89453125,-27.83203125,-3.90625,-28.80859375
230.38671875,-57.12890625,-28.3203125,-13.671875,-10.7421875
230.390625,-24.4140625,-22.94921875,-13.18359375,-19.53125
230.39453125,-15.13671875,-18.06640625,-17.578125,13.671875
230.3984375,-18.5546875,-21.484375,-33.69140625,-33.69140625
230.40234375,-40.52734375,-29.296875,-21.484375,-42.96875
230.40625,-59.5703125,-36.1328125,-3.90625,-3.41796875
230.41015625,-49.8046875,-33.203125,1.46484375,36.1328125
230.4140625,-36.62109375,-21.97265625,0.9765625,21.97265625
230.41796875,-18.06640625,-14.16015625,-2.44140625,-8.30078125
230.421875,-2.44140625,-12.6953125,-9.27734375,-21.97265625
230.42578125,1.953125,-17.578125,-13.18359375,-46.38671875
230.4296875,-0.9765625,-23.4375,-19.04296875,-53.22265625
230.43359375,-8.7890625,-21.97265625,-26.85546875,-21.484375
230.4375,-19.04296875,-23.92578125,-44.43359375,-4.8828125
230.44140625,-40.0390625,-31.25,-33.203125,-21.484375
230.4453125,-38.57421875,-38.0859375,-9.27734375,-44.921875
230.44921875,-14.16015625,-37.109375,-1.46484375,-73.73046875
230.453125,-20.5078125,-30.76171875,-4.39453125,-58.59375
230.45703125,-38.0859375,-20.5078125,-11.71875,-38.57421875
230.4609375,-38.57421875,-20.01953125,-14.6484375,-42.96875
230.46484375,-51.7578125,-23.4375,-7.8125,-24.4140625
230.46875,-49.8046875,-22.94921875,-0.48828125,-27.34375
230.47265625,-41.015625,-30.76171875,-5.37109375,-11.71875
230.4765625,-51.7578125,-22.94921875,-14.6484375,8.30078125
230.48046875,-65.91796875,-14.6484375,-15.13671875,-4.8828125
230.484375,-55.6640625,-25.390625,-3.90625,-14.6484375
230.48828125,-60.05859375,-28.3203125,-4.8828125,12.6953125
230.4921875,-73.2421875,-15.625,-8.7890625,30.76171875
230.49609375,-60.546875,-6.34765625,-8.30078125,-12.6953125
230.5,-57.6171875,-4.8828125,-6.8359375,-25.87890625
230.50390625,-34.66796875,-5.37109375,-16.6015625,-8.30078125
230.5078125,-40.52734375,-9.27734375,-20.5078125,-17.578125
230.51171875,-89.84375,-23.92578125,4.39453125,-23.4375
230.515625,-96.19140625,-29.78515625,13.671875,-11.23046875
230.51953125,-70.80078125,-20.5078125,9.765625,-1.46484375
230.5234375,-69.3359375,-15.13671875,8.7890625,24.4140625
230.52734375,-70.3125,-15.13671875,-19.53125,-27.83203125
230.53125,-30.76171875,-5.859375,-49.8046875,-17.578125
230.53515625,-22.4609375,-10.7421875,-7.32421875,8.30078125
230.5390625,-78.61328125,-28.80859375,21.97265625,-22.94921875
230.54296875,-98.14453125,-37.59765625,7.32421875,-41.50390625
230.546875,-113.28125,-37.109375,16.11328125,-26.85546875
230.55078125,-102.5390625,-36.1328125,20.99609375,-41.015625
230.5546875,-59.08203125,-38.57421875,-0.48828125,-49.31640625
230.55859375,-79.1015625,-45.8984375,4.8828125,-29.296875
230.5625,-108.88671875,-58.10546875,27.34375,0.48828125
230.56640625,-117.1875,-59.5703125,32.71484375,-16.6015625
230.5703125,-124.51171875,-61.03515625,38.57421875,-35.64453125
230.57421875,-121.09375,-63.4765625,34.1796875,-33.69140625
230.578125,-128.90625,-65.91796875,13.18359375,-44.43359375
230.58203125,-117.67578125,-62.98828125,21.97265625,-19.53125
230.5859375,-101.07421875,-53.22265625,33.69140625,-5.37109375
230.58984375,-96.19140625,-56.15234375,18.06640625,-25.390625
230.59375,-91.30859375,-62.98828125,13.18359375,5.37109375
230.59765625,-83.0078125,-55.17578125,21.484375,-30.2734375
230.6015625,-71.77734375,-40.52734375,11.23046875,-41.50390625
230.60546875,-64.453125,-44.43359375,2.9296875,-9.27734375
230.609375,-67.87109375,-45.8984375,17.08984375,-21.97265625
230.61328125,-57.12890625,-40.52734375,25.87890625,-29.296875
230.6171875,-54.19921875,-41.50390625,27.83203125,-39.0625
230.62109375,-54.19921875,-32.71484375,28.80859375,-35.64453125
230.625,-65.91796875,-28.3203125,20.5078125,-33.69140625
230.62890625,-71.2890625,-32.71484375,8.7890625,-38.57421875
230.6328125,-59.08203125,-36.62109375,4.8828125,-48.828125
230.63671875,-53.7109375,-35.64453125,-2.44140625,-11.23046875
230.640625,-40.52734375,-29.296875,4.8828125,-4.8828125
230.64453125,-46.875,-23.92578125,22.4609375,-33.69140625
230.6484375,-55.17578125,-23.92578125,16.11328125,-4.8828125
230.65234375,-35.15625,-27.34375,10.7421875,-2.44140625
230.65625,-29.296875,-27.34375,11.23046875,-6.8359375
230.66015625,-28.80859375,-25.390625,6.8359375,3.41796875
230.6640625,-22.4609375,-24.90234375,6.8359375,-20.01953125
230.66796875,-27.34375,-30.2734375,6.8359375,-33.203125
230.671875,-13.18359375,-28.80859375,1.46484375,-25.390625
230.67578125,0.0,-23.92578125,1.953125,-16.11328125
230.6796875,-15.13671875,-21.484375,2.9296875,4.8828125
230.68359375,-33.69140625,-20.99609375,-0.48828125,-28.80859375
230.6875,-18.06640625,-28.3203125,-9.765625,-32.71484375
230.69140625,-42.96875,-27.83203125,-13.671875,-17.578125
230.6953125,-46.38671875,-24.4140625,-14.6484375,-37.59765625
230.69921875,-26.85546875,-25.390625,-14.16015625,-19.53125
230.703125,-28.3203125,-22.94921875,-18.06640625,-17.578125
230.70703125,-34.1796875,-23.4375,-34.66796875,-13.671875
230.7109375,-75.1953125,-22.94921875,-36.62109375,-18.06640625
230.71484375,-110.3515625,-18.5546875,-35.64453125,-41.9921875
230.71875,-106.4453125,-15.625,-38.57421875,-26.3671875
230.72265625,-98.14453125,-17.578125,-35.15625,-20.01953125
230.7265625,-80.078125,-26.85546875,-29.296875,-34.66796875
230.73046875,-50.78125,-30.2734375,-21.484375,-66.40625
230.734375,-102.05078125,-25.87890625,-20.99609375,-74.21875
230.73828125,-125.48828125,-15.13671875,-13.671875,-51.26953125
230.7421875,-85.44921875,-12.20703125,-6.8359375,-35.64453125
230.74609375,-76.66015625,-10.25390625,-18.06640625,-51.7578125
230.75,-59.5703125,-1.953125,-17.578125,-58.59375
230.75390625,-17.578125,-0.48828125,-21.484375,-24.4140625
230.7578125,-47.36328125,-7.32421875,-27.34375,-13.18359375
230.76171875,-88.8671875,-17.08984375,-15.13671875,-17.578125
230.765625,-82.51953125,-20.01953125,-6.34765625,-37.59765625
230.76953125,-78.125,-13.671875,-11.23046875,-55.17578125
230.7734375,-77.63671875,-17.08984375,-24.4140625,-71.77734375
230.77734375,-48.33984375,-7.8125,-36.1328125,-35.64453125
230.78125,-38.0859375,-2.44140625,-20.99609375,-19.53125
230.78515625,-92.7734375,-19.53125,-3.41796875,-61.03515625
230.7890625,-131.34765625,-22.94921875,3.41796875,-74.70703125
230.79296875,-115.234375,-19.53125,10.7421875,-55.17578125
230.796875,-100.5859375,-22.4609375,10.7421875,-59.08203125
230.80078125,-77.63671875,-29.296875,14.6484375,-60.546875
230.8046875,-69.82421875,-32.2265625,15.625,-65.4296875
230.80859375,-76.171875,-25.390625,11.23046875,-88.8671875
230.8125,-78.61328125,-18.06640625,3.41796875,-69.82421875
230.81640625,-74.70703125,-12.6953125,-14.6484375,-67.3828125
230.8203125,-80.078125,-22.4609375,-20.99609375,-60.05859375
230.82421875,-86.42578125,-26.85546875,-10.7421875,-35.15625
230.828125,-73.73046875,-19.53125,14.6484375,-29.296875
230.83203125,-65.4296875,-24.90234375,22.94921875,-80.078125
230.8359375,-84.47265625,-23.4375,12.20703125,-61.03515625
230.83984375,-116.2109375,-23.4375,8.7890625,-17.08984375
230.84375,-98.6328125,-23.92578125,10.25390625,-7.8125
230.84765625,-79.1015625,-18.5546875,-5.859375,-32.2265625
230.8515625,-77.1484375,-21.97265625,-25.390625,-101.07421875
230.85546875,-76.66015625,-25.87890625,-25.390625,-94.7265625
230.859375,-77.63671875,-29.296875,-23.4375,-89.84375
230.86328125,-80.078125,-27.83203125,-20.99609375,-98.6328125
230.8671875,-98.14453125,-34.66796875,-19.04296875,-58.59375
230.87109375,-85.9375,-54.6875,-20.01953125,-53.7109375
230.875,-60.546875,-51.7578125,-28.3203125,-77.63671875
230.87890625,-75.68359375,-40.52734375,-27.83203125,-92.7734375
230.8828125,-72.265625,-40.52734375,-11.23046875,-82.51953125
230.88671875,-90.33203125,-37.59765625,-15.625,-64.453125
230.890625,-145.01953125,-28.3203125,-11.23046875,-42.96875
230.89453125,-91.30859375,-32.71484375,0.0,-58.10546875
230.8984375,-86.9140625,-33.203125,-17.578125,-86.9140625
230.90234375,-123.53515625,-18.5546875,-26.85546875,-63.96484375
230.90625,-65.91796875,-16.11328125,-24.4140625,-47.36328125
230.91015625,-65.91796875,-25.87890625,-14.6484375,-62.98828125
230.9140625,-111.328125,-25.87890625,-16.11328125,-93.75
230.91796875,-113.28125,-33.203125,-20.01953125,-87.40234375
230.921875,-95.21484375,-40.52734375,-22.4609375,-64.94140625
230.92578125,-94.7265625,-33.203125,-21.97265625,-55.17578125
230.9296875,-78.125,-24.4140625,-26.3671875,-38.0859375
230.93359375,-54.19921875,-20.5078125,-17.578125,-29.78515625
230.9375,-82.03125,-21.97265625,-6.34765625,-56.640625
230.94140625,-102.05078125,-29.296875,-6.34765625,-47.36328125
230.9453125,-104.98046875,-26.3671875,-16.11328125,-35.64453125
230.94921875,-105.95703125,-19.04296875,-29.78515625,-55.17578125
230.953125,-74.70703125,-22.4609375,-29.78515625,-37.59765625
230.95703125,-71.2890625,-16.6015625,-41.015625,-16.11328125
230.9609375,-118.65234375,-11.23046875,-43.9453125,-46.875
230.96484375,-121.58203125,-15.625,-32.2265625,-74.21875
230.96875,-94.23828125,-15.625,-34.1796875,-69.82421875
230.97265625,-69.82421875,-18.06640625,-32.2265625,-59.5703125
230.9765625,-66.89453125,-27.83203125,-30.2734375,-46.38671875
230.98046875,-58.10546875,-29.296875,-23.4375,-45.8984375
230.984375,-70.80078125,-22.4609375,-19.53125,-67.3828125
230.98828125,-71.2890625,-11.71875,-35.15625,-48.33984375
230.9921875,-65.91796875,-9.27734375,-35.64453125,-28.3203125
230.99609375,-99.609375,-16.6015625,-23.4375,-34.1796875
231.0,-107.91015625,-15.13671875,-26.3671875,-23.4375
231.00390625,-76.171875,-16.11328125,-20.01953125,-13.18359375
231.0078125,-60.05859375,-17.08984375,-4.8828125,-33.203125
231.01171875,-45.8984375,-17.08984375,-0.48828125,-58.59375
231.015625,-57.6171875,-14.6484375,-9.765625,-81.0546875
231.01953125,-77.63671875,-3.41796875,-15.13671875,-80.56640625
231.0234375,-81.0546875,-14.16015625,-19.04296875,-78.125
231.02734375,-51.7578125,-20.99609375,-15.625,-43.9453125
231.03125,-50.78125,-12.6953125,-8.7890625,-20.5078125
231.03515625,-67.87109375,-13.671875,0.0,-40.52734375
231.0390625,-62.01171875,-18.06640625,-5.37109375,-34.66796875
231.04296875,-69.3359375,-16.6015625,-12.6953125,-36.1328125
231.046875,-63.4765625,-15.625,-18.5546875,-41.9921875
231.05078125,-69.82421875,-12.20703125,-23.92578125,-65.91796875
231.0546875,-91.30859375,-10.25390625,-37.59765625,-85.9375
231.05859375,-77.63671875,-20.01953125,-47.8515625,-71.77734375
231.0625,-80.078125,-22.94921875,-39.55078125,-57.6171875
231.06640625,-76.66015625,-13.18359375,-20.5078125,-69.82421875
231.0703125,-78.61328125,-11.71875,-10.25390625,-55.17578125
231.07421875,-76.66015625,-15.13671875,-15.625,-22.4609375
231.078125,-52.24609375,-17.08984375,-23.92578125,-17.08984375
231.08203125,-59.5703125,-21.484375,-30.2734375,-40.0390625
231.0859375,-81.0546875,-32.71484375,-34.66796875,-65.4296875
231.08984375,-84.47265625,-36.62109375,-29.78515625,-80.56640625
231.09375,-67.87109375,-36.1328125,-32.71484375,-68.84765625
231.09765625,-86.9140625,-34.66796875,-34.1796875,-78.125
231.1015625,-122.55859375,-31.73828125,-24.90234375,-78.61328125
231.10546875,-110.83984375,-35.64453125,-24.4140625,-116.2109375
231.109375,-111.81640625,-31.25,-28.80859375,-162.59765625
231.11328125,-143.5546875,-23.92578125,-28.3203125,-152.34375
231.1171875,-156.73828125,-24.90234375,-27.83203125,-163.0859375
231.12109375,-142.578125,-31.73828125,-36.1328125,-171.38671875
231.125,-121.09375,-37.109375,-38.57421875,-162.109375
231.12890625,-124.0234375,-43.45703125,-22.4609375,-145.01953125
231.1328125,-181.640625,-48.33984375,-22.94921875,-159.1796875
231.13671875,-162.59765625,-41.015625,-17.578125,-180.6640625
231.140625,-145.5078125,-31.73828125,-20.5078125,-163.0859375
231.14453125,-175.29296875,-26.3671875,-25.87890625,-166.50390625
231.1484375,-126.953125,-27.83203125,-20.5078125,-147.4609375
231.15234375,-106.4453125,-44.921875,-26.3671875,-137.6953125
231.15625,-137.20703125,-56.15234375,-25.87890625,-150.87890625
231.16015625,-156.25,-35.15625,-25.87890625,-158.203125
231.1640625,-148.92578125,-21.97265625,-32.2265625,-149.4140625
231.16796875,-138.671875,-23.4375,-28.3203125,-123.046875
231.171875,-103.515625,-20.01953125,-15.13671875,-84.47265625
231.17578125,-77.1484375,-27.83203125,-5.37109375,-47.8515625
231.1796875,-98.14453125,-29.296875,0.0,-61.5234375
231.18359375,-91.30859375,-13.18359375,6.34765625,-72.265625
231.1875,-79.58984375,-14.6484375,-0.9765625,-41.50390625
231.19140625,-58.10546875,-8.30078125,-17.578125,-27.83203125
231.1953125,-37.59765625,-2.44140625,-37.59765625,-29.78515625
231.19921875,-24.4140625,-20.01953125,-31.25,-21.97265625
231.203125,5.859375,-16.6015625,-19.04296875,-29.78515625
231.20703125,-10.25390625,-17.08984375,-12.20703125,-53.7109375
231.2109375,-39.0625,-24.4140625,-18.5546875,-34.66796875
231.21484375,-39.55078125,-17.578125,-23.4375,-24.4140625
231.21875,-5.859375,-19.53125,-22.94921875,-23.92578125
231.22265625,10.7421875,-22.4609375,-19.53125,-9.765625
231.2265625,18.5546875,-19.04296875,-9.27734375,-0.48828125
231.23046875,38.57421875,-12.20703125,-10.7421875,23.4375
231.234375,24.90234375,-12.20703125,-8.7890625,33.69140625
231.23828125,32.2265625,-29.296875,-13.671875,15.625
231.2421875,45.8984375,-39.0625,-40.0390625,29.296875
231.24609375,47.36328125,-27.34375,-39.55078125,41.9921875
231.25,42.96875,-9.27734375,-21.97265625,10.7421875
231.25390625,34.1796875,8.7890625,-11.71875,6.8359375
231.2578125,44.921875,7.32421875,-9.27734375,28.3203125
231.26171875,40.0390625,0.48828125,-2.9296875,5.859375
231.265625,17.578125,-1.953125,-12.6953125,28.80859375
231.26953125,23.92578125,-5.859375,-15.13671875,63.4765625
231.2734375,44.921875,-4.8828125,8.7890625,47.36328125
231.27734375,39.0625,-16.6015625,19.04296875,7.32421875
231.28125,46.38671875,-29.296875,18.06640625,-1.46484375
231.28515625,47.8515625,-22.4609375,9.765625,18.06640625
231.2890625,36.62109375,-17.578125,-1.953125,3.41796875
231.29296875,41.015625,-18.5546875,-3.41796875,4.8828125
231.296875,32.2265625,-14.16015625,5.859375,44.921875
231.30078125,45.41015625,-3.90625,-4.8828125,65.4296875
231.3046875,54.6875,-5.859375,-18.06640625,41.015625
231.30859375,20.99609375,-26.85546875,-7.32421875,30.76171875
231.3125,20.5078125,-22.4609375,-1.953125,28.3203125
231.31640625,25.87890625,-10.7421875,-3.41796875,8.30078125
231.3203125,10.25390625,-14.6484375,-3.41796875,-0.9765625
231.32421875,14.16015625,-15.13671875,5.859375,5.859375
231.328125,32.71484375,-13.18359375,9.765625,-8.7890625
231.33203125,43.45703125,-10.7421875,15.625,7.32421875
231.3359375,21.484375,-7.8125,19.53125,19.04296875
231.33984375,20.5078125,-9.765625,-0.48828125,13.671875
231.34375,21.484375,-11.71875,-7.32421875,54.19921875
231.34765625,7.8125,-10.7421875,1.953125,40.0390625
231.3515625,11.71875,-11.71875,0.48828125,-5.37109375
231.35546875,11.23046875,-14.6484375,-11.71875,13.671875
231.359375,10.25390625,-11.23046875,-26.3671875,29.78515625
231.36328125,12.20703125,-1.953125,-29.296875,11.23046875
231.3671875,6.8359375,-6.8359375,-13.671875,-15.13671875
231.37109375,2.44140625,-23.4375,0.48828125,-4.8828125
231.375,4.8828125,-25.87890625,4.8828125,-8.7890625
231.37890625,-2.9296875,-14.6484375,-1.953125,-20.01953125
231.3828125,-14.16015625,-8.7890625,-22.94921875,-9.765625
231.38671875,-8.7890625,-13.18359375,-33.203125,-1.46484375
231.390625,4.8828125,-13.18359375,-20.5078125,20.5078125
231.39453125,28.80859375,-24.90234375,-8.30078125,23.4375
231.3984375,34.1796875,-33.69140625,0.48828125,7.32421875
231.40234375,21.484375,-26.3671875,3.90625,22.4609375
231.40625,39.55078125,-9.27734375,-8.7890625,13.18359375
231.41015625,28.3203125,1.46484375,-29.296875,12.6953125
231.4140625,-11.23046875,-5.37109375,-24.4140625,-4.39453125
231.41796875,-22.4609375,-13.671875,-11.23046875,-34.1796875
231.421875,-19.04296875,-20.99609375,-12.6953125,-19.53125
231.42578125,9.27734375,-27.34375,-7.32421875,17.08984375
231.4296875,29.78515625,-27.34375,1.46484375,25.390625
231.43359375,29.296875,-20.5078125,2.44140625,33.203125
231.4375,18.06640625,-18.06640625,-3.90625,16.11328125
231.44140625,11.71875,-24.4140625,-11.71875,-12.6953125
231.4453125,31.73828125,-4.39453125,-13.18359375,-25.390625
231.44921875,-8.7890625,9.765625,-16.6015625,-43.9453125
231.453125,-52.734375,3.41796875,-24.90234375,-38.57421875
231.45703125,-22.4609375,14.6484375,-34.1796875,-27.34375
231.4609375,-4.8828125,15.13671875,-27.83203125,-53.22265625
231.46484375,15.13671875,5.37109375,-25.87890625,-32.2265625
231.46875,-23.4375,8.7890625,-56.15234375,-31.25
231.47265625,-40.52734375,12.6953125,-56.15234375,-62.5
231.4765625,-19.04296875,-3.41796875,-41.50390625,-59.08203125
231.48046875,-21.97265625,-8.30078125,-22.4609375,0.9765625
231.484375,-36.1328125,2.44140625,-18.5546875,-50.29296875
231.48828125,-28.80859375,-3.41796875,-33.203125,-117.67578125
231.4921875,12.6953125,3.41796875,-33.69140625,-11.23046875
231.49609375,10.7421875,11.23046875,-27.83203125,19.53125
231.5,-10.7421875,-7.8125,-20.5078125,-59.5703125
231.50390625,-19.04296875,-19.04296875,-12.6953125,-62.5
231.5078125,-1.953125,-12.6953125,-15.13671875,-34.1796875
231.51171875,17.578125,2.44140625,-28.3203125,-10.7421875
231.515625,26.85546875,-1.953125,-33.69140625,-23.92578125
231.51953125,33.69140625,-6.8359375,-20.99609375,-21.484375
231.5234375,20.99609375,0.48828125,-5.37109375,-16.11328125
231.52734375,30.76171875,3.90625,-17.08984375,-33.203125
231.53125,39.55078125,3.90625,-20.01953125,-29.78515625
231.53515625,17.08984375,3.90625,-16.11328125,-3.41796875
231.5390625,-4.39453125,8.7890625,-25.87890625,-24.90234375
231.54296875,14.16015625,4.8828125,-24.4140625,-55.17578125
231.546875,34.1796875,-0.9765625,-20.01953125,-44.921875
231.55078125,17.578125,-8.30078125,-14.16015625,-4.39453125
231.5546875,-12.20703125,-7.32421875,-21.484375,17.08984375
231.55859375,5.859375,-8.7890625,-40.0390625,-10.7421875
231.5625,51.7578125,-4.39453125,-35.64453125,-34.1796875
231.56640625,50.78125,-2.44140625,-33.69140625,4.8828125
231.5703125,32.71484375,-13.18359375,-37.109375,34.66796875
231.57421875,29.78515625,-15.625,-30.76171875,-40.0390625
231.578125,23.92578125,-14.6484375,-31.25,-56.640625
231.58203125,15.13671875,-4.39453125,-30.76171875,0.48828125
231.5859375,19.04296875,-5.37109375,-14.16015625,-20.5078125
231.58984375,25.87890625,-9.765625,2.44140625,-34.66796875
231.59375,26.3671875,-4.39453125,0.9765625,-33.203125
231.59765625,20.01953125,0.0,-7.32421875,-16.11328125
231.6015625,25.87890625,-1.953125,-15.625,0.9765625
231.60546875,26.3671875,1.46484375,-30.76171875,-20.99609375
231.609375,33.69140625,-3.90625,-23.4375,-12.6953125
231.61328125,36.62109375,-7.8125,-17.578125,-1.953125
231.6171875,31.73828125,6.34765625,-13.18359375,-11.23046875
231.62109375,46.875,-0.48828125,-0.9765625,-3.90625
231.625,41.9921875,-11.71875,-4.39453125,6.34765625
231.62890625,16.6015625,-13.18359375,2.44140625,10.7421875
231.6328125,18.5546875,-9.27734375,9.27734375,-3.41796875
231.63671875,14.6484375,-4.39453125,1.46484375,-8.7890625
231.640625,18.5546875,-7.32421875,-2.9296875,12.20703125
231.64453125,39.0625,-11.23046875,5.37109375,33.203125
231.6484375,52.734375,-22.4609375,0.48828125,65.4296875
231.65234375,33.203125,-25.390625,-4.8828125,41.50390625
231.65625,29.78515625,-17.08984375,-10.7421875,10.7421875
231.66015625,11.71875,-6.34765625,-28.80859375,20.99609375
231.6640625,1.46484375,-5.859375,-12.6953125,19.53125
231.66796875,10.7421875,-8.7890625,-7.32421875,-8.7890625
231.671875,23.92578125,-20.99609375,-26.3671875,-0.9765625
231.67578125,36.1328125,-23.4375,-13.18359375,35.64453125
231.6796875,13.671875,-12.20703125,-4.8828125,4.39453125
231.68359375,11.71875,-7.8125,2.44140625,-6.34765625
231.6875,77.63671875,0.9765625,1.46484375,56.640625
231.69140625,73.73046875,-10.25390625,3.90625,55.6640625
231.6953125,-0.48828125,-21.484375,13.18359375,-19.53125
231.69921875,0.48828125,-20.5078125,14.16015625,-15.625
231.703125,9.765625,-20.5078125,18.06640625,22.94921875
231.70703125,-7.32421875,-25.390625,10.25390625,41.50390625
231.7109375,14.16015625,-31.25,6.34765625,49.8046875
231.71484375,30.76171875,-34.1796875,7.8125,40.0390625
231.71875,17.578125,-36.62109375,-2.9296875,0.9765625
231.72265625,6.8359375,-41.015625,10.25390625,-2.44140625
231.7265625,12.20703125,-44.921875,24.90234375,24.4140625
231.73046875,14.16015625,-43.9453125,16.11328125,39.0625
231.734375,24.90234375,-46.875,6.34765625,32.2265625
231.73828125,6.34765625,-49.31640625,6.8359375,20.99609375
231.7421875,25.87890625,-44.43359375,3.90625,23.4375
231.74609375,46.38671875,-31.25,-8.30078125,61.03515625
231.75,6.8359375,-25.87890625,-23.92578125,31.25
231.75390625,-24.90234375,-40.52734375,-21.97265625,-32.2265625
231.7578125,-3.41796875,-47.36328125,4.39453125,-12.6953125
231.76171875,9.27734375,-40.0390625,14.6484375,16.11328125
231.765625,6.8359375,-35.64453125,10.25390625,3.90625
231.76953125,7.32421875,-29.78515625,0.48828125,-15.625
231.7734375,22.4609375,-26.3671875,-23.4375,-25.87890625
231.77734375,23.4375,-33.203125,-19.53125,10.25390625
231.78125,10.7421875,-44.43359375,-1.46484375,38.57421875
231.78515625,28.3203125,-36.62109375,6.8359375,29.296875
231.7890625,16.11328125,-33.203125,9.765625,40.0390625
231.79296875,11.23046875,-35.15625,0.9765625,20.99609375
231.796875,44.43359375,-30.76171875,-10.25390625,-9.27734375
231.80078125,37.59765625,-41.50390625,-25.390625,-16.11328125
231.8046875,37.59765625,-38.57421875,-22.4609375,-15.13671875
231.80859375,43.9453125,-33.69140625,-4.39453125,-21.97265625
231.8125,26.85546875,-39.55078125,-0.9765625,-18.5546875
231.81640625,22.4609375,-31.73828125,-7.32421875,-8.30078125
231.8203125,36.1328125,-28.80859375,-4.8828125,-3.41796875
231.82421875,48.828125,-35.15625,6.34765625,-9.27734375
231.828125,48.33984375,-39.0625,5.859375,-9.27734375
231.83203125,53.7109375,-41.9921875,-6.8359375,-3.41796875
231.8359375,66.89453125,-41.015625,-10.25390625,21.484375
231.83984375,47.36328125,-31.25,-7.32421875,-8.7890625
231.84375,42.48046875,-23.92578125,-5.37109375,-20.99609375
231.84765625,67.3828125,-21.97265625,-11.23046875,-5.37109375
231.8515625,72.265625,-28.3203125,-15.13671875,-0.9765625
231.85546875,45.8984375,-33.203125,-11.71875,16.11328125
231.859375,47.8515625,-35.64453125,-3.90625,26.3671875
231.86328125,57.6171875,-35.64453125,-4.8828125,14.16015625
231.8671875,50.78125,-34.1796875,-23.4375,20.5078125
231.87109375,53.7109375,-38.0859375,-35.64453125,83.984375
231.875,73.73046875,-33.203125,-23.92578125,89.35546875
231.87890625,104.00390625,-20.5078125,-19.04296875,57.6171875
231.8828125,119.140625,-19.04296875,-42.96875,60.05859375
231.88671875,120.60546875,-24.90234375,-38.57421875,37.59765625
231.890625,113.28125,-39.55078125,-17.08984375,45.8984375
231.89453125,102.05078125,-32.2265625,-7.32421875,73.73046875
231.8984375,93.75,-17.578125,-8.7890625,70.3125
231.90234375,88.8671875,-24.90234375,-26.3671875,55.17578125
231.90625,99.12109375,-28.80859375,-27.34375,51.7578125
231.91015625,101.07421875,-21.484375,-15.13671875,80.078125
231.9140625,92.7734375,-23.4375,-13.671875,81.54296875
231.91796875,67.3828125,-26.85546875,-16.6015625,51.26953125
231.921875,51.26953125,-25.390625,-26.3671875,47.8515625
231.92578125,69.82421875,-29.78515625,-30.76171875,43.45703125
231.9296875,69.82421875,-36.1328125,-29.78515625,33.203125
231.93359375,60.546875,-36.1328125,-31.73828125,20.5078125
231.9375,52.734375,-38.57421875,-34.1796875,24.4140625
231.94140625,54.6875,-41.50390625,-27.34375,44.921875
231.9453125,42.48046875,-38.0859375,-28.80859375,35.15625
231.94921875,26.3671875,-38.0859375,-33.69140625,42.48046875
231.953125,49.31640625,-27.83203125,-41.015625,73.73046875
231.95703125,56.640625,-25.390625,-40.52734375,65.4296875
231.9609375,31.73828125,-21.484375,-40.0390625,47.36328125
231.96484375,37.109375,-20.01953125,-33.203125,88.37890625
231.96875,17.08984375,-23.92578125,-14.16015625,31.25
231.97265625,-17.08984375,-27.34375,-3.90625,-22.94921875
231.9765625,-6.34765625,-29.78515625,0.0,-3.90625
231.98046875,-10.25390625,-33.69140625,-4.39453125,0.48828125
231.984375,-13.18359375,-37.59765625,-9.27734375,4.8828125
231.98828125,2.44140625,-28.3203125,-14.6484375,22.4609375
231.9921875,-20.01953125,-17.08984375,-23.92578125,0.0
231.99609375,-60.05859375,-25.87890625,-29.296875,-76.171875
232.0,-64.453125,-30.76171875,-28.3203125,-84.47265625
232.00390625,-45.8984375,-25.87890625,-25.390625,-32.71484375
232.0078125,-41.50390625,-24.90234375,-18.5546875,-54.6875
232.01171875,-59.08203125,-22.94921875,-4.39453125,-53.7109375
232.015625,-59.5703125,-11.71875,-16.6015625,-30.76171875
232.01953125,-53.7109375,-8.30078125,-31.73828125,-30.76171875
232.0234375,-58.59375,-24.4140625,-18.5546875,-6.8359375
232.02734375,-40.0390625,-25.87890625,-10.25390625,-21.97265625
232.03125,-35.15625,-23.92578125,-16.6015625,-40.52734375
232.03515625,-32.2265625,-22.4609375,-26.85546875,-29.296875
232.0390625,-17.08984375,-9.27734375,-32.2265625,-10.25390625
232.04296875,-0.48828125,-9.765625,-29.78515625,16.11328125
232.046875,20.99609375,-10.7421875,-36.62109375,62.01171875
232.05078125,20.5078125,-5.37109375,-45.41015625,68.359375
232.0546875,9.27734375,-8.7890625,-41.50390625,70.3125
232.05859375,28.80859375,-15.13671875,-41.015625,91.30859375
232.0625,37.109375,-15.13671875,-59.08203125,84.9609375
232.06640625,33.69140625,-16.11328125,-51.26953125,74.70703125
232.0703125,48.828125,-21.484375,-22.94921875,61.03515625
232.07421875,54.6875,-11.23046875,-5.859375,77.63671875
232.078125,46.875,7.32421875,0.0,88.37890625
232.08203125,65.91796875,2.9296875,-8.30078125,113.28125
232.0859375,93.75,-23.92578125,-18.5546875,186.03515625
232.08984375,56.640625,-21.484375,-12.20703125,167.96875
232.09375,27.34375,1.953125,-7.32421875,133.7890625
232.09765625,50.78125,5.37109375,-2.9296875,151.85546875
232.1015625,67.87109375,2.9296875,-1.46484375,171.38671875
232.10546875,54.19921875,-4.39453125,-6.8359375,170.8984375
232.109375,34.1796875,-10.25390625,-14.6484375,125.9765625
232.11328125,49.31640625,-7.8125,-20.99609375,116.69921875
232.1171875,58.59375,-8.7890625,-13.18359375,149.90234375
232.12109375,54.19921875,-14.16015625,-0.48828125,170.8984375
232.125,75.1953125,-12.6953125,-2.44140625,166.50390625
232.12890625,92.7734375,-8.30078125,-7.8125,150.87890625
232.1328125,67.3828125,-11.23046875,-20.5078125,138.671875
232.13671875,52.734375,-21.97265625,-6.8359375,161.62109375
232.140625,42.96875,-31.25,3.41796875,148.4375
232.14453125,44.43359375,-24.4140625,-11.23046875,123.046875
232.1484375,61.03515625,-20.99609375,-14.16015625,127.9296875
232.15234375,56.640625,-22.94921875,-10.7421875,169.43359375
232.15625,65.4296875,-23.92578125,-23.92578125,181.640625
232.16015625,72.75390625,-27.34375,-57.6171875,136.71875
232.1640625,56.15234375,-28.3203125,-55.17578125,126.46484375
232.16796875,47.8515625,-21.484375,-26.3671875,127.9296875
232.171875,41.015625,-17.08984375,-21.484375,141.11328125
232.17578125,43.45703125,-14.6484375,-13.671875,149.90234375
232.1796875,50.78125,-15.625,-8.7890625,142.08984375
232.18359375,40.52734375,-24.4140625,-23.4375,120.1171875
232.1875,57.12890625,-27.34375,-33.203125,124.0234375
232.19140625,58.10546875,-28.3203125,-34.66796875,145.01953125
232.1953125,32.2265625,-27.34375,-37.109375,126.953125
232.19921875,46.38671875,-30.76171875,-34.1796875,132.32421875
232.203125,62.5,-37.59765625,-38.57421875,123.53515625
232.20703125,58.10546875,-31.73828125,-48.828125,114.74609375
232.2109375,49.8046875,-38.0859375,-48.828125,131.34765625
232.21484375,41.50390625,-41.50390625,-41.015625,131.34765625
232.21875,34.1796875,-36.62109375,-44.921875,132.32421875
232.22265625,36.62109375,-17.08984375,-61.03515625,152.34375
232.2265625,40.52734375,-10.7421875,-50.29296875,146.484375
232.23046875,30.2734375,-22.4609375,-25.390625,101.07421875
232.234375,3.90625,-22.94921875,-18.5546875,87.40234375
232.23828125,-20.5078125,-24.4140625,-18.06640625,83.49609375
232.2421875,-1.953125,-28.80859375,-21.97265625,83.0078125
232.24609375,21.97265625,-31.73828125,-21.484375,89.35546875
232.25,5.859375,-27.83203125,-25.390625,103.02734375
232.25390625,-0.9765625,-24.4140625,-34.66796875,144.04296875
232.2578125,40.0390625,-22.4609375,-36.62109375,101.5625
232.26171875,19.53125,-20.99609375,-35.64453125,33.203125
232.265625,-41.50390625,-21.97265625,-33.69140625,6.34765625
232.26953125,-14.6484375,-24.90234375,-23.4375,9.765625
232.2734375,0.0,-27.83203125,-28.80859375,22.4609375
232.27734375,-8.7890625,-27.34375,-23.92578125,38.0859375
232.28125,-2.9296875,-24.4140625,-3.90625,27.83203125
232.28515625,-14.16015625,-22.94921875,-2.9296875,10.25390625
232.2890625,-7.8125,-23.92578125,-1.953125,-6.8359375
232.29296875,-7.32421875,-33.203125,-10.7421875,-27.34375
232.296875,6.8359375,-36.1328125,-20.99609375,-35.64453125
232.30078125,12.20703125,-31.73828125,-25.390625,-77.1484375
232.3046875,-18.5546875,-26.85546875,-25.390625,-112.79296875
232.30859375,14.16015625,-21.484375,-15.625,-129.8828125
232.3125,26.85546875,-26.3671875,-20.5078125,-145.99609375
232.31640625,-3.90625,-30.76171875,-22.94921875,-157.71484375
232.3203125,18.5546875,-33.203125,-22.4609375,-160.15625
232.32421875,39.0625,-38.0859375,-31.25,-149.90234375
232.328125,15.625,-33.203125,-30.2734375,-161.1328125
232.33203125,-7.8125,-29.78515625,-14.6484375,-156.25
232.3359375,-9.765625,-27.83203125,-9.27734375,-147.4609375
232.33984375,2.44140625,-25.87890625,-15.13671875,-160.15625
232.34375,-7.8125,-22.94921875,-16.11328125,-163.57421875
232.34765625,2.44140625,-10.25390625,-25.87890625,-138.18359375
232.3515625,-8.30078125,-11.71875,-30.2734375,-103.02734375
232.35546875,-3.90625,-29.78515625,-15.13671875,-106.93359375
232.359375,24.4140625,-35.64453125,-11.71875,-124.51171875
232.36328125,0.9765625,-27.34375,-13.18359375,-116.2109375
232.3671875,6.34765625,-22.4609375,-7.8125,-111.328125
232.37109375,23.4375,-14.16015625,-11.23046875,-111.328125
232.375,9.27734375,-9.27734375,-32.71484375,-123.53515625
232.37890625,-8.30078125,-17.578125,-38.57421875,-116.69921875
232.3828125,-5.859375,-23.92578125,-21.484375,-119.140625
232.38671875,11.23046875,-21.97265625,-13.18359375,-126.953125
232.390625,17.578125,-25.390625,-6.8359375,-125.0
232.39453125,15.13671875,-21.97265625,-0.48828125,-101.07421875
232.3984375,31.25,-4.8828125,-22.4609375,-87.40234375
232.40234375,26.3671875,-11.23046875,-23.92578125,-109.86328125
232.40625,8.30078125,-22.4609375,-10.7421875,-108.3984375
232.41015625,-1.46484375,-23.92578125,-9.765625,-113.76953125
232.4140625,-8.30078125,-28.80859375,-25.390625,-113.28125
232.41796875,-8.30078125,-26.85546875,-15.625,-106.93359375
232.421875,8.7890625,-17.578125,-1.46484375,-86.9140625
232.42578125,11.71875,-11.71875,-10.7421875,-86.42578125
232.4296875,26.3671875,-9.27734375,-3.41796875,-73.2421875
232.43359375,50.78125,-11.23046875,-8.7890625,-62.5
232.4375,46.38671875,-3.90625,-8.7890625,-67.87109375
232.44140625,29.296875,-1.46484375,5.859375,-60.05859375
232.4453125,35.15625,-5.37109375,-4.39453125,-54.6875
232.44921875,36.62109375,3.90625,-19.53125,-62.98828125
232.453125,22.4609375,3.41796875,0.48828125,-78.61328125
232.45703125,11.23046875,-5.859375,23.4375,-75.68359375
232.4609375,20.01953125,-12.6953125,26.3671875,-83.49609375
232.46484375,39.55078125,-12.6953125,15.625,-45.8984375
232.46875,21.97265625,-4.8828125,-4.39453125,-33.69140625
232.47265625,6.8359375,-10.25390625,-1.953125,-58.10546875
232.4765625,11.71875,-17.578125,9.765625,-31.73828125
232.48046875,5.37109375,-17.578125,5.37109375,-15.625
232.484375,1.46484375,-12.6953125,-10.7421875,-59.08203125
232.48828125,9.765625,-4.39453125,-15.625,-70.80078125
232.4921875,-9.27734375,5.859375,-7.32421875,-67.87109375
232.49609375,-10.25390625,0.0,-12.6953125,-70.80078125
232.5,4.8828125,-7.32421875,-29.296875,-42.96875
232.50390625,-34.1796875,-10.25390625,-27.34375,-80.56640625
232.5078125,-68.359375,-17.08984375,-18.06640625,-125.0
232.51171875,-56.15234375,-14.16015625,-27.83203125,-56.15234375
232.515625,-64.453125,-16.6015625,-52.734375,-96.19140625
232.51953125,-63.4765625,-25.87890625,-42.48046875,-133.30078125
232.5234375,-36.62109375,-23.4375,-12.6953125,-88.8671875
232.52734375,-33.69140625,-15.13671875,-18.5546875,-84.9609375
232.53125,-39.55078125,-15.13671875,-29.78515625,-69.3359375
232.53515625,-40.52734375,-11.23046875,-14.16015625,-50.78125
232.5390625,-43.45703125,-4.39453125,-9.27734375,-45.41015625
232.54296875,-21.97265625,-12.6953125,-10.7421875,-26.85546875
232.546875,-21.484375,-9.27734375,-19.04296875,-54.19921875
232.55078125,-39.0625,-8.30078125,-27.34375,-81.0546875
232.5546875,-52.734375,-21.484375,-0.9765625,-56.640625
232.55859375,-53.7109375,-24.4140625,12.6953125,-61.03515625
232.5625,-14.6484375,-15.13671875,-1.953125,-51.7578125
232.56640625,-11.23046875,-13.671875,-2.9296875,-61.5234375
232.5703125,-20.99609375,-20.99609375,-0.9765625,-108.3984375
232.57421875,-14.16015625,-16.11328125,-15.13671875,-25.390625
232.578125,-20.5078125,-11.71875,-30.76171875,16.11328125
232.58203125,-24.4140625,-15.625,-24.90234375,-83.984375
232.5859375,-4.8828125,-18.5546875,-10.25390625,-88.37890625
232.58984375,1.953125,-26.85546875,-19.04296875,-34.66796875
232.59375,-17.08984375,-30.2734375,-27.34375,6.8359375
232.59765625,-16.11328125,-19.04296875,-15.625,-12.6953125
232.6015625,0.9765625,-23.92578125,-19.53125,-67.3828125
232.60546875,16.11328125,-20.01953125,-22.4609375,-52.24609375
232.609375,-3.90625,-13.18359375,-14.6484375,-41.50390625
232.61328125,10.25390625,-18.06640625,-13.18359375,-19.53125
232.6171875,20.01953125,-13.18359375,-20.5078125,41.9921875
232.62109375,43.45703125,-7.32421875,-37.59765625,28.3203125
232.625,60.546875,-10.7421875,-28.3203125,-3.90625
232.62890625,24.90234375,-26.3671875,-14.6484375,-44.43359375
232.6328125,26.85546875,-21.97265625,-27.34375,-43.45703125
232.63671875,37.59765625,-15.13671875,-16.11328125,-0.9765625
232.640625,33.69140625,-14.16015625,-0.9765625,-8.30078125
232.64453125,31.25,-9.765625,-7.8125,-19.53125
232.6484375,19.04296875,-12.20703125,-15.625,-1.46484375
232.65234375,17.08984375,-15.625,-15.13671875,14.16015625
232.65625,44.921875,-16.11328125,-35.15625,1.46484375
232.66015625,75.1953125,-22.94921875,-32.71484375,17.08984375
232.6640625,61.5234375,-26.3671875,0.0,28.80859375
232.66796875,12.20703125,-12.20703125,2.44140625,4.8828125
232.671875,3.41796875,-14.6484375,-1.46484375,-7.32421875
232.67578125,7.8125,-20.01953125,-18.06640625,10.7421875
232.6796875,15.625,-16.6015625,-44.43359375,15.13671875
232.68359375,20.5078125,-20.99609375,-27.34375,-34.66796875
232.6875,14.16015625,-24.90234375,4.39453125,-38.57421875
232.69140625,-1.46484375,-24.90234375,23.92578125,-21.97265625
232.6953125,-21.484375,-32.71484375,7.8125,-34.66796875
232.69921875,-6.34765625,-35.15625,-5.859375,-32.71484375
232.703125,25.87890625,-16.11328125,1.46484375,-0.48828125
232.70703125,23.92578125,-1.953125,-5.859375,-5.859375
232.7109375,14.6484375,-14.6484375,-18.06640625,-20.99609375
232.71484375,12.6953125,-24.90234375,-18.06640625,-5.37109375
232.71875,20.5078125,-20.99609375,-8.7890625,3.90625
232.72265625,19.53125,-12.20703125,2.44140625,-3.90625
232.7265625,-10.7421875,-12.20703125,11.71875,4.8828125
232.73046875,0.9765625,-11.23046875,4.39453125,-14.16015625
232.734375,3.41796875,-18.5546875,-7.8125,-53.22265625
232.73828125,-1.46484375,-27.83203125,-3.41796875,-46.38671875
232.7421875,-2.9296875,-32.71484375,4.8828125,-14.16015625
232.74609375,-8.30078125,-37.109375,0.48828125,-28.80859375
232.75,-32.2265625,-41.9921875,-5.859375,-50.78125
232.75390625,-62.98828125,-55.17578125,-3.90625,-43.9453125
232.7578125,-43.45703125,-55.6640625,-10.25390625,-33.69140625
232.76171875,-30.2734375,-40.52734375,-6.34765625,-41.015625
232.765625,-51.26953125,-37.109375,6.8359375,-55.17578125
232.76953125,-52.734375,-38.0859375,12.6953125,-39.0625
232.7734375,-39.55078125,-30.76171875,20.01953125,-34.66796875
232.77734375,-23.4375,-23.4375,4.39453125,-30.2734375
232.78125,-3.41796875,-31.25,-8.30078125,2.44140625
232.78515625,0.48828125,-32.2265625,-1.46484375,37.109375
232.7890625,-20.01953125,-29.78515625,-4.8828125,-6.34765625
232.79296875,-9.765625,-20.01953125,-20.01953125,-28.80859375
232.796875,-15.625,-9.27734375,-28.80859375,12.6953125
232.80078125,-46.38671875,-23.4375,-17.578125,-5.859375
232.8046875,-48.33984375,-35.64453125,-9.765625,-49.8046875
232.80859375,-51.7578125,-32.2265625,-13.671875,-63.96484375
232.8125,-58.59375,-28.80859375,-17.578125,-28.80859375
232.81640625,-41.9921875,-33.203125,-20.01953125,-14.6484375
232.8203125,-39.55078125,-41.50390625,-31.73828125,-41.50390625
232.82421875,-59.5703125,-41.9921875,-44.921875,-53.22265625
232.828125,-65.4296875,-38.0859375,-38.0859375,-50.78125
232.83203125,-73.2421875,-33.203125,-32.71484375,-72.265625
232.8359375,-77.1484375,-31.25,-21.484375,-66.40625
232.83984375,-58.10546875,-30.76171875,-21.97265625,-69.82421875
232.84375,-58.59375,-28.3203125,-38.0859375,-69.82421875
232.84765625,-73.2421875,-34.1796875,-20.99609375,-52.24609375
232.8515625,-82.51953125,-28.3203125,-7.8125,-42.48046875
232.85546875,-86.42578125,-23.92578125,-16.6015625,-56.640625
232.859375,-83.0078125,-32.71484375,-15.13671875,-78.61328125
232.86328125,-100.5859375,-28.80859375,-3.41796875,-66.40625
232.8671875,-100.09765625,-22.4609375,-4.39453125,-30.2734375
232.87109375,-83.49609375,-16.6015625,-7.8125,-48.828125
232.875,-72.75390625,-17.578125,-9.765625,-68.84765625
232.87890625,-83.49609375,-24.90234375,-9.765625,-60.05859375
232.8828125,-62.5,-26.3671875,-15.13671875,-52.734375
232.88671875,-52.24609375,-35.64453125,-29.296875,-49.8046875
232.890625,-82.03125,-39.55078125,-25.87890625,-32.2265625
232.89453125,-71.77734375,-30.2734375,-27.34375,-32.71484375
232.8984375,-79.58984375,-23.92578125,-46.38671875,-74.21875
232.90234375,-102.5390625,-21.97265625,-32.71484375,-59.5703125
232.90625,-94.7265625,-29.78515625,-19.04296875,-30.2734375
232.91015625,-81.54296875,-35.15625,-19.04296875,-47.36328125
232.9140625,-83.0078125,-41.015625,-26.85546875,-73.73046875
232.91796875,-83.984375,-36.1328125,-42.96875,-46.875
232.921875,-94.23828125,-31.73828125,-26.3671875,-11.23046875
232.92578125,-85.9375,-38.0859375,-6.8359375,-7.8125
232.9296875,-70.3125,-34.1796875,-8.30078125,-68.359375
232.93359375,-65.4296875,-15.625,-22.94921875,-49.31640625
232.9375,-60.546875,-7.32421875,-38.0859375,-22.4609375
232.94140625,-55.6640625,-18.5546875,-29.78515625,-41.50390625
232.9453125,-59.08203125,-25.87890625,-20.5078125,0.0
232.94921875,-59.08203125,-22.94921875,-28.3203125,-29.78515625
232.953125,-57.12890625,-28.3203125,-37.109375,-69.82421875
232.95703125,-66.89453125,-30.2734375,-29.296875,-54.6875
232.9609375,-66.89453125,-21.484375,-23.4375,-39.55078125
232.96484375,-57.6171875,-24.90234375,-25.87890625,-16.6015625
232.96875,-54.19921875,-28.80859375,-32.71484375,-32.71484375
232.97265625,-52.24609375,-27.34375,-43.9453125,-13.18359375
232.9765625,-33.203125,-20.99609375,-37.59765625,13.671875
232.98046875,-32.2265625,-16.11328125,-14.6484375,-25.87890625
232.984375,-34.66796875,-11.23046875,4.39453125,-28.3203125
232.98828125,-32.2265625,-8.7890625,8.30078125,-20.99609375
232.9921875,-31.73828125,-16.6015625,-4.8828125,-31.73828125
232.99609375,-23.92578125,-20.99609375,-11.23046875,-5.859375
233.0,-26.85546875,-21.484375,-5.859375,3.41796875
233.00390625,-29.296875,-34.1796875,-14.16015625,-12.20703125
233.0078125,-42.96875,-39.55078125,-27.34375,-25.390625
233.01171875,-53.22265625,-29.296875,-20.99609375,-33.203125
233.015625,-50.29296875,-27.34375,-15.13671875,-8.30078125
233.01953125,-70.3125,-27.83203125,-18.06640625,3.41796875
233.0234375,-63.96484375,-25.390625,-16.6015625,-1.46484375
233.02734375,-60.05859375,-26.85546875,-20.01953125,-14.16015625
233.03125,-54.6875,-31.25,-28.80859375,-13.671875
233.03515625,-39.0625,-25.87890625,-21.484375,8.30078125
233.0390625,-27.34375,-16.11328125,-20.99609375,-13.18359375
233.04296875,-20.99609375,-15.13671875,-30.76171875,21.484375
233.046875,-28.80859375,-28.80859375,-21.97265625,27.34375
233.05078125,-41.50390625,-37.109375,-10.25390625,-25.87890625
233.0546875,-53.7109375,-35.15625,-2.44140625,-14.6484375
233.05859375,-46.38671875,-29.296875,-2.9296875,-12.6953125
233.0625,-48.828125,-24.90234375,-8.7890625,-33.203125
233.06640625,-56.15234375,-25.390625,-8.7890625,-31.73828125
233.0703125,-44.43359375,-31.25,-24.90234375,-14.6484375
233.07421875,-45.41015625,-33.69140625,-31.25,-1.953125
233.078125,-53.7109375,-16.11328125,-16.6015625,19.04296875
233.08203125,-76.171875,-18.06640625,-16.6015625,-0.48828125
233.0859375,-80.56640625,-26.3671875,-28.80859375,-27.83203125
233.08984375,-68.84765625,-18.06640625,-24.4140625,-20.01953125
233.09375,-73.73046875,-18.5546875,-29.78515625,-22.94921875
233.09765625,-48.33984375,-19.04296875,-39.55078125,1.46484375
233.1015625,-23.92578125,-13.18359375,-15.13671875,33.203125
233.10546875,-47.36328125,-16.6015625,3.90625,19.53125
233.109375,-71.77734375,-20.5078125,-0.48828125,-20.99609375
233.11328125,-67.3828125,-19.53125,-10.7421875,-29.296875
233.1171875,-59.08203125,-21.484375,-20.01953125,-41.50390625
233.12109375,-40.0390625,-17.08984375,-27.83203125,-42.96875
233.125,-23.92578125,-18.06640625,-27.83203125,-3.41796875
233.12890625,-40.0390625,-21.97265625,-24.90234375,-17.578125
233.1328125,-66.89453125,-24.90234375,-25.390625,-33.203125
233.13671875,-65.4296875,-23.4375,-22.94921875,-28.80859375
233.140625,-58.59375,-22.4609375,-25.390625,-40.52734375
233.14453125,-51.26953125,-22.94921875,-31.25,-31.25
233.1484375,-49.31640625,-27.34375,-35.15625,-21.97265625
233.15234375,-46.38671875,-31.73828125,-30.76171875,-11.71875
233.15625,-38.57421875,-26.3671875,-30.2734375,-22.94921875
233.16015625,-31.25,-26.85546875,-24.90234375,-49.8046875
233.1640625,-17.578125,-26.85546875,-16.11328125,-40.0390625
233.16796875,-26.85546875,-24.90234375,-13.18359375,-25.87890625
233.171875,-40.0390625,-29.296875,-12.6953125,-38.0859375
233.17578125,-24.90234375,-26.3671875,-11.23046875,-21.484375
233.1796875,-23.4375,-17.08984375,-13.671875,1.953125
233.18359375,-24.90234375,-11.71875,-14.6484375,8.30078125
233.1875,-19.53125,-3.90625,-21.97265625,-2.44140625
233.19140625,-34.1796875,-6.8359375,-24.4140625,-24.90234375
233.1953125,-45.41015625,-14.16015625,-10.25390625,-30.76171875
233.19921875,-48.828125,-15.13671875,0.9765625,-24.90234375
233.203125,-43.45703125,-23.92578125,0.0,-31.25
233.20703125,-48.828125,-29.78515625,-19.04296875,-7.8125
233.2109375,-62.5,-20.99609375,-27.83203125,0.0
233.21484375,-66.89453125,-21.484375,-12.6953125,-19.53125
233.21875,-62.5,-23.92578125,-8.7890625,-39.0625
233.22265625,-47.8515625,-14.6484375,-5.859375,-17.578125
233.2265625,-45.8984375,-16.11328125,3.41796875,-7.32421875
233.23046875,-38.0859375,-16.11328125,-8.7890625,-27.34375
233.234375,-43.9453125,-10.25390625,-19.04296875,-13.18359375
233.23828125,-27.34375,-1.46484375,-22.4609375,-5.37109375
233.2421875,-36.62109375,-8.30078125,-19.04296875,-7.8125
233.24609375,-69.3359375,-21.484375,3.90625,-20.5078125
233.25,-78.61328125,-21.97265625,12.6953125,-24.4140625
233.25390625,-77.63671875,-11.71875,10.7421875,4.39453125
233.2578125,-60.546875,-8.30078125,-3.41796875,-20.01953125
233.26171875,-62.01171875,-20.99609375,-15.625,-14.6484375
233.265625,-68.359375,-29.78515625,-10.7421875,-11.23046875
233.26953125,-62.01171875,-24.90234375,-5.859375,-37.109375
233.2734375,-54.19921875,-11.71875,-3.90625,-28.80859375
233.27734375,-67.3828125,-7.32421875,-5.859375,-30.2734375
233.28125,-85.9375,-7.32421875,-10.25390625,-44.921875
233.28515625,-70.80078125,-9.27734375,-15.625,-21.97265625
233.2890625,-58.59375,-22.4609375,-4.8828125,0.0
233.29296875,-49.8046875,-20.99609375,1.46484375,-21.97265625
233.296875,-49.8046875,-18.06640625,-6.34765625,-30.76171875
233.30078125,-61.5234375,-12.20703125,-17.578125,-4.8828125
233.3046875,-61.5234375,-5.37109375,-16.11328125,4.8828125
233.30859375,-86.9140625,-10.7421875,-6.34765625,-15.13671875
233.3125,-76.171875,-20.5078125,2.9296875,-32.71484375
233.31640625,-58.59375,-20.5078125,4.8828125,-37.59765625
233.3203125,-67.87109375,-11.71875,-4.8828125,-1.953125
233.32421875,-62.5,-11.23046875,-20.5078125,-14.6484375
233.328125,-101.07421875,-10.25390625,-19.53125,-19.53125
233.33203125,-92.7734375,-15.13671875,-4.8828125,-2.44140625
233.3359375,-63.96484375,-25.87890625,1.46484375,-20.99609375
233.33984375,-90.33203125,-33.203125,-7.8125,-45.8984375
233.34375,-80.078125,-31.73828125,-17.578125,-36.62109375
233.34765625,-101.07421875,-30.76171875,-16.11328125,-17.578125
233.3515625,-148.4375,-25.390625,-22.4609375,-18.06640625
233.35546875,-125.0,-19.04296875,-26.85546875,-8.7890625
233.359375,-107.91015625,-19.04296875,-1.46484375,-27.34375
233.36328125,-100.09765625,-16.11328125,16.11328125,-12.20703125
233.3671875,-90.8203125,-22.94921875,4.8828125,9.27734375
233.37109375,-96.19140625,-31.73828125,-3.90625,-2.9296875
233.375,-91.30859375,-29.296875,-16.11328125,-0.48828125
233.37890625,-81.0546875,-29.296875,-23.4375,2.9296875
233.3828125,-101.5625,-39.0625,-12.20703125,-55.6640625
233.38671875,-124.51171875,-36.1328125,-15.625,-78.125
233.390625,-173.33984375,-23.92578125,-36.62109375,-57.12890625
233.39453125,-210.44921875,-25.390625,-37.59765625,-52.734375
233.3984375,-190.91796875,-36.1328125,-11.23046875,-21.484375
233.40234375,-183.59375,-37.109375,1.46484375,-9.765625
233.40625,-191.40625,-30.76171875,0.9765625,-26.85546875
233.41015625,-173.33984375,-16.11328125,-1.953125,-27.83203125
233.4140625,-149.90234375,-3.90625,-19.53125,-30.2734375
233.41796875,-156.25,-13.671875,-16.6015625,-62.01171875
233.421875,-172.8515625,-20.5078125,-2.9296875,-54.6875
233.42578125,-168.9453125,-16.11328125,5.37109375,-25.390625
233.4296875,-166.50390625,-20.99609375,1.953125,-34.1796875
233.43359375,-141.6015625,-26.85546875,-21.97265625,-7.32421875
233.4375,-113.76953125,-24.4140625,-24.90234375,15.13671875
233.44140625,-89.35546875,-13.671875,-9.27734375,-16.11328125
233.4453125,-54.6875,-10.25390625,1.953125,-26.3671875
233.44921875,-49.31640625,-12.20703125,2.44140625,-27.34375
233.453125,-77.1484375,-11.23046875,2.44140625,-47.36328125
233.45703125,-108.88671875,-19.53125,-3.41796875,-65.91796875
233.4609375,-108.88671875,-27.83203125,-11.71875,-65.4296875
233.46484375,-89.84375,-28.3203125,-7.8125,-38.0859375
233.46875,-87.40234375,-27.83203125,-4.39453125,-25.390625
233.47265625,-87.890625,-28.80859375,-1.953125,-50.78125
233.4765625,-91.30859375,-34.66796875,11.71875,-50.78125
233.48046875,-88.8671875,-35.15625,12.6953125,-26.85546875
233.484375,-62.01171875,-26.3671875,4.39453125,-14.6484375
233.48828125,-60.546875,-22.4609375,3.90625,-14.6484375
233.4921875,-64.94140625,-28.80859375,-14.6484375,-20.01953125
233.49609375,-59.08203125,-35.15625,-28.80859375,-14.6484375
233.5,-64.94140625,-32.2265625,-13.18359375,3.90625
233.50390625,-46.38671875,-27.83203125,-3.41796875,-13.671875
233.5078125,-41.50390625,-25.390625,-1.953125,-41.015625
233.51171875,-58.10546875,-23.92578125,-2.44140625,-20.5078125
233.515625,-45.41015625,-30.76171875,-11.23046875,6.34765625
233.51953125,-43.9453125,-30.76171875,-20.5078125,-11.23046875
233.5234375,-58.10546875,-23.92578125,-18.06640625,-19.53125
233.52734375,-46.875,-32.71484375,4.8828125,23.4375
233.53125,-33.203125,-25.390625,12.20703125,-3.41796875
233.53515625,-50.78125,-11.23046875,4.8828125,-20.5078125
233.5390625,-63.96484375,-20.5078125,3.41796875,-18.06640625
233.54296875,-54.6875,-20.5078125,-5.37109375,-30.2734375
233.546875,-20.01953125,-14.16015625,-23.92578125,-15.13671875
233.55078125,-8.7890625,-8.30078125,-18.5546875,-10.7421875
233.5546875,-35.64453125,-6.8359375,0.0,-23.92578125
233.55859375,-45.8984375,-14.6484375,-5.37109375,-22.4609375
233.5625,-33.203125,-13.671875,-25.87890625,-4.39453125
233.56640625,-50.29296875,-23.4375,-25.87890625,-13.18359375
233.5703125,-69.3359375,-36.62109375,-20.01953125,-34.66796875
233.57421875,-59.08203125,-35.64453125,-27.83203125,-39.55078125
233.578125,-58.59375,-22.94921875,-35.15625,-43.45703125
233.58203125,-57.12890625,-17.08984375,-34.1796875,-48.33984375
233.5859375,-56.15234375,-16.6015625,-28.3203125,-47.36328125
233.58984375,-58.59375,-13.18359375,-22.94921875,-40.52734375
233.59375,-60.546875,-17.08984375,-15.13671875,-25.390625
233.59765625,-58.59375,-19.53125,-16.11328125,-22.4609375
233.6015625,-39.0625,-16.11328125,-11.71875,-7.8125
233.60546875,-11.23046875,-23.4375,-19.53125,-23.92578125
233.609375,-32.2265625,-32.71484375,-37.59765625,-36.1328125
233.61328125,-54.19921875,-24.4140625,-23.4375,0.0
233.6171875,-54.6875,-2.9296875,-10.25390625,3.41796875
233.62109375,-64.453125,1.953125,-19.53125,-29.296875
233.625,-73.73046875,-5.859375,-14.16015625,-37.109375
233.62890625,-73.73046875,-2.9296875,-10.25390625,-4.39453125
233.6328125,-46.38671875,-5.859375,-15.13671875,3.41796875
233.63671875,-55.17578125,-19.53125,-8.30078125,-6.8359375
233.640625,-66.89453125,-20.5078125,-5.859375,-7.8125
233.64453125,-66.40625,-21.97265625,-18.5546875,-33.69140625
233.6484375,-63.4765625,-25.87890625,-30.2734375,-38.0859375
233.65234375,-43.45703125,-18.06640625,-26.85546875,-6.8359375
233.65625,-32.2265625,-14.6484375,-22.4609375,9.765625
233.66015625,-48.828125,-20.99609375,-35.15625,-16.6015625
233.6640625,-32.71484375,-20.5078125,-45.41015625,-18.06640625
233.66796875,-39.55078125,-11.71875,-41.9921875,0.9765625
233.671875,-88.8671875,-12.20703125,-31.73828125,-22.94921875
233.67578125,-72.265625,-10.25390625,-38.57421875,-24.4140625
233.6796875,-36.1328125,-12.6953125,-51.7578125,-10.7421875
233.68359375,-49.31640625,-30.2734375,-35.64453125,-27.34375
233.6875,-67.3828125,-46.38671875,-28.80859375,-47.8515625
233.69140625,-72.75390625,-29.78515625,-35.64453125,-59.5703125
233.6953125,-66.89453125,-13.18359375,-34.66796875,-41.015625
233.69921875,-36.62109375,-23.4375,-29.78515625,-24.4140625
233.703125,-18.06640625,-14.16015625,-19.53125,-4.8828125
233.70703125,-50.29296875,-6.34765625,-30.2734375,-9.765625
233.7109375,-50.29296875,-13.18359375,-43.9453125,-33.203125
233.71484375,-33.203125,-17.578125,-55.6640625,-56.15234375
233.71875,-47.8515625,-16.11328125,-64.94140625,-73.73046875
233.72265625,-54.6875,-9.765625,-54.19921875,-58.10546875
233.7265625,-55.6640625,-8.30078125,-42.96875,-62.5
233.73046875,-69.3359375,-12.6953125,-48.828125,-61.03515625
233.734375,-80.56640625,-10.7421875,-63.4765625,-50.29296875
233.73828125,-62.01171875,-5.859375,-67.87109375,-60.05859375
233.7421875,-51.26953125,-16.6015625,-64.453125,-86.9140625
233.74609375,-46.38671875,-20.5078125,-63.96484375,-76.66015625
233.75,-24.4140625,-22.4609375,-62.01171875,-40.0390625
233.75390625,-31.73828125,-28.80859375,-66.40625,-38.57421875
233.7578125,-54.6875,-26.3671875,-58.59375,-45.41015625
233.76171875,-52.24609375,-25.87890625,-57.6171875,-31.25
233.765625,-50.29296875,-24.90234375,-81.0546875,-44.43359375
233.76953125,-52.734375,-18.06640625,-77.63671875,-16.11328125
233.7734375,-51.7578125,-29.296875,-46.38671875,0.9765625
233.77734375,-39.0625,-28.3203125,-38.57421875,-50.29296875
233.78125,-10.25390625,-6.8359375,-61.03515625,-28.80859375
233.78515625,-30.76171875,-11.23046875,-53.7109375,-27.34375
233.7890625,-62.01171875,-17.08984375,-27.83203125,-45.41015625
233.79296875,-50.29296875,-16.11328125,-24.90234375,-38.0859375
233.796875,-44.921875,-20.01953125,-30.76171875,-27.83203125
233.80078125,-43.45703125,-19.04296875,-32.2265625,0.0
233.8046875,-38.57421875,-19.53125,-34.1796875,-24.90234375
233.80859375,-50.29296875,-25.87890625,-32.2265625,-60.05859375
233.8125,-50.78125,-26.3671875,-20.01953125,-16.6015625
233.81640625,-39.0625,-25.87890625,-23.4375,-31.25
233.8203125,-51.26953125,-33.69140625,-28.3203125,-60.546875
233.82421875,-51.7578125,-41.015625,-38.57421875,-28.3203125
233.828125,-49.8046875,-35.15625,-42.48046875,-5.37109375
233.83203125,-52.734375,-26.3671875,-25.87890625,11.23046875
233.8359375,-50.78125,-29.78515625,-20.5078125,-27.34375
233.83984375,-60.05859375,-40.52734375,-22.94921875,-60.05859375
233.84375,-50.78125,-31.25,-35.15625,-38.57421875
233.84765625,-63.4765625,-25.87890625,-60.546875,-61.03515625
233.8515625,-75.68359375,-28.3203125,-46.38671875,-63.96484375
233.85546875,-57.12890625,-31.73828125,-21.484375,-42.48046875
233.859375,-16.11328125,-32.2265625,-16.11328125,-20.5078125
233.86328125,6.34765625,-15.13671875,-12.6953125,-7.8125
233.8671875,-60.546875,-14.6484375,-20.99609375,-23.4375
233.87109375,-76.171875,-17.08984375,-42.48046875,-38.57421875
233.875,-61.03515625,-14.6484375,-51.26953125,-24.4140625
233.87890625,-79.1015625,-7.32421875,-29.78515625,-30.2734375
233.8828125,-65.91796875,-5.859375,-18.5546875,-53.7109375
233.88671875,-61.03515625,-13.18359375,-14.16015625,-25.390625
233.890625,-54.19921875,-15.13671875,-6.34765625,-6.8359375
233.89453125,-67.3828125,-21.484375,-15.625,-22.94921875
233.8984375,-69.3359375,-22.4609375,-32.2265625,-9.765625
233.90234375,-44.43359375,-18.06640625,-35.15625,-41.50390625
233.90625,-52.734375,-20.99609375,-34.66796875,-69.3359375
233.91015625,-48.33984375,-21.97265625,-33.69140625,-45.41015625
233.9140625,-46.875,-20.5078125,-28.80859375,-14.6484375
233.91796875,-32.2265625,-2.9296875,-28.3203125,-19.04296875
233.921875,-36.1328125,-2.44140625,-39.0625,-53.22265625
233.92578125,-64.453125,-20.01953125,-34.1796875,-48.33984375
233.9296875,-60.05859375,-20.5078125,-17.578125,-35.64453125
233.93359375,-51.26953125,-15.13671875,-9.765625,-30.2734375
233.9375,-63.4765625,-17.08984375,-15.13671875,-21.484375
233.94140625,-71.2890625,-24.4140625,-17.08984375,-18.06640625
233.9453125,-65.91796875,-23.4375,-14.16015625,-34.1796875
233.94921875,-52.24609375,-17.08984375,-12.20703125,-68.359375
233.953125,-53.22265625,-20.5078125,-17.08984375,-42.96875
233.95703125,-44.921875,-26.85546875,-31.73828125,-27.83203125
233.9609375,-18.5546875,-28.80859375,-32.71484375,-41.9921875
233.96484375,-37.59765625,-18.5546875,-15.13671875,-39.55078125
233.96875,-46.875,-11.71875,-3.90625,-3.41796875
233.97265625,-29.78515625,-10.7421875,-29.296875,-24.4140625
233.9765625,-38.0859375,-11.23046875,-33.203125,-68.359375
233.98046875,-54.19921875,-25.390625,-11.71875,-58.59375
233.984375,-62.98828125,-32.71484375,-9.27734375,-37.109375
233.98828125,-56.15234375,-21.484375,-15.625,-5.859375
233.9921875,-34.66796875,-22.94921875,-28.80859375,-1.953125
233.99609375,-32.71484375,-21.97265625,-34.1796875,-31.25
234.0,-42.96875,-17.08984375,-39.0625,-48.33984375
234.00390625,-57.12890625,-13.18359375,-28.3203125,-44.921875
234.0078125,-70.3125,-9.27734375,-5.37109375,-11.23046875
234.01171875,-70.80078125,-11.71875,-11.23046875,-0.9765625
234.015625,-48.33984375,-17.578125,-30.76171875,-27.83203125
234.01953125,-65.4296875,-21.484375,-32.71484375,-45.41015625
234.0234375,-93.26171875,-26.3671875,-27.83203125,-24.4140625
234.02734375,-78.125,-27.34375,-14.6484375,-4.39453125
234.03125,-50.29296875,-21.484375,-10.7421875,-17.08984375
234.03515625,-36.62109375,-20.01953125,-22.4609375,-54.6875
234.0390625,-26.85546875,-14.16015625,-19.04296875,-54.19921875
234.04296875,-28.80859375,-17.578125,-11.71875,-21.97265625
234.046875,-46.38671875,-24.90234375,-19.04296875,-34.1796875
234.05078125,-56.15234375,-21.97265625,-17.578125,-26.3671875
234.0546875,-57.12890625,-22.94921875,-12.20703125,-32.2265625
234.05859375,-70.3125,-22.4609375,-22.4609375,-52.734375
234.0625,-82.03125,-20.5078125,-32.2265625,-35.15625
234.06640625,-57.12890625,-18.06640625,-39.55078125,-26.3671875
234.0703125,-41.9921875,-17.578125,-48.33984375,-32.2265625
234.07421875,-29.296875,-20.99609375,-37.109375,-26.85546875
234.078125,-32.71484375,-15.625,-17.578125,-21.484375
234.08203125,-82.51953125,-16.11328125,-6.8359375,-43.9453125
234.0859375,-79.1015625,-23.4375,-16.6015625,-53.7109375
234.08984375,-30.76171875,-33.69140625,-23.4375,-43.9453125
234.09375,-34.66796875,-51.26953125,-20.01953125,-27.34375
234.09765625,-56.640625,-47.8515625,-10.25390625,-25.390625
234.1015625,-92.7734375,-33.203125,-3.41796875,-48.828125
234.10546875,-83.0078125,-27.83203125,-0.48828125,-41.9921875
234.109375,-84.47265625,-23.4375,2.44140625,-55.6640625
234.11328125,-96.19140625,-21.484375,-10.7421875,-34.66796875
234.1171875,-82.03125,-26.3671875,-15.13671875,-1.953125
234.12109375,-80.078125,-37.59765625,1.953125,-10.7421875
234.125,-83.984375,-35.64453125,9.765625,-50.29296875
234.12890625,-67.3828125,-34.1796875,6.34765625,-53.22265625
234.1328125,-66.40625,-42.96875,-4.39453125,-6.8359375
234.13671875,-71.2890625,-45.41015625,-15.13671875,9.765625
234.140625,-68.84765625,-38.0859375,-16.6015625,-63.4765625
234.14453125,-43.45703125,-26.3671875,-8.30078125,-65.91796875
234.1484375,-43.45703125,-24.4140625,-12.20703125,-53.22265625
234.15234375,-73.73046875,-21.484375,-17.08984375,-58.59375
234.15625,-73.73046875,-19.53125,-0.48828125,-39.55078125
234.16015625,-46.875,-23.4375,10.7421875,-19.53125
234.1640625,-37.59765625,-17.08984375,12.20703125,9.27734375
234.16796875,-45.41015625,-10.7421875,-5.859375,30.2734375
234.171875,-53.22265625,-10.25390625,-35.15625,10.25390625
234.17578125,-61.03515625,-10.7421875,-15.625,-21.97265625
234.1796875,-41.015625,-19.04296875,20.01953125,-50.78125
234.18359375,-10.7421875,-33.203125,24.90234375,-23.4375
234.1875,-32.71484375,-42.96875,11.71875,-34.66796875
234.19140625,-48.828125,-33.203125,8.30078125,-48.33984375
234.1953125,-55.17578125,-11.71875,-2.9296875,-39.55078125
234.19921875,-64.94140625,3.41796875,-26.85546875,-5.859375
234.203125,-53.7109375,15.625,-34.1796875,27.34375
234.20703125,-37.109375,4.39453125,-24.90234375,-20.5078125
234.2109375,-58.59375,-14.6484375,-23.4375,-76.171875
234.21484375,-105.95703125,-24.90234375,-33.203125,-74.21875
234.21875,-105.95703125,-30.76171875,-49.31640625,-67.3828125
234.22265625,-84.47265625,-34.66796875,-44.921875,-50.78125
234.2265625,-54.19921875,-42.48046875,-51.7578125,-41.9921875
234.23046875,-32.71484375,-38.0859375,-65.91796875,-32.71484375
234.234375,-64.94140625,-25.87890625,-56.640625,-38.0859375
234.23828125,-83.0078125,-23.4375,-57.12890625,-67.3828125
234.2421875,-58.59375,-38.57421875,-46.875,-34.1796875
234.24609375,-30.76171875,-37.59765625,-40.52734375,-9.765625
234.25,-32.2265625,-25.390625,-50.78125,-20.99609375
234.25390625,-65.4296875,-14.16015625,-39.0625,-42.96875
234.2578125,-52.734375,5.37109375,-30.76171875,-49.31640625
234.26171875,-27.34375,6.34765625,-40.0390625,-27.83203125
234.265625,-20.99609375,-15.625,-45.41015625,-29.78515625
234.26953125,-16.11328125,-24.90234375,-52.734375,-34.66796875
234.2734375,14.16015625,-15.13671875,-52.734375,-21.97265625
234.27734375,16.11328125,-0.48828125,-27.34375,14.6484375
234.28125,-40.52734375,0.0,-20.5078125,16.11328125
234.28515625,-56.15234375,-3.90625,-27.34375,-33.203125
234.2890625,-37.59765625,-4.8828125,-18.06640625,-65.91796875
234.29296875,-25.390625,-5.859375,-24.4140625,-53.7109375
234.296875,-30.2734375,-9.27734375,-32.2265625,-24.4140625
234.30078125,-2.9296875,-21.484375,-19.53125,0.9765625
234.3046875,11.23046875,-34.1796875,-14.16015625,2.44140625
234.30859375,22.94921875,-24.4140625,-22.94921875,-20.5078125
234.3125,20.99609375,-6.8359375,-25.87890625,-38.57421875
234.31640625,-14.6484375,2.44140625,-47.36328125,-8.30078125
234.3203125,9.27734375,10.7421875,-79.58984375,17.578125
234.32421875,7.8125,-1.953125,-47.36328125,-16.6015625
234.328125,-10.25390625,-13.18359375,-3.90625,-36.1328125
234.33203125,14.6484375,-9.765625,14.6484375,-7.8125
234.3359375,31.73828125,-4.39453125,13.671875,-12.20703125
234.33984375,8.7890625,-7.8125,-8.30078125,-11.23046875
234.34375,1.953125,-10.7421875,-17.578125,-20.99609375
234.34765625,20.99609375,-1.953125,-21.97265625,-6.8359375
234.3515625,20.01953125,1.46484375,-34.1796875,19.53125
234.35546875,-6.8359375,-7.32421875,-31.25,-29.296875
234.359375,16.11328125,-17.08984375,-32.71484375,-26.3671875
234.36328125,39.0625,-11.23046875,-50.78125,-2.44140625
234.3671875,4.39453125,-7.8125,-42.96875,-21.97265625
234.37109375,-16.11328125,-18.06640625,-26.3671875,-6.8359375
234.375,1.46484375,-16.6015625,-22.4609375,0.9765625
234.37890625,-0.48828125,-6.8359375,-19.53125,-16.11328125
234.3828125,-4.39453125,-7.32421875,-14.6484375,-12.20703125
234.38671875,0.0,-16.11328125,-13.18359375,5.37109375
234.390625,-4.8828125,-21.484375,-21.484375,-27.34375
234.39453125,-8.7890625,-27.34375,-25.87890625,-47.8515625
234.3984375,-3.41796875,-24.90234375,-46.38671875,-43.45703125
234.40234375,0.0,-18.5546875,-55.17578125,-33.203125
234.40625,-16.11328125,-26.85546875,-26.3671875,-30.76171875
234.41015625,-6.34765625,-28.3203125,-21.484375,-17.578125
234.4140625,26.3671875,-14.16015625,-61.5234375,-8.30078125
234.41796875,48.828125,-8.30078125,-64.94140625,-21.97265625
234.421875,34.66796875,-20.5078125,-36.1328125,3.90625
234.42578125,10.25390625,-33.203125,-7.32421875,-37.59765625
234.4296875,30.76171875,-25.390625,0.48828125,-54.19921875
234.43359375,7.8125,-24.90234375,-20.99609375,-46.875
234.4375,-44.43359375,-22.94921875,-30.2734375,-48.33984375
234.44140625,-9.27734375,-19.04296875,-35.64453125,-3.41796875
234.4453125,11.71875,-19.04296875,-41.50390625,12.20703125
234.44921875,-13.671875,-5.859375,-40.52734375,-10.25390625
234.453125,-32.71484375,-15.13671875,-38.0859375,-9.765625
234.45703125,8.30078125,-17.08984375,-38.57421875,-20.5078125
234.4609375,2.44140625,-15.625,-49.8046875,-19.04296875
234.46484375,-2.44140625,-29.296875,-62.98828125,-8.30078125
234.46875,35.15625,-28.80859375,-53.22265625,23.92578125
234.47265625,26.3671875,-20.01953125,-20.5078125,47.36328125
234.4765625,-31.73828125,-16.6015625,-14.6484375,10.7421875
234.48046875,-3.41796875,-20.99609375,-23.4375,11.71875
234.484375,6.8359375,-18.06640625,-11.71875,20.01953125
234.48828125,-39.0625,-21.484375,-11.23046875,38.57421875
234.4921875,-17.578125,-29.78515625,-25.87890625,15.13671875
234.49609375,-32.2265625,-36.1328125,-11.71875,-47.36328125
234.5,-40.52734375,-34.1796875,-23.92578125,-19.53125
234.50390625,10.7421875,-49.8046875,-31.25,0.48828125
234.5078125,13.18359375,-78.125,17.578125,-37.59765625
234.51171875,-29.78515625,-61.03515625,35.64453125,-2.9296875
234.515625,-39.0625,-40.52734375,19.04296875,11.71875
234.51953125,-44.43359375,-38.0859375,13.18359375,-37.109375
234.5234375,-35.64453125,-40.0390625,20.01953125,-55.17578125
234.52734375,-34.1796875,-50.78125,16.11328125,-26.3671875
234.53125,-34.66796875,-57.6171875,3.41796875,-13.671875
234.53515625,-5.859375,-43.9453125,2.44140625,-17.08984375
234.5390625,11.23046875,-28.80859375,-15.625,19.04296875
234.54296875,-10.25390625,-33.203125,-40.0390625,-1.46484375
234.546875,-12.6953125,-35.15625,-18.5546875,-21.97265625
234.55078125,-29.78515625,-43.45703125,15.13671875,-33.69140625
234.5546875,-16.6015625,-54.6875,26.85546875,-32.71484375
234.55859375,18.5546875,-56.15234375,30.76171875,-5.37109375
234.5625,17.08984375,-35.64453125,18.5546875,16.11328125
234.56640625,15.13671875,-18.06640625,-10.25390625,37.109375
234.5703125,-6.34765625,-25.87890625,-31.73828125,21.484375
234.57421875,6.8359375,-31.25,-41.50390625,-10.25390625
234.578125,21.484375,-32.2265625,-40.52734375,1.46484375
234.58203125,36.62109375,-17.578125,-23.4375,21.484375
234.5859375,47.36328125,-16.11328125,-18.5546875,-13.18359375
234.58984375,61.03515625,-15.13671875,-31.25,-5.859375
234.59375,60.546875,-5.859375,-54.19921875,22.94921875
234.59765625,26.3671875,-15.625,-49.8046875,21.484375
234.6015625,5.37109375,-28.80859375,-36.62109375,9.27734375
234.60546875,0.0,-28.80859375,-44.921875,0.48828125
234.609375,8.7890625,-35.64453125,-50.29296875,14.6484375
234.61328125,40.0390625,-51.7578125,-42.96875,4.39453125
234.6171875,45.8984375,-42.96875,-37.109375,11.71875
234.62109375,18.06640625,-20.99609375,-26.3671875,23.4375
234.625,8.7890625,-12.6953125,-20.5078125,2.9296875
234.62890625,-0.9765625,-7.8125,-31.25,-21.97265625
234.6328125,-14.16015625,-9.765625,-35.15625,-29.78515625
234.63671875,13.18359375,-4.8828125,-49.31640625,-22.4609375
234.640625,33.69140625,-1.953125,-59.08203125,1.953125
234.64453125,21.97265625,-21.484375,-45.41015625,13.671875
234.6484375,12.20703125,-33.203125,-30.2734375,-2.44140625
234.65234375,-18.06640625,-46.875,-21.97265625,-25.390625
234.65625,-19.04296875,-51.26953125,-34.1796875,-52.734375
234.66015625,-12.6953125,-20.99609375,-41.015625,-20.01953125
234.6640625,-6.34765625,-7.8125,-36.1328125,-6.34765625
234.66796875,-19.53125,-11.71875,-31.25,-37.59765625
234.671875,-25.390625,-13.671875,-37.59765625,-26.3671875
234.67578125,17.578125,-28.3203125,-26.3671875,-28.80859375
234.6796875,2.9296875,-33.203125,-31.73828125,-51.26953125
234.68359375,-11.23046875,-20.99609375,-47.36328125,-31.25
234.6875,-25.87890625,-12.20703125,-49.8046875,-21.484375
234.69140625,-49.31640625,-14.6484375,-58.59375,-35.64453125
234.6953125,16.6015625,-15.13671875,-44.43359375,-54.6875
234.69921875,20.5078125,-19.04296875,-24.4140625,-61.03515625
234.703125,32.2265625,-21.97265625,-22.4609375,-5.37109375
234.70703125,45.41015625,-4.39453125,-18.5546875,47.36328125
234.7109375,-36.62109375,5.859375,-27.34375,-18.5546875
234.71484375,-51.7578125,-6.8359375,-39.0625,-81.54296875
234.71875,-27.34375,-16.6015625,-41.9921875,-83.984375
234.72265625,-64.94140625,-13.18359375,-46.875,-101.07421875
234.7265625,-58.59375,-2.44140625,-60.05859375,-86.42578125
234.73046875,-33.203125,7.8125,-69.3359375,-49.31640625
234.734375,-49.8046875,11.23046875,-69.82421875,-81.0546875
234.73828125,-49.8046875,10.7421875,-74.70703125,-83.984375
234.7421875,-39.0625,12.6953125,-82.03125,-83.0078125
234.74609375,-39.55078125,8.7890625,-54.6875,-61.5234375
234.75,-62.98828125,4.39453125,-50.29296875,-73.2421875
234.75390625,-37.109375,16.11328125,-74.21875,-111.81640625
234.7578125,-31.73828125,20.99609375,-76.66015625,-99.12109375
234.76171875,-25.87890625,15.625,-75.1953125,-88.37890625
234.765625,6.34765625,8.30078125,-66.40625,-62.98828125
234.76953125,-7.32421875,0.0,-51.7578125,-39.55078125
234.7734375,-5.37109375,2.9296875,-52.734375,-29.296875
234.77734375,6.34765625,17.578125,-59.5703125,-21.97265625
234.78125,10.25390625,11.71875,-61.03515625,-37.59765625
234.78515625,33.69140625,11.23046875,-57.6171875,-49.8046875
234.7890625,25.87890625,17.08984375,-59.5703125,-89.84375
234.79296875,24.90234375,9.27734375,-62.5,-80.56640625
234.796875,14.16015625,10.7421875,-56.15234375,-43.9453125
234.80078125,-37.109375,13.671875,-47.36328125,-21.484375
234.8046875,-47.8515625,14.6484375,-38.57421875,-7.8125
234.80859375,-26.85546875,12.6953125,-36.62109375,-16.11328125
234.8125,4.8828125,-1.46484375,-43.45703125,-61.5234375
234.81640625,7.8125,4.39453125,-40.0390625,-72.265625
234.8203125,-8.30078125,8.30078125,-33.203125,-58.59375
234.82421875,11.71875,0.9765625,-44.921875,-29.296875
234.828125,8.30078125,-1.46484375,-64.453125,-46.38671875
234.83203125,24.4140625,0.0,-39.55078125,-64.453125
234.8359375,12.20703125,0.9765625,-22.4609375,-63.96484375
234.83984375,-14.16015625,-8.30078125,-29.78515625,-29.296875
234.84375,-2.44140625,-10.25390625,-29.78515625,19.53125
234.84765625,-0.48828125,-7.32421875,-28.3203125,-40.0390625
234.8515625,-23.92578125,-14.16015625,-21.484375,-57.12890625
234.85546875,-70.80078125,-24.4140625,-5.37109375,-40.0390625
234.859375,-100.09765625,-31.73828125,-1.46484375,-20.5078125
234.86328125,-82.03125,-32.71484375,-7.8125,-11.71875
234.8671875,-70.80078125,-25.390625,-12.20703125,-16.11328125
234.87109375,-72.75390625,-3.90625,-10.7421875,0.9765625
234.875,-68.84765625,10.25390625,-10.25390625,-3.90625
234.87890625,-62.5,0.9765625,-9.765625,-40.52734375
234.8828125,-61.5234375,-3.41796875,-1.46484375,-48.33984375
234.88671875,-29.78515625,1.953125,-11.23046875,-48.828125
234.890625,-47.8515625,5.859375,-16.6015625,-19.53125
234.89453125,-84.9609375,4.39453125,-4.8828125,-5.859375
234.8984375,-42.48046875,-7.32421875,-8.30078125,-1.46484375
234.90234375,-20.99609375,-15.13671875,-14.6484375,-25.87890625
234.90625,-16.6015625,-18.06640625,-24.90234375,-35.15625
234.91015625,-4.39453125,-14.6484375,-11.71875,-6.34765625
234.9140625,9.27734375,4.39453125,5.859375,-17.08984375
234.91796875,10.25390625,0.48828125,11.71875,-27.83203125
234.921875,-25.87890625,-12.20703125,29.296875,-30.76171875
234.92578125,-44.43359375,-7.8125,20.5078125,-15.625
234.9296875,-27.34375,-3.41796875,1.953125,18.5546875
234.93359375,17.578125,3.90625,2.9296875,-5.859375
234.9375,16.6015625,-0.9765625,8.7890625,-46.875
234.94140625,-27.83203125,-5.37109375,11.71875,-30.2734375
234.9453125,2.9296875,-2.9296875,-8.30078125,3.90625
234.94921875,-3.41796875,-2.9296875,-27.34375,18.06640625
234.953125,-43.45703125,-0.9765625,-15.625,-11.71875
234.95703125,-12.6953125,-5.859375,11.71875,3.41796875
234.9609375,12.6953125,-22.94921875,18.5546875,-24.90234375
234.96484375,17.08984375,-10.7421875,4.39453125,-41.9921875
234.96875,6.8359375,0.0,2.9296875,-17.578125
234.97265625,-30.76171875,-24.4140625,12.20703125,-0.9765625
234.9765625,-53.7109375,-45.8984375,8.30078125,47.8515625
234.98046875,-18.5546875,-22.94921875,-6.34765625,29.296875
234.984375,-12.6953125,-2.9296875,-12.6953125,-48.33984375
234.98828125,-32.71484375,-7.8125,-11.71875,-59.5703125
234.9921875,-39.0625,-7.32421875,-0.48828125,-21.97265625
234.99609375,-24.90234375,-6.34765625,2.9296875,-21.484375
235.0,-25.390625,-12.6953125,-4.39453125,-24.90234375
235.00390625,-47.8515625,-14.6484375,-10.7421875,9.27734375
235.0078125,-51.7578125,-8.7890625,-15.13671875,0.0
235.01171875,-44.43359375,-11.23046875,-7.32421875,-16.6015625
235.015625,-14.6484375,-19.53125,-1.953125,-32.2265625
235.01953125,-12.20703125,-19.53125,0.0,-8.7890625
235.0234375,-13.671875,-23.4375,2.9296875,41.9921875
235.02734375,-3.90625,-22.94921875,-6.34765625,-6.34765625
235.03125,-12.6953125,-17.578125,-0.9765625,-36.1328125
235.03515625,20.01953125,-8.7890625,0.48828125,-5.37109375
235.0390625,11.71875,-9.27734375,3.90625,3.41796875
235.04296875,-12.20703125,-16.6015625,8.7890625,-68.359375
235.046875,-17.08984375,-20.99609375,1.953125,-57.12890625
235.05078125,-18.06640625,-37.109375,6.8359375,11.23046875
235.0546875,-6.8359375,-33.69140625,7.32421875,20.01953125
235.05859375,-20.01953125,-24.90234375,6.8359375,55.6640625
235.0625,-7.8125,-22.4609375,10.25390625,20.01953125
235.06640625,0.0,-15.13671875,5.859375,-45.8984375
235.0703125,-4.39453125,-10.7421875,-21.484375,-28.3203125
235.07421875,-16.11328125,-15.13671875,-26.85546875,-20.5078125
235.078125,-5.859375,-18.06640625,1.953125,-31.73828125
235.08203125,11.71875,-10.7421875,5.37109375,-24.90234375
235.0859375,-7.8125,-14.6484375,-3.41796875,1.953125
235.08984375,-26.3671875,-19.53125,-0.9765625,-9.27734375
235.09375,-21.484375,-20.5078125,6.34765625,-24.90234375
235.09765625,-29.296875,-25.87890625,-4.39453125,-31.25
235.1015625,-33.203125,-29.78515625,-20.01953125,-57.12890625
235.10546875,-27.34375,-22.94921875,-16.11328125,-53.22265625
235.109375,-26.3671875,-20.01953125,-12.6953125,-30.76171875
235.11328125,-11.71875,-12.6953125,-18.5546875,-22.4609375
235.1171875,12.20703125,-14.16015625,-19.53125,-22.4609375
235.12109375,18.06640625,-13.671875,-9.27734375,-28.80859375
235.125,11.23046875,-8.30078125,0.9765625,-16.11328125
235.12890625,58.59375,-13.18359375,0.9765625,-14.16015625
235.1328125,78.125,-15.13671875,0.9765625,19.53125
235.13671875,2.44140625,-19.53125,-0.9765625,8.30078125
235.140625,-15.13671875,-18.5546875,-19.53125,1.953125
235.14453125,11.23046875,-14.6484375,-26.3671875,6.34765625
235.1484375,9.765625,-8.30078125,-23.4375,-6.34765625
235.15234375,9.27734375,-10.25390625,-7.32421875,17.578125
235.15625,27.34375,-9.27734375,-8.30078125,-4.39453125
235.16015625,30.76171875,-6.34765625,-21.484375,-16.6015625
235.1640625,6.34765625,-17.578125,-15.625,11.23046875
235.16796875,-5.859375,-24.4140625,-10.7421875,-2.44140625
235.171875,-10.25390625,-17.578125,-11.71875,-27.83203125
235.17578125,-13.18359375,-15.13671875,-16.11328125,-0.9765625
235.1796875,12.6953125,-22.94921875,-8.7890625,12.6953125
235.18359375,1.953125,-28.80859375,17.08984375,25.390625
235.1875,-35.64453125,-32.2265625,24.4140625,28.3203125
235.19140625,11.23046875,-35.15625,12.6953125,15.625
235.1953125,22.4609375,-32.2265625,1.953125,18.5546875
235.19921875,-3.41796875,-36.1328125,1.953125,3.41796875
235.203125,-25.87890625,-44.43359375,3.41796875,-25.87890625
235.20703125,-18.06640625,-37.59765625,3.90625,-13.18359375
235.2109375,5.859375,-37.59765625,7.32421875,-1.46484375
235.21484375,-10.25390625,-41.9921875,9.27734375,-4.8828125
235.21875,-29.78515625,-32.2265625,0.9765625,29.78515625
235.22265625,-31.73828125,-32.2265625,-0.9765625,23.4375
235.2265625,-1.46484375,-30.76171875,2.44140625,3.90625
235.23046875,17.578125,-26.85546875,18.06640625,13.671875
235.234375,5.37109375,-27.34375,19.53125,11.23046875
235.23828125,20.99609375,-8.30078125,2.9296875,14.16015625
235.2421875,20.99609375,-1.46484375,7.32421875,-13.671875
235.24609375,16.6015625,-15.625,-3.41796875,8.30078125
235.25,22.4609375,-15.13671875,-20.5078125,21.484375
235.25390625,19.53125,-7.8125,-17.08984375,12.20703125
235.2578125,7.8125,-11.23046875,-19.53125,27.83203125
235.26171875,14.6484375,-20.5078125,-22.4609375,17.08984375
235.265625,22.4609375,-22.4609375,-8.30078125,28.80859375
235.26953125,5.859375,-26.3671875,11.71875,21.97265625
235.2734375,1.46484375,-33.203125,20.99609375,-21.484375
235.27734375,11.71875,-18.5546875,20.01953125,4.39453125
235.28125,7.8125,-3.41796875,10.25390625,34.66796875
235.28515625,14.16015625,-6.8359375,9.765625,18.5546875
235.2890625,0.48828125,-17.578125,8.30078125,22.94921875
235.29296875,-14.6484375,-8.30078125,-16.6015625,21.484375
235.296875,-10.7421875,-9.27734375,-26.85546875,0.48828125
235.30078125,2.9296875,-29.78515625,-16.11328125,8.30078125
235.3046875,-4.39453125,-39.0625,-10.25390625,32.2265625
235.30859375,-13.18359375,-33.69140625,-11.71875,27.83203125
235.3125,-0.9765625,-38.57421875,-25.390625,-21.484375
235.31640625,28.80859375,-62.98828125,-8.30078125,-19.53125
235.3203125,33.203125,-48.33984375,8.30078125,10.7421875
235.32421875,4.8828125,-18.5546875,-1.953125,-33.203125
235.328125,-4.39453125,-16.11328125,1.46484375,-21.484375
235.33203125,15.13671875,-14.6484375,0.48828125,24.90234375
235.3359375,13.18359375,-11.71875,-14.6484375,-19.53125
235.33984375,0.9765625,-14.16015625,-27.83203125,-5.859375
235.34375,23.4375,-16.6015625,-39.55078125,65.4296875
235.34765625,36.1328125,-21.97265625,-32.2265625,62.98828125
235.3515625,-20.99609375,-38.0859375,-13.671875,-19.04296875
235.35546875,-33.203125,-41.015625,1.953125,-57.12890625
235.359375,-12.6953125,-28.3203125,-4.8828125,-56.640625
235.36328125,-17.578125,-16.11328125,-20.01953125,-29.78515625
235.3671875,-28.3203125,-14.6484375,-25.390625,7.8125
235.37109375,-20.5078125,-18.06640625,-39.0625,30.2734375
235.375,-11.23046875,-25.87890625,-35.15625,-3.41796875
235.37890625,0.9765625,-30.2734375,-19.53125,-15.625
235.3828125,-11.71875,-29.296875,-13.18359375,-32.2265625
235.38671875,-29.78515625,-28.3203125,-20.99609375,-60.546875
235.390625,-17.08984375,-21.97265625,-20.99609375,-13.18359375
235.39453125,14.6484375,-14.6484375,-16.11328125,3.90625
235.3984375,29.296875,-20.01953125,-19.04296875,4.8828125
235.40234375,16.6015625,-23.92578125,-24.4140625,-28.3203125
235.40625,13.671875,-26.3671875,-31.25,-32.2265625
235.41015625,0.0,-24.4140625,-28.3203125,-0.48828125
235.4140625,8.7890625,-22.4609375,-21.484375,4.39453125
235.41796875,11.71875,-17.578125,-12.20703125,26.85546875
235.421875,22.94921875,-7.32421875,-26.85546875,29.78515625
235.42578125,18.5546875,-10.25390625,-44.921875,-9.765625
235.4296875,-9.765625,-20.99609375,-29.78515625,-30.76171875
235.43359375,-8.30078125,-25.87890625,-27.34375,8.30078125
235.4375,-8.7890625,-25.87890625,-29.296875,-12.20703125
235.44140625,0.48828125,-18.5546875,-24.90234375,-75.68359375
235.4453125,-15.625,-22.94921875,-20.99609375,-39.0625
235.44921875,-25.87890625,-27.83203125,-20.99609375,-9.765625
235.453125,11.23046875,-43.45703125,-15.625,28.80859375
235.45703125,28.3203125,-42.96875,-8.7890625,77.63671875
235.4609375,-11.71875,-26.85546875,-25.390625,0.0
235.46484375,-34.1796875,-24.4140625,-40.52734375,-45.8984375
235.46875,-20.99609375,-25.390625,-38.0859375,-14.6484375
235.47265625,-20.5078125,-22.4609375,-44.43359375,-17.578125
235.4765625,-19.53125,-19.04296875,-35.64453125,-52.24609375
235.48046875,-38.57421875,-17.08984375,-17.578125,-42.96875
235.484375,-37.109375,-21.484375,-26.3671875,-9.27734375
235.48828125,-21.97265625,-25.87890625,-24.90234375,-7.32421875
235.4921875,-18.06640625,-32.71484375,-25.87890625,-32.2265625
235.49609375,-7.8125,-40.52734375,-31.25,-4.39453125
235.5,5.37109375,-36.62109375,-24.90234375,-26.3671875
235.50390625,18.5546875,-24.4140625,-17.08984375,-22.4609375
235.5078125,6.34765625,-23.4375,-18.5546875,11.23046875
235.51171875,18.06640625,-26.3671875,-33.203125,-22.94921875
235.515625,48.33984375,-18.06640625,-34.66796875,-5.37109375
235.51953125,-22.94921875,-2.44140625,-22.94921875,-11.23046875
235.5234375,-77.63671875,0.0,-20.01953125,-29.78515625
235.52734375,-34.1796875,-7.8125,-19.04296875,-19.53125
235.53125,-30.2734375,-15.625,-25.390625,-26.3671875
235.53515625,-40.0390625,-23.92578125,-37.59765625,-36.62109375
235.5390625,-16.11328125,-20.99609375,-38.57421875,5.37109375
235.54296875,16.6015625,-17.08984375,-50.78125,-32.71484375
235.546875,-12.20703125,-27.34375,-53.22265625,-69.82421875
235.55078125,-39.0625,-33.203125,-36.1328125,-39.55078125
235.5546875,-27.83203125,-35.64453125,-28.80859375,-59.08203125
235.55859375,-32.71484375,-38.57421875,-41.015625,-72.75390625
235.5625,-11.71875,-31.25,-52.734375,-42.96875
235.56640625,-7.32421875,-32.71484375,-39.0625,-10.25390625
235.5703125,-10.25390625,-51.7578125,-21.484375,-7.8125
235.57421875,-0.9765625,-42.48046875,-22.94921875,-0.9765625
235.578125,-3.41796875,-24.90234375,-35.64453125,0.48828125
235.58203125,4.8828125,-18.06640625,-34.1796875,17.08984375
235.5859375,0.0,-6.34765625,-28.3203125,-27.83203125
235.58984375,-22.4609375,-5.37109375,-31.73828125,-55.6640625
235.59375,-15.13671875,-11.71875,-39.0625,-35.15625
235.59765625,1.46484375,-19.04296875,-43.9453125,-13.671875
235.6015625,18.5546875,-30.2734375,-51.26953125,-13.671875
235.60546875,7.32421875,-26.85546875,-44.921875,-27.83203125
235.609375,-1.953125,-22.4609375,-27.34375,-4.39453125
235.61328125,20.99609375,-29.78515625,-8.30078125,21.484375
235.6171875,6.34765625,-29.78515625,-19.04296875,20.5078125
235.62109375,-1.46484375,-8.30078125,-56.15234375,-18.06640625
235.625,-9.765625,-22.94921875,-48.33984375,-42.96875
235.62890625,-22.94921875,-32.2265625,-23.92578125,-54.6875
235.6328125,-16.6015625,-15.13671875,-21.484375,-16.6015625
235.63671875,-12.20703125,-21.97265625,-28.3203125,-6.34765625
235.640625,-31.25,-21.97265625,-28.3203125,-38.57421875
235.64453125,-17.578125,-13.671875,-26.85546875,-22.94921875
235.6484375,-1.953125,-14.16015625,-29.78515625,-22.4609375
235.65234375,-0.9765625,-17.578125,-22.94921875,-28.80859375
235.65625,-9.765625,-24.4140625,-17.578125,-13.18359375
235.66015625,-7.8125,-26.3671875,-16.11328125,1.46484375
235.6640625,24.90234375,-20.01953125,-20.01953125,31.73828125
235.66796875,0.48828125,-19.04296875,-13.671875,36.62109375
235.671875,-24.4140625,-12.20703125,-7.8125,58.10546875
235.67578125,-7.32421875,-5.37109375,-19.53125,34.66796875
235.6796875,-24.4140625,-8.7890625,-34.66796875,-48.33984375
235.68359375,-28.3203125,-5.37109375,-35.15625,-56.640625
235.6875,-43.45703125,-8.7890625,-34.1796875,-60.546875
235.69140625,-43.9453125,-14.6484375,-36.1328125,-74.70703125
235.6953125,-20.01953125,-14.6484375,-37.109375,-76.66015625
235.69921875,-1.46484375,-16.11328125,-40.52734375,-51.7578125
235.703125,-6.34765625,-16.6015625,-42.96875,-39.55078125
235.70703125,0.48828125,-8.7890625,-48.33984375,-50.78125
235.7109375,0.0,5.37109375,-55.17578125,-80.56640625
235.71484375,-29.296875,8.7890625,-61.5234375,-69.82421875
235.71875,-57.6171875,5.37109375,-54.19921875,-47.36328125
235.72265625,-50.78125,7.32421875,-57.12890625,-62.01171875
235.7265625,-50.29296875,3.41796875,-65.91796875,-30.2734375
235.73046875,-64.453125,-6.8359375,-49.8046875,-41.015625
235.734375,-62.5,-7.32421875,-42.96875,-31.25
235.73828125,-25.390625,-3.90625,-48.828125,23.92578125
235.7421875,-28.3203125,-12.20703125,-51.26953125,-31.73828125
235.74609375,-48.828125,-18.5546875,-41.50390625,-65.91796875
235.75,-70.3125,-12.6953125,-42.96875,-48.33984375
235.75390625,-75.1953125,-12.6953125,-49.31640625,-38.0859375
235.7578125,-54.6875,-26.85546875,-42.48046875,-56.15234375
235.76171875,-23.4375,-28.80859375,-44.43359375,-19.53125
235.765625,-24.4140625,-15.13671875,-60.546875,-13.671875
235.76953125,-48.828125,-2.44140625,-70.80078125,-79.1015625
235.7734375,-33.69140625,5.37109375,-72.265625,-53.22265625
235.77734375,-22.4609375,-3.90625,-50.29296875,-27.83203125
235.78125,-53.7109375,-12.6953125,-20.99609375,-32.2265625
235.78515625,-52.734375,1.46484375,-14.16015625,-22.4609375
235.7890625,-35.64453125,6.34765625,-22.4609375,-31.25
235.79296875,-35.15625,0.9765625,-22.94921875,-17.08984375
235.796875,-15.625,-11.71875,-25.87890625,-20.5078125
235.80078125,-5.37109375,-24.90234375,-24.4140625,-35.64453125
235.8046875,-13.18359375,-20.01953125,-18.06640625,-21.484375
235.80859375,-24.90234375,-14.6484375,-23.92578125,-7.32421875
235.8125,-16.11328125,-14.16015625,-30.76171875,10.7421875
235.81640625,0.9765625,-13.18359375,-24.90234375,-6.34765625
235.8203125,-9.765625,-6.8359375,-29.296875,-18.5546875
235.82421875,-22.4609375,-9.27734375,-28.3203125,-24.4140625
235.828125,-34.1796875,-17.578125,-15.13671875,-19.53125
235.83203125,-46.875,-20.5078125,-10.7421875,-19.04296875
235.8359375,-58.59375,-19.53125,-15.625,-41.9921875
235.83984375,-50.29296875,-26.85546875,-10.25390625,-30.76171875
235.84375,-55.6640625,-36.1328125,-5.859375,19.04296875
235.84765625,-55.17578125,-36.1328125,-15.13671875,18.06640625
235.8515625,-51.26953125,-27.34375,-15.13671875,-24.4140625
235.85546875,-57.6171875,-27.34375,-5.37109375,-22.94921875
235.859375,-63.96484375,-35.64453125,-19.04296875,-7.8125
235.86328125,-46.875,-34.66796875,-25.390625,-2.9296875
235.8671875,-22.94921875,-42.48046875,-9.27734375,-13.671875
235.87109375,-62.5,-42.48046875,-5.37109375,-18.06640625
235.875,-97.16796875,-29.296875,-10.25390625,-22.94921875
235.87890625,-103.02734375,-19.04296875,-7.32421875,-13.18359375
235.8828125,-111.328125,-15.625,-17.08984375,12.6953125
235.88671875,-57.12890625,-18.06640625,-45.41015625,-14.6484375
235.890625,-32.71484375,-20.99609375,-38.0859375,-56.15234375
235.89453125,-53.7109375,-16.6015625,-9.765625,-28.3203125
235.8984375,-42.48046875,-13.671875,-12.20703125,-22.94921875
235.90234375,-43.45703125,-20.01953125,-20.5078125,-47.8515625
235.90625,-58.59375,-36.62109375,-14.6484375,-56.640625
235.91015625,-59.08203125,-29.78515625,-4.39453125,-21.97265625
235.9140625,-34.1796875,-11.23046875,-19.04296875,-0.48828125
235.91796875,-38.57421875,-9.27734375,-30.76171875,20.99609375
235.921875,-70.3125,-19.53125,-18.06640625,-19.04296875
235.92578125,-86.42578125,-31.25,-15.625,-53.7109375
235.9296875,-62.01171875,-34.1796875,-20.5078125,-16.11328125
235.93359375,-33.69140625,-44.921875,-26.85546875,1.953125
235.9375,-53.22265625,-41.9921875,-32.2265625,-8.7890625
235.94140625,-56.640625,-28.80859375,-18.06640625,-50.78125
235.9453125,-49.31640625,-28.3203125,-11.23046875,-61.5234375
235.94921875,-76.171875,-32.71484375,-18.06640625,-48.828125
235.953125,-74.70703125,-27.83203125,-21.484375,-23.92578125
235.95703125,-56.640625,-24.90234375,-38.57421875,3.41796875
235.9609375,-43.45703125,-26.3671875,-45.41015625,-19.04296875
235.96484375,-57.6171875,-18.5546875,-32.71484375,-55.17578125
235.96875,-96.6796875,-16.11328125,-51.7578125,-41.9921875
235.97265625,-96.19140625,-11.71875,-66.40625,-47.8515625
235.9765625,-62.98828125,-4.8828125,-48.33984375,-65.91796875
235.98046875,-74.70703125,-9.27734375,-42.96875,-99.609375
235.984375,-88.37890625,-10.7421875,-50.78125,-108.88671875
235.98828125,-62.98828125,-14.16015625,-53.22265625,-116.69921875
235.9921875,-74.21875,-37.109375,-46.38671875,-97.16796875
235.99609375,-93.75,-19.04296875,-48.33984375,-113.28125
236.0,-98.6328125,5.859375,-59.08203125,-140.625
236.00390625,-123.53515625,11.71875,-62.01171875,-115.234375
236.0078125,-128.90625,4.8828125,-53.22265625,-102.5390625
236.01171875,-97.65625,13.671875,-48.828125,-71.77734375
236.015625,-119.62890625,31.73828125,-55.6640625,-44.43359375
236.01953125,-110.83984375,28.80859375,-80.56640625,-91.30859375
236.0234375,-43.9453125,21.484375,-72.265625,-92.28515625
236.02734375,-59.08203125,19.04296875,-43.45703125,-79.1015625
236.03125,-103.02734375,9.27734375,-34.1796875,-95.703125
236.03515625,-86.42578125,-8.7890625,-34.66796875,-94.7265625
236.0390625,-48.828125,-9.27734375,-44.921875,-76.171875
236.04296875,-73.73046875,-1.46484375,-45.8984375,-70.3125
236.046875,-79.58984375,1.46484375,-39.0625,-57.12890625
236.05078125,-50.78125,9.765625,-45.8984375,-33.203125
236.0546875,-69.3359375,0.9765625,-51.26953125,-19.04296875
236.05859375,-54.6875,-9.27734375,-54.19921875,-29.78515625
236.0625,-75.1953125,0.0,-54.19921875,-28.80859375
236.06640625,-112.3046875,2.44140625,-44.43359375,-45.41015625
236.0703125,-92.28515625,-2.9296875,-44.43359375,-54.6875
236.07421875,-72.265625,-15.13671875,-33.203125,-72.265625
236.078125,-59.08203125,-16.11328125,-18.06640625,-51.7578125
236.08203125,-57.12890625,-15.13671875,-15.625,-24.90234375
236.0859375,-70.3125,-14.6484375,-20.5078125,-54.19921875
236.08984375,-62.5,-18.06640625,-17.08984375,-38.57421875
236.09375,-57.6171875,-15.625,-12.20703125,-15.13671875
236.09765625,-58.59375,-7.8125,-20.5078125,-28.80859375
236.1015625,-61.03515625,-14.6484375,-26.3671875,-45.8984375
236.10546875,-83.0078125,-19.04296875,-30.2734375,-73.2421875
236.109375,-95.21484375,-18.06640625,-40.52734375,-80.078125
236.11328125,-101.07421875,-20.5078125,-41.50390625,-32.71484375
236.1171875,-120.1171875,-24.90234375,-33.203125,-27.83203125
236.12109375,-108.88671875,-25.390625,-52.24609375,-39.55078125
236.125,-108.88671875,-24.4140625,-53.7109375,-18.5546875
236.12890625,-136.71875,-19.04296875,-30.76171875,-23.92578125
236.1328125,-151.3671875,-18.5546875,-21.97265625,-40.0390625
236.13671875,-144.53125,-21.484375,-22.4609375,-49.31640625
236.140625,-140.13671875,-21.484375,-29.78515625,-45.8984375
236.14453125,-126.46484375,-12.6953125,-23.4375,-36.1328125
236.1484375,-108.88671875,-10.25390625,-24.90234375,-2.44140625
236.15234375,-100.09765625,-18.5546875,-28.3203125,8.7890625
236.15625,-146.484375,-28.80859375,-16.6015625,-52.734375
236.16015625,-167.96875,-20.99609375,-14.6484375,-48.33984375
236.1640625,-126.46484375,-21.97265625,-27.34375,-27.83203125
236.16796875,-103.515625,-28.80859375,-38.0859375,-41.015625
236.171875,-98.6328125,-14.6484375,-32.2265625,-36.1328125
236.17578125,-81.54296875,-16.6015625,-23.92578125,-33.69140625
236.1796875,-96.6796875,-21.484375,-32.71484375,-10.25390625
236.18359375,-99.609375,-18.06640625,-40.52734375,24.4140625
236.1875,-100.09765625,-31.73828125,-26.3671875,24.90234375
236.19140625,-68.84765625,-46.38671875,-10.7421875,16.11328125
236.1953125,-83.0078125,-40.52734375,-22.4609375,-41.015625
236.19921875,-99.609375,-13.671875,-43.45703125,-46.875
236.203125,-89.35546875,-3.90625,-46.38671875,-53.22265625
236.20703125,-104.98046875,-19.04296875,-32.71484375,-74.21875
236.2109375,-106.93359375,-19.04296875,-30.2734375,-39.0625
236.21484375,-104.00390625,-25.390625,-31.73828125,-22.4609375
236.21875,-100.5859375,-36.62109375,-24.4140625,-43.9453125
236.22265625,-96.6796875,-27.34375,-21.484375,-2.9296875
236.2265625,-102.5390625,-25.390625,-20.99609375,-25.87890625
236.23046875,-103.515625,-35.15625,-21.484375,-18.5546875
236.234375,-93.75,-31.73828125,-19.53125,10.25390625
236.23828125,-62.98828125,-38.57421875,-15.13671875,-43.45703125
236.2421875,-68.359375,-62.5,-21.97265625,-18.06640625
236.24609375,-112.3046875,-46.38671875,-20.99609375,-4.39453125
236.25,-124.51171875,-23.4375,-12.20703125,-38.57421875
236.25390625,-106.4453125,-19.04296875,-7.8125,-34.66796875
236.2578125,-93.26171875,-27.83203125,-10.25390625,-37.109375
236.26171875,-104.00390625,-21.97265625,-17.08984375,-27.83203125
236.265625,-100.5859375,-6.34765625,-13.671875,-8.7890625
236.26953125,-86.42578125,-16.11328125,-6.34765625,-18.5546875
236.2734375,-66.89453125,-24.4140625,-9.765625,-25.87890625
236.27734375,-13.18359375,-15.625,-9.27734375,-10.7421875
236.28125,-39.0625,-16.11328125,-11.71875,-11.71875
236.28515625,-52.734375,-21.97265625,-15.13671875,-8.30078125
236.2890625,-81.0546875,-29.78515625,-11.23046875,-34.66796875
236.29296875,-86.9140625,-27.83203125,-16.6015625,-57.6171875
236.296875,-68.84765625,-24.4140625,-18.5546875,-18.06640625
236.30078125,-57.6171875,-17.08984375,-15.625,-1.953125
236.3046875,-51.7578125,-11.23046875,-1.953125,-17.578125
236.30859375,-56.640625,-10.7421875,2.9296875,-19.04296875
236.3125,-69.82421875,-15.13671875,-10.7421875,-35.64453125
236.31640625,-75.1953125,-18.06640625,-8.30078125,-26.85546875
236.3203125,-63.4765625,-26.85546875,-1.953125,11.71875
236.32421875,-44.921875,-36.62109375,-9.765625,-32.2265625
236.328125,-32.71484375,-28.3203125,-6.8359375,-40.52734375
236.33203125,-29.296875,-8.30078125,-3.41796875,-19.53125
236.3359375,-37.109375,-2.44140625,-16.6015625,-28.3203125
236.33984375,-12.6953125,-6.8359375,-26.3671875,-21.484375
236.34375,-23.4375,-17.578125,-18.06640625,-37.59765625
236.34765625,-88.37890625,-23.4375,-15.625,-50.78125
236.3515625,-63.96484375,-24.90234375,-20.5078125,-21.97265625
236.35546875,-64.94140625,-36.62109375,-18.5546875,-8.30078125
236.359375,-61.5234375,-41.015625,-18.5546875,-37.59765625
236.36328125,-20.99609375,-22.4609375,-34.1796875,-54.19921875
236.3671875,-51.7578125,-11.23046875,-41.015625,-39.0625
236.37109375,-69.3359375,-16.6015625,-29.78515625,-31.73828125
236.375,-58.59375,-18.5546875,-18.06640625,-38.0859375
236.37890625,-47.8515625,-17.578125,-25.390625,-21.484375
236.3828125,-37.59765625,-18.5546875,-31.73828125,-5.859375
236.38671875,-43.9453125,-17.578125,-26.85546875,-13.18359375
236.390625,-27.83203125,-18.06640625,-29.78515625,4.8828125
236.39453125,-16.6015625,-26.85546875,-24.90234375,-5.859375
236.3984375,-41.50390625,-39.0625,-16.6015625,-48.33984375
236.40234375,-40.0390625,-37.109375,-16.6015625,-45.41015625
236.40625,-34.1796875,-27.34375,-26.85546875,-32.2265625
236.41015625,9.765625,-20.01953125,-27.34375,-13.671875
236.4140625,27.34375,-27.83203125,-11.23046875,-6.34765625
236.41796875,-24.90234375,-38.0859375,-9.27734375,-26.3671875
236.421875,-41.9921875,-44.43359375,-1.953125,-30.76171875
236.42578125,-20.99609375,-42.96875,4.39453125,-13.671875
236.4296875,-56.640625,-40.52734375,0.48828125,-5.37109375
236.43359375,-20.01953125,-49.8046875,-16.11328125,-31.25
236.4375,34.66796875,-46.875,-34.66796875,-36.62109375
236.44140625,32.2265625,-37.59765625,-3.90625,1.46484375
236.4453125,-12.20703125,-33.69140625,31.25,-4.39453125
236.44921875,-56.15234375,-34.1796875,27.83203125,-8.30078125
236.453125,7.8125,-52.734375,29.78515625,19.53125
236.45703125,5.37109375,-56.15234375,29.78515625,20.5078125
236.4609375,-28.3203125,-44.43359375,19.53125,38.57421875
236.46484375,-1.953125,-42.48046875,17.578125,2.9296875
236.46875,20.99609375,-49.31640625,21.484375,-13.18359375
236.47265625,17.08984375,-55.6640625,26.85546875,7.8125
236.4765625,17.08984375,-57.6171875,18.5546875,-12.20703125
236.48046875,73.2421875,-57.12890625,25.390625,16.6015625
236.484375,82.51953125,-45.8984375,12.6953125,45.41015625
236.48828125,36.1328125,-42.48046875,-12.20703125,9.27734375
236.4921875,45.41015625,-47.8515625,1.953125,-5.859375
236.49609375,49.31640625,-47.8515625,19.53125,17.08984375
236.5,36.62109375,-40.0390625,19.53125,-1.46484375
236.50390625,42.96875,-45.41015625,24.90234375,-15.13671875
236.5078125,74.21875,-52.734375,27.34375,17.578125
236.51171875,81.54296875,-54.6875,17.578125,20.5078125
236.515625,94.7265625,-45.41015625,4.39453125,20.5078125
236.51953125,90.33203125,-34.1796875,3.90625,35.64453125
236.5234375,66.40625,-40.52734375,8.30078125,28.80859375
236.52734375,96.6796875,-37.59765625,4.8828125,59.5703125
236.53125,85.44921875,-37.109375,-5.37109375,23.92578125
236.53515625,72.75390625,-38.57421875,2.44140625,-38.0859375
236.5390625,56.640625,-23.92578125,2.44140625,-21.97265625
236.54296875,39.0625,-24.4140625,-1.953125,-18.06640625
236.546875,55.17578125,-38.0859375,1.953125,-8.7890625
236.55078125,55.17578125,-41.50390625,-5.859375,-19.53125
236.5546875,67.3828125,-39.0625,-11.23046875,-20.99609375
236.55859375,65.91796875,-28.3203125,-18.5546875,-0.9765625
236.5625,47.36328125,-24.4140625,-17.578125,-1.953125
236.56640625,76.66015625,-27.34375,-6.8359375,14.16015625
236.5703125,110.83984375,-28.80859375,-6.8359375,7.32421875
236.57421875,63.96484375,-33.203125,-15.13671875,-1.953125
236.578125,44.921875,-31.73828125,-16.6015625,0.9765625
236.58203125,65.4296875,-25.87890625,-22.4609375,14.16015625
236.5859375,43.9453125,-30.76171875,-23.92578125,-4.8828125
236.58984375,1.46484375,-29.78515625,-25.390625,-24.4140625
236.59375,-20.5078125,-23.92578125,-24.90234375,-32.2265625
236.59765625,33.69140625,-14.6484375,-20.99609375,-19.53125
236.6015625,27.34375,-16.11328125,-27.83203125,7.8125
236.60546875,26.85546875,-30.2734375,-23.4375,1.46484375
236.609375,42.48046875,-35.15625,-14.6484375,-8.30078125
236.61328125,50.29296875,-22.4609375,-14.16015625,-2.44140625
236.6171875,56.15234375,-8.30078125,-17.578125,0.0
236.62109375,39.55078125,-9.765625,-32.2265625,18.06640625
236.625,49.31640625,-23.4375,-46.875,7.32421875
236.62890625,46.875,-47.36328125,-38.0859375,-19.53125
236.6328125,43.9453125,-44.921875,-29.78515625,-23.4375
236.63671875,70.80078125,-23.92578125,-22.94921875,-42.48046875
236.640625,20.01953125,-22.94921875,-7.8125,-44.43359375
236.64453125,8.7890625,-26.3671875,-11.23046875,-27.34375
236.6484375,34.66796875,-28.80859375,-14.6484375,-21.97265625
236.65234375,36.1328125,-23.4375,-14.6484375,-7.32421875
236.65625,46.875,-14.6484375,-16.11328125,-1.953125
236.66015625,35.64453125,-11.23046875,-24.90234375,-25.390625
236.6640625,42.48046875,-14.16015625,-28.3203125,-16.11328125
236.66796875,70.3125,-24.90234375,-20.99609375,-13.18359375
236.671875,76.171875,-34.1796875,-24.4140625,-14.16015625
236.67578125,72.265625,-17.08984375,-20.5078125,7.8125
236.6796875,49.31640625,-11.71875,-18.5546875,5.859375
236.68359375,20.01953125,-26.3671875,-20.5078125,-19.04296875
236.6875,9.27734375,-30.76171875,-28.3203125,0.9765625
236.69140625,8.30078125,-21.484375,-43.9453125,18.06640625
236.6953125,11.23046875,-26.85546875,-29.78515625,-30.2734375
236.69921875,-6.34765625,-41.50390625,-16.11328125,-34.66796875
236.703125,-41.50390625,-33.203125,-23.4375,-19.53125
236.70703125,-29.296875,-22.94921875,-21.484375,-38.57421875
236.7109375,-14.6484375,-14.6484375,-8.7890625,-20.5078125
236.71484375,-20.99609375,-12.6953125,-8.30078125,-17.578125
236.71875,-23.4375,-12.6953125,-17.08984375,-16.6015625
236.72265625,-42.48046875,-15.625,-32.2265625,6.34765625
236.7265625,-46.875,-27.34375,-29.296875,-23.92578125
236.73046875,8.30078125,-29.78515625,-11.71875,-14.6484375
236.734375,29.296875,-30.2734375,-10.25390625,-26.85546875
236.73828125,12.6953125,-33.203125,-18.5546875,-58.10546875
236.7421875,21.97265625,-42.48046875,-25.390625,-26.85546875
236.74609375,21.484375,-46.38671875,-28.80859375,-0.9765625
236.75,8.7890625,-41.015625,-28.80859375,-8.7890625
236.75390625,6.34765625,-38.0859375,-16.6015625,-24.4140625
236.7578125,7.32421875,-36.1328125,-10.25390625,-41.015625
236.76171875,3.90625,-32.2265625,-24.4140625,-8.30078125
236.765625,13.18359375,-35.15625,-18.5546875,-10.7421875
236.76953125,-1.953125,-31.73828125,-5.37109375,-32.71484375
236.7734375,1.953125,-22.94921875,-9.27734375,-23.4375
236.77734375,44.43359375,-27.83203125,-15.625,-27.34375
236.78125,61.5234375,-32.71484375,-20.01953125,0.0
236.78515625,59.5703125,-23.92578125,-55.17578125,5.37109375
236.7890625,38.57421875,-14.16015625,-78.125,0.0
236.79296875,41.015625,-24.4140625,-39.55078125,-10.25390625
236.796875,46.38671875,-31.25,1.46484375,-28.3203125
236.80078125,69.3359375,-13.671875,15.13671875,-16.11328125
236.8046875,51.7578125,-16.6015625,3.90625,-3.90625
236.80859375,43.9453125,-36.62109375,-0.9765625,-0.9765625
236.8125,104.4921875,-39.55078125,0.48828125,-19.04296875
236.81640625,127.44140625,-21.97265625,-17.578125,15.13671875
236.8203125,104.98046875,-13.18359375,-49.31640625,23.92578125
236.82421875,55.17578125,-19.04296875,-52.24609375,-15.13671875
236.828125,46.875,-25.390625,-32.71484375,-42.48046875
236.83203125,55.17578125,-18.5546875,-19.53125,-3.90625
236.8359375,48.828125,-12.20703125,-30.2734375,-30.2734375
236.83984375,29.296875,-6.8359375,-39.55078125,-105.95703125
236.84375,52.734375,-3.41796875,-37.109375,-78.125
236.84765625,57.12890625,-10.7421875,-47.8515625,-74.21875
236.8515625,41.50390625,-10.25390625,-65.4296875,-86.9140625
236.85546875,19.04296875,4.8828125,-62.5,-61.03515625
236.859375,28.80859375,13.18359375,-64.453125,-46.875
236.86328125,54.6875,-0.48828125,-75.1953125,-73.2421875
236.8671875,74.21875,-3.41796875,-84.9609375,-57.12890625
236.87109375,82.51953125,0.0,-84.47265625,-58.59375
236.875,66.89453125,-3.41796875,-85.9375,-98.6328125
236.87890625,63.96484375,9.27734375,-101.07421875,-90.8203125
236.8828125,59.5703125,18.5546875,-98.14453125,-80.56640625
236.88671875,57.6171875,19.04296875,-88.37890625,-80.56640625
236.890625,61.5234375,23.92578125,-75.68359375,-72.75390625
236.89453125,63.96484375,16.6015625,-80.56640625,-72.75390625
236.8984375,54.6875,2.44140625,-82.51953125,-62.01171875
236.90234375,47.8515625,0.9765625,-79.58984375,-52.734375
236.90625,67.3828125,-0.48828125,-97.16796875,-43.45703125
236.91015625,63.96484375,3.90625,-83.984375,-19.53125
236.9140625,51.26953125,8.7890625,-62.01171875,-41.015625
236.91796875,69.82421875,11.23046875,-64.453125,-61.5234375
236.921875,61.03515625,8.30078125,-62.01171875,-36.62109375
236.92578125,35.64453125,9.765625,-52.24609375,-41.9921875
236.9296875,41.9921875,6.8359375,-50.78125,-51.7578125
236.93359375,53.22265625,4.39453125,-59.08203125,-50.29296875
236.9375,39.55078125,3.90625,-57.6171875,-57.12890625
236.94140625,86.9140625,-10.25390625,-56.15234375,-28.80859375
236.9453125,77.63671875,-14.6484375,-54.6875,-20.99609375
236.94921875,45.8984375,-4.39453125,-53.7109375,-36.1328125
236.953125,53.22265625,7.32421875,-61.5234375,-9.27734375
236.95703125,41.50390625,15.625,-67.87109375,16.11328125
236.9609375,44.43359375,3.90625,-54.6875,-3.41796875
236.96484375,55.17578125,-8.7890625,-46.875,-34.66796875
236.96875,27.34375,-5.859375,-37.59765625,-45.8984375
236.97265625,30.2734375,3.41796875,-32.2265625,-52.24609375
236.9765625,58.59375,4.8828125,-44.43359375,-37.59765625
236.98046875,38.57421875,-5.859375,-41.9921875,-11.23046875
236.984375,52.24609375,-9.765625,-37.109375,-20.5078125
236.98828125,86.9140625,-11.71875,-53.7109375,-42.96875
236.9921875,70.3125,-10.7421875,-55.17578125,-14.6484375
236.99609375,56.15234375,-4.8828125,-41.50390625,-20.5078125
237.0,40.0390625,-8.7890625,-43.9453125,-33.203125
237.00390625,34.1796875,-26.3671875,-40.52734375,-2.44140625
237.0078125,71.77734375,-22.94921875,-38.57421875,-2.44140625
237.01171875,53.22265625,-10.25390625,-40.0390625,-10.7421875
237.015625,36.62109375,-21.484375,-36.1328125,-4.39453125
237.01953125,39.55078125,-28.3203125,-30.76171875,-5.859375
237.0234375,57.12890625,-20.99609375,-42.48046875,3.90625
237.02734375,72.75390625,-11.23046875,-59.08203125,3.90625
237.03125,62.5,4.39453125,-34.1796875,48.828125
237.03515625,28.3203125,6.8359375,-10.25390625,30.2734375
237.0390625,14.16015625,1.953125,-15.625,-16.11328125
237.04296875,37.109375,-8.30078125,-28.80859375,-41.50390625
237.046875,23.4375,-12.20703125,-27.83203125,-25.87890625
237.05078125,14.16015625,-10.25390625,-23.92578125,-10.7421875
237.0546875,-2.44140625,-10.7421875,-32.2265625,-30.2734375
237.05859375,-15.625,-20.01953125,-34.1796875,-33.203125
237.0625,29.78515625,-26.3671875,-37.59765625,-16.6015625
237.06640625,29.296875,-25.87890625,-47.36328125,-15.625
237.0703125,33.69140625,-20.01953125,-36.62109375,-0.9765625
237.07421875,48.828125,-12.20703125,-21.97265625,17.08984375
237.078125,52.734375,-10.7421875,-27.34375,-8.7890625
237.08203125,54.6875,-16.6015625,-22.4609375,-26.85546875
237.0859375,47.36328125,-20.5078125,-20.99609375,-11.23046875
237.08984375,61.5234375,-19.04296875,-20.5078125,11.23046875
237.09375,86.9140625,-23.92578125,-16.11328125,1.46484375
237.09765625,70.3125,-20.01953125,-30.76171875,-13.671875
237.1015625,49.8046875,-14.16015625,-31.73828125,-29.296875
237.10546875,51.7578125,-15.13671875,-13.18359375,-36.62109375
237.109375,81.0546875,-10.7421875,-6.34765625,1.953125
237.11328125,94.7265625,-23.4375,-9.27734375,9.765625
237.1171875,60.546875,-24.4140625,-11.71875,7.8125
237.12109375,29.78515625,-20.01953125,-20.01953125,28.3203125
237.125,66.40625,-24.90234375,-17.578125,14.6484375
237.12890625,76.171875,-27.34375,-15.13671875,-16.11328125
237.1328125,60.546875,-28.3203125,-17.578125,-27.34375
237.13671875,38.57421875,-22.4609375,-16.6015625,-26.3671875
237.140625,5.859375,-27.34375,-15.625,-13.671875
237.14453125,39.0625,-26.85546875,-9.27734375,0.9765625
237.1484375,81.54296875,-20.01953125,-27.34375,25.390625
237.15234375,53.22265625,-24.90234375,-33.69140625,-3.90625
237.15625,27.83203125,-27.34375,-21.484375,-50.29296875
237.16015625,24.90234375,-14.16015625,-20.99609375,-34.66796875
237.1640625,50.78125,-4.39453125,-26.85546875,-4.8828125
237.16796875,37.59765625,-6.8359375,-32.2265625,-4.8828125
237.171875,10.25390625,-13.18359375,-28.80859375,-17.578125
237.17578125,41.015625,-19.53125,-22.4609375,-19.53125
237.1796875,26.85546875,-29.78515625,-23.92578125,1.953125
237.18359375,12.6953125,-40.52734375,-41.50390625,-10.7421875
237.1875,24.90234375,-40.0390625,-44.921875,-25.87890625
237.19140625,29.296875,-27.83203125,-37.109375,-31.73828125
237.1953125,47.8515625,-18.5546875,-36.1328125,-41.015625
237.19921875,64.453125,-15.625,-35.15625,-20.01953125
237.203125,44.921875,-21.484375,-29.78515625,-17.578125
237.20703125,58.10546875,-20.01953125,-24.90234375,6.8359375
237.2109375,83.49609375,-23.4375,-28.80859375,18.06640625
237.21484375,52.734375,-33.203125,-26.85546875,-17.08984375
237.21875,26.85546875,-29.296875,-26.3671875,-48.33984375
237.22265625,29.78515625,-27.34375,-28.3203125,-47.8515625
237.2265625,32.2265625,-18.5546875,-27.83203125,-6.8359375
237.23046875,20.99609375,-5.859375,-33.203125,1.46484375
237.234375,17.578125,-12.20703125,-37.59765625,8.30078125
237.23828125,10.25390625,-17.578125,-35.15625,-1.46484375
237.2421875,-9.27734375,-13.671875,-38.57421875,8.30078125
237.24609375,-38.0859375,-30.76171875,-36.1328125,14.16015625
237.25,-51.26953125,-31.25,-34.1796875,-47.8515625
237.25390625,-58.59375,-13.671875,-25.87890625,-49.31640625
237.2578125,-50.29296875,-14.6484375,-20.99609375,-8.30078125
237.26171875,-37.59765625,-7.32421875,-29.296875,-11.23046875
237.265625,-28.80859375,-2.9296875,-33.203125,-28.3203125
237.26953125,-27.34375,-13.18359375,-22.94921875,-8.30078125
237.2734375,-43.45703125,-23.92578125,-21.484375,16.6015625
237.27734375,-31.73828125,-35.64453125,-28.3203125,22.4609375
237.28125,-26.3671875,-35.64453125,-21.484375,-8.7890625
237.28515625,-29.296875,-39.0625,-11.23046875,-29.296875
237.2890625,-30.76171875,-32.2265625,-29.296875,-30.76171875
237.29296875,-40.52734375,-5.859375,-39.55078125,-12.20703125
237.296875,-39.0625,-6.34765625,-30.2734375,-16.11328125
237.30078125,-19.53125,-16.6015625,-20.01953125,-10.7421875
237.3046875,-18.5546875,-21.484375,-18.5546875,-12.20703125
237.30859375,-14.16015625,-26.85546875,-19.53125,3.90625
237.3125,8.7890625,-35.15625,-12.20703125,84.9609375
237.31640625,12.6953125,-28.80859375,-21.484375,48.828125
237.3203125,-11.71875,-5.859375,-31.25,-6.8359375
237.32421875,-9.765625,-4.8828125,-29.78515625,-18.06640625
237.328125,-19.53125,-20.5078125,-17.578125,-23.4375
237.33203125,-57.6171875,-20.01953125,-7.8125,-32.2265625
237.3359375,-41.015625,-13.18359375,-11.71875,-20.01953125
237.33984375,-28.3203125,-15.13671875,-27.34375,1.953125
237.34375,-25.87890625,-13.18359375,-40.52734375,-4.39453125
237.34765625,2.9296875,-16.6015625,-26.3671875,-11.23046875
237.3515625,-7.8125,-36.1328125,-16.6015625,8.7890625
237.35546875,-5.37109375,-35.15625,-16.11328125,11.23046875
237.359375,25.390625,-20.01953125,-20.01953125,-13.18359375
237.36328125,20.5078125,-14.6484375,-23.4375,-8.30078125
237.3671875,7.8125,-15.625,-24.4140625,-19.53125
237.37109375,24.4140625,-16.6015625,-36.1328125,-31.25
237.375,42.96875,-19.53125,-43.9453125,-10.25390625
237.37890625,60.05859375,-15.13671875,-34.66796875,7.8125
237.3828125,29.78515625,-22.4609375,-26.3671875,1.46484375
237.38671875,1.953125,-32.2265625,-18.5546875,-18.5546875
237.390625,33.203125,-36.62109375,-13.18359375,-3.90625
237.39453125,51.26953125,-35.64453125,-22.4609375,-0.48828125
237.3984375,42.48046875,-20.01953125,-34.66796875,-14.16015625
237.40234375,34.66796875,-14.6484375,-47.36328125,-8.7890625
237.40625,12.20703125,-18.5546875,-39.55078125,-10.7421875
237.41015625,4.39453125,-15.625,-27.34375,9.765625
237.4140625,-1.953125,-16.6015625,-27.83203125,-11.23046875
237.41796875,-12.20703125,-20.01953125,-24.90234375,-18.5546875
237.421875,3.41796875,-19.04296875,-21.97265625,10.25390625
237.42578125,-11.23046875,-25.87890625,-27.83203125,-10.7421875
237.4296875,-25.390625,-36.62109375,-25.390625,-26.3671875
237.43359375,5.859375,-38.57421875,-20.01953125,-11.71875
237.4375,17.578125,-32.71484375,-13.671875,-20.5078125
237.44140625,-7.32421875,-18.5546875,-15.13671875,11.71875
237.4453125,-40.52734375,-12.6953125,-31.25,20.99609375
237.44921875,-46.38671875,-19.53125,-30.2734375,-7.8125
237.453125,-15.625,-25.87890625,-12.6953125,-16.6015625
237.45703125,-3.90625,-24.90234375,6.8359375,-15.625
237.4609375,-3.90625,-18.5546875,12.20703125,9.765625
237.46484375,1.953125,-17.578125,-0.9765625,-10.25390625
237.46875,28.80859375,-17.578125,-1.953125,-44.43359375
237.47265625,31.25,-10.25390625,-0.48828125,-12.20703125
237.4765625,24.4140625,-7.8125,-3.41796875,-26.3671875
237.48046875,11.71875,-16.6015625,-0.9765625,-45.8984375
237.484375,41.015625,-21.97265625,-8.7890625,-35.64453125
237.48828125,58.59375,-19.04296875,-23.4375,-62.5
237.4921875,20.99609375,-14.6484375,-20.01953125,-68.359375
237.49609375,-9.765625,-15.13671875,-19.04296875,-60.546875
237.5,0.9765625,-7.8125,-48.828125,-60.05859375
237.50390625,-6.8359375,-3.41796875,-52.24609375,-59.08203125
237.5078125,-19.04296875,-20.5078125,-16.11328125,-77.1484375
237.51171875,-53.7109375,-30.76171875,-3.41796875,-115.234375
237.515625,-73.2421875,-31.25,-9.765625,-147.4609375
237.51953125,-78.125,-31.25,-5.859375,-142.578125
237.5234375,-84.9609375,-31.25,-8.7890625,-124.51171875
237.52734375,-90.33203125,-44.43359375,-20.01953125,-145.99609375
237.53125,-90.8203125,-43.9453125,-8.30078125,-162.59765625
237.53515625,-97.16796875,-38.57421875,-3.41796875,-139.6484375
237.5390625,-88.37890625,-39.0625,6.34765625,-98.14453125
237.54296875,-54.6875,-33.203125,18.06640625,-98.14453125
237.546875,-68.84765625,-32.2265625,5.859375,-102.5390625
237.55078125,-97.16796875,-31.73828125,22.94921875,-79.58984375
237.5546875,-79.1015625,-49.31640625,39.0625,-82.51953125
237.55859375,-37.109375,-70.3125,49.8046875,-93.26171875
237.5625,-15.13671875,-53.22265625,54.6875,-57.12890625
237.56640625,-9.765625,-35.15625,33.69140625,-40.52734375
237.5703125,-17.578125,-44.921875,19.53125,-52.734375
237.57421875,-31.25,-36.1328125,20.01953125,-24.4140625
237.578125,0.48828125,-23.92578125,13.671875,-25.390625
237.58203125,6.34765625,-35.15625,21.484375,-32.2265625
237.5859375,26.3671875,-44.921875,20.99609375,22.4609375
237.58984375,48.33984375,-50.78125,1.46484375,28.80859375
237.59375,19.53125,-39.55078125,-8.30078125,-2.9296875
237.59765625,-0.9765625,-25.390625,-9.765625,20.99609375
237.6015625,9.27734375,-27.34375,10.7421875,19.53125
237.60546875,13.671875,-32.2265625,24.90234375,-3.41796875
237.609375,16.6015625,-33.203125,15.13671875,1.46484375
237.61328125,26.85546875,-29.296875,10.25390625,22.94921875
237.6171875,39.55078125,-20.5078125,3.90625,38.57421875
237.62109375,62.01171875,-20.01953125,2.44140625,21.484375
237.625,51.7578125,-20.5078125,5.37109375,36.62109375
237.62890625,51.7578125,-31.73828125,3.41796875,61.03515625
237.6328125,56.640625,-43.45703125,9.765625,56.15234375
237.63671875,14.16015625,-31.73828125,-0.48828125,38.0859375
237.640625,25.87890625,-27.34375,-14.16015625,23.4375
237.64453125,62.98828125,-22.4609375,-6.8359375,15.625
237.6484375,46.875,-16.11328125,-5.37109375,21.97265625
237.65234375,25.87890625,-20.99609375,0.9765625,36.1328125
237.65625,24.90234375,-26.85546875,-3.90625,61.5234375
237.66015625,57.6171875,-27.34375,0.9765625,59.08203125
237.6640625,71.2890625,-24.4140625,13.18359375,60.546875
237.66796875,49.8046875,-25.87890625,9.27734375,56.640625
237.671875,55.17578125,-17.08984375,-14.16015625,45.41015625
237.67578125,83.984375,-16.6015625,-29.296875,42.96875
237.6796875,74.21875,-27.34375,-9.27734375,39.0625
237.68359375,34.1796875,-32.2265625,-4.39453125,31.25
237.6875,22.4609375,-36.1328125,-13.671875,15.625
237.69140625,37.109375,-29.296875,-16.11328125,32.2265625
237.6953125,42.48046875,-15.625,-14.6484375,59.08203125
237.69921875,59.08203125,-10.7421875,-13.671875,45.41015625
237.703125,77.1484375,-15.13671875,-24.90234375,29.296875
237.70703125,52.734375,-21.97265625,-26.85546875,47.36328125
237.7109375,20.99609375,-25.390625,-19.04296875,39.55078125
237.71484375,16.11328125,-31.73828125,-18.06640625,12.20703125
237.71875,41.9921875,-34.66796875,-17.578125,14.16015625
237.72265625,36.1328125,-26.85546875,-20.01953125,29.78515625
237.7265625,25.87890625,-21.97265625,-24.4140625,36.62109375
237.73046875,40.0390625,-25.390625,-18.06640625,7.8125
237.734375,19.53125,-29.296875,-14.16015625,20.5078125
237.73828125,13.18359375,-31.25,-12.6953125,51.26953125
237.7421875,46.38671875,-35.64453125,-1.953125,56.640625
237.74609375,60.546875,-30.76171875,-6.34765625,44.43359375
237.75,17.578125,-19.04296875,-4.8828125,27.83203125
237.75390625,5.859375,-12.6953125,-9.27734375,25.87890625
237.7578125,38.0859375,-8.30078125,-18.5546875,28.80859375
237.76171875,36.62109375,-6.8359375,-16.6015625,22.4609375
237.765625,29.78515625,-8.30078125,-28.3203125,34.1796875
237.76953125,29.296875,-15.625,-43.45703125,29.78515625
237.7734375,15.625,-33.69140625,-34.1796875,20.01953125
237.77734375,3.90625,-38.57421875,-16.11328125,27.34375
237.78125,17.578125,-19.53125,-8.30078125,-16.11328125
237.78515625,21.97265625,-12.20703125,-17.578125,-12.20703125
237.7890625,14.6484375,-20.01953125,-22.94921875,21.97265625
237.79296875,27.34375,-20.99609375,-16.6015625,13.18359375
237.796875,32.2265625,-15.625,-21.484375,4.8828125
237.80078125,21.97265625,-10.7421875,-18.5546875,15.625
237.8046875,27.83203125,-7.8125,-20.99609375,-0.9765625
237.80859375,18.06640625,-8.30078125,-31.73828125,-11.71875
237.8125,1.953125,-3.41796875,-32.71484375,10.25390625
237.81640625,-0.48828125,-5.859375,-29.296875,45.41015625
237.8203125,-6.34765625,-22.4609375,-15.625,38.57421875
237.82421875,-0.48828125,-20.01953125,-8.7890625,-11.71875
237.828125,9.27734375,-16.6015625,-13.18359375,-37.109375
237.83203125,5.37109375,-23.4375,-27.34375,-12.6953125
237.8359375,27.83203125,-24.4140625,-35.64453125,7.32421875
237.83984375,6.8359375,-16.11328125,-30.76171875,-27.34375
237.84375,-2.44140625,-7.8125,-30.76171875,-33.69140625
237.84765625,14.16015625,-23.92578125,-27.83203125,-25.390625
237.8515625,-10.25390625,-27.83203125,-17.08984375,-44.921875
237.85546875,-15.625,-11.23046875,-19.04296875,-27.34375
237.859375,0.0,-10.25390625,-13.671875,-3.90625
237.86328125,0.0,-16.6015625,-3.41796875,11.71875
237.8671875,-25.87890625,-13.18359375,-23.92578125,-5.37109375
237.87109375,-36.1328125,-11.71875,-34.1796875,-7.32421875
237.875,-18.06640625,-20.5078125,-14.16015625,-4.8828125
237.87890625,-20.01953125,-21.97265625,-1.46484375,-39.0625
237.8828125,-17.08984375,-22.4609375,-1.953125,-26.85546875
237.88671875,-25.390625,-32.71484375,0.9765625,-40.52734375
237.890625,-62.5,-35.64453125,-5.859375,-89.84375
237.89453125,-77.63671875,-27.34375,-32.71484375,-68.84765625
237.8984375,-55.17578125,-28.80859375,-29.296875,-73.2421875
237.90234375,-65.4296875,-39.55078125,-5.37109375,-124.51171875
237.90625,-137.6953125,-41.9921875,-13.671875,-140.13671875
237.91015625,-124.0234375,-38.57421875,-20.01953125,-166.50390625
237.9140625,-131.8359375,-40.0390625,-2.44140625,-175.29296875
237.91796875,-157.2265625,-30.2734375,-12.6953125,-157.71484375
237.921875,-137.20703125,-28.80859375,-39.0625,-165.0390625
237.92578125,-146.484375,-37.59765625,-39.55078125,-185.546875
237.9296875,-155.2734375,-25.390625,-35.15625,-145.99609375
237.93359375,-122.0703125,-17.578125,-50.29296875,-132.32421875
237.9375,-55.6640625,-24.4140625,-72.265625,-167.48046875
237.94140625,-49.31640625,-25.87890625,-49.8046875,-140.13671875
237.9453125,-52.734375,-18.06640625,-41.50390625,-105.95703125
237.94921875,-32.71484375,-8.30078125,-29.296875,-86.9140625
237.953125,-50.78125,15.13671875,-31.25,-71.77734375
237.95703125,-45.8984375,26.85546875,-46.875,-72.265625
237.9609375,-15.625,20.5078125,-36.62109375,-67.87109375
237.96484375,0.0,16.11328125,-32.71484375,-41.015625
237.96875,5.37109375,10.25390625,-30.76171875,-31.73828125
237.97265625,9.765625,0.0,-34.66796875,-16.11328125
237.9765625,26.85546875,-4.8828125,-51.7578125,-17.578125
237.98046875,38.0859375,-5.37109375,-54.6875,-13.671875
237.984375,47.36328125,-12.20703125,-38.0859375,14.6484375
237.98828125,51.7578125,-7.32421875,-38.57421875,-5.859375
237.9921875,40.52734375,-4.39453125,-39.0625,24.4140625
237.99609375,61.5234375,-3.41796875,-16.6015625,51.7578125
238.0,62.01171875,-4.39453125,-11.23046875,-8.30078125
238.00390625,31.25,-4.8828125,-19.04296875,12.20703125
238.0078125,19.04296875,-2.9296875,-23.4375,30.76171875
238.01171875,54.6875,-7.8125,-23.92578125,3.90625
238.015625,68.359375,-5.859375,-24.90234375,36.1328125
238.01953125,29.296875,-8.7890625,-25.87890625,41.9921875
238.0234375,26.3671875,-14.6484375,-17.578125,9.27734375
238.02734375,35.15625,-10.25390625,-13.18359375,-2.9296875
238.03125,26.85546875,0.48828125,-12.20703125,22.94921875
238.03515625,29.296875,0.48828125,-13.671875,44.921875
238.0390625,48.828125,-6.8359375,-19.53125,22.94921875
238.04296875,62.01171875,-20.01953125,-18.06640625,35.15625
238.046875,61.03515625,-26.85546875,-15.625,79.1015625
238.05078125,56.15234375,-6.8359375,-30.76171875,65.4296875
238.0546875,22.94921875,5.859375,-37.109375,29.78515625
238.05859375,9.27734375,2.9296875,-28.3203125,27.34375
238.0625,14.6484375,-4.8828125,-17.08984375,-15.625
238.06640625,37.109375,-11.71875,-18.5546875,-8.7890625
238.0703125,31.25,-15.625,-26.85546875,40.52734375
238.07421875,37.59765625,-10.7421875,-23.4375,45.41015625
238.078125,57.6171875,-15.13671875,-20.01953125,57.6171875
238.08203125,21.97265625,-28.80859375,-25.390625,-2.9296875
238.0859375,16.11328125,-26.3671875,-19.04296875,2.9296875
238.08984375,70.80078125,-8.7890625,-13.18359375,53.7109375
238.09375,57.12890625,-6.8359375,-19.04296875,66.40625
238.09765625,24.90234375,-22.94921875,-5.37109375,47.36328125
238.1015625,28.3203125,-30.76171875,1.953125,-0.48828125
238.10546875,-5.859375,-18.5546875,0.9765625,8.30078125
238.109375,20.01953125,6.34765625,-6.8359375,35.15625
238.11328125,87.890625,1.46484375,-8.7890625,43.45703125
238.1171875,26.3671875,-27.34375,3.90625,39.0625
238.12109375,-26.3671875,-24.90234375,-4.39453125,43.9453125
238.125,4.39453125,-6.34765625,-13.671875,33.203125
238.12890625,30.76171875,-3.90625,-15.625,19.04296875
238.1328125,26.3671875,-11.71875,-16.6015625,12.20703125
238.13671875,-2.9296875,-14.6484375,-16.11328125,17.578125
238.140625,-17.578125,-21.97265625,-11.71875,21.484375
238.14453125,-12.6953125,-29.78515625,-7.8125,10.25390625
238.1484375,-6.34765625,-30.76171875,-8.30078125,-13.671875
238.15234375,-2.9296875,-27.34375,-11.23046875,16.6015625
238.15625,7.32421875,-33.203125,-26.85546875,21.97265625
238.16015625,16.6015625,-41.015625,-33.69140625,-30.2734375
238.1640625,-8.7890625,-41.9921875,-34.1796875,-42.48046875
238.16796875,-25.87890625,-35.64453125,-22.4609375,-19.53125
238.171875,-2.9296875,-22.4609375,-12.20703125,-26.3671875
238.17578125,-20.01953125,-31.25,-18.06640625,-29.296875
238.1796875,-22.94921875,-41.50390625,-21.484375,-35.15625
238.18359375,-4.39453125,-40.0390625,-21.484375,-20.01953125
238.1875,-39.0625,-32.2265625,-20.01953125,1.953125
238.19140625,-20.5078125,-23.92578125,-18.5546875,1.46484375
238.1953125,-24.4140625,-36.1328125,-14.6484375,2.9296875
238.19921875,-40.0390625,-43.45703125,-38.0859375,-37.59765625
238.203125,-13.18359375,-35.64453125,-51.7578125,-58.10546875
238.20703125,6.34765625,-28.3203125,-27.83203125,-39.0625
238.2109375,-8.30078125,-37.59765625,-17.578125,-28.3203125
238.21484375,9.27734375,-48.33984375,-10.25390625,-24.4140625
238.21875,20.99609375,-42.48046875,-9.27734375,-24.90234375
238.22265625,-12.6953125,-32.71484375,-20.5078125,-36.62109375
238.2265625,0.48828125,-23.92578125,-31.73828125,-27.34375
238.23046875,20.5078125,-25.87890625,-35.64453125,-34.66796875
238.234375,-4.8828125,-37.109375,-29.78515625,-9.27734375
238.23828125,-0.9765625,-27.83203125,-22.94921875,0.0
238.2421875,-0.9765625,-20.01953125,-20.99609375,-11.71875
238.24609375,11.71875,-15.625,-16.6015625,17.08984375
238.25,20.99609375,-10.25390625,-25.87890625,43.45703125
238.25390625,30.2734375,-18.06640625,-24.4140625,-0.9765625
238.2578125,16.6015625,-21.97265625,-14.16015625,-27.83203125
238.26171875,-1.953125,-20.01953125,-12.6953125,-15.13671875
238.265625,1.46484375,-23.4375,-19.04296875,-25.87890625
238.26953125,-6.8359375,-28.3203125,-24.90234375,-5.37109375
238.2734375,4.8828125,-28.3203125,-17.578125,20.5078125
238.27734375,10.7421875,-22.4609375,-14.6484375,-14.16015625
238.28125,-27.34375,-15.13671875,-8.30078125,-33.203125
238.28515625,-9.765625,-8.7890625,-10.7421875,-36.62109375
238.2890625,4.8828125,-7.32421875,-26.85546875,-6.34765625
238.29296875,-5.859375,-19.04296875,-21.484375,39.0625
238.296875,-5.37109375,-32.71484375,-20.5078125,10.25390625
238.30078125,6.8359375,-25.390625,-21.97265625,5.37109375
238.3046875,38.57421875,-29.78515625,-12.20703125,32.2265625
238.30859375,35.15625,-41.015625,-4.8828125,15.625
238.3125,20.5078125,-37.59765625,-9.765625,5.37109375
238.31640625,5.859375,-32.2265625,-27.83203125,-21.484375
238.3203125,-18.06640625,-33.203125,-33.69140625,-50.78125
238.32421875,-17.08984375,-33.203125,-31.25,-41.015625
238.328125,-37.59765625,-30.76171875,-29.78515625,-20.01953125
238.33203125,-21.484375,-30.2734375,-20.5078125,-10.7421875
238.3359375,0.9765625,-24.90234375,-13.671875,-11.23046875
238.33984375,10.25390625,-20.99609375,-7.8125,-19.04296875
238.34375,9.765625,-26.85546875,-11.23046875,-11.71875
238.34765625,-24.90234375,-23.4375,-14.6484375,-5.859375
238.3515625,-18.06640625,-19.04296875,2.44140625,-12.6953125
238.35546875,11.23046875,-20.5078125,14.16015625,6.34765625
238.359375,25.390625,-26.3671875,1.953125,36.1328125
238.36328125,20.01953125,-36.62109375,-15.13671875,15.625
238.3671875,-13.671875,-26.85546875,-10.7421875,-4.39453125
238.37109375,-3.41796875,-29.296875,-3.41796875,-18.5546875
238.375,0.48828125,-41.015625,-2.9296875,-8.7890625
238.37890625,-23.4375,-29.296875,-7.8125,0.0
238.3828125,-24.90234375,-23.4375,-13.18359375,3.90625
238.38671875,7.32421875,-31.25,-10.7421875,0.0
238.390625,-5.859375,-28.80859375,-17.578125,-4.8828125
238.39453125,8.7890625,-23.92578125,-15.625,8.7890625
238.3984375,0.48828125,-25.87890625,-16.6015625,-7.32421875
238.40234375,-14.6484375,-31.73828125,-31.25,-16.6015625
238.40625,16.6015625,-27.83203125,-28.3203125,31.25
238.41015625,-9.27734375,-25.87890625,-25.390625,22.94921875
238.4140625,-27.83203125,-28.3203125,-18.06640625,-20.01953125
238.41796875,-11.71875,-27.34375,-7.8125,-1.953125
238.421875,3.41796875,-18.5546875,-19.04296875,11.23046875
238.42578125,-4.8828125,-8.30078125,-37.109375,0.9765625
238.4296875,3.41796875,-11.71875,-42.48046875,0.0
238.43359375,16.6015625,-25.87890625,-29.296875,-29.78515625
238.4375,-14.6484375,-30.2734375,-20.01953125,-22.4609375
238.44140625,-7.32421875,-24.4140625,-26.3671875,-9.27734375
238.4453125,4.8828125,-16.11328125,-29.296875,3.90625
238.44921875,-9.27734375,-5.37109375,-31.25,3.90625
238.453125,-24.90234375,-0.48828125,-30.76171875,-34.1796875
238.45703125,-11.23046875,-2.9296875,-31.25,-35.15625
238.4609375,2.9296875,-8.7890625,-46.38671875,-1.953125
238.46484375,2.44140625,-18.5546875,-65.91796875,22.4609375
238.46875,0.0,-15.13671875,-54.6875,21.484375
238.47265625,33.203125,-11.71875,-50.78125,21.97265625
238.4765625,36.1328125,-19.04296875,-36.1328125,17.08984375
238.48046875,24.4140625,-16.11328125,-20.99609375,23.92578125
238.484375,29.296875,-5.37109375,-28.80859375,41.015625
238.48828125,11.71875,-8.30078125,-35.15625,6.8359375
238.4921875,-3.90625,-20.5078125,-37.109375,-34.1796875
238.49609375,-5.37109375,-20.99609375,-33.69140625,-7.8125
238.5,-4.8828125,-6.8359375,-32.2265625,-12.6953125
238.50390625,-19.04296875,-3.41796875,-31.73828125,-39.0625
238.5078125,12.20703125,-6.8359375,-25.87890625,-19.04296875
238.51171875,39.55078125,-10.7421875,-14.6484375,-20.01953125
238.515625,40.0390625,-5.37109375,-31.25,-2.44140625
238.51953125,44.43359375,-0.9765625,-50.29296875,32.71484375
238.5234375,25.390625,-17.08984375,-36.1328125,25.87890625
238.52734375,20.5078125,-29.78515625,-20.5078125,25.87890625
238.53125,41.9921875,-17.578125,-19.04296875,16.11328125
238.53515625,0.0,-18.06640625,-18.06640625,-37.59765625
238.5390625,-3.41796875,-36.1328125,-8.7890625,-24.90234375
238.54296875,22.94921875,-29.78515625,-21.484375,-19.04296875
238.546875,0.9765625,-15.13671875,-36.1328125,-45.41015625
238.55078125,19.53125,-11.23046875,-26.3671875,0.48828125
238.5546875,2.44140625,-4.8828125,-34.66796875,41.50390625
238.55859375,-13.671875,-6.34765625,-55.6640625,-15.13671875
238.5625,22.94921875,-16.6015625,-45.8984375,-0.9765625
238.56640625,20.99609375,-24.4140625,-32.71484375,54.19921875
238.5703125,-17.578125,-19.53125,-50.29296875,10.25390625
238.57421875,-28.80859375,-6.34765625,-51.26953125,-27.34375
238.578125,21.97265625,-5.37109375,-41.015625,-33.203125
238.58203125,16.6015625,-11.71875,-44.921875,-25.87890625
238.5859375,-19.04296875,-24.90234375,-44.921875,-21.484375
238.58984375,-25.390625,-28.3203125,-40.52734375,-20.99609375
238.59375,-13.18359375,-16.6015625,-32.71484375,1.46484375
238.59765625,-15.625,-18.06640625,-52.24609375,-2.44140625
238.6015625,2.44140625,-26.3671875,-63.96484375,-13.671875
238.60546875,0.48828125,-7.8125,-51.26953125,-1.953125
238.609375,-28.3203125,-4.8828125,-50.78125,-22.94921875
238.61328125,-13.18359375,-13.18359375,-52.24609375,-29.78515625
238.6171875,10.7421875,-7.8125,-59.08203125,3.41796875
238.62109375,8.7890625,1.46484375,-61.5234375,15.625
238.625,8.30078125,0.9765625,-72.75390625,19.53125
238.62890625,-4.8828125,-18.5546875,-62.5,-2.9296875
238.6328125,-8.7890625,-26.85546875,-41.50390625,-20.01953125
238.63671875,-3.41796875,-11.23046875,-40.52734375,33.203125
238.640625,14.6484375,-9.27734375,-41.9921875,29.296875
238.64453125,42.96875,-19.53125,-48.828125,17.578125
238.6484375,-2.44140625,-19.04296875,-61.5234375,40.0390625
238.65234375,-34.66796875,-23.4375,-57.12890625,7.8125
238.65625,2.9296875,-18.5546875,-47.8515625,-8.30078125
238.66015625,-10.25390625,-23.4375,-34.66796875,4.39453125
238.6640625,-14.16015625,-29.296875,-34.1796875,-7.8125
238.66796875,6.34765625,-10.25390625,-40.52734375,-25.87890625
238.671875,-21.484375,4.39453125,-41.015625,-9.765625
238.67578125,-13.18359375,2.44140625,-38.0859375,10.7421875
238.6796875,-18.06640625,-3.41796875,-35.15625,-7.8125
238.68359375,-16.6015625,-3.41796875,-52.24609375,-25.390625
238.6875,-25.87890625,-0.9765625,-56.640625,-6.8359375
238.69140625,-39.55078125,2.44140625,-63.96484375,1.953125
238.6953125,-10.25390625,1.953125,-55.6640625,-39.55078125
238.69921875,28.3203125,-4.39453125,-34.66796875,-24.90234375
238.703125,15.13671875,-15.13671875,-49.8046875,-2.44140625
238.70703125,-21.484375,-18.06640625,-54.6875,-29.78515625
238.7109375,-29.296875,-10.7421875,-48.33984375,-18.06640625
238.71484375,-40.52734375,-2.9296875,-58.10546875,-4.39453125
238.71875,-38.57421875,-5.859375,-66.40625,-36.62109375
238.72265625,-28.3203125,-19.04296875,-61.5234375,-25.87890625
238.7265625,-4.39453125,-30.76171875,-63.4765625,-3.90625
238.73046875,-20.99609375,-34.66796875,-72.75390625,-36.1328125
238.734375,-45.41015625,-31.73828125,-78.125,-77.1484375
238.73828125,-43.45703125,-20.01953125,-79.1015625,-94.7265625
238.7421875,-98.14453125,-19.53125,-62.01171875,-71.77734375
238.74609375,-138.671875,-31.25,-63.96484375,-67.3828125
238.75,-138.671875,-53.22265625,-78.125,-178.7109375
238.75390625,-122.55859375,-50.29296875,-72.75390625,-185.546875
238.7578125,-104.98046875,-36.1328125,-74.21875,-109.86328125
238.76171875,-100.09765625,-49.8046875,-67.87109375,-70.3125
238.765625,-121.09375,-45.41015625,-70.80078125,-100.5859375
238.76953125,-135.25390625,-20.5078125,-93.26171875,-151.3671875
238.7734375,-134.765625,-14.16015625,-93.75,-162.59765625
238.77734375,-125.9765625,-38.0859375,-74.21875,-161.1328125
238.78125,-90.8203125,-62.01171875,-61.5234375,-144.53125
238.78515625,-81.54296875,-42.96875,-55.17578125,-135.25390625
238.7890625,-102.05078125,-16.6015625,-62.5,-125.48828125
238.79296875,-74.70703125,-11.23046875,-57.6171875,-75.1953125
238.796875,-60.05859375,-2.44140625,-66.40625,-99.12109375
238.80078125,-65.91796875,-13.671875,-77.63671875,-102.05078125
238.8046875,-58.59375,-37.109375,-60.05859375,-64.453125
238.80859375,-12.6953125,-38.0859375,-47.36328125,-60.05859375
238.8125,-30.76171875,-22.94921875,-53.22265625,-53.7109375
238.81640625,-62.01171875,-9.27734375,-56.640625,-39.55078125
238.8203125,-33.203125,-17.578125,-61.03515625,-23.4375
238.82421875,-19.04296875,-19.53125,-74.21875,-33.203125
238.828125,22.94921875,-12.6953125,-77.63671875,-29.296875
238.83203125,51.7578125,-30.76171875,-66.40625,-8.30078125
238.8359375,41.9921875,-38.57421875,-62.5,-0.48828125
238.83984375,45.8984375,-29.78515625,-63.96484375,-0.9765625
238.84375,40.0390625,-33.203125,-61.5234375,1.46484375
238.84765625,40.52734375,-36.1328125,-57.12890625,-1.953125
238.8515625,41.50390625,-33.203125,-49.8046875,-14.16015625
238.85546875,62.01171875,-21.484375,-61.03515625,14.6484375
238.859375,75.1953125,-18.06640625,-73.73046875,77.1484375
238.86328125,61.5234375,-24.90234375,-66.89453125,39.0625
238.8671875,47.36328125,-29.78515625,-58.10546875,0.0
238.87109375,59.5703125,-39.0625,-48.33984375,12.20703125
238.875,47.8515625,-38.0859375,-42.96875,23.92578125
238.87890625,18.06640625,-24.4140625,-39.55078125,32.2265625
238.8828125,21.97265625,-18.06640625,-50.78125,45.41015625
238.88671875,37.59765625,-5.37109375,-50.78125,51.7578125
238.890625,17.08984375,-6.34765625,-36.62109375,27.34375
238.89453125,30.2734375,-21.484375,-23.4375,19.04296875
238.8984375,63.96484375,-28.3203125,-17.578125,3.90625
238.90234375,61.03515625,-28.80859375,-28.3203125,0.9765625
238.90625,33.203125,-25.390625,-37.109375,13.671875
238.91015625,38.0859375,-20.99609375,-39.0625,-2.44140625
238.9140625,39.55078125,-19.53125,-34.66796875,-21.484375
238.91796875,32.71484375,-23.92578125,-32.71484375,7.32421875
238.921875,63.4765625,-23.4375,-42.96875,41.9921875
238.92578125,58.10546875,-22.94921875,-49.8046875,18.5546875
238.9296875,22.94921875,-18.5546875,-39.55078125,-5.37109375
238.93359375,19.53125,-17.08984375,-29.78515625,12.6953125
238.9375,9.27734375,-17.578125,-30.2734375,22.4609375
238.94140625,23.92578125,-16.11328125,-30.2734375,23.92578125
238.9453125,29.296875,-8.30078125,-34.66796875,56.640625
238.94921875,8.30078125,-18.06640625,-41.9921875,15.13671875
238.953125,-3.90625,-31.73828125,-32.2265625,-25.87890625
238.95703125,3.41796875,-29.296875,-22.94921875,-11.23046875
238.9609375,29.78515625,-32.71484375,-27.83203125,-1.953125
238.96484375,22.94921875,-32.2265625,-25.390625,20.5078125
238.96875,20.5078125,-32.2265625,-26.3671875,4.8828125
238.97265625,5.37109375,-44.43359375,-34.66796875,-13.18359375
238.9765625,14.16015625,-29.78515625,-42.48046875,31.73828125
238.98046875,34.1796875,-17.578125,-58.10546875,38.0859375
238.984375,-4.8828125,-28.80859375,-57.12890625,-7.8125
238.98828125,-13.671875,-34.66796875,-40.52734375,-20.5078125
238.9921875,-13.18359375,-25.87890625,-41.50390625,12.6953125
238.99609375,-19.53125,-21.97265625,-46.875,34.66796875
239.0,22.4609375,-22.94921875,-45.8984375,-26.85546875
239.00390625,14.6484375,-24.90234375,-42.48046875,-47.8515625
239.0078125,-4.39453125,-35.15625,-29.78515625,-28.80859375
239.01171875,9.27734375,-33.203125,-22.4609375,-4.39453125
239.015625,8.7890625,-22.4609375,-22.4609375,13.671875
239.01953125,-10.25390625,-20.01953125,-17.08984375,20.01953125
239.0234375,-13.671875,-28.3203125,-22.4609375,-9.765625
239.02734375,26.3671875,-19.53125,-28.3203125,-0.48828125
239.03125,26.3671875,-11.23046875,-28.80859375,16.11328125
239.03515625,10.7421875,-24.90234375,-20.99609375,1.46484375
239.0390625,5.859375,-30.76171875,-13.18359375,-14.6484375
239.04296875,6.8359375,-19.53125,-15.13671875,-10.25390625
239.046875,-1.953125,-11.23046875,-16.11328125,17.578125
239.05078125,2.44140625,-10.25390625,-17.578125,8.30078125
239.0546875,-16.11328125,-15.13671875,-20.01953125,1.953125
239.05859375,-36.1328125,-15.13671875,-34.1796875,7.8125
239.0625,-24.4140625,-31.73828125,-38.0859375,31.25
239.06640625,-8.7890625,-38.0859375,-26.85546875,-4.8828125
239.0703125,6.34765625,-15.625,-18.5546875,-19.53125
239.07421875,8.7890625,-9.27734375,-21.484375,-1.46484375
239.078125,-0.9765625,-16.6015625,-28.3203125,-17.578125
239.08203125,3.90625,-25.87890625,-30.76171875,-17.08984375
239.0859375,-6.8359375,-24.4140625,-31.73828125,-14.6484375
239.08984375,-2.44140625,-16.11328125,-21.484375,-16.6015625
239.09375,-9.765625,-11.23046875,-10.7421875,2.9296875
239.09765625,-7.32421875,-12.20703125,-20.01953125,-7.32421875
239.1015625,4.39453125,-18.5546875,-18.06640625,-41.015625
239.10546875,-13.671875,-18.5546875,-17.08984375,-11.71875
239.109375,8.7890625,-16.6015625,-38.57421875,21.97265625
239.11328125,-11.23046875,-24.4140625,-48.828125,3.90625
239.1171875,-26.3671875,-16.11328125,-40.0390625,-23.4375
239.12109375,-2.9296875,0.0,-11.71875,-9.27734375
239.125,-0.9765625,-9.765625,6.34765625,7.8125
239.12890625,-1.46484375,-20.99609375,4.8828125,-0.48828125
239.1328125,-13.18359375,-19.53125,4.39453125,-5.37109375
239.13671875,-12.6953125,-30.2734375,1.953125,47.36328125
239.140625,-12.20703125,-40.52734375,-11.23046875,-8.7890625
239.14453125,-12.6953125,-28.80859375,-21.484375,-46.875
239.1484375,9.765625,-13.671875,-26.3671875,-19.04296875
239.15234375,9.27734375,-8.30078125,-35.15625,-11.71875
239.15625,-17.08984375,-17.578125,-37.59765625,-18.5546875
239.16015625,13.671875,-16.6015625,-19.04296875,-5.859375
239.1640625,-28.3203125,-21.484375,-4.8828125,26.3671875
239.16796875,-46.38671875,-18.06640625,-17.578125,-2.44140625
239.171875,-0.48828125,-8.7890625,-20.01953125,-9.765625
239.17578125,-3.90625,-16.11328125,-16.11328125,1.953125
239.1796875,-1.46484375,-17.578125,-18.06640625,-0.48828125
239.18359375,-19.53125,-10.25390625,-12.6953125,12.20703125
239.1875,6.8359375,-18.06640625,-17.578125,14.6484375
239.19140625,2.9296875,-29.296875,-27.34375,-17.578125
239.1953125,-33.203125,-15.13671875,-24.4140625,3.41796875
239.19921875,-41.50390625,-6.8359375,-20.99609375,-23.4375
239.203125,-19.04296875,-11.23046875,-23.4375,-53.22265625
239.20703125,-10.25390625,-11.71875,-33.69140625,-5.37109375
239.2109375,-10.7421875,-15.625,-34.1796875,6.8359375
239.21484375,-27.34375,-19.53125,-17.08984375,-20.01953125
239.21875,-38.0859375,-16.11328125,-8.30078125,-0.9765625
239.22265625,-22.94921875,-10.7421875,-13.671875,-7.8125
239.2265625,-0.48828125,-18.06640625,-17.578125,-35.64453125
239.23046875,30.2734375,-28.3203125,-12.20703125,0.48828125
239.234375,3.90625,-25.390625,-15.13671875,2.44140625
239.23828125,-13.671875,-19.53125,-6.34765625,-7.8125
239.2421875,-4.8828125,-12.6953125,-2.9296875,-13.671875
239.24609375,-23.92578125,-6.34765625,-13.18359375,-12.6953125
239.25,-13.671875,-1.46484375,-15.625,14.16015625
239.25390625,-1.953125,-9.27734375,-7.8125,33.69140625
239.2578125,-8.7890625,-12.6953125,-7.8125,1.953125
239.26171875,-5.37109375,-9.765625,-12.20703125,-27.34375
239.265625,-18.5546875,-19.53125,-2.9296875,-42.96875
239.26953125,-13.671875,-16.6015625,0.48828125,-29.296875
239.2734375,-19.04296875,-5.37109375,-4.8828125,-1.953125
239.27734375,-24.4140625,-2.44140625,-9.27734375,-15.625
239.28125,-17.08984375,-11.23046875,-12.6953125,-23.92578125
239.28515625,-29.296875,-12.6953125,-16.6015625,6.34765625
239.2890625,-37.59765625,-6.8359375,-36.62109375,30.76171875
239.29296875,-50.29296875,-7.8125,-27.34375,0.0
239.296875,-26.85546875,-10.25390625,2.9296875,-14.6484375
239.30078125,6.34765625,-20.99609375,1.46484375,-16.6015625
239.3046875,-2.9296875,-15.13671875,-10.25390625,-25.87890625
239.30859375,-11.71875,0.0,-14.16015625,-20.01953125
239.3125,-4.8828125,-20.99609375,-8.7890625,-4.39453125
239.31640625,-11.71875,-17.08984375,-15.13671875,-17.578125
239.3203125,-40.52734375,-1.46484375,-27.83203125,-39.55078125
239.32421875,-40.0390625,-6.34765625,-16.11328125,-11.71875
239.328125,-37.109375,-10.25390625,-0.9765625,-11.23046875
239.33203125,-62.5,-6.8359375,8.30078125,-26.3671875
239.3359375,-44.43359375,-14.6484375,22.94921875,-8.7890625
239.33984375,-13.18359375,-23.92578125,18.06640625,19.53125
239.34375,10.25390625,-7.8125,1.46484375,6.8359375
239.34765625,3.41796875,-13.18359375,10.7421875,-32.2265625
239.3515625,-42.48046875,-20.5078125,35.15625,-37.59765625
239.35546875,-52.734375,-15.13671875,31.73828125,-30.76171875
239.359375,-50.29296875,-17.578125,25.390625,-27.83203125
239.36328125,-41.9921875,-16.11328125,33.203125,-32.71484375
239.3671875,-31.73828125,-14.16015625,28.80859375,-25.390625
239.37109375,-23.92578125,-16.11328125,21.484375,-9.765625
239.375,-41.015625,-5.859375,15.13671875,-28.3203125
239.37890625,-34.1796875,-2.44140625,11.71875,-36.62109375
239.3828125,-29.78515625,-6.34765625,11.23046875,-37.109375
239.38671875,-23.4375,-8.30078125,9.27734375,-38.0859375
239.390625,-18.5546875,-10.25390625,12.20703125,-20.99609375
239.39453125,-7.8125,-12.20703125,20.5078125,-11.23046875
239.3984375,-4.39453125,-20.01953125,8.30078125,25.390625
239.40234375,6.8359375,-21.97265625,-10.25390625,52.734375
239.40625,10.25390625,-18.5546875,3.90625,12.20703125
239.41015625,11.71875,-16.11328125,25.87890625,-4.39453125
239.4140625,2.9296875,-11.23046875,29.296875,-31.73828125
239.41796875,-36.1328125,-6.8359375,28.3203125,-59.5703125
239.421875,-40.52734375,-9.27734375,24.90234375,-40.0390625
239.42578125,-5.859375,-15.13671875,9.27734375,-6.34765625
239.4296875,-5.37109375,-23.4375,-2.9296875,-7.32421875
239.43359375,-45.8984375,-21.97265625,-1.46484375,-14.16015625
239.4375,-67.87109375,-24.4140625,-5.859375,-44.43359375
239.44140625,-48.828125,-20.99609375,-5.37109375,-73.2421875
239.4453125,-55.6640625,-13.671875,-9.27734375,-49.8046875
239.44921875,-62.98828125,-20.99609375,-16.6015625,-17.578125
239.453125,-6.34765625,-28.80859375,-20.01953125,14.16015625
239.45703125,7.8125,-41.015625,-20.5078125,35.64453125
239.4609375,-23.4375,-28.80859375,-29.78515625,-6.34765625
239.46484375,-21.97265625,-5.37109375,-37.59765625,-29.296875
239.46875,-36.1328125,-11.23046875,-21.484375,6.8359375
239.47265625,-61.03515625,-14.6484375,-17.08984375,-22.4609375
239.4765625,-86.9140625,-29.78515625,-18.5546875,-90.33203125
239.48046875,-42.96875,-39.0625,-5.37109375,-64.453125
239.484375,-6.8359375,-33.203125,-4.39453125,14.6484375
239.48828125,-84.47265625,-39.0625,-8.30078125,-42.48046875
239.4921875,-100.09765625,-37.59765625,-5.859375,-68.84765625
239.49609375,-92.7734375,-29.78515625,-11.23046875,-60.546875
239.5,-74.70703125,-32.71484375,-17.08984375,-35.64453125
239.50390625,-34.66796875,-37.59765625,-10.7421875,-0.48828125
239.5078125,-29.296875,-39.55078125,-3.41796875,-15.13671875
239.51171875,-40.0390625,-45.8984375,-5.859375,-0.9765625
239.515625,-50.78125,-33.203125,-2.44140625,1.46484375
239.51953125,-45.41015625,-5.859375,-7.8125,-15.625
239.5234375,-29.78515625,1.953125,-40.52734375,3.41796875
239.52734375,-34.1796875,2.44140625,-43.45703125,13.18359375
239.53125,-49.8046875,1.953125,-22.4609375,-0.48828125
239.53515625,-47.36328125,1.46484375,-0.9765625,30.76171875
239.5390625,-22.4609375,-8.30078125,7.8125,2.9296875
239.54296875,-28.80859375,-20.5078125,13.18359375,-24.4140625
239.546875,-55.17578125,-17.578125,11.23046875,-15.13671875
239.55078125,-60.05859375,-14.6484375,7.32421875,-0.48828125
239.5546875,-56.15234375,-5.37109375,20.5078125,-10.7421875
239.55859375,-32.71484375,-4.8828125,21.484375,-22.94921875
239.5625,-13.671875,-12.6953125,17.08984375,-30.2734375
239.56640625,-5.859375,-17.578125,35.64453125,0.9765625
239.5703125,2.44140625,-29.296875,34.66796875,6.8359375
239.57421875,-21.484375,-26.85546875,21.97265625,-6.8359375
239.578125,-33.69140625,-18.06640625,25.390625,11.71875
239.58203125,-46.38671875,-18.06640625,21.97265625,-1.953125
239.5859375,-48.828125,-24.4140625,14.6484375,-7.8125
239.58984375,-43.45703125,-21.484375,8.30078125,-30.2734375
239.59375,-34.1796875,-14.16015625,7.8125,-38.57421875
239.59765625,-33.203125,1.46484375,4.39453125,1.46484375
239.6015625,-40.0390625,0.0,2.9296875,25.390625
239.60546875,-36.1328125,-13.671875,20.01953125,3.41796875
239.609375,-30.2734375,-16.6015625,22.4609375,-29.78515625
239.61328125,-29.78515625,-11.23046875,14.6484375,-14.6484375
239.6171875,-14.16015625,-16.11328125,10.7421875,-1.46484375
239.62109375,-19.04296875,-34.66796875,12.20703125,-23.4375
239.625,-75.1953125,-15.625,18.06640625,-28.80859375
239.62890625,-82.03125,-5.37109375,27.34375,-33.203125
239.6328125,-59.08203125,-17.578125,22.4609375,-52.24609375
239.63671875,-49.8046875,-18.5546875,2.44140625,-82.03125
239.640625,-23.4375,-4.39453125,-13.671875,-18.5546875
239.64453125,-14.16015625,7.32421875,-25.390625,5.37109375
239.6484375,-44.921875,-2.9296875,-7.32421875,-28.3203125
239.65234375,-54.19921875,-13.18359375,10.25390625,-37.109375
239.65625,-66.89453125,-17.578125,9.27734375,-29.78515625
239.66015625,-54.19921875,-15.625,11.23046875,-57.12890625
239.6640625,-30.2734375,-25.390625,8.30078125,-61.03515625
239.66796875,-45.8984375,-20.01953125,-6.34765625,-33.69140625
239.671875,-42.96875,-7.32421875,-16.11328125,-13.671875
239.67578125,-56.640625,-34.1796875,-6.34765625,-33.203125
239.6796875,-55.6640625,-46.38671875,1.953125,-59.08203125
239.68359375,-37.59765625,-26.85546875,-5.859375,-19.04296875
239.6875,-22.94921875,-18.06640625,-13.18359375,-13.671875
239.69140625,-64.453125,-20.01953125,-5.37109375,-43.45703125
239.6953125,-83.984375,-25.87890625,-1.46484375,-0.48828125
239.69921875,-38.0859375,-25.87890625,-14.6484375,-33.69140625
239.703125,-30.76171875,-21.97265625,-32.71484375,-56.15234375
239.70703125,-39.55078125,-21.97265625,-37.59765625,-42.96875
239.7109375,-63.4765625,-27.34375,-32.71484375,-49.8046875
239.71484375,-84.9609375,-29.296875,-18.06640625,-34.1796875
239.71875,-40.52734375,-30.2734375,-15.13671875,-70.3125
239.72265625,-33.203125,-34.1796875,-26.3671875,-46.875
239.7265625,-47.8515625,-39.0625,-23.92578125,-18.06640625
239.73046875,-34.1796875,-41.015625,-6.34765625,-21.97265625
239.734375,-41.50390625,-31.73828125,-11.71875,-26.85546875
239.73828125,-35.64453125,-19.53125,-34.66796875,-19.53125
239.7421875,-32.2265625,-20.01953125,-34.66796875,-11.23046875
239.74609375,-57.6171875,-20.5078125,-29.78515625,-40.0390625
239.75,-47.8515625,-16.11328125,-25.87890625,-40.52734375
239.75390625,-57.12890625,-13.18359375,-18.06640625,-52.24609375
239.7578125,-50.78125,-13.18359375,-6.8359375,-43.9453125
239.76171875,-23.92578125,-17.578125,3.41796875,8.7890625
239.765625,-14.16015625,-25.87890625,-10.7421875,-11.71875
239.76953125,-2.9296875,-26.85546875,-24.4140625,-31.25
239.7734375,-24.90234375,-21.97265625,-7.8125,19.53125
239.77734375,-49.8046875,-24.4140625,9.27734375,-26.3671875
239.78125,-49.8046875,-23.4375,0.0,-75.1953125
239.78515625,-66.89453125,-16.6015625,-0.48828125,-55.6640625
239.7890625,-69.3359375,-21.97265625,-4.39453125,-41.9921875
239.79296875,-35.64453125,-20.01953125,-17.578125,-28.3203125
239.796875,-28.80859375,-19.04296875,-13.18359375,-14.6484375
239.80078125,-39.55078125,-20.01953125,-10.7421875,-0.9765625
239.8046875,-44.43359375,-20.99609375,-15.625,-13.671875
239.80859375,-56.15234375,-19.04296875,-7.32421875,-27.34375
239.8125,-48.828125,-20.99609375,-1.953125,-24.90234375
239.81640625,-59.5703125,-12.20703125,-3.90625,-25.390625
239.8203125,-64.453125,0.9765625,4.39453125,-9.27734375
239.82421875,-48.828125,-0.48828125,8.7890625,-35.15625
239.828125,-27.83203125,-1.46484375,5.37109375,-17.08984375
239.83203125,-10.25390625,-6.34765625,16.11328125,-38.0859375
239.8359375,-27.34375,-20.5078125,-0.9765625,-20.99609375
239.83984375,-23.92578125,-34.66796875,-32.71484375,36.62109375
239.84375,-1.46484375,-27.34375,-18.06640625,-6.34765625
239.84765625,-26.85546875,-9.27734375,13.671875,-38.0859375
239.8515625,-88.37890625,-4.39453125,22.94921875,-47.8515625
239.85546875,-90.8203125,-6.8359375,16.6015625,-49.8046875
239.859375,-57.12890625,-5.859375,8.7890625,-17.08984375
239.86328125,-51.26953125,-3.41796875,2.9296875,-19.53125
239.8671875,-53.7109375,-3.41796875,-5.37109375,-10.7421875
239.87109375,-22.94921875,-6.34765625,-12.6953125,-0.9765625
239.875,-32.71484375,-13.671875,-7.8125,-40.0390625
239.87890625,-41.50390625,-29.78515625,0.0,-46.38671875
239.8828125,-26.3671875,-31.73828125,3.41796875,4.8828125
239.88671875,-36.62109375,-18.5546875,-1.953125,1.46484375
239.890625,-59.5703125,-16.6015625,-9.765625,-20.5078125
239.89453125,-68.359375,-13.18359375,-20.99609375,-22.94921875
239.8984375,-65.91796875,-7.32421875,-24.90234375,-28.3203125
239.90234375,-65.4296875,-16.6015625,-16.11328125,-15.625
239.90625,-59.5703125,-24.90234375,-18.06640625,-42.96875
239.91015625,-64.453125,-19.53125,-14.16015625,-46.38671875
239.9140625,-64.94140625,-25.390625,-7.32421875,-14.16015625
239.91796875,-45.8984375,-28.3203125,-18.06640625,-25.87890625
239.921875,-44.921875,-21.484375,-35.64453125,-38.57421875
239.92578125,-39.0625,-28.80859375,-27.34375,-35.64453125
239.9296875,-40.0390625,-31.25,-4.8828125,-52.734375
239.93359375,-48.828125,-29.78515625,-16.6015625,-74.21875
239.9375,-29.78515625,-21.484375,-43.9453125,-51.26953125
239.94140625,-21.484375,-16.6015625,-44.921875,-29.78515625
239.9453125,-15.625,-23.4375,-24.4140625,-33.69140625
239.94921875,-28.3203125,-34.1796875,-5.859375,-21.484375
239.953125,-51.7578125,-24.4140625,-14.16015625,-19.04296875
239.95703125,-41.015625,-11.23046875,-30.2734375,-17.08984375
239.9609375,-34.1796875,-9.765625,-20.5078125,-5.859375
239.96484375,-30.76171875,-12.20703125,-10.25390625,-38.0859375
239.96875,-48.33984375,-14.16015625,-7.8125,-48.33984375
239.97265625,-45.8984375,-12.20703125,-15.13671875,-16.6015625
239.9765625,-38.57421875,-15.625,-10.7421875,6.8359375
239.98046875,-40.52734375,-11.71875,-2.9296875,-3.90625
239.984375,-40.52734375,-12.20703125,-12.20703125,-37.59765625
239.98828125,-56.640625,-24.4140625,-7.8125,-61.03515625
239.9921875,-44.921875,-25.87890625,5.37109375,-34.1796875
239.99609375,-34.1796875,-24.4140625,14.16015625,0.48828125
240.0,-56.640625,-25.87890625,16.11328125,-12.6953125
240.00390625,-65.91796875,-16.11328125,11.23046875,-28.80859375
240.0078125,-52.734375,-10.25390625,3.90625,-26.85546875
240.01171875,-54.19921875,-18.06640625,2.9296875,-36.62109375
240.015625,-59.5703125,-21.484375,6.8359375,-44.921875
240.01953125,-46.875,-22.94921875,2.44140625,-41.50390625
240.0234375,-42.48046875,-22.94921875,0.48828125,9.765625
240.02734375,-65.91796875,-23.92578125,-4.39453125,20.01953125
240.03125,-54.19921875,-28.3203125,1.46484375,-16.11328125
240.03515625,-24.90234375,-29.296875,-12.20703125,-28.3203125
240.0390625,-38.57421875,-26.85546875,-39.0625,-41.50390625
240.04296875,-66.89453125,-21.484375,-35.15625,-29.78515625
240.046875,-66.89453125,-13.18359375,-19.04296875,-20.01953125
240.05078125,-76.66015625,-17.578125,-5.37109375,-38.0859375
240.0546875,-57.6171875,-14.16015625,2.9296875,-24.4140625
240.05859375,-63.96484375,-19.04296875,-7.8125,-21.484375
240.0625,-91.30859375,-22.94921875,-2.9296875,-33.69140625
240.06640625,-71.77734375,-20.99609375,2.44140625,-35.64453125
240.0703125,-74.70703125,-27.83203125,-10.7421875,-57.6171875
240.07421875,-66.89453125,-30.76171875,-7.8125,-33.203125
240.078125,-45.41015625,-32.2265625,-7.8125,-6.34765625
240.08203125,-50.29296875,-29.296875,-19.04296875,-41.50390625
240.0859375,-55.6640625,-30.2734375,-13.671875,-16.11328125
240.08984375,-30.2734375,-16.11328125,-12.6953125,6.34765625
240.09375,-28.80859375,-17.578125,-7.32421875,-20.01953125
240.09765625,-61.03515625,-16.6015625,15.13671875,-36.62109375
240.1015625,-58.59375,-10.25390625,14.6484375,-41.9921875
240.10546875,-63.96484375,-14.6484375,1.953125,-27.34375
240.109375,-58.59375,-11.23046875,-2.44140625,-13.18359375
240.11328125,-49.31640625,-24.4140625,-5.37109375,-9.27734375
240.1171875,-40.0390625,-38.0859375,-4.39453125,-22.94921875
240.12109375,-6.34765625,-24.4140625,-9.765625,-24.90234375
240.125,-16.6015625,-20.5078125,-13.671875,-4.8828125
240.12890625,-59.08203125,-22.4609375,-5.859375,3.90625
240.1328125,-65.4296875,-17.578125,-13.671875,-20.99609375
240.13671875,-73.2421875,-16.11328125,-18.5546875,-79.58984375
240.140625,-64.94140625,-18.5546875,-16.6015625,-83.984375
240.14453125,-63.96484375,-33.203125,-21.97265625,-57.6171875
240.1484375,-63.96484375,-38.57421875,-13.18359375,-60.05859375
240.15234375,-53.22265625,-37.59765625,-1.953125,-49.31640625
240.15625,-39.0625,-39.55078125,2.44140625,-17.578125
240.16015625,-44.43359375,-32.71484375,1.953125,-32.71484375
240.1640625,-59.08203125,-22.94921875,-16.6015625,-33.203125
240.16796875,-35.64453125,-20.99609375,-26.85546875,-31.73828125
240.171875,-32.2265625,-30.2734375,-12.20703125,-37.109375
240.17578125,-69.3359375,-37.109375,15.625,-36.1328125
240.1796875,-76.66015625,-37.59765625,12.6953125,-50.78125
240.18359375,-59.5703125,-30.2734375,4.8828125,-40.52734375
240.1875,-36.1328125,-30.76171875,5.859375,-12.20703125
240.19140625,-30.76171875,-35.64453125,-0.9765625,-2.44140625
240.1953125,-63.96484375,-28.3203125,-0.9765625,-37.59765625
240.19921875,-69.3359375,-20.5078125,-5.37109375,-68.359375
240.203125,-59.5703125,-20.01953125,0.48828125,-41.9921875
240.20703125,-60.546875,-20.99609375,9.765625,-32.2265625
240.2109375,-45.8984375,-23.4375,12.20703125,-21.97265625
240.21484375,-34.66796875,-35.15625,11.71875,0.9765625
240.21875,-16.11328125,-35.15625,1.46484375,13.671875
240.22265625,-21.484375,-38.0859375,-8.30078125,-11.71875
240.2265625,-42.48046875,-48.828125,-12.6953125,-31.25
240.23046875,-51.7578125,-28.80859375,-21.484375,-20.01953125
240.234375,-54.19921875,-1.46484375,-33.69140625,-40.0390625
240.23828125,-57.12890625,-8.30078125,-22.94921875,-59.5703125
240.2421875,-73.73046875,-21.484375,-7.32421875,-28.3203125
240.24609375,-43.45703125,-19.53125,-5.37109375,-1.953125
240.25,-27.83203125,-19.04296875,-9.765625,-33.203125
240.25390625,-67.87109375,-22.4609375,-5.859375,-47.36328125
240.2578125,-82.03125,-18.5546875,3.90625,-29.296875
240.26171875,-64.453125,-19.04296875,1.953125,-37.59765625
240.265625,-54.19921875,-26.3671875,-13.18359375,-41.50390625
240.26953125,-63.96484375,-27.83203125,-19.04296875,-22.94921875
240.2734375,-72.75390625,-30.2734375,-19.53125,-36.62109375
240.27734375,-44.921875,-27.83203125,-14.6484375,-52.734375
240.28125,-44.921875,-31.73828125,1.46484375,-34.1796875
240.28515625,-56.15234375,-33.69140625,2.9296875,-1.953125
240.2890625,-54.6875,-31.73828125,-5.37109375,-43.45703125
240.29296875,-82.03125,-30.76171875,-12.6953125,-74.70703125
240.296875,-78.61328125,-38.57421875,-20.01953125,-46.38671875
240.30078125,-37.109375,-30.2734375,-37.109375,-16.11328125
240.3046875,-23.4375,-20.5078125,-49.8046875,21.97265625
240.30859375,-31.73828125,-30.76171875,-36.1328125,-20.01953125
240.3125,-22.4609375,-29.296875,-30.76171875,-46.875
240.31640625,-33.69140625,-22.4609375,-38.0859375,-15.13671875
240.3203125,-41.015625,-19.04296875,-39.0625,-9.765625
240.32421875,-53.22265625,-20.99609375,-43.45703125,-33.69140625
240.328125,-61.5234375,-28.3203125,-52.24609375,-61.03515625
240.33203125,-53.7109375,-35.64453125,-52.24609375,-35.64453125
240.3359375,-48.33984375,-24.90234375,-50.29296875,-17.08984375
240.33984375,-27.83203125,-6.34765625,-39.0625,-7.8125
240.34375,-40.52734375,-14.16015625,-18.5546875,-22.4609375
240.34765625,-44.43359375,-25.390625,0.48828125,-34.66796875
240.3515625,-34.1796875,-27.34375,5.37109375,-21.97265625
240.35546875,-43.45703125,-20.01953125,2.44140625,7.8125
240.359375,-31.73828125,-12.20703125,-0.48828125,-8.30078125
240.36328125,-28.3203125,-15.625,-6.8359375,-27.83203125
240.3671875,-37.109375,-21.484375,-7.8125,-26.85546875
240.37109375,-56.640625,-22.94921875,-2.44140625,-48.33984375
240.375,-58.10546875,-22.94921875,6.8359375,-70.3125
240.37890625,-58.59375,-23.92578125,8.30078125,-52.734375
240.3828125,-45.41015625,-22.94921875,2.9296875,-43.45703125
240.38671875,-41.50390625,-20.99609375,3.41796875,-20.5078125
240.390625,-57.6171875,-28.80859375,0.9765625,12.6953125
240.39453125,-47.36328125,-30.2734375,-0.48828125,-22.4609375
240.3984375,-28.3203125,-19.53125,-4.39453125,-17.578125
240.40234375,-26.85546875,-13.18359375,-9.765625,-1.953125
240.40625,-43.45703125,-20.01953125,-0.9765625,-13.18359375
240.41015625,-49.31640625,-24.4140625,4.39453125,16.11328125
240.4140625,-26.85546875,-19.53125,-10.25390625,-28.80859375
240.41796875,-0.9765625,-3.41796875,-19.53125,-33.69140625
240.421875,-26.3671875,-5.859375,-9.27734375,-7.32421875
240.42578125,-47.8515625,-32.71484375,-0.9765625,-21.97265625
240.4296875,-38.57421875,-27.83203125,8.7890625,-11.71875
240.43359375,-20.01953125,-7.8125,11.71875,-11.71875
240.4375,-32.71484375,-10.7421875,3.41796875,-20.99609375
240.44140625,-45.41015625,-19.04296875,-2.44140625,-14.16015625
240.4453125,-30.76171875,-23.4375,0.9765625,-27.34375
240.44921875,-46.875,-26.3671875,0.48828125,-25.390625
240.453125,-43.45703125,-15.625,-4.8828125,-4.39453125
240.45703125,-43.45703125,-8.7890625,-8.30078125,-27.83203125
240.4609375,-40.0390625,-4.39453125,-16.11328125,-26.3671875
240.46484375,-47.8515625,-0.9765625,-18.5546875,-19.04296875
240.46875,-50.78125,-5.37109375,-15.13671875,-33.203125
240.47265625,-31.73828125,-10.25390625,-31.25,-29.78515625
240.4765625,-21.484375,-17.578125,-39.0625,-25.87890625
240.48046875,-14.6484375,-14.6484375,-11.23046875,-37.59765625
240.484375,-8.7890625,-7.32421875,8.7890625,-17.578125
240.48828125,-2.9296875,-8.30078125,0.0,-2.44140625
240.4921875,-11.71875,-16.11328125,-8.7890625,-25.390625
240.49609375,-16.11328125,-10.25390625,-5.859375,-26.85546875
240.5,-27.83203125,-11.23046875,-9.27734375,-14.16015625
240.50390625,-38.0859375,-23.4375,-13.671875,-16.6015625
240.5078125,-19.04296875,-21.484375,-13.671875,-21.484375
240.51171875,-8.7890625,-15.13671875,-7.32421875,-21.97265625
240.515625,-12.20703125,-15.13671875,1.953125,2.9296875
240.51953125,-8.30078125,-12.20703125,-0.48828125,-13.18359375
240.5234375,-23.4375,-18.06640625,-17.08984375,-30.2734375
240.52734375,0.48828125,-29.78515625,-34.1796875,-28.3203125
240.53125,15.13671875,-24.90234375,-37.109375,-12.20703125
240.53515625,-37.59765625,-16.6015625,-31.25,-1.953125
240.5390625,-36.62109375,-14.6484375,-36.1328125,-20.99609375
240.54296875,0.48828125,-15.625,-50.29296875,-24.4140625
240.546875,-16.6015625,-21.484375,-68.84765625,-7.32421875
240.55078125,-38.57421875,-18.06640625,-62.5,-1.46484375
240.5546875,-32.71484375,-18.5546875,-36.1328125,5.37109375
240.55859375,-14.6484375,-19.04296875,-30.2734375,-9.27734375
240.5625,-6.34765625,-24.90234375,-41.50390625,-33.69140625
240.56640625,-26.3671875,-24.90234375,-40.0390625,-34.1796875
240.5703125,-21.484375,-3.90625,-39.0625,-12.6953125
240.57421875,0.48828125,-9.765625,-51.7578125,0.0
240.578125,-2.9296875,-17.578125,-58.59375,-1.46484375
240.58203125,-20.99609375,-9.27734375,-51.26953125,-8.30078125
240.5859375,-25.390625,-8.7890625,-41.9921875,-22.4609375
240.58984375,-3.90625,-12.20703125,-36.62109375,-20.01953125
240.59375,-10.7421875,-23.92578125,-35.15625,-28.80859375
240.59765625,-40.0390625,-34.66796875,-48.828125,-38.57421875
240.6015625,-27.34375,-34.66796875,-52.734375,-14.16015625
240.60546875,23.92578125,-13.18359375,-42.96875,13.671875
240.609375,-0.9765625,-4.8828125,-49.31640625,1.953125
240.61328125,-38.0859375,-4.8828125,-41.50390625,-30.76171875
240.6171875,-32.2265625,-9.27734375,-24.90234375,-42.96875
240.62109375,-36.1328125,-26.3671875,-27.83203125,-18.5546875
240.625,-46.38671875,-32.71484375,-46.875,-22.4609375
240.62890625,-45.8984375,-38.57421875,-55.17578125,-52.24609375
240.6328125,-22.94921875,-24.90234375,-59.08203125,-51.26953125
240.63671875,-4.39453125,-5.37109375,-56.15234375,-12.20703125
240.640625,-29.296875,-16.11328125,-41.015625,-11.23046875
240.64453125,-3.41796875,-25.390625,-24.90234375,-10.25390625
240.6484375,22.94921875,-18.5546875,-21.97265625,0.0
240.65234375,17.578125,-3.41796875,-35.64453125,9.765625
240.65625,17.08984375,-4.8828125,-51.26953125,-1.46484375
240.66015625,-30.2734375,-3.41796875,-39.55078125,16.11328125
240.6640625,-67.3828125,-0.9765625,-20.5078125,-17.578125
240.66796875,-42.48046875,-0.48828125,-22.94921875,-46.38671875
240.671875,14.16015625,-1.953125,-35.15625,15.13671875
240.67578125,7.8125,-11.71875,-35.15625,-6.34765625
240.6796875,1.46484375,-11.71875,-23.4375,-34.1796875
240.68359375,15.13671875,-7.32421875,-21.97265625,-19.53125
240.6875,5.859375,-6.8359375,-31.73828125,-14.6484375
240.69140625,-18.5546875,-15.625,-25.87890625,-6.8359375
240.6953125,-9.765625,-20.01953125,-17.08984375,-6.34765625
240.69921875,-9.27734375,-14.6484375,-22.94921875,-15.625
240.703125,-13.671875,-15.13671875,-22.4609375,-36.62109375
240.70703125,-0.48828125,-18.06640625,-24.4140625,-36.1328125
240.7109375,-18.06640625,-16.6015625,-29.78515625,-8.30078125
240.71484375,-36.62109375,-12.20703125,-25.87890625,-6.34765625
240.71875,-37.109375,-14.6484375,-26.3671875,-14.6484375
240.72265625,-30.76171875,-13.671875,-32.2265625,-2.44140625
240.7265625,0.9765625,-7.8125,-40.52734375,31.25
240.73046875,-12.20703125,-17.578125,-49.8046875,-37.59765625
240.734375,-22.94921875,-37.109375,-48.828125,-72.75390625
240.73828125,6.34765625,-34.66796875,-43.45703125,-52.24609375
240.7421875,-41.9921875,-22.94921875,-27.83203125,-54.19921875
240.74609375,-62.5,-21.97265625,-15.13671875,-37.109375
240.75,-40.0390625,-19.04296875,-16.6015625,-27.34375
240.75390625,-47.36328125,-20.01953125,-11.71875,-47.8515625
240.7578125,-25.87890625,-28.3203125,-13.18359375,-93.26171875
240.76171875,-2.9296875,-18.5546875,-27.83203125,-87.890625
240.765625,6.34765625,-14.16015625,-39.55078125,-50.29296875
240.76953125,9.27734375,-15.625,-19.53125,-28.3203125
240.7734375,-9.27734375,-17.08984375,-5.37109375,-32.2265625
240.77734375,-34.1796875,-14.6484375,-20.5078125,-39.55078125
240.78125,-20.99609375,-8.7890625,-24.90234375,-38.0859375
240.78515625,-30.2734375,-13.671875,-24.90234375,-26.85546875
240.7890625,-50.78125,-18.06640625,-32.71484375,-43.9453125
240.79296875,-13.18359375,-23.92578125,-32.2265625,-29.78515625
240.796875,8.30078125,-31.73828125,-20.5078125,15.13671875
240.80078125,-13.18359375,-28.80859375,-14.6484375,-55.17578125
240.8046875,-12.20703125,-16.6015625,-19.53125,-76.171875
240.80859375,0.48828125,-6.34765625,-20.99609375,-41.9921875
240.8125,-10.25390625,-10.7421875,-19.53125,-45.8984375
240.81640625,-19.53125,-17.578125,-7.32421875,-60.05859375
240.8203125,-11.23046875,-20.99609375,-4.8828125,-45.41015625
240.82421875,-10.25390625,-21.97265625,-9.765625,-18.06640625
240.828125,-23.4375,-31.73828125,-17.08984375,-43.9453125
240.83203125,-20.5078125,-36.1328125,-18.5546875,-50.78125
240.8359375,-3.41796875,-25.390625,-14.6484375,-18.06640625
240.83984375,-13.671875,-20.01953125,-13.18359375,-5.859375
240.84375,-24.90234375,-21.97265625,-9.765625,-11.71875
240.84765625,-21.484375,-23.92578125,-11.71875,-39.0625
240.8515625,-14.6484375,-26.85546875,-6.34765625,-49.8046875
240.85546875,-16.6015625,-22.94921875,-8.30078125,-39.55078125
240.859375,-26.85546875,-25.87890625,-22.4609375,-50.78125
240.86328125,8.7890625,-26.3671875,-24.4140625,-40.0390625
240.8671875,11.71875,-25.390625,-23.92578125,-41.50390625
240.87109375,-9.27734375,-31.73828125,-23.4375,-49.31640625
240.875,-6.8359375,-35.64453125,-24.90234375,-13.671875
240.87890625,0.0,-32.71484375,-42.96875,28.80859375
240.8828125,6.8359375,-26.3671875,-47.36328125,-1.953125
240.88671875,-40.52734375,-26.85546875,-41.50390625,-36.1328125
240.890625,-50.29296875,-37.59765625,-45.41015625,-29.296875
240.89453125,-11.23046875,-41.015625,-35.15625,-23.92578125
240.8984375,13.671875,-32.71484375,-29.296875,-22.94921875
240.90234375,0.0,-25.87890625,-33.203125,-65.91796875
240.90625,-30.76171875,-35.64453125,-31.25,-66.40625
240.91015625,-14.6484375,-41.50390625,-29.78515625,-66.40625
240.9140625,11.23046875,-30.76171875,-27.83203125,-38.0859375
240.91796875,-25.87890625,-38.0859375,-36.1328125,-24.4140625
240.921875,-16.6015625,-50.78125,-42.96875,-49.31640625
240.92578125,13.671875,-41.015625,-44.43359375,-40.52734375
240.9296875,8.30078125,-21.484375,-34.1796875,-41.9921875
240.93359375,-9.765625,-8.30078125,-17.578125,-20.01953125
240.9375,-24.4140625,-20.5078125,-11.23046875,33.203125
240.94140625,-1.46484375,-28.3203125,-25.87890625,-19.04296875
240.9453125,-13.671875,-12.20703125,-51.7578125,-74.21875
240.94921875,-26.3671875,-10.7421875,-39.0625,-49.8046875
240.953125,-13.671875,-12.20703125,-20.5078125,-36.62109375
240.95703125,-20.01953125,-7.8125,-24.90234375,-30.76171875
240.9609375,-28.80859375,-14.16015625,-30.2734375,-33.203125
240.96484375,-33.203125,-25.87890625,-26.85546875,-39.55078125
240.96875,-25.87890625,-27.83203125,-27.34375,-36.1328125
240.97265625,-12.20703125,-21.97265625,-23.4375,4.8828125
240.9765625,15.13671875,-30.76171875,-18.06640625,21.97265625
240.98046875,14.6484375,-42.96875,-15.13671875,-27.34375
240.984375,-7.32421875,-35.64453125,-12.20703125,-39.0625
240.98828125,-20.99609375,-32.2265625,-17.578125,-7.32421875
240.9921875,-44.921875,-36.1328125,-30.2734375,-19.04296875
240.99609375,-40.52734375,-32.71484375,-44.43359375,-28.80859375
241.0,-21.484375,-25.390625,-46.38671875,-15.625
241.00390625,-2.44140625,-17.08984375,-40.0390625,-18.06640625
241.0078125,-10.25390625,-18.5546875,-46.875,-10.7421875
241.01171875,-19.04296875,-27.83203125,-39.55078125,-4.39453125
241.015625,-3.41796875,-41.015625,-28.80859375,-52.734375
241.01953125,-0.48828125,-37.109375,-39.55078125,-21.484375
241.0234375,-13.18359375,-29.78515625,-51.26953125,12.6953125
241.02734375,-26.3671875,-37.59765625,-51.7578125,-42.48046875
241.03125,-36.1328125,-37.59765625,-48.33984375,-41.50390625
241.03515625,-21.484375,-29.296875,-44.43359375,-21.97265625
241.0390625,-3.90625,-30.2734375,-36.62109375,-16.6015625
241.04296875,0.48828125,-32.71484375,-41.50390625,-14.6484375
241.046875,25.87890625,-27.34375,-57.6171875,-7.8125
241.05078125,30.2734375,-22.94921875,-49.8046875,5.37109375
241.0546875,5.859375,-26.3671875,-35.64453125,2.9296875
241.05859375,6.8359375,-28.80859375,-38.57421875,-16.11328125
241.0625,12.20703125,-31.25,-36.62109375,-21.97265625
241.06640625,6.8359375,-25.390625,-25.87890625,-10.7421875
241.0703125,7.32421875,-22.4609375,-20.5078125,24.90234375
241.07421875,-12.6953125,-36.62109375,-24.4140625,25.87890625
241.078125,-2.9296875,-34.1796875,-37.59765625,-31.73828125
241.08203125,12.6953125,-19.53125,-57.12890625,-33.69140625
241.0859375,-0.9765625,-13.671875,-43.9453125,-6.34765625
241.08984375,11.71875,-8.30078125,-24.90234375,-3.41796875
241.09375,17.08984375,-13.671875,-25.87890625,-5.37109375
241.09765625,35.15625,-19.53125,-27.83203125,3.90625
241.1015625,49.31640625,-16.6015625,-40.52734375,6.8359375
241.10546875,45.41015625,-3.90625,-56.15234375,6.8359375
241.109375,19.04296875,-8.7890625,-57.12890625,-0.9765625
241.11328125,12.6953125,-30.76171875,-41.50390625,-18.5546875
241.1171875,27.34375,-28.80859375,-32.2265625,10.25390625
241.12109375,26.3671875,-21.484375,-42.96875,-4.8828125
241.125,45.8984375,-17.08984375,-43.9453125,-13.18359375
241.12890625,57.6171875,-11.71875,-43.45703125,-10.7421875
241.1328125,40.52734375,-29.296875,-41.015625,-6.8359375
241.13671875,2.9296875,-35.64453125,-29.78515625,-8.7890625
241.140625,-22.94921875,-24.90234375,-26.3671875,-15.625
241.14453125,-3.90625,-22.4609375,-29.296875,-18.06640625
241.1484375,13.671875,-11.71875,-49.31640625,-15.625
241.15234375,20.01953125,-7.8125,-55.6640625,28.80859375
241.15625,24.90234375,-32.2265625,-46.875,3.41796875
241.16015625,7.32421875,-46.38671875,-36.62109375,-29.78515625
241.1640625,-7.32421875,-26.85546875,-50.29296875,-31.73828125
241.16796875,-2.44140625,-11.71875,-60.05859375,-22.94921875
241.171875,1.953125,-19.04296875,-45.41015625,-16.11328125
241.17578125,0.0,-27.83203125,-38.57421875,-42.48046875
241.1796875,5.37109375,-27.83203125,-33.203125,-35.15625
241.18359375,6.34765625,-26.85546875,-31.73828125,-31.73828125
241.1875,-2.9296875,-29.296875,-34.1796875,-45.41015625
241.19140625,-6.8359375,-20.01953125,-34.1796875,-27.83203125
241.1953125,6.34765625,-32.2265625,-32.71484375,-13.671875
241.19921875,13.18359375,-38.57421875,-27.83203125,-9.765625
241.203125,-10.25390625,-12.6953125,-39.55078125,3.90625
241.20703125,15.625,-8.30078125,-36.62109375,42.48046875
241.2109375,19.53125,-8.7890625,-40.0390625,20.5078125
241.21484375,-21.484375,-2.44140625,-65.4296875,-10.7421875
241.21875,-4.39453125,-17.578125,-49.8046875,-5.859375
241.22265625,0.9765625,-25.390625,-31.73828125,-13.671875
241.2265625,-9.27734375,-15.13671875,-21.484375,-15.625
241.23046875,-1.953125,-18.5546875,-17.08984375,4.39453125
241.234375,1.46484375,-20.5078125,-19.04296875,-11.71875
241.23828125,11.23046875,-13.671875,-20.99609375,-32.2265625
241.2421875,22.4609375,-14.6484375,-23.92578125,17.578125
241.24609375,19.53125,-14.6484375,-30.2734375,12.6953125
241.25,-0.48828125,-17.08984375,-35.15625,-26.85546875
241.25390625,-9.765625,-14.6484375,-29.78515625,-0.9765625
241.2578125,-17.08984375,-21.484375,-31.73828125,-9.27734375
241.26171875,-20.99609375,-33.203125,-28.80859375,-25.87890625
241.265625,28.3203125,-21.97265625,-32.2265625,34.66796875
241.26953125,42.48046875,-14.6484375,-45.41015625,28.80859375
241.2734375,9.27734375,-26.3671875,-33.203125,-17.08984375
241.27734375,34.66796875,-22.94921875,-24.90234375,-5.859375
241.28125,42.48046875,-16.11328125,-31.25,19.04296875
241.28515625,-1.46484375,-14.6484375,-33.203125,8.30078125
241.2890625,-26.85546875,-9.27734375,-27.83203125,-13.671875
241.29296875,-21.97265625,-16.6015625,-21.97265625,-30.76171875
241.296875,-18.06640625,-17.578125,-27.34375,-20.01953125
241.30078125,6.8359375,-14.16015625,-28.80859375,-2.44140625
241.3046875,-1.953125,-15.13671875,-24.4140625,-5.859375
241.30859375,-23.4375,-21.97265625,-50.78125,-21.97265625
241.3125,-6.8359375,-27.34375,-55.6640625,-15.13671875
241.31640625,-5.859375,-27.83203125,-24.4140625,-1.46484375
241.3203125,-34.66796875,-26.3671875,-21.97265625,-17.578125
241.32421875,-39.55078125,-15.625,-29.78515625,-21.484375
241.328125,-41.015625,-19.04296875,-35.15625,-26.3671875
241.33203125,-42.96875,-34.66796875,-36.62109375,-11.71875
241.3359375,-33.69140625,-27.34375,-49.8046875,23.4375
241.33984375,-33.69140625,-18.06640625,-62.5,-8.30078125
241.34375,-38.57421875,-31.25,-47.8515625,-25.390625
241.34765625,-43.9453125,-43.9453125,-38.0859375,-27.83203125
241.3515625,-49.31640625,-42.48046875,-30.76171875,-31.25
241.35546875,-32.71484375,-38.57421875,-27.83203125,-47.36328125
241.359375,-25.87890625,-34.1796875,-30.2734375,-42.48046875
241.36328125,-17.08984375,-30.2734375,-21.484375,6.8359375
241.3671875,-5.37109375,-19.53125,-35.15625,20.5078125
241.37109375,-20.01953125,-29.78515625,-52.734375,5.859375
241.375,-44.43359375,-41.015625,-39.55078125,-13.18359375
241.37890625,-42.96875,-32.2265625,-26.3671875,-22.4609375
241.3828125,-33.69140625,-30.2734375,-20.01953125,-2.44140625
241.38671875,-20.99609375,-23.92578125,-18.06640625,22.4609375
241.390625,-16.11328125,-25.390625,-24.90234375,29.78515625
241.39453125,9.27734375,-25.390625,-43.45703125,-24.90234375
241.3984375,25.390625,-4.8828125,-51.26953125,-41.9921875
241.40234375,-6.8359375,-6.8359375,-35.15625,-37.59765625
241.40625,-23.4375,-16.6015625,-15.13671875,-40.52734375
241.41015625,-36.1328125,-20.01953125,-14.16015625,-39.0625
241.4140625,-25.390625,-30.76171875,-18.5546875,-30.2734375
241.41796875,-8.30078125,-26.3671875,-26.3671875,-3.41796875
241.421875,-4.8828125,-16.11328125,-34.66796875,9.765625
241.42578125,0.48828125,-13.18359375,-39.55078125,22.4609375
241.4296875,-6.34765625,-27.83203125,-37.59765625,10.25390625
241.43359375,-1.953125,-45.8984375,-30.76171875,-4.39453125
241.4375,-1.953125,-31.25,-32.71484375,0.0
241.44140625,-23.4375,-3.90625,-35.15625,-17.578125
241.4453125,-42.96875,-3.90625,-32.2265625,-28.3203125
241.44921875,-29.78515625,-19.53125,-23.92578125,-28.3203125
241.453125,-16.6015625,-22.4609375,-19.53125,0.0
241.45703125,-5.859375,-20.01953125,-25.87890625,10.7421875
241.4609375,-3.41796875,-24.4140625,-35.64453125,-35.64453125
241.46484375,-7.32421875,-27.34375,-39.55078125,-30.76171875
241.46875,-1.46484375,-28.80859375,-38.57421875,-9.27734375
241.47265625,-21.97265625,-32.71484375,-26.3671875,-3.90625
241.4765625,-48.33984375,-33.203125,-15.13671875,-7.32421875
241.48046875,-58.59375,-23.4375,-20.01953125,-49.31640625
241.484375,-34.1796875,-17.578125,-38.57421875,-35.15625
241.48828125,-31.25,-26.85546875,-46.38671875,-23.92578125
241.4921875,-52.24609375,-32.2265625,-35.64453125,-48.828125
241.49609375,-73.73046875,-35.64453125,-42.96875,-77.63671875
241.5,-86.9140625,-41.9921875,-39.55078125,-95.21484375
241.50390625,-80.078125,-39.0625,-31.73828125,-91.30859375
241.5078125,-114.2578125,-37.59765625,-34.1796875,-92.7734375
241.51171875,-122.55859375,-39.55078125,-33.203125,-86.42578125
241.515625,-126.953125,-42.48046875,-57.12890625,-149.4140625
241.51953125,-170.8984375,-44.921875,-64.94140625,-174.8046875
241.5234375,-193.359375,-41.015625,-46.38671875,-187.98828125
241.52734375,-187.5,-41.015625,-38.0859375,-188.4765625
241.53125,-156.25,-44.921875,-21.97265625,-157.71484375
241.53515625,-142.578125,-38.0859375,-24.4140625,-143.5546875
241.5390625,-134.765625,-36.62109375,-42.96875,-116.2109375
241.54296875,-116.69921875,-40.52734375,-26.3671875,-92.28515625
241.546875,-139.6484375,-41.9921875,-26.85546875,-109.86328125
241.55078125,-154.296875,-34.66796875,-26.3671875,-132.32421875
241.5546875,-131.8359375,-25.390625,-12.20703125,-132.8125
241.55859375,-121.58203125,-20.5078125,-18.5546875,-84.9609375
241.5625,-118.1640625,-13.671875,-26.85546875,-60.05859375
241.56640625,-80.56640625,-6.8359375,-41.50390625,-57.12890625
241.5703125,-43.45703125,-31.25,-40.52734375,-40.0390625
241.57421875,-48.33984375,-42.96875,-14.16015625,-65.91796875
241.578125,-40.0390625,-19.53125,-16.6015625,-52.734375
241.58203125,-6.34765625,-17.578125,-23.4375,-22.94921875
241.5859375,-30.2734375,-34.1796875,-14.16015625,-31.25
241.58984375,-51.7578125,-28.3203125,-15.625,7.32421875
241.59375,-47.36328125,-24.4140625,-34.1796875,5.37109375
241.59765625,-28.3203125,-34.1796875,-28.80859375,-16.6015625
241.6015625,13.18359375,-36.62109375,-9.27734375,4.39453125
241.60546875,14.6484375,-24.90234375,-35.15625,28.3203125
241.609375,-17.578125,-11.71875,-55.17578125,37.59765625
241.61328125,-1.953125,-14.6484375,-36.62109375,34.66796875
241.6171875,14.16015625,-21.484375,-29.78515625,48.828125
241.62109375,-0.48828125,-13.671875,-31.73828125,34.66796875
241.625,33.69140625,3.41796875,-29.296875,16.11328125
241.62890625,40.0390625,0.48828125,-21.484375,18.06640625
241.6328125,-2.9296875,-11.71875,-14.16015625,1.953125
241.63671875,1.46484375,-13.671875,-15.625,13.671875
241.640625,24.90234375,-15.13671875,-43.9453125,43.9453125
241.64453125,30.76171875,-19.53125,-50.29296875,51.7578125
241.6484375,50.78125,-23.4375,-22.4609375,27.83203125
241.65234375,31.25,-22.4609375,-15.13671875,21.484375
241.65625,14.16015625,-15.625,-16.6015625,15.13671875
241.66015625,35.64453125,-11.71875,-13.671875,22.94921875
241.6640625,26.85546875,-14.16015625,-20.01953125,32.2265625
241.66796875,9.27734375,-13.671875,-33.69140625,15.625
241.671875,0.0,-10.7421875,-40.0390625,6.34765625
241.67578125,8.7890625,-10.25390625,-30.2734375,53.22265625
241.6796875,33.69140625,-8.30078125,-36.1328125,79.58984375
241.68359375,41.015625,-5.37109375,-45.41015625,43.45703125
241.6875,33.203125,-16.11328125,-35.64453125,30.76171875
241.69140625,0.9765625,-30.76171875,-26.3671875,11.71875
241.6953125,-15.625,-29.296875,-24.90234375,-2.9296875
241.69921875,-7.8125,-19.53125,-33.69140625,0.0
241.703125,14.16015625,-14.6484375,-32.71484375,7.8125
241.70703125,15.13671875,-14.16015625,-35.15625,26.3671875
241.7109375,-3.41796875,-11.71875,-41.50390625,15.625
241.71484375,-8.30078125,-9.765625,-42.48046875,-3.41796875
241.71875,-10.25390625,-19.04296875,-38.0859375,7.8125
241.72265625,-9.27734375,-20.5078125,-26.85546875,26.85546875
241.7265625,-8.30078125,-17.578125,-27.83203125,18.5546875
241.73046875,-17.08984375,-23.92578125,-38.57421875,10.7421875
241.734375,14.6484375,-32.2265625,-32.71484375,62.98828125
241.73828125,41.9921875,-22.4609375,-41.015625,64.94140625
241.7421875,5.859375,-13.671875,-56.15234375,17.578125
241.74609375,-10.7421875,-23.92578125,-42.48046875,-2.9296875
241.75,26.3671875,-28.3203125,-38.57421875,9.765625
241.75390625,26.3671875,-28.3203125,-34.1796875,16.6015625
241.7578125,-1.46484375,-30.2734375,-30.2734375,-22.4609375
241.76171875,23.92578125,-24.90234375,-50.29296875,-27.83203125
241.765625,43.9453125,-25.87890625,-61.03515625,-9.27734375
241.76953125,42.48046875,-20.01953125,-30.76171875,17.08984375
241.7734375,45.8984375,-16.11328125,-19.53125,20.99609375
241.77734375,44.43359375,-19.04296875,-37.109375,13.671875
241.78125,45.8984375,-23.92578125,-33.203125,38.57421875
241.78515625,48.33984375,-33.69140625,-20.01953125,16.6015625
241.7890625,33.69140625,-39.0625,-20.01953125,-3.90625
241.79296875,2.9296875,-30.2734375,-32.71484375,-8.30078125
241.796875,23.92578125,-28.3203125,-38.0859375,7.32421875
241.80078125,44.43359375,-30.76171875,-25.390625,23.92578125
241.8046875,57.6171875,-33.69140625,-46.38671875,36.1328125
241.80859375,20.01953125,-18.5546875,-60.546875,38.57421875
241.8125,-3.41796875,-5.859375,-31.73828125,-16.11328125
241.81640625,21.484375,-0.48828125,-10.7421875,2.9296875
241.8203125,29.296875,-1.46484375,-15.625,0.48828125
241.82421875,0.9765625,-16.11328125,-20.99609375,-33.203125
241.828125,-14.16015625,-22.4609375,-21.484375,-28.80859375
241.83203125,13.18359375,-19.04296875,-30.76171875,-15.13671875
241.8359375,30.76171875,-20.01953125,-36.1328125,-9.765625
241.83984375,24.4140625,-23.92578125,-32.2265625,5.859375
241.84375,24.90234375,-25.390625,-24.4140625,19.04296875
241.84765625,-3.41796875,-17.08984375,-30.2734375,-1.953125
241.8515625,2.9296875,-15.625,-45.8984375,8.30078125
241.85546875,17.08984375,-14.6484375,-34.66796875,47.36328125
241.859375,3.41796875,-9.765625,-13.671875,3.90625
241.86328125,-6.8359375,0.0,-11.71875,-29.296875
241.8671875,16.6015625,-4.8828125,-10.7421875,-1.46484375
241.87109375,21.97265625,-32.2265625,-11.23046875,26.85546875
241.875,3.41796875,-15.625,-26.3671875,-13.18359375
241.87890625,19.53125,8.7890625,-33.203125,-49.8046875
241.8828125,5.37109375,6.8359375,-25.390625,-33.203125
241.88671875,-25.390625,-4.39453125,-13.671875,-37.109375
241.890625,6.8359375,-17.08984375,-15.13671875,-8.7890625
241.89453125,24.4140625,-8.7890625,-22.94921875,46.875
241.8984375,11.71875,-13.18359375,-37.109375,12.20703125
241.90234375,0.0,-25.390625,-38.0859375,-11.71875
241.90625,-15.13671875,-26.3671875,-20.5078125,2.44140625
241.91015625,5.37109375,-25.87890625,-16.6015625,6.34765625
241.9140625,0.9765625,-14.6484375,-23.4375,-11.71875
241.91796875,-16.6015625,-14.16015625,-27.83203125,-8.30078125
241.921875,-20.5078125,-20.99609375,-29.78515625,11.23046875
241.92578125,-22.94921875,-16.11328125,-41.015625,-20.5078125
241.9296875,8.7890625,-35.15625,-37.59765625,14.16015625
241.93359375,16.6015625,-39.0625,-25.390625,15.625
241.9375,-45.41015625,-14.16015625,-32.2265625,-17.08984375
241.94140625,-50.29296875,-5.37109375,-36.62109375,-28.80859375
241.9453125,-10.25390625,-17.578125,-35.64453125,-24.90234375
241.94921875,-31.25,-24.90234375,-45.41015625,-24.4140625
241.953125,-29.296875,-22.94921875,-48.828125,-31.25
241.95703125,10.7421875,-20.99609375,-38.57421875,12.6953125
241.9609375,4.8828125,-15.625,-31.25,9.27734375
241.96484375,-15.625,-20.5078125,-19.04296875,-16.11328125
241.96875,-17.578125,-17.08984375,-14.6484375,19.53125
241.97265625,-21.97265625,-23.4375,-23.92578125,4.39453125
241.9765625,-38.57421875,-45.8984375,-20.99609375,-46.38671875
241.98046875,-10.25390625,-38.0859375,-21.484375,-28.80859375
241.984375,0.0,-20.99609375,-26.3671875,-20.5078125
241.98828125,-8.7890625,-13.18359375,-30.2734375,2.44140625
241.9921875,5.859375,-9.765625,-28.80859375,15.13671875
241.99609375,10.25390625,-18.06640625,-35.64453125,-34.1796875
242.0,-34.1796875,-8.30078125,-45.8984375,-19.04296875
242.00390625,-31.73828125,-22.94921875,-20.99609375,12.20703125
242.0078125,-6.8359375,-25.390625,-9.765625,-16.11328125
242.01171875,24.4140625,-1.953125,-29.296875,18.06640625
242.015625,20.01953125,-3.90625,-20.5078125,74.21875
242.01953125,9.27734375,-11.71875,-15.13671875,4.39453125
242.0234375,-3.41796875,-15.13671875,-35.15625,-59.08203125
242.02734375,-8.30078125,2.44140625,-44.43359375,-19.04296875
242.03125,5.859375,2.44140625,-26.3671875,13.671875
242.03515625,-3.41796875,-9.27734375,-3.90625,16.11328125
242.0390625,-28.80859375,-3.41796875,2.44140625,30.76171875
242.04296875,-60.05859375,-4.8828125,-6.8359375,14.6484375
242.046875,-73.73046875,-5.37109375,-20.5078125,-8.7890625
242.05078125,-81.54296875,-11.23046875,-32.2265625,-0.9765625
242.0546875,-60.546875,-28.80859375,-27.83203125,-8.30078125
242.05859375,-42.96875,-18.06640625,-22.94921875,0.0
242.0625,-29.296875,-12.6953125,-27.34375,28.80859375
242.06640625,-39.55078125,-41.9921875,-31.25,39.0625
242.0703125,-88.8671875,-40.0390625,-35.15625,-11.23046875
242.07421875,-86.9140625,-17.578125,-30.76171875,-53.22265625
242.078125,-63.96484375,-21.484375,-30.2734375,-36.62109375
242.08203125,-56.15234375,-23.92578125,-55.17578125,12.20703125
242.0859375,-22.94921875,-21.484375,-49.31640625,46.38671875
242.08984375,-38.57421875,-10.7421875,-37.109375,-16.11328125
242.09375,-36.62109375,-2.44140625,-40.52734375,-41.50390625
242.09765625,-56.640625,-11.23046875,-13.671875,-10.7421875
242.1015625,-54.19921875,-26.85546875,0.0,12.6953125
242.10546875,-44.43359375,-31.25,-8.7890625,13.671875
242.109375,-60.05859375,-3.41796875,0.9765625,-1.46484375
242.11328125,-32.2265625,1.953125,-3.41796875,-14.16015625
242.1171875,16.11328125,-28.80859375,-24.90234375,-13.671875
242.12109375,-22.94921875,-33.69140625,-40.0390625,-29.296875
242.125,-51.26953125,-26.3671875,-39.0625,-27.83203125
242.12890625,-16.11328125,-27.83203125,-20.5078125,16.11328125
242.1328125,-33.203125,-23.92578125,-24.4140625,-5.859375
242.13671875,-23.4375,-23.4375,-33.203125,0.9765625
242.140625,-22.94921875,-16.11328125,-25.390625,26.85546875
242.14453125,-45.41015625,-15.13671875,-29.78515625,-16.6015625
242.1484375,-41.50390625,-14.16015625,-39.0625,-24.90234375
242.15234375,-12.20703125,-14.16015625,-34.1796875,8.7890625
242.15625,-6.8359375,-23.4375,-39.0625,4.8828125
242.16015625,-44.43359375,-24.90234375,-34.1796875,10.7421875
242.1640625,-39.0625,-18.06640625,-9.27734375,28.80859375
242.16796875,-24.90234375,-14.16015625,-8.7890625,-6.34765625
242.171875,-0.48828125,-7.8125,-22.94921875,-6.8359375
242.17578125,42.48046875,3.41796875,-14.16015625,12.6953125
242.1796875,41.015625,-13.671875,-16.11328125,-16.6015625
242.18359375,9.765625,-20.5078125,-12.6953125,-29.78515625
242.1875,14.16015625,-12.20703125,-13.671875,-19.04296875
242.19140625,22.94921875,-15.625,-21.484375,-0.9765625
242.1953125,21.484375,-6.8359375,-16.6015625,3.41796875
242.19921875,37.109375,3.41796875,-24.90234375,-22.4609375
242.203125,40.0390625,-2.44140625,-34.1796875,15.13671875
242.20703125,56.640625,-25.87890625,-26.85546875,36.1328125
242.2109375,61.03515625,-24.4140625,-25.390625,-2.44140625
242.21484375,62.5,9.27734375,-30.2734375,10.25390625
242.21875,49.31640625,15.13671875,-25.390625,6.34765625
242.22265625,9.765625,10.25390625,-19.04296875,-16.11328125
242.2265625,6.34765625,-0.48828125,-21.97265625,-14.6484375
242.23046875,-19.53125,-10.25390625,-29.296875,-33.69140625
242.234375,-80.56640625,-16.6015625,-31.73828125,-41.015625
242.23828125,-110.3515625,-25.390625,-20.5078125,-12.20703125
242.2421875,-98.14453125,-25.87890625,-17.08984375,4.39453125
242.24609375,-77.1484375,-27.34375,-25.390625,-61.5234375
242.25,-83.0078125,-26.3671875,-30.2734375,-56.15234375
242.25390625,-73.73046875,-16.11328125,-24.4140625,3.41796875
242.2578125,-89.35546875,-9.765625,-26.85546875,-3.90625
242.26171875,-89.84375,-5.37109375,-43.9453125,-19.53125
242.265625,-61.5234375,7.32421875,-44.921875,-30.76171875
242.26953125,-73.73046875,-0.48828125,-32.2265625,-47.36328125
242.2734375,-105.46875,-12.20703125,-18.06640625,-35.64453125
242.27734375,-119.140625,-12.6953125,-11.23046875,-35.64453125
242.28125,-121.09375,-11.71875,-18.06640625,-50.29296875
242.28515625,-100.5859375,-13.18359375,-21.484375,-24.90234375
242.2890625,-83.0078125,-25.87890625,-15.625,14.16015625
242.29296875,-111.328125,-29.296875,-11.71875,5.859375
242.296875,-136.23046875,-17.578125,-36.1328125,-31.73828125
242.30078125,-112.79296875,-9.765625,-49.8046875,-23.92578125
242.3046875,-92.7734375,-11.71875,-31.25,-40.52734375
242.30859375,-64.453125,-21.97265625,-26.3671875,-26.85546875
242.3125,-45.41015625,-31.73828125,-41.9921875,-5.859375
242.31640625,-80.56640625,-36.1328125,-29.296875,-16.6015625
242.3203125,-104.00390625,-30.76171875,-24.90234375,-7.8125
242.32421875,-78.125,-16.6015625,-44.921875,-34.66796875
242.328125,-80.078125,-14.16015625,-37.59765625,-32.2265625
242.33203125,-96.19140625,-18.06640625,-28.80859375,-2.44140625
242.3359375,-79.58984375,-25.87890625,-35.15625,-30.2734375
242.33984375,-83.49609375,-24.90234375,-23.92578125,-20.01953125
242.34375,-94.7265625,-25.390625,-23.92578125,-6.34765625
242.34765625,-77.63671875,-24.90234375,-45.41015625,-37.59765625
242.3515625,-56.640625,-18.5546875,-47.36328125,-11.71875
242.35546875,-47.36328125,-18.5546875,-39.55078125,15.13671875
242.359375,-59.08203125,-34.1796875,-36.62109375,-9.765625
242.36328125,-50.78125,-41.9921875,-22.94921875,-3.41796875
242.3671875,-57.6171875,-31.25,-11.71875,20.99609375
242.37109375,-75.1953125,-30.2734375,-27.83203125,-33.203125
242.375,-49.31640625,-39.0625,-35.64453125,-13.671875
242.37890625,-62.98828125,-27.83203125,-30.2734375,3.90625
242.3828125,-70.80078125,-2.44140625,-44.921875,-26.3671875
242.38671875,-62.01171875,-1.46484375,-40.0390625,-7.8125
242.390625,-78.125,-19.53125,-16.11328125,1.46484375
242.39453125,-55.17578125,-40.52734375,-7.8125,-20.5078125
242.3984375,-19.53125,-51.26953125,-16.11328125,-15.13671875
242.40234375,-42.96875,-40.0390625,-31.25,-10.25390625
242.40625,-81.54296875,-23.4375,-33.203125,-5.37109375
242.41015625,-53.7109375,-15.13671875,-28.80859375,12.6953125
242.4140625,-49.8046875,-13.18359375,-19.04296875,18.06640625
242.41796875,-73.2421875,-12.20703125,-17.08984375,-10.25390625
242.421875,-31.25,-7.32421875,-24.4140625,-32.2265625
242.42578125,-38.57421875,-20.5078125,-20.99609375,-38.0859375
242.4296875,-38.0859375,-43.9453125,-10.25390625,-16.11328125
242.43359375,-34.1796875,-36.62109375,-6.8359375,36.62109375
242.4375,-62.01171875,-7.8125,-17.08984375,18.5546875
242.44140625,-94.7265625,-2.9296875,-23.4375,-25.390625
242.4453125,-82.51953125,-4.39453125,-42.96875,1.953125
242.44921875,-32.2265625,-4.39453125,-41.50390625,43.9453125
242.453125,-51.26953125,-11.23046875,3.41796875,-7.8125
242.45703125,-55.6640625,-4.8828125,19.53125,-50.29296875
242.4609375,-55.17578125,-9.765625,-0.48828125,-34.66796875
242.46484375,-63.4765625,-24.4140625,-4.39453125,-33.69140625
242.46875,-83.984375,-19.53125,3.41796875,-27.34375
242.47265625,-80.56640625,-24.4140625,-11.23046875,-26.85546875
242.4765625,-76.171875,-35.64453125,-8.7890625,-22.4609375
242.48046875,-53.22265625,-27.34375,2.44140625,-28.80859375
242.484375,-42.96875,-30.76171875,-3.90625,-22.94921875
242.48828125,-64.453125,-39.55078125,-1.953125,18.5546875
242.4921875,-51.26953125,-19.53125,-17.08984375,30.76171875
242.49609375,-29.296875,-19.53125,-31.25,-17.08984375
242.5,-40.0390625,-25.87890625,-11.71875,-18.5546875
242.50390625,-46.38671875,-23.4375,-5.859375,-15.625
242.5078125,-35.64453125,-37.59765625,-12.6953125,-49.8046875
242.51171875,-75.68359375,-15.625,-9.27734375,-41.50390625
242.515625,-66.89453125,5.37109375,-4.8828125,-16.11328125
242.51953125,-55.17578125,-4.39453125,-1.46484375,-50.78125
242.5234375,-38.0859375,-19.53125,-12.6953125,-41.015625
242.52734375,-14.6484375,-35.15625,-20.01953125,-4.39453125
242.53125,-18.5546875,-36.1328125,-16.6015625,-5.859375
242.53515625,4.8828125,-16.6015625,-14.6484375,1.953125
242.5390625,7.32421875,-2.44140625,-9.27734375,-19.53125
242.54296875,-17.578125,-0.48828125,-4.8828125,-19.04296875
242.546875,-28.80859375,-10.25390625,-9.27734375,-9.27734375
242.55078125,-37.59765625,-35.15625,2.9296875,-8.7890625
242.5546875,-47.8515625,-50.78125,8.30078125,-7.8125
242.55859375,-61.03515625,-33.203125,-15.625,-37.109375
242.5625,-37.59765625,-15.13671875,-25.87890625,-19.04296875
242.56640625,-24.4140625,-24.4140625,-21.484375,-20.5078125
242.5703125,-62.01171875,-32.71484375,-16.11328125,-64.453125
242.57421875,-76.171875,-31.73828125,-8.30078125,-49.8046875
242.578125,-39.0625,-27.34375,-11.23046875,-26.85546875
242.58203125,-32.2265625,-29.296875,-29.296875,-14.16015625
242.5859375,-57.6171875,-37.59765625,-33.203125,-26.85546875
242.58984375,-77.63671875,-41.50390625,-22.94921875,-47.36328125
242.59375,-43.9453125,-42.48046875,-10.7421875,-31.73828125
242.59765625,-26.85546875,-44.921875,-29.78515625,-38.57421875
242.6015625,-72.265625,-44.921875,-53.22265625,-74.21875
242.60546875,-85.44921875,-41.015625,-43.45703125,-89.35546875
242.609375,-66.89453125,-35.64453125,-26.85546875,-70.80078125
242.61328125,-43.9453125,-31.73828125,-16.6015625,-5.859375
242.6171875,-29.296875,-42.96875,-18.5546875,-6.34765625
242.62109375,-74.21875,-35.15625,-35.64453125,-72.75390625
242.625,-101.5625,-29.296875,-52.734375,-83.0078125
242.62890625,-86.9140625,-39.0625,-50.78125,-73.2421875
242.6328125,-64.94140625,-36.1328125,-29.78515625,-42.48046875
242.63671875,-55.17578125,-32.71484375,-22.4609375,-97.65625
242.640625,-70.3125,-24.4140625,-18.06640625,-119.140625
242.64453125,-86.42578125,-28.3203125,-17.08984375,-55.17578125
242.6484375,-56.640625,-32.71484375,-28.80859375,-91.30859375
242.65234375,-37.109375,-22.4609375,-39.55078125,-101.5625
242.65625,-77.63671875,-28.3203125,-34.1796875,-57.12890625
242.66015625,-121.58203125,-29.78515625,-16.6015625,-70.80078125
242.6640625,-99.609375,-22.4609375,-12.20703125,-76.66015625
242.66796875,-69.82421875,-31.25,-19.04296875,-29.78515625
242.671875,-74.21875,-29.78515625,-28.3203125,4.8828125
242.67578125,-93.75,-28.80859375,-27.34375,-35.15625
242.6796875,-86.9140625,-27.83203125,-27.83203125,1.953125
242.68359375,-78.61328125,-20.5078125,-36.1328125,29.78515625
242.6875,-52.734375,-20.01953125,-26.85546875,-42.48046875
242.69140625,-23.4375,-19.53125,-20.99609375,-43.9453125
242.6953125,-17.578125,-29.78515625,-29.78515625,-33.203125
242.69921875,-7.8125,-46.38671875,-31.73828125,-18.5546875
242.703125,-18.06640625,-49.8046875,-17.578125,13.671875
242.70703125,0.9765625,-39.0625,-12.6953125,-23.4375
242.7109375,-1.46484375,-29.296875,-26.3671875,-31.25
242.71484375,-29.296875,-25.390625,-28.80859375,9.765625
242.71875,-22.4609375,-29.78515625,-20.5078125,-51.26953125
242.72265625,-41.50390625,-30.2734375,-15.625,-86.9140625
242.7265625,-19.04296875,-23.4375,-26.3671875,-23.4375
242.73046875,-10.25390625,-24.90234375,-26.3671875,31.25
242.734375,-51.26953125,-32.2265625,-24.4140625,-34.66796875
242.73828125,-12.20703125,-29.78515625,-28.80859375,-16.11328125
242.7421875,12.20703125,-24.4140625,-28.3203125,48.828125
242.74609375,5.859375,-27.34375,-25.87890625,61.03515625
242.75,32.71484375,-34.1796875,-14.16015625,96.19140625
242.75390625,57.12890625,-26.3671875,-13.671875,94.7265625
242.7578125,65.4296875,-19.04296875,-31.73828125,20.5078125
242.76171875,38.57421875,-30.2734375,-36.1328125,13.18359375
242.765625,14.6484375,-33.203125,-15.625,60.05859375
242.76953125,26.85546875,-33.203125,0.0,52.24609375
242.7734375,30.2734375,-18.06640625,-12.20703125,29.78515625
242.77734375,30.76171875,-14.6484375,-25.390625,61.5234375
242.78125,51.26953125,-25.87890625,-14.6484375,62.01171875
242.78515625,83.49609375,-23.4375,-7.32421875,34.66796875
242.7890625,84.9609375,-25.390625,-10.25390625,-20.01953125
242.79296875,48.828125,-27.83203125,-20.99609375,-24.90234375
242.796875,66.40625,-35.64453125,-28.3203125,5.859375
242.80078125,88.8671875,-45.8984375,-14.16015625,14.16015625
242.8046875,83.49609375,-39.55078125,-13.671875,-19.04296875
242.80859375,97.65625,-26.85546875,-27.83203125,35.15625
242.8125,118.65234375,-28.80859375,-22.94921875,41.9921875
242.81640625,138.671875,-26.3671875,-26.3671875,10.25390625
242.8203125,124.0234375,-21.97265625,-42.48046875,38.0859375
242.82421875,151.3671875,-17.578125,-55.6640625,57.12890625
242.828125,118.1640625,-31.73828125,-41.50390625,6.8359375
242.83203125,45.41015625,-39.0625,-18.06640625,-62.01171875
242.8359375,58.59375,-30.2734375,-10.7421875,-34.66796875
242.83984375,53.7109375,-26.85546875,-14.16015625,-28.3203125
242.84375,59.5703125,-28.80859375,-31.25,-62.01171875
242.84765625,65.4296875,-29.296875,-24.90234375,-72.75390625
242.8515625,72.265625,-23.92578125,-18.06640625,-51.7578125
242.85546875,75.1953125,-32.2265625,-21.97265625,-61.03515625
242.859375,53.7109375,-37.109375,-12.20703125,-72.265625
242.86328125,66.40625,-24.90234375,-18.06640625,-65.4296875
242.8671875,56.640625,-22.4609375,-33.203125,-93.26171875
242.87109375,20.99609375,-27.34375,-33.69140625,-91.30859375
242.875,20.01953125,-31.73828125,-25.390625,-84.9609375
242.87890625,37.59765625,-26.3671875,-20.5078125,-77.1484375
242.8828125,75.68359375,-20.99609375,-16.11328125,-31.25
242.88671875,67.87109375,-29.296875,-10.25390625,-32.2265625
242.890625,20.01953125,-32.2265625,-22.4609375,-72.75390625
242.89453125,35.64453125,-22.94921875,-40.0390625,-73.2421875
242.8984375,67.87109375,-25.87890625,-61.03515625,-73.73046875
242.90234375,73.73046875,-40.0390625,-46.875,-49.8046875
242.90625,62.5,-36.1328125,-14.16015625,-17.08984375
242.91015625,62.5,-7.8125,-12.20703125,-29.78515625
242.9140625,79.58984375,0.9765625,-20.99609375,-28.3203125
242.91796875,79.1015625,-11.71875,-30.2734375,-56.15234375
242.921875,67.87109375,-5.859375,-26.85546875,-54.19921875
242.92578125,62.5,-8.30078125,-14.6484375,-24.4140625
242.9296875,32.2265625,-19.53125,-13.18359375,-64.453125
242.93359375,24.90234375,-12.20703125,-23.4375,-43.9453125
242.9375,50.29296875,-4.8828125,-27.34375,-20.5078125
242.94140625,43.45703125,-18.06640625,-25.87890625,-75.1953125
242.9453125,35.64453125,-24.4140625,-18.5546875,-78.125
242.94921875,17.08984375,-25.87890625,-21.97265625,-39.55078125
242.953125,16.11328125,-22.4609375,-20.99609375,-30.2734375
242.95703125,47.8515625,-12.6953125,-7.8125,-38.0859375
242.9609375,11.23046875,-18.06640625,-18.5546875,-56.640625
242.96484375,18.5546875,-33.69140625,-22.4609375,-41.9921875
242.96875,33.203125,-31.73828125,-21.97265625,-42.96875
242.97265625,8.7890625,-20.01953125,-31.73828125,-68.359375
242.9765625,24.90234375,-14.16015625,-34.66796875,-47.36328125
242.98046875,11.71875,-12.20703125,-29.296875,-39.0625
242.984375,10.25390625,-20.01953125,-20.99609375,-41.9921875
242.98828125,4.8828125,-21.484375,-24.4140625,-71.2890625
242.9921875,-8.7890625,-19.53125,-26.85546875,-79.58984375
242.99609375,3.90625,-26.3671875,-26.85546875,-15.625
243.0,-19.04296875,-37.59765625,-33.69140625,-86.9140625
243.00390625,-42.96875,-46.38671875,-41.9921875,-121.09375
243.0078125,-27.34375,-31.73828125,-50.29296875,-77.1484375
243.01171875,-15.625,-12.6953125,-51.7578125,-50.78125
243.015625,-32.71484375,-8.7890625,-30.2734375,-61.03515625
243.01953125,-40.0390625,-13.671875,-7.8125,-88.37890625
243.0234375,-50.29296875,-20.5078125,-7.32421875,-108.3984375
243.02734375,-65.91796875,-20.01953125,-17.08984375,-82.51953125
243.03125,-23.92578125,-18.5546875,-23.92578125,-64.453125
243.03515625,-27.34375,-21.97265625,-27.34375,-61.03515625
243.0390625,-34.66796875,-19.04296875,-15.625,-60.546875
243.04296875,-6.34765625,-18.06640625,-7.32421875,-76.171875
243.046875,-22.94921875,-36.1328125,-16.11328125,-77.63671875
243.05078125,-9.765625,-32.2265625,-27.83203125,-54.6875
243.0546875,-7.32421875,-24.4140625,-30.2734375,-15.625
243.05859375,-26.3671875,-23.92578125,-19.04296875,4.39453125
243.0625,-26.85546875,-20.5078125,-12.6953125,-9.765625
243.06640625,-18.06640625,-22.94921875,-10.7421875,-36.62109375
243.0703125,11.71875,-24.4140625,-14.16015625,-37.59765625
243.07421875,-4.39453125,-11.23046875,-39.55078125,3.41796875
243.078125,-9.27734375,5.37109375,-62.5,-28.80859375
243.08203125,0.0,2.9296875,-46.38671875,-88.8671875
243.0859375,-7.32421875,-9.765625,-26.85546875,-49.8046875
243.08984375,19.04296875,-16.11328125,-26.85546875,-23.92578125
243.09375,16.11328125,-17.578125,-27.83203125,-6.8359375
243.09765625,-8.30078125,-15.13671875,-17.08984375,43.45703125
243.1015625,-8.30078125,-18.06640625,-21.97265625,-17.578125
243.10546875,32.2265625,-24.4140625,-32.2265625,-56.640625
243.109375,31.25,-30.76171875,-40.0390625,-8.7890625
243.11328125,-7.32421875,-27.83203125,-36.62109375,30.2734375
243.1171875,30.2734375,-19.04296875,-33.69140625,24.90234375
243.12109375,32.2265625,-20.01953125,-32.71484375,34.66796875
243.125,19.53125,-27.83203125,-29.78515625,18.06640625
243.12890625,19.04296875,-17.578125,-31.73828125,-27.34375
243.1328125,-8.30078125,-15.13671875,-25.87890625,-3.41796875
243.13671875,-35.15625,-14.16015625,-18.06640625,-22.94921875
243.140625,-9.765625,-5.859375,-19.04296875,-33.203125
243.14453125,6.8359375,-17.08984375,-25.87890625,0.0
243.1484375,-4.39453125,-25.87890625,-34.66796875,18.06640625
243.15234375,-10.25390625,-20.99609375,-38.0859375,15.625
243.15625,21.484375,-16.6015625,-28.3203125,0.48828125
243.16015625,50.78125,-25.390625,-21.484375,4.39453125
243.1640625,56.640625,-18.5546875,-21.97265625,40.52734375
243.16796875,26.85546875,1.46484375,-36.1328125,38.0859375
243.171875,-24.4140625,-5.859375,-36.62109375,22.94921875
243.17578125,27.83203125,-15.625,-13.671875,9.765625
243.1796875,43.9453125,-5.859375,-3.41796875,24.90234375
243.18359375,-11.71875,-1.953125,-9.765625,33.69140625
243.1875,9.27734375,3.90625,-28.3203125,11.71875
243.19140625,4.39453125,-1.46484375,-33.69140625,22.94921875
243.1953125,-24.4140625,-11.23046875,-17.578125,51.7578125
243.19921875,1.953125,-9.27734375,-10.25390625,23.92578125
243.203125,-3.41796875,-5.859375,-15.13671875,-11.23046875
243.20703125,-29.78515625,-3.90625,-11.71875,-8.7890625
243.2109375,-17.08984375,-6.8359375,-12.6953125,-2.44140625
243.21484375,-29.78515625,-4.8828125,-25.87890625,-21.484375
243.21875,-40.52734375,1.46484375,-36.62109375,-27.34375
243.22265625,-37.59765625,-2.9296875,-25.390625,-13.18359375
243.2265625,-40.0390625,-8.30078125,-28.80859375,17.08984375
243.23046875,-34.66796875,-11.71875,-36.62109375,51.7578125
243.234375,-8.7890625,-15.625,-22.4609375,11.23046875
243.23828125,12.20703125,-9.765625,-16.11328125,16.6015625
243.2421875,37.59765625,-2.44140625,-27.34375,25.390625
243.24609375,49.8046875,-1.46484375,-25.390625,7.32421875
243.25,12.6953125,-5.859375,-15.13671875,36.62109375
243.25390625,-31.73828125,-5.37109375,-19.53125,41.50390625
243.2578125,16.6015625,-9.27734375,-25.390625,35.15625
243.26171875,59.08203125,-5.859375,-30.76171875,24.4140625
243.265625,13.18359375,4.39453125,-25.87890625,46.38671875
243.26953125,-27.34375,-10.7421875,-29.78515625,52.734375
243.2734375,12.20703125,-17.08984375,-29.78515625,-3.41796875
243.27734375,37.59765625,3.90625,-16.6015625,5.37109375
243.28125,3.41796875,4.39453125,-7.32421875,28.3203125
243.28515625,-5.859375,-1.46484375,-2.9296875,-17.08984375
243.2890625,0.0,15.625,1.953125,20.5078125
243.29296875,-3.90625,21.97265625,-5.859375,43.9453125
243.296875,-6.34765625,0.48828125,-17.08984375,17.08984375
243.30078125,-6.8359375,-5.859375,-19.04296875,-20.5078125
243.3046875,5.859375,5.37109375,-18.5546875,-6.34765625
243.30859375,32.2265625,-5.859375,-20.99609375,63.96484375
243.3125,-0.9765625,-14.6484375,-13.671875,36.62109375
243.31640625,-8.7890625,-16.6015625,-4.39453125,14.16015625
243.3203125,4.8828125,-22.94921875,8.30078125,46.38671875
243.32421875,-19.04296875,-0.9765625,-6.8359375,3.41796875
243.328125,-36.1328125,32.2265625,-35.64453125,38.57421875
243.33203125,-35.64453125,29.78515625,-29.78515625,73.73046875
243.3359375,-57.12890625,1.46484375,-16.6015625,-12.20703125
243.33984375,-44.43359375,-11.71875,-4.39453125,-22.4609375
243.34375,-22.94921875,-11.23046875,0.0,7.8125
243.34765625,-14.6484375,-4.39453125,1.46484375,17.08984375
243.3515625,5.859375,-5.37109375,8.7890625,27.83203125
243.35546875,-24.4140625,-10.25390625,10.7421875,68.359375
243.359375,-29.296875,-3.41796875,-3.90625,88.8671875
243.36328125,-4.8828125,13.18359375,-19.53125,40.0390625
243.3671875,3.90625,28.80859375,0.0,40.0390625
243.37109375,8.7890625,46.38671875,31.73828125,25.390625
243.375,-3.41796875,50.29296875,46.875,23.92578125
243.37890625,5.37109375,46.875,35.15625,41.9921875
243.3828125,28.80859375,53.7109375,27.83203125,29.296875
243.38671875,47.8515625,42.96875,36.62109375,83.49609375
243.390625,38.0859375,34.1796875,20.99609375,139.6484375
243.39453125,5.37109375,41.9921875,-9.27734375,9.27734375
243.3984375,1.46484375,36.62109375,-16.6015625,-48.828125
243.40234375,-2.9296875,24.4140625,-2.44140625,4.39453125
243.40625,18.5546875,19.53125,10.7421875,38.0859375
243.41015625,24.4140625,27.34375,21.484375,38.0859375
243.4140625,24.90234375,31.25,20.99609375,34.1796875
243.41796875,21.484375,26.3671875,10.7421875,47.8515625
243.421875,12.6953125,14.16015625,-2.44140625,13.18359375
243.42578125,-5.37109375,-0.48828125,-9.27734375,-21.484375
243.4296875,-0.48828125,2.9296875,-3.90625,63.96484375
243.43359375,4.39453125,-4.39453125,-2.44140625,43.45703125
243.4375,25.390625,-0.9765625,-29.296875,-46.875
243.44140625,34.66796875,15.625,-47.36328125,-0.9765625
243.4453125,31.73828125,7.32421875,-31.25,68.84765625
243.44921875,35.15625,1.46484375,-10.25390625,72.75390625
243.453125,-6.34765625,3.90625,5.37109375,-6.34765625
243.45703125,-17.08984375,10.25390625,4.8828125,-32.2265625
243.4609375,21.484375,10.25390625,0.48828125,35.15625
243.46484375,25.87890625,0.48828125,0.9765625,29.296875
243.46875,-12.20703125,-3.41796875,6.34765625,-0.48828125
243.47265625,-13.671875,-3.41796875,20.5078125,41.015625
243.4765625,8.7890625,-17.578125,10.7421875,44.43359375
243.48046875,32.71484375,-19.53125,2.44140625,47.8515625
243.484375,41.015625,-11.71875,2.44140625,-28.80859375
243.48828125,0.48828125,-18.06640625,-10.7421875,-53.7109375
243.4921875,-43.45703125,-20.99609375,-17.578125,0.48828125
243.49609375,4.8828125,-12.6953125,-3.41796875,11.23046875
243.5,7.8125,0.48828125,0.0,72.265625
243.50390625,-8.30078125,8.7890625,5.859375,41.50390625
243.5078125,-4.39453125,9.27734375,15.625,-42.48046875
243.51171875,-37.59765625,0.0,21.97265625,-60.546875
243.515625,-7.32421875,-3.41796875,15.13671875,-35.64453125
243.51953125,34.1796875,6.8359375,11.71875,2.44140625
243.5234375,-1.46484375,14.6484375,19.04296875,32.71484375
243.52734375,11.23046875,28.80859375,17.578125,17.578125
243.53125,43.9453125,40.0390625,19.04296875,32.71484375
243.53515625,38.0859375,33.69140625,16.6015625,51.26953125
243.5390625,15.625,23.4375,21.484375,34.66796875
243.54296875,-3.90625,19.53125,35.64453125,29.296875
243.546875,20.99609375,22.94921875,26.85546875,68.359375
243.55078125,24.4140625,22.4609375,23.4375,85.44921875
243.5546875,15.625,12.20703125,28.3203125,20.99609375
243.55859375,16.6015625,5.37109375,11.23046875,22.94921875
243.5625,30.76171875,13.18359375,20.5078125,30.2734375
243.56640625,5.859375,16.11328125,43.45703125,10.25390625
243.5703125,-17.08984375,-1.46484375,26.3671875,-7.32421875
243.57421875,-5.859375,0.0,5.859375,-46.875
243.578125,-14.16015625,25.87890625,15.13671875,-29.296875
243.58203125,-48.828125,21.97265625,17.578125,50.78125
243.5859375,-79.1015625,-4.8828125,10.25390625,38.0859375
243.58984375,-84.9609375,-12.6953125,-1.46484375,-120.1171875
243.59375,-114.2578125,-12.20703125,-7.32421875,-182.6171875
243.59765625,-126.953125,-11.23046875,-18.5546875,-130.859375
243.6015625,-113.28125,-15.13671875,-33.203125,-120.1171875
243.60546875,-111.328125,-37.59765625,-21.484375,-121.09375
243.609375,-118.65234375,-38.57421875,3.90625,-126.46484375
243.61328125,-125.9765625,-37.59765625,29.296875,-96.19140625
243.6171875,-158.203125,-28.3203125,15.625,-129.39453125
243.62109375,-212.40234375,-8.30078125,9.765625,-154.78515625
243.625,-162.109375,-14.16015625,30.76171875,-112.3046875
243.62890625,-123.046875,-29.296875,26.85546875,-124.51171875
243.6328125,-133.7890625,-17.578125,15.625,-104.00390625
243.63671875,-91.30859375,-11.23046875,11.23046875,-90.8203125
243.640625,-57.6171875,-41.9921875,9.765625,-104.98046875
243.64453125,-61.5234375,-33.69140625,10.7421875,-87.40234375
243.6484375,-73.73046875,5.859375,-6.8359375,-43.9453125
243.65234375,-53.22265625,24.4140625,-2.9296875,19.04296875
243.65625,-0.48828125,18.5546875,17.08984375,27.83203125
243.66015625,-23.4375,-2.9296875,22.94921875,-17.08984375
243.6640625,-58.59375,-12.6953125,7.8125,-52.734375
243.66796875,-43.45703125,-11.23046875,-2.9296875,-34.66796875
243.671875,-28.80859375,-20.5078125,-2.44140625,-41.9921875
243.67578125,2.9296875,-23.92578125,8.30078125,-46.38671875
243.6796875,22.4609375,-10.25390625,7.8125,-18.5546875
243.68359375,29.296875,-13.18359375,-8.30078125,2.9296875
243.6875,20.99609375,-23.92578125,-19.53125,-13.671875
243.69140625,-10.25390625,-27.34375,-20.01953125,-60.05859375
243.6953125,12.6953125,-34.1796875,-25.390625,-38.57421875
243.69921875,37.109375,-55.6640625,-25.87890625,29.296875
243.703125,-2.44140625,-65.91796875,-31.73828125,24.4140625
243.70703125,-42.48046875,-32.71484375,-38.57421875,-21.97265625
243.7109375,-29.78515625,-25.87890625,-45.41015625,-60.546875
243.71484375,-6.8359375,-25.390625,-46.38671875,-7.32421875
243.71875,12.6953125,-14.6484375,-42.48046875,6.8359375
243.72265625,-9.27734375,-20.5078125,-42.96875,-54.19921875
243.7265625,-28.80859375,-24.90234375,-43.45703125,-59.5703125
243.73046875,-15.625,-22.4609375,-51.26953125,6.8359375
243.734375,17.578125,-37.109375,-66.40625,52.734375
243.73828125,-6.34765625,-41.9921875,-79.58984375,4.39453125
243.7421875,-9.765625,-37.59765625,-83.0078125,-9.27734375
243.74609375,12.6953125,-45.41015625,-59.5703125,10.25390625
243.75,17.08984375,-39.55078125,-46.38671875,-27.83203125
243.75390625,10.7421875,-44.43359375,-52.734375,19.53125
243.7578125,-17.08984375,-72.265625,-37.59765625,6.34765625
243.76171875,14.6484375,-49.31640625,-35.64453125,-29.78515625
243.765625,20.01953125,-27.83203125,-48.33984375,65.91796875
243.76953125,-29.296875,-44.921875,-50.78125,30.2734375
243.7734375,-78.125,-31.73828125,-59.08203125,-34.1796875
243.77734375,-36.1328125,-20.99609375,-64.453125,-27.34375
243.78125,-18.06640625,-31.73828125,-66.89453125,-42.48046875
243.78515625,-16.6015625,-39.0625,-67.87109375,0.9765625
243.7890625,5.859375,-54.19921875,-41.015625,5.859375
243.79296875,26.85546875,-69.82421875,-36.62109375,40.0390625
243.796875,28.80859375,-80.56640625,-50.29296875,72.75390625
243.80078125,-14.6484375,-53.22265625,-61.5234375,-35.15625
243.8046875,-48.828125,-24.90234375,-72.75390625,-71.77734375
243.80859375,-54.19921875,-23.92578125,-59.08203125,-20.01953125
243.8125,-27.83203125,-20.99609375,-53.22265625,40.0390625
243.81640625,-8.30078125,-48.33984375,-40.52734375,51.26953125
243.8203125,12.6953125,-76.171875,-41.50390625,-0.9765625
243.82421875,-17.578125,-47.36328125,-58.10546875,-20.5078125
243.828125,-55.6640625,-43.45703125,-43.9453125,22.4609375
243.83203125,-28.3203125,-56.640625,-57.6171875,4.8828125
243.8359375,-32.2265625,-38.0859375,-63.4765625,-49.8046875
243.83984375,-55.17578125,-26.3671875,-57.12890625,-25.87890625
243.84375,-48.828125,-24.90234375,-54.19921875,-20.99609375
243.84765625,-18.06640625,-24.4140625,-62.01171875,-15.625
243.8515625,-30.76171875,-43.9453125,-56.640625,20.5078125
243.85546875,-60.05859375,-52.734375,-38.0859375,-16.11328125
243.859375,-48.33984375,-42.96875,-41.50390625,-14.16015625
243.86328125,-5.859375,-52.24609375,-31.73828125,16.6015625
243.8671875,6.8359375,-51.26953125,-32.2265625,-6.34765625
243.87109375,-38.57421875,-34.1796875,-44.921875,-12.20703125
243.875,-77.1484375,-38.0859375,-41.9921875,-54.19921875
243.87890625,-90.8203125,-41.50390625,-41.50390625,-41.50390625
243.8828125,-27.83203125,-52.24609375,-29.78515625,9.765625
243.88671875,-10.7421875,-43.9453125,-24.90234375,10.7421875
243.890625,-20.99609375,-24.4140625,-31.73828125,34.66796875
243.89453125,-8.30078125,-21.97265625,-40.52734375,33.203125
243.8984375,-11.71875,-20.5078125,-36.62109375,9.765625
243.90234375,-16.11328125,-26.3671875,-27.34375,-26.3671875
243.90625,-22.4609375,-34.66796875,-36.62109375,-24.4140625
243.91015625,-20.01953125,-36.62109375,-30.2734375,7.32421875
243.9140625,-3.90625,-43.9453125,-11.23046875,1.953125
243.91796875,0.0,-50.78125,-18.06640625,26.3671875
243.921875,-37.109375,-48.828125,-29.78515625,4.8828125
243.92578125,-28.3203125,-48.33984375,-47.8515625,-47.36328125
243.9296875,5.859375,-44.921875,-42.96875,-14.16015625
243.93359375,0.0,-44.43359375,-27.83203125,-0.9765625
243.9375,-12.6953125,-45.41015625,-26.85546875,-17.578125
243.94140625,-13.18359375,-38.0859375,-13.671875,-23.92578125
243.9453125,-20.5078125,-34.66796875,-12.6953125,-22.4609375
243.94921875,-11.71875,-40.0390625,-30.2734375,-44.43359375
243.953125,10.7421875,-43.9453125,-39.0625,-10.25390625
243.95703125,3.41796875,-41.9921875,-30.2734375,22.94921875
243.9609375,9.765625,-43.45703125,-27.83203125,-17.08984375
243.96484375,6.8359375,-44.921875,-45.8984375,4.39453125
243.96875,11.23046875,-40.0390625,-36.62109375,7.8125
243.97265625,18.5546875,-22.94921875,-24.90234375,-25.87890625
243.9765625,21.484375,-23.92578125,-27.34375,-7.8125
243.98046875,10.25390625,-31.73828125,-31.73828125,-17.08984375
243.984375,-29.78515625,-52.734375,-21.484375,-13.18359375
243.98828125,-29.78515625,-66.89453125,-13.671875,-17.08984375
243.9921875,-15.625,-44.921875,-22.94921875,1.46484375
243.99609375,-3.41796875,-29.78515625,-32.2265625,4.39453125
244.0,-13.671875,-29.78515625,-25.87890625,-13.671875
244.00390625,-4.8828125,-16.11328125,-12.6953125,46.875
244.0078125,-32.71484375,-27.34375,-12.6953125,-13.18359375
244.01171875,-49.8046875,-55.17578125,-14.16015625,-82.03125
244.015625,-28.3203125,-48.828125,-14.16015625,-17.08984375
244.01953125,-29.78515625,-47.36328125,-15.625,22.94921875
244.0234375,-62.01171875,-52.24609375,-6.8359375,-7.32421875
244.02734375,-124.51171875,-39.0625,-3.90625,-68.84765625
244.03125,-86.9140625,-32.2265625,-15.13671875,-80.56640625
244.03515625,-55.6640625,-33.69140625,-19.04296875,-45.8984375
244.0390625,-73.73046875,-46.875,-17.578125,-15.625
244.04296875,-65.4296875,-57.6171875,-16.6015625,-38.0859375
244.046875,-92.28515625,-54.19921875,-20.5078125,-59.5703125
244.05078125,-88.37890625,-47.36328125,-26.85546875,-78.61328125
244.0546875,-37.109375,-34.1796875,-46.38671875,-79.1015625
244.05859375,-52.24609375,-28.80859375,-56.640625,-4.39453125
244.0625,-68.84765625,-40.0390625,-35.15625,-16.6015625
244.06640625,-64.453125,-43.9453125,-22.94921875,-83.49609375
244.0703125,-67.3828125,-36.62109375,-25.390625,-66.40625
244.07421875,-60.05859375,-38.57421875,-27.83203125,-35.15625
244.078125,-60.05859375,-40.0390625,-34.66796875,-56.15234375
244.08203125,-34.1796875,-31.25,-41.015625,-42.48046875
244.0859375,-24.4140625,-36.1328125,-40.52734375,-40.0390625
244.08984375,-46.875,-57.6171875,-30.76171875,-76.171875
244.09375,-80.56640625,-59.08203125,-24.90234375,-69.82421875
244.09765625,-25.87890625,-44.43359375,-27.34375,-26.85546875
244.1015625,-4.8828125,-28.3203125,-22.94921875,-59.5703125
244.10546875,-5.37109375,-36.1328125,-20.01953125,-57.6171875
244.109375,3.90625,-44.921875,-11.71875,-14.16015625
244.11328125,-6.34765625,-38.0859375,-19.04296875,-59.08203125
244.1171875,14.16015625,-24.4140625,-33.69140625,-38.0859375
244.12109375,23.4375,-21.97265625,-38.0859375,-61.03515625
244.125,-9.27734375,-21.97265625,-37.59765625,-66.40625
244.12890625,-19.53125,-23.92578125,-29.296875,-34.1796875
244.1328125,25.87890625,-32.2265625,-4.8828125,-58.59375
244.13671875,46.875,-20.5078125,25.87890625,-30.76171875
244.140625,38.57421875,-1.953125,44.921875,-11.23046875
244.14453125,37.59765625,5.37109375,59.08203125,-38.0859375
244.1484375,55.17578125,-5.37109375,65.91796875,-12.20703125
244.15234375,64.94140625,-10.7421875,32.71484375,7.32421875
244.15625,30.76171875,-3.90625,-22.4609375,-27.83203125
244.16015625,14.16015625,-7.8125,-11.23046875,-43.9453125
244.1640625,13.671875,-8.30078125,32.2265625,-51.26953125
244.16796875,14.6484375,-15.13671875,11.71875,-54.6875
244.171875,-6.34765625,-27.83203125,-24.90234375,-63.96484375
244.17578125,-27.34375,-27.83203125,5.37109375,-67.3828125
244.1796875,2.44140625,-23.4375,-2.44140625,-53.22265625
244.18359375,18.5546875,-25.87890625,-68.359375,-53.22265625
244.1875,3.41796875,-22.94921875,-73.73046875,-40.0390625
244.19140625,13.18359375,-11.23046875,-30.76171875,-50.29296875
244.1953125,11.23046875,-14.16015625,-9.27734375,-63.4765625
244.19921875,-1.953125,-25.390625,-17.08984375,-49.31640625
244.203125,-14.16015625,-15.625,-3.90625,-58.10546875
244.20703125,-6.8359375,-19.04296875,12.6953125,-87.40234375
244.2109375,-6.8359375,-40.0390625,20.01953125,-113.76953125
244.21484375,-45.8984375,-36.62109375,63.96484375,-82.03125
244.21875,-53.22265625,-23.92578125,83.0078125,-43.45703125
244.22265625,-75.68359375,-11.71875,29.78515625,-152.83203125
244.2265625,-95.21484375,-27.83203125,14.16015625,-207.03125
244.23046875,-102.05078125,-57.12890625,23.92578125,-187.5
244.234375,-116.2109375,-57.6171875,22.4609375,-180.6640625
244.23828125,-111.81640625,-53.22265625,38.57421875,-197.75390625
244.2421875,-145.99609375,-48.33984375,50.29296875,-233.88671875
244.24609375,-157.2265625,-46.875,60.05859375,-247.55859375
244.25,-132.8125,-38.57421875,57.12890625,-270.99609375
244.25390625,-152.34375,-15.13671875,64.94140625,-226.07421875
244.2578125,-159.66796875,-2.9296875,41.015625,-191.89453125
244.26171875,-148.4375,-4.39453125,20.5078125,-200.68359375
244.265625,-115.234375,10.25390625,42.48046875,-177.734375
244.26953125,-96.6796875,5.37109375,39.0625,-174.8046875
244.2734375,-134.765625,-40.52734375,43.45703125,-207.03125
244.27734375,-112.3046875,-34.66796875,50.78125,-184.5703125
244.28125,-112.3046875,-2.9296875,40.0390625,-168.45703125
244.28515625,-126.953125,0.48828125,35.15625,-170.41015625
244.2890625,-87.40234375,11.71875,59.5703125,-164.0625
244.29296875,-89.35546875,32.71484375,75.68359375,-208.0078125
244.296875,-82.03125,31.25,54.6875,-196.2890625
244.30078125,-49.31640625,28.80859375,7.8125,-125.9765625
244.3046875,-26.3671875,43.9453125,-17.08984375,-100.09765625
244.30859375,-10.25390625,29.296875,27.34375,-78.125
244.3125,-2.44140625,4.8828125,60.05859375,-55.6640625
244.31640625,-16.6015625,2.9296875,73.73046875,-66.40625
244.3203125,-19.04296875,5.859375,76.171875,-86.9140625
244.32421875,-43.9453125,17.08984375,34.1796875,-106.93359375
244.328125,-55.17578125,33.69140625,52.734375,-96.6796875
244.33203125,-14.6484375,17.578125,81.0546875,-78.61328125
244.3359375,1.953125,-10.25390625,12.20703125,-72.75390625
244.33984375,-11.71875,-35.15625,-30.76171875,-64.453125
244.34375,-33.69140625,-15.625,6.34765625,-55.6640625
244.34765625,-27.34375,36.1328125,45.8984375,-46.875
244.3515625,-1.953125,38.0859375,43.45703125,-43.9453125
244.35546875,-3.90625,-14.16015625,42.48046875,-28.80859375
244.359375,-11.23046875,-21.97265625,45.41015625,-13.671875
244.36328125,-35.15625,16.11328125,19.04296875,-46.38671875
244.3671875,-85.44921875,26.3671875,31.25,-81.0546875
244.37109375,-100.09765625,30.2734375,57.6171875,-91.30859375
244.375,-102.05078125,49.8046875,80.078125,-101.5625
244.37890625,-73.2421875,54.19921875,102.05078125,-86.9140625
244.3828125,-69.3359375,41.50390625,117.67578125,-91.30859375
244.38671875,-83.0078125,72.75390625,129.8828125,-86.42578125
244.390625,-39.55078125,110.3515625,121.09375,-72.75390625
244.39453125,-28.3203125,104.00390625,86.42578125,-84.47265625
244.3984375,-56.15234375,80.078125,62.5,-93.75
244.40234375,-43.9453125,75.1953125,65.91796875,-99.12109375
244.40625,-83.49609375,92.7734375,62.98828125,-109.86328125
244.41015625,-136.71875,116.2109375,27.34375,-87.40234375
244.4140625,-113.76953125,123.046875,36.1328125,-88.8671875
244.41796875,-80.56640625,142.08984375,80.078125,-118.65234375
244.421875,-94.23828125,153.80859375,92.7734375,-111.328125
244.42578125,-98.14453125,151.3671875,104.98046875,-104.98046875
244.4296875,-89.35546875,160.15625,115.72265625,-151.85546875
244.43359375,-96.6796875,176.26953125,86.42578125,-167.96875
244.4375,-99.12109375,200.1953125,79.58984375,-153.3203125
244.44140625,-106.93359375,204.1015625,109.86328125,-159.1796875
244.4453125,-119.140625,190.4296875,117.1875,-172.36328125
244.44921875,-141.11328125,185.05859375,110.3515625,-170.41015625
244.453125,-127.9296875,187.98828125,114.2578125,-153.3203125
244.45703125,-132.32421875,188.96484375,111.328125,-208.0078125
244.4609375,-134.27734375,178.7109375,115.72265625,-212.40234375
244.46484375,-123.046875,156.25,119.140625,-184.08203125
244.46875,-135.7421875,149.90234375,105.46875,-174.31640625
244.47265625,-108.3984375,151.3671875,87.890625,-159.1796875
244.4765625,-78.125,145.01953125,89.35546875,-167.96875
244.48046875,-141.11328125,135.25390625,75.68359375,-177.24609375
244.484375,-152.34375,136.23046875,82.03125,-148.4375
244.48828125,-139.6484375,113.76953125,103.02734375,-162.59765625
244.4921875,-100.5859375,110.83984375,77.63671875,-122.55859375
244.49609375,-68.359375,121.58203125,62.5,-108.3984375
244.5,-79.58984375,96.19140625,86.9140625,-135.25390625
244.50390625,-76.171875,79.1015625,90.8203125,-121.09375
244.5078125,-15.625,72.265625,59.08203125,-85.44921875
244.51171875,-35.15625,46.875,31.25,-73.73046875
244.515625,-51.26953125,25.87890625,35.64453125,-51.26953125
244.51953125,-17.578125,17.08984375,15.625,-29.78515625
244.5234375,-6.34765625,-8.30078125,-20.5078125,-58.59375
244.52734375,26.3671875,-33.69140625,-27.83203125,-25.390625
244.53125,12.6953125,-42.96875,-20.01953125,-11.71875
244.53515625,17.08984375,-36.1328125,-9.765625,-19.53125
244.5390625,20.01953125,-28.80859375,-15.13671875,21.484375
244.54296875,9.765625,-35.64453125,-27.34375,20.01953125
244.546875,30.2734375,-42.96875,-46.38671875,7.8125
244.55078125,13.18359375,-48.828125,-49.8046875,-2.9296875
244.5546875,-2.9296875,-51.26953125,-36.62109375,13.671875
244.55859375,22.94921875,-46.875,-45.41015625,59.08203125
244.5625,49.8046875,-69.3359375,-51.7578125,47.36328125
244.56640625,78.125,-86.9140625,-42.96875,40.52734375
244.5703125,51.26953125,-71.77734375,-63.4765625,66.40625
244.57421875,22.4609375,-69.82421875,-85.9375,96.6796875
244.578125,46.38671875,-81.0546875,-43.9453125,41.9921875
244.58203125,6.8359375,-70.80078125,-16.6015625,-9.27734375
244.5859375,-14.6484375,-51.26953125,-14.16015625,0.48828125
244.58984375,8.7890625,-58.59375,-10.25390625,7.8125
244.59375,20.5078125,-65.91796875,-30.76171875,45.41015625
244.59765625,21.484375,-54.6875,-28.80859375,67.87109375
244.6015625,33.69140625,-60.546875,-4.8828125,54.19921875
244.60546875,35.64453125,-67.87109375,-5.37109375,34.1796875
244.609375,63.4765625,-65.91796875,-24.4140625,47.8515625
244.61328125,70.80078125,-77.63671875,-22.4609375,72.265625
244.6171875,22.94921875,-85.44921875,-27.83203125,52.734375
244.62109375,17.08984375,-84.47265625,-41.50390625,35.15625
244.625,35.15625,-73.2421875,-56.15234375,24.4140625
244.62890625,24.4140625,-73.73046875,-71.2890625,-9.27734375
244.6328125,20.5078125,-75.68359375,-70.80078125,2.44140625
244.63671875,13.18359375,-74.21875,-58.10546875,19.53125
244.640625,21.97265625,-77.63671875,-54.19921875,5.37109375
244.64453125,39.0625,-70.80078125,-81.0546875,-1.953125
244.6484375,30.76171875,-78.125,-85.9375,17.08984375
244.65234375,22.94921875,-91.30859375,-64.94140625,38.57421875
244.65625,-5.859375,-92.28515625,-60.05859375,14.6484375
244.66015625,-17.578125,-85.9375,-67.87109375,-18.06640625
244.6640625,-10.7421875,-74.70703125,-81.54296875,-23.92578125
244.66796875,-2.9296875,-71.2890625,-79.1015625,-22.4609375
244.671875,3.90625,-81.0546875,-74.21875,-5.37109375
244.67578125,-4.39453125,-84.47265625,-75.68359375,14.6484375
244.6796875,3.90625,-69.3359375,-83.49609375,44.921875
244.68359375,28.3203125,-61.03515625,-91.30859375,12.6953125
244.6875,50.29296875,-67.3828125,-104.00390625,-18.5546875
244.69140625,62.01171875,-68.359375,-125.0,20.5078125
244.6953125,39.55078125,-68.359375,-111.328125,28.80859375
244.69921875,-10.7421875,-71.2890625,-91.30859375,-2.44140625
244.703125,-8.30078125,-69.82421875,-84.9609375,6.34765625
244.70703125,0.0,-75.68359375,-78.61328125,-13.671875
244.7109375,-1.953125,-74.21875,-74.21875,8.7890625
244.71484375,-4.8828125,-69.3359375,-69.82421875,36.1328125
244.71875,6.34765625,-78.125,-63.96484375,17.578125
244.72265625,41.50390625,-78.61328125,-63.4765625,22.4609375
244.7265625,55.6640625,-63.96484375,-70.80078125,8.7890625
244.73046875,30.76171875,-55.17578125,-82.03125,1.46484375
244.734375,28.80859375,-51.7578125,-86.42578125,14.16015625
244.73828125,50.78125,-45.8984375,-101.07421875,36.1328125
244.7421875,36.1328125,-50.78125,-102.5390625,40.52734375
244.74609375,0.9765625,-67.87109375,-75.68359375,41.9921875
244.75,11.71875,-67.3828125,-62.5,37.109375
244.75390625,-4.39453125,-59.5703125,-63.4765625,3.41796875
244.7578125,-4.39453125,-64.94140625,-64.94140625,21.97265625
244.76171875,10.7421875,-66.89453125,-81.0546875,28.3203125
244.765625,18.5546875,-70.3125,-92.7734375,-12.6953125
244.76953125,12.20703125,-69.82421875,-95.21484375,-20.99609375
244.7734375,-1.953125,-69.82421875,-96.6796875,25.390625
244.77734375,-3.41796875,-72.265625,-89.35546875,38.0859375
244.78125,-12.20703125,-67.87109375,-91.796875,27.34375
244.78515625,-24.4140625,-63.96484375,-88.37890625,15.13671875
244.7890625,-31.73828125,-63.4765625,-85.9375,4.39453125
244.79296875,-16.6015625,-64.94140625,-80.56640625,23.92578125
244.796875,0.48828125,-69.3359375,-85.44921875,25.87890625
244.80078125,-6.34765625,-67.87109375,-99.12109375,19.04296875
244.8046875,-15.625,-64.453125,-89.84375,36.1328125
244.80859375,-11.71875,-69.3359375,-91.30859375,4.39453125
244.8125,-3.41796875,-75.68359375,-89.35546875,1.46484375
244.81640625,7.32421875,-65.4296875,-95.703125,34.66796875
244.8203125,-9.27734375,-65.91796875,-99.12109375,28.3203125
244.82421875,-25.87890625,-74.70703125,-77.63671875,7.8125
244.828125,-6.8359375,-63.96484375,-75.1953125,0.48828125
244.83203125,-18.06640625,-63.96484375,-87.890625,-22.94921875
244.8359375,-26.3671875,-63.96484375,-96.19140625,-8.30078125
244.83984375,-32.2265625,-59.08203125,-104.00390625,12.6953125
244.84375,-20.99609375,-61.5234375,-93.75,-12.6953125
244.84765625,-16.6015625,-62.01171875,-79.1015625,0.9765625
244.8515625,-15.625,-66.89453125,-82.51953125,41.015625
244.85546875,-8.7890625,-67.87109375,-86.9140625,18.5546875
244.859375,-30.2734375,-60.05859375,-91.30859375,-15.625
244.86328125,-15.13671875,-45.8984375,-104.98046875,-10.7421875
244.8671875,-27.34375,-48.828125,-104.4921875,-0.9765625
244.87109375,-48.33984375,-59.08203125,-72.265625,-28.3203125
244.875,-24.4140625,-62.5,-64.453125,-47.8515625
244.87890625,-26.85546875,-66.89453125,-65.91796875,-17.578125
244.8828125,-20.5078125,-62.98828125,-60.546875,19.04296875
244.88671875,-24.4140625,-63.4765625,-69.3359375,16.6015625
244.890625,-32.71484375,-73.73046875,-79.1015625,-27.34375
244.89453125,-31.25,-64.453125,-83.49609375,-16.11328125
244.8984375,-9.765625,-58.10546875,-77.1484375,7.32421875
244.90234375,-8.30078125,-54.19921875,-62.01171875,0.0
244.90625,-35.15625,-52.24609375,-59.08203125,0.48828125
244.91015625,-17.578125,-56.640625,-64.94140625,32.2265625
244.9140625,0.0,-55.6640625,-68.359375,2.9296875
244.91796875,-28.80859375,-52.24609375,-91.30859375,-24.90234375
244.921875,-29.78515625,-46.38671875,-88.37890625,-12.20703125
244.92578125,-21.484375,-51.26953125,-55.6640625,-12.6953125
244.9296875,-44.43359375,-57.6171875,-53.22265625,-37.59765625
244.93359375,-55.17578125,-58.10546875,-62.98828125,-35.64453125
244.9375,-34.66796875,-58.59375,-65.4296875,-23.92578125
244.94140625,-5.859375,-49.8046875,-65.91796875,-16.6015625
244.9453125,8.30078125,-53.22265625,-65.91796875,19.53125
244.94921875,26.3671875,-61.03515625,-63.4765625,29.78515625
244.953125,-14.6484375,-63.96484375,-64.94140625,-0.9765625
244.95703125,-72.265625,-52.24609375,-64.94140625,-2.9296875
244.9609375,-53.22265625,-39.55078125,-72.265625,-26.85546875
244.96484375,-35.15625,-37.59765625,-78.125,-37.109375
244.96875,-69.3359375,-42.48046875,-78.61328125,-39.55078125
244.97265625,-64.453125,-42.48046875,-77.63671875,-56.15234375
244.9765625,-56.15234375,-42.48046875,-90.33203125,-56.15234375
244.98046875,-37.59765625,-52.734375,-89.84375,-29.296875
244.984375,-28.80859375,-52.734375,-79.1015625,-34.66796875
244.98828125,-20.01953125,-52.734375,-77.1484375,-35.64453125
244.9921875,-49.8046875,-56.640625,-94.23828125,-60.546875
244.99609375,-71.2890625,-46.38671875,-100.09765625,-52.24609375
245.0,-49.8046875,-35.15625,-86.9140625,-35.64453125
245.00390625,-20.01953125,-41.015625,-86.9140625,-58.59375
245.0078125,-7.32421875,-53.22265625,-83.984375,-82.51953125
245.01171875,-0.48828125,-48.828125,-91.30859375,-64.453125
245.015625,22.94921875,-35.15625,-99.12109375,-25.87890625
245.01953125,6.34765625,-36.62109375,-81.0546875,-11.23046875
245.0234375,-22.4609375,-52.734375,-70.3125,-50.29296875
245.02734375,-14.6484375,-58.59375,-62.98828125,-53.7109375
245.03125,10.25390625,-58.59375,-55.6640625,1.953125
245.03515625,2.44140625,-56.15234375,-58.59375,-46.38671875
245.0390625,-17.08984375,-45.41015625,-75.1953125,-73.2421875
245.04296875,-14.16015625,-43.45703125,-73.2421875,-36.62109375
245.046875,-13.671875,-48.33984375,-56.640625,-38.0859375
245.05078125,-4.39453125,-39.0625,-51.7578125,-44.921875
245.0546875,-18.5546875,-31.25,-58.59375,-26.85546875
245.05859375,-26.85546875,-39.55078125,-70.3125,-34.66796875
245.0625,-5.37109375,-38.57421875,-62.01171875,-35.15625
245.06640625,-15.13671875,-31.25,-42.48046875,-26.3671875
245.0703125,-50.29296875,-32.71484375,-32.71484375,-17.08984375
245.07421875,-56.15234375,-34.66796875,-37.109375,-20.5078125
245.078125,-17.08984375,-24.4140625,-50.29296875,-32.71484375
245.08203125,-2.9296875,-25.390625,-49.31640625,-41.015625
245.0859375,-51.7578125,-39.0625,-47.8515625,-38.57421875
245.08984375,-49.8046875,-43.9453125,-60.546875,-26.85546875
245.09375,-36.1328125,-46.38671875,-61.5234375,-38.57421875
245.09765625,-61.5234375,-44.43359375,-40.52734375,-22.94921875
245.1015625,-47.8515625,-40.52734375,-28.3203125,-13.671875
245.10546875,-4.8828125,-32.71484375,-39.55078125,-24.4140625
245.109375,-30.76171875,-23.92578125,-58.59375,-19.04296875
245.11328125,-50.29296875,-36.1328125,-54.19921875,-36.1328125
245.1171875,-50.29296875,-47.8515625,-40.52734375,-57.6171875
245.12109375,-54.19921875,-40.52734375,-39.0625,-39.55078125
245.125,-38.57421875,-41.50390625,-45.41015625,-20.01953125
245.12890625,-31.25,-41.015625,-43.9453125,-38.57421875
245.1328125,-28.3203125,-44.43359375,-48.828125,-65.91796875
245.13671875,-29.296875,-41.50390625,-67.3828125,-60.05859375
245.140625,-59.08203125,-30.76171875,-62.01171875,-38.57421875
245.14453125,-39.55078125,-33.203125,-42.48046875,-26.3671875
245.1484375,-40.52734375,-34.66796875,-33.203125,-34.66796875
245.15234375,-59.5703125,-40.52734375,-35.64453125,-37.109375
245.15625,-45.41015625,-36.62109375,-46.875,-19.53125
245.16015625,-50.29296875,-20.99609375,-46.38671875,-20.5078125
245.1640625,-58.10546875,-15.13671875,-45.41015625,-20.5078125
245.16796875,-57.6171875,-24.4140625,-51.26953125,14.6484375
245.171875,-61.03515625,-27.83203125,-58.10546875,-8.30078125
245.17578125,-86.42578125,-28.3203125,-46.38671875,-68.359375
245.1796875,-97.65625,-31.73828125,-33.69140625,-64.94140625
245.18359375,-67.3828125,-30.76171875,-39.0625,-55.6640625
245.1875,-59.08203125,-25.87890625,-45.8984375,-50.78125
245.19140625,-48.33984375,-23.92578125,-44.921875,-37.59765625
245.1953125,-57.6171875,-24.90234375,-39.55078125,-21.484375
245.19921875,-71.77734375,-24.90234375,-37.59765625,-23.4375
245.203125,-73.73046875,-24.90234375,-43.9453125,-29.296875
245.20703125,-62.5,-26.85546875,-61.03515625,-21.484375
245.2109375,-66.89453125,-30.76171875,-48.828125,-54.19921875
245.21484375,-101.5625,-29.296875,-28.3203125,-61.5234375
245.21875,-106.4453125,-26.3671875,-28.3203125,-49.8046875
245.22265625,-79.1015625,-30.76171875,-20.99609375,-40.0390625
245.2265625,-78.61328125,-32.2265625,-25.390625,-21.484375
245.23046875,-84.47265625,-24.90234375,-25.390625,-39.0625
245.234375,-69.3359375,-17.08984375,-23.92578125,-18.5546875
245.23828125,-71.2890625,-12.6953125,-35.64453125,-13.18359375
245.2421875,-81.54296875,-17.08984375,-34.66796875,-46.875
245.24609375,-65.91796875,-20.99609375,-27.83203125,-26.85546875
245.25,-52.734375,-23.4375,-26.85546875,1.953125
245.25390625,-69.82421875,-29.296875,-35.64453125,-32.71484375
245.2578125,-86.42578125,-29.78515625,-45.8984375,-65.91796875
245.26171875,-70.3125,-28.3203125,-37.109375,-15.13671875
245.265625,-76.171875,-27.34375,-33.69140625,-24.90234375
245.26953125,-86.42578125,-19.04296875,-41.9921875,-41.9921875
245.2734375,-66.40625,-14.16015625,-43.9453125,-22.4609375
245.27734375,-68.84765625,-25.87890625,-31.25,-27.83203125
245.28125,-77.1484375,-35.64453125,-22.94921875,-53.22265625
245.28515625,-73.2421875,-31.25,-27.34375,-65.4296875
245.2890625,-83.0078125,-35.15625,-26.3671875,-53.7109375
245.29296875,-87.890625,-37.109375,-23.4375,-45.41015625
245.296875,-95.703125,-33.203125,-29.78515625,-38.57421875
245.30078125,-80.56640625,-27.34375,-31.73828125,-22.4609375
245.3046875,-62.01171875,-24.4140625,-31.73828125,-16.6015625
245.30859375,-83.984375,-23.4375,-41.50390625,-14.6484375
245.3125,-99.609375,-26.3671875,-48.828125,-30.76171875
245.31640625,-92.28515625,-31.73828125,-39.0625,-21.97265625
245.3203125,-92.28515625,-21.484375,-36.1328125,-25.87890625
245.32421875,-79.1015625,-23.4375,-43.9453125,-58.59375
245.328125,-73.73046875,-27.83203125,-45.8984375,-63.4765625
245.33203125,-82.03125,-29.296875,-42.96875,-56.640625
245.3359375,-83.0078125,-37.109375,-36.62109375,-44.921875
245.33984375,-79.58984375,-36.62109375,-28.80859375,-21.484375
245.34375,-68.84765625,-30.76171875,-30.76171875,-12.6953125
245.34765625,-93.26171875,-22.94921875,-36.1328125,-36.62109375
245.3515625,-114.2578125,-29.296875,-44.921875,-80.078125
245.35546875,-98.6328125,-40.0390625,-43.45703125,-51.26953125
245.359375,-103.02734375,-32.2265625,-47.36328125,-66.89453125
245.36328125,-124.51171875,-25.390625,-62.5,-94.7265625
245.3671875,-105.95703125,-28.3203125,-59.08203125,-50.78125
245.37109375,-80.56640625,-44.921875,-51.26953125,-74.70703125
245.375,-93.75,-36.1328125,-56.15234375,-63.96484375
245.37890625,-105.95703125,-14.16015625,-81.0546875,-41.50390625
245.3828125,-126.46484375,-25.87890625,-69.3359375,-66.89453125
245.38671875,-114.74609375,-31.73828125,-34.1796875,-78.61328125
245.390625,-83.0078125,-22.4609375,-35.64453125,-61.03515625
245.39453125,-104.98046875,-17.578125,-41.9921875,-41.015625
245.3984375,-131.34765625,-17.08984375,-37.59765625,-42.96875
245.40234375,-114.74609375,-20.99609375,-60.546875,-72.75390625
245.40625,-120.60546875,-22.94921875,-70.80078125,-59.5703125
245.41015625,-123.53515625,-28.3203125,-48.33984375,-22.94921875
245.4140625,-99.12109375,-38.57421875,-36.1328125,-64.94140625
245.41796875,-100.5859375,-39.55078125,-36.1328125,-72.75390625
245.421875,-104.4921875,-33.203125,-34.66796875,-62.98828125
245.42578125,-82.51953125,-26.3671875,-45.41015625,-61.03515625
245.4296875,-81.54296875,-27.34375,-46.38671875,-39.55078125
245.43359375,-100.5859375,-29.296875,-45.41015625,-29.78515625
245.4375,-88.37890625,-22.94921875,-46.875,-33.203125
245.44140625,-71.2890625,-22.4609375,-46.875,-37.59765625
245.4453125,-79.1015625,-23.92578125,-44.43359375,-35.15625
245.44921875,-75.1953125,-31.73828125,-32.71484375,-40.0390625
245.453125,-69.82421875,-30.2734375,-23.4375,-26.3671875
245.45703125,-70.80078125,-20.01953125,-33.203125,-24.90234375
245.4609375,-64.94140625,-22.4609375,-48.33984375,-38.57421875
245.46484375,-84.9609375,-23.92578125,-43.45703125,-46.38671875
245.46875,-98.6328125,-22.4609375,-30.76171875,-37.109375
245.47265625,-86.9140625,-18.5546875,-40.52734375,-18.06640625
245.4765625,-84.9609375,-17.08984375,-38.0859375,-14.6484375
245.48046875,-96.19140625,-20.99609375,-28.3203125,-33.203125
245.484375,-94.7265625,-26.3671875,-30.76171875,-42.96875
245.48828125,-65.91796875,-29.296875,-42.48046875,-40.52734375
245.4921875,-86.42578125,-20.99609375,-63.4765625,-20.01953125
245.49609375,-102.5390625,-21.484375,-59.08203125,-34.1796875
245.5,-86.9140625,-23.92578125,-40.52734375,-44.43359375
245.50390625,-68.84765625,-25.390625,-34.1796875,-31.25
245.5078125,-69.3359375,-31.25,-40.0390625,-34.66796875
245.51171875,-79.58984375,-31.25,-32.2265625,-39.55078125
245.515625,-75.68359375,-28.3203125,-33.69140625,-36.1328125
245.51953125,-80.078125,-21.484375,-53.7109375,-37.109375
245.5234375,-80.56640625,-23.4375,-45.8984375,-52.24609375
245.52734375,-67.3828125,-32.71484375,-26.85546875,-38.57421875
245.53125,-81.54296875,-33.203125,-29.296875,-37.109375
245.53515625,-115.72265625,-29.296875,-51.26953125,-66.89453125
245.5390625,-76.171875,-22.94921875,-64.94140625,-51.26953125
245.54296875,-71.2890625,-27.83203125,-65.4296875,-39.0625
245.546875,-97.65625,-36.1328125,-53.7109375,-48.33984375
245.55078125,-93.26171875,-33.69140625,-41.015625,-64.453125
245.5546875,-94.23828125,-35.64453125,-41.015625,-65.4296875
245.55859375,-89.84375,-35.64453125,-43.45703125,-43.45703125
245.5625,-76.171875,-34.1796875,-51.26953125,-55.17578125
245.56640625,-76.66015625,-39.0625,-53.7109375,-48.828125
245.5703125,-71.2890625,-42.48046875,-48.33984375,-19.53125
245.57421875,-51.26953125,-33.203125,-55.6640625,-25.87890625
245.578125,-78.125,-23.4375,-52.734375,-41.9921875
245.58203125,-94.23828125,-34.1796875,-36.1328125,-49.8046875
245.5859375,-79.1015625,-45.41015625,-35.15625,-71.2890625
245.58984375,-62.98828125,-32.2265625,-33.203125,-61.5234375
245.59375,-51.7578125,-24.90234375,-33.69140625,-39.0625
245.59765625,-52.734375,-26.3671875,-41.015625,-47.36328125
245.6015625,-54.6875,-33.203125,-41.9921875,-38.0859375
245.60546875,-54.19921875,-49.31640625,-49.8046875,-49.8046875
245.609375,-67.3828125,-46.875,-46.875,-67.87109375
245.61328125,-65.91796875,-34.1796875,-38.0859375,-68.84765625
245.6171875,-49.8046875,-22.94921875,-50.29296875,-42.96875
245.62109375,-37.109375,-17.08984375,-43.45703125,-31.25
245.625,-24.4140625,-30.2734375,-20.99609375,-55.17578125
245.62890625,-25.87890625,-31.25,-22.94921875,-61.03515625
245.6328125,-21.484375,-22.94921875,-37.59765625,-29.296875
245.63671875,-19.04296875,-36.1328125,-30.76171875,-22.4609375
245.640625,-21.484375,-43.45703125,-15.13671875,-41.015625
245.64453125,-26.85546875,-40.52734375,-12.20703125,-48.33984375
245.6484375,-28.3203125,-47.8515625,-22.4609375,-41.50390625
245.65234375,-29.78515625,-51.26953125,-31.25,-40.0390625
245.65625,-32.71484375,-43.9453125,-27.34375,-22.4609375
245.66015625,-40.0390625,-42.96875,-27.34375,-36.1328125
245.6640625,-41.015625,-42.96875,-32.71484375,-42.96875
245.66796875,-22.94921875,-34.1796875,-35.64453125,-38.0859375
245.671875,-27.34375,-41.9921875,-49.8046875,-66.89453125
245.67578125,-30.76171875,-49.8046875,-34.1796875,-50.29296875
245.6796875,-21.484375,-39.0625,-20.01953125,-21.97265625
245.68359375,-46.875,-25.390625,-32.2265625,-39.0625
245.6875,-46.38671875,-29.296875,-30.76171875,-44.43359375
245.69140625,-41.9921875,-34.1796875,-31.73828125,-48.828125
245.6953125,-43.9453125,-25.390625,-32.71484375,-54.6875
245.69921875,-11.71875,-20.99609375,-26.85546875,-53.22265625
245.703125,-10.7421875,-39.55078125,-26.85546875,-48.33984375
245.70703125,-26.3671875,-48.828125,-15.13671875,-31.25
245.7109375,-32.71484375,-41.9921875,-16.6015625,-23.92578125
245.71484375,-18.06640625,-27.83203125,-39.0625,-11.71875
245.71875,-0.9765625,-20.99609375,-47.8515625,-18.06640625
245.72265625,-23.92578125,-32.2265625,-30.2734375,-29.296875
245.7265625,-47.36328125,-33.203125,-44.921875,-48.828125
245.73046875,-43.45703125,-30.76171875,-53.22265625,-40.52734375
245.734375,-59.5703125,-35.15625,-17.578125,-6.8359375
245.73828125,-63.4765625,-41.015625,1.46484375,-17.578125
245.7421875,-57.12890625,-52.24609375,0.9765625,-40.0390625
245.74609375,-61.5234375,-62.5,1.46484375,-30.2734375
245.75,-43.9453125,-54.19921875,4.39453125,-26.3671875
245.75390625,-27.34375,-46.875,11.23046875,-33.203125
245.7578125,-30.76171875,-50.29296875,16.11328125,-23.92578125
245.76171875,-18.06640625,-41.9921875,6.34765625,-16.11328125
245.765625,-20.5078125,-39.0625,-12.6953125,-17.08984375
245.76953125,-55.6640625,-48.33984375,-11.71875,-18.5546875
245.7734375,-54.6875,-47.8515625,1.46484375,-18.5546875
245.77734375,-25.87890625,-45.41015625,4.39453125,-3.41796875
245.78125,-28.80859375,-49.31640625,1.46484375,22.94921875
245.78515625,-35.15625,-53.22265625,5.859375,22.4609375
245.7890625,-42.48046875,-41.50390625,6.8359375,-19.53125
245.79296875,-47.8515625,-22.4609375,10.7421875,-32.2265625
245.796875,-41.50390625,-13.18359375,0.9765625,-35.15625
245.80078125,-29.78515625,-19.04296875,-11.71875,-25.87890625
245.8046875,-37.59765625,-26.3671875,0.0,-9.27734375
245.80859375,-27.34375,-25.390625,17.578125,-12.6953125
245.8125,-7.32421875,-20.99609375,15.625,6.8359375
245.81640625,-14.6484375,-21.97265625,5.37109375,1.953125
245.8203125,-40.0390625,-29.78515625,1.46484375,-17.578125
245.82421875,-88.37890625,-32.71484375,1.46484375,-18.5546875
245.828125,-107.91015625,-31.25,2.44140625,-28.80859375
245.83203125,-84.9609375,-28.80859375,-16.11328125,-12.20703125
245.8359375,-94.7265625,-38.0859375,-20.99609375,23.4375
245.83984375,-102.05078125,-38.0859375,-9.765625,8.30078125
245.84375,-88.8671875,-28.3203125,-9.27734375,-21.97265625
245.84765625,-78.125,-25.87890625,-5.859375,-31.73828125
245.8515625,-61.5234375,-10.7421875,1.953125,-48.33984375
245.85546875,-49.31640625,1.46484375,7.32421875,-14.16015625
245.859375,-51.26953125,-11.71875,0.9765625,0.0
245.86328125,-47.36328125,-19.53125,5.37109375,-24.90234375
245.8671875,-37.109375,-19.53125,21.97265625,-16.6015625
245.87109375,-42.48046875,-22.94921875,30.76171875,-1.46484375
245.875,-41.9921875,-23.4375,31.25,2.9296875
245.87890625,-37.59765625,-25.390625,24.90234375,2.9296875
245.8828125,-32.2265625,-24.4140625,19.53125,18.06640625
245.88671875,-28.3203125,-20.5078125,21.484375,16.11328125
245.890625,-16.11328125,-21.97265625,9.27734375,22.4609375
245.89453125,4.39453125,-15.13671875,-14.16015625,-2.44140625
245.8984375,-13.18359375,-8.7890625,-17.578125,-14.16015625
245.90234375,-30.2734375,-8.7890625,-5.859375,-21.484375
245.90625,-22.4609375,-10.25390625,4.8828125,-30.76171875
245.91015625,-25.390625,-13.18359375,9.27734375,-22.4609375
245.9140625,-12.6953125,-4.8828125,-3.41796875,-24.90234375
245.91796875,-8.7890625,-1.46484375,-10.7421875,-6.8359375
245.921875,-18.5546875,-13.671875,-4.39453125,-15.625
245.92578125,-3.41796875,-16.6015625,5.859375,-11.71875
245.9296875,-12.6953125,-17.08984375,14.6484375,-4.39453125
245.93359375,-26.85546875,-16.11328125,23.4375,-13.18359375
245.9375,-16.11328125,-16.6015625,20.99609375,-33.203125
245.94140625,-14.16015625,-20.01953125,19.53125,-17.08984375
245.9453125,-15.625,-18.5546875,15.13671875,-0.9765625
245.94921875,-11.23046875,-18.5546875,1.46484375,-6.34765625
245.953125,-0.9765625,-19.53125,-0.9765625,8.7890625
245.95703125,-2.44140625,-8.30078125,-7.32421875,7.8125
245.9609375,-25.390625,-11.23046875,-5.37109375,-38.0859375
245.96484375,-21.484375,-25.87890625,5.859375,-50.78125
245.96875,-17.578125,-30.76171875,2.44140625,-27.34375
245.97265625,-21.97265625,-30.76171875,-9.765625,-25.390625
245.9765625,-43.9453125,-33.203125,-11.71875,-20.01953125
245.98046875,-44.921875,-34.66796875,-11.71875,-54.6875
245.984375,-24.90234375,-41.9921875,-14.6484375,-45.8984375
245.98828125,-50.78125,-44.921875,-6.34765625,22.4609375
245.9921875,-59.5703125,-34.66796875,-19.53125,-19.04296875
245.99609375,-21.97265625,-26.85546875,-34.1796875,-47.36328125
246.0,-22.94921875,-25.390625,-24.90234375,-33.69140625
246.00390625,-41.9921875,-26.3671875,-11.23046875,-35.64453125
246.0078125,-21.97265625,-24.4140625,-14.16015625,-15.625
246.01171875,-6.34765625,-19.53125,-23.92578125,-3.90625
246.015625,-14.16015625,-19.53125,-12.6953125,-13.671875
246.01953125,-23.4375,-24.90234375,-3.41796875,-40.0390625
246.0234375,-22.4609375,-27.34375,-10.25390625,-28.80859375
246.02734375,-18.5546875,-23.4375,-24.90234375,-6.34765625
246.03125,-16.6015625,-27.83203125,-21.484375,-15.13671875
246.03515625,-27.34375,-32.2265625,-10.25390625,-35.64453125
246.0390625,-40.52734375,-30.2734375,-5.859375,-26.85546875
246.04296875,-41.9921875,-32.2265625,-12.6953125,-4.8828125
246.046875,-29.296875,-30.76171875,-20.99609375,-11.23046875
246.05078125,-41.50390625,-30.76171875,-14.16015625,-31.73828125
246.0546875,-21.97265625,-34.1796875,-5.859375,-18.06640625
246.05859375,2.9296875,-34.66796875,-3.41796875,-17.578125
246.0625,-17.578125,-28.3203125,-13.671875,-1.953125
246.06640625,-11.71875,-20.99609375,-24.90234375,21.97265625
246.0703125,-9.27734375,-20.5078125,-12.20703125,7.8125
246.07421875,-11.23046875,-20.99609375,2.44140625,-1.953125
246.078125,-10.25390625,-19.53125,4.39453125,-11.23046875
246.08203125,-23.92578125,-25.87890625,-5.859375,-37.59765625
246.0859375,-27.34375,-28.80859375,-9.27734375,-56.640625
246.08984375,-26.3671875,-22.4609375,-4.39453125,-35.64453125
246.09375,-25.87890625,-24.4140625,-10.25390625,-26.85546875
246.09765625,-12.6953125,-23.92578125,-26.3671875,-29.78515625
246.1015625,3.90625,-20.99609375,-18.5546875,16.6015625
246.10546875,2.9296875,-18.06640625,-7.32421875,0.0
246.109375,14.6484375,-6.8359375,-8.7890625,-38.0859375
246.11328125,18.5546875,-11.71875,-17.08984375,-23.4375
246.1171875,-6.34765625,-27.34375,-21.484375,-12.6953125
246.12109375,-12.6953125,-26.85546875,-15.13671875,-12.20703125
246.125,-20.99609375,-31.73828125,-8.7890625,-25.87890625
246.12890625,-8.7890625,-33.203125,-1.953125,-29.78515625
246.1328125,2.44140625,-17.08984375,-12.20703125,0.0
246.13671875,-5.37109375,-15.13671875,-20.5078125,-17.578125
246.140625,-6.34765625,-19.04296875,-19.04296875,-49.8046875
246.14453125,-16.6015625,-20.99609375,-14.6484375,-40.0390625
246.1484375,-13.671875,-24.90234375,-10.25390625,-36.1328125
246.15234375,7.32421875,-31.25,-10.7421875,-65.91796875
246.15625,-11.71875,-38.0859375,-18.06640625,-73.2421875
246.16015625,-47.8515625,-34.66796875,-18.5546875,-71.2890625
246.1640625,-54.6875,-28.3203125,-14.16015625,-74.21875
246.16796875,-83.49609375,-27.34375,-17.578125,-73.73046875
246.171875,-114.74609375,-35.64453125,-16.6015625,-100.5859375
246.17578125,-74.70703125,-40.0390625,-16.6015625,-114.74609375
246.1796875,-88.37890625,-45.41015625,-14.6484375,-88.8671875
246.18359375,-132.8125,-40.52734375,-30.2734375,-101.07421875
246.1875,-145.99609375,-28.80859375,-61.03515625,-149.90234375
246.19140625,-143.06640625,-31.25,-37.59765625,-174.8046875
246.1953125,-129.8828125,-41.015625,-7.8125,-185.546875
246.19921875,-125.9765625,-49.31640625,-21.484375,-184.08203125
246.203125,-133.7890625,-40.0390625,-18.5546875,-168.45703125
246.20703125,-131.34765625,-32.71484375,-15.625,-145.01953125
246.2109375,-112.79296875,-34.1796875,-32.2265625,-123.53515625
246.21484375,-60.05859375,-28.3203125,-37.109375,-76.171875
246.21875,-48.33984375,-23.92578125,-37.109375,-63.4765625
246.22265625,-80.078125,-28.80859375,-16.11328125,-101.07421875
246.2265625,-83.0078125,-27.34375,-2.9296875,-93.26171875
246.23046875,-69.3359375,-29.296875,-6.34765625,-74.21875
246.234375,-62.98828125,-32.2265625,-8.7890625,-85.9375
246.23828125,-36.62109375,-32.2265625,-18.06640625,-53.22265625
246.2421875,8.30078125,-21.97265625,-22.94921875,-6.8359375
246.24609375,30.76171875,-5.37109375,-22.94921875,-23.4375
246.25,33.69140625,-3.90625,-19.53125,-19.04296875
246.25390625,28.3203125,-8.7890625,-9.27734375,4.39453125
246.2578125,24.4140625,-20.01953125,-5.859375,8.7890625
246.26171875,42.48046875,-36.1328125,-10.25390625,27.34375
246.265625,50.29296875,-31.25,-16.6015625,25.87890625
246.26953125,35.15625,-17.08984375,-13.671875,18.06640625
246.2734375,42.48046875,-12.6953125,-4.8828125,7.32421875
246.27734375,44.43359375,-7.8125,-8.30078125,12.6953125
246.28125,39.0625,-8.30078125,-12.6953125,27.83203125
246.28515625,42.48046875,-11.71875,-11.23046875,16.11328125
246.2890625,44.921875,-13.671875,-4.8828125,14.6484375
246.29296875,53.22265625,-11.71875,-10.7421875,42.48046875
246.296875,50.29296875,-10.25390625,-31.25,32.71484375
246.30078125,54.19921875,-12.20703125,-17.08984375,0.9765625
246.3046875,89.35546875,-14.16015625,4.8828125,27.34375
246.30859375,92.7734375,-13.18359375,-2.9296875,51.26953125
246.3125,66.89453125,-17.08984375,-18.5546875,43.45703125
246.31640625,49.8046875,-18.5546875,-14.6484375,28.80859375
246.3203125,47.36328125,-17.08984375,-12.6953125,19.53125
246.32421875,43.9453125,-20.01953125,-10.25390625,8.30078125
246.328125,35.64453125,-15.13671875,-6.34765625,4.39453125
246.33203125,53.7109375,-10.25390625,-14.6484375,31.73828125
246.3359375,66.89453125,-15.13671875,-16.6015625,36.1328125
246.33984375,55.6640625,-19.53125,0.9765625,14.6484375
246.34375,43.45703125,-11.71875,4.8828125,10.7421875
246.34765625,41.9921875,-9.27734375,-2.9296875,1.46484375
246.3515625,53.7109375,-13.671875,-16.6015625,10.7421875
246.35546875,61.5234375,-12.20703125,-22.94921875,31.25
246.359375,59.5703125,-20.5078125,-17.08984375,24.4140625
246.36328125,57.12890625,-28.3203125,-12.6953125,23.92578125
246.3671875,45.41015625,-22.4609375,-10.7421875,25.390625
246.37109375,41.9921875,-21.484375,-11.71875,18.06640625
246.375,59.08203125,-22.4609375,-2.9296875,50.78125
246.37890625,41.50390625,-13.671875,-8.30078125,41.9921875
246.3828125,23.4375,-8.7890625,-41.9921875,-0.48828125
246.38671875,39.0625,-13.18359375,-41.9921875,9.765625
246.390625,54.19921875,-7.8125,-17.08984375,26.85546875
246.39453125,72.75390625,-1.953125,-19.04296875,11.23046875
246.3984375,42.96875,-13.671875,-41.9921875,-12.6953125
246.40234375,28.3203125,-27.34375,-35.64453125,-18.5546875
246.40625,45.41015625,-29.78515625,-27.34375,-12.20703125
246.41015625,36.62109375,-27.34375,-32.71484375,-0.48828125
246.4140625,38.57421875,-16.11328125,-26.3671875,9.27734375
246.41796875,41.015625,-14.16015625,-26.85546875,5.859375
246.421875,29.78515625,-24.90234375,-31.25,6.8359375
246.42578125,49.8046875,-29.296875,-34.66796875,2.9296875
246.4296875,33.203125,-33.69140625,-37.109375,6.34765625
246.43359375,21.97265625,-21.97265625,-38.57421875,19.04296875
246.4375,23.4375,-3.90625,-37.109375,13.671875
246.44140625,31.25,-8.30078125,-32.71484375,8.7890625
246.4453125,30.2734375,-16.11328125,-26.3671875,21.97265625
246.44921875,11.23046875,-20.01953125,-27.83203125,27.34375
246.453125,8.7890625,-25.87890625,-31.73828125,11.23046875
246.45703125,12.20703125,-19.53125,-27.83203125,3.41796875
246.4609375,7.32421875,-20.99609375,-42.48046875,0.48828125
246.46484375,8.30078125,-25.390625,-43.45703125,4.8828125
246.46875,2.44140625,-22.94921875,-28.3203125,1.953125
246.47265625,7.8125,-25.87890625,-24.4140625,-0.48828125
246.4765625,7.8125,-26.3671875,-29.78515625,-1.46484375
246.48046875,-6.8359375,-26.3671875,-31.25,20.99609375
246.484375,2.9296875,-30.76171875,-22.94921875,2.9296875
246.48828125,10.25390625,-38.57421875,-33.203125,-26.3671875
246.4921875,20.99609375,-40.52734375,-53.22265625,-18.06640625
246.49609375,29.296875,-33.203125,-36.62109375,-5.859375
246.5,2.44140625,-25.390625,-23.4375,0.9765625
246.50390625,-22.94921875,-22.4609375,-29.78515625,-4.39453125
246.5078125,-14.16015625,-20.01953125,-22.94921875,-13.18359375
246.51171875,-2.9296875,-14.6484375,-15.13671875,-1.46484375
246.515625,-12.6953125,-14.6484375,-18.06640625,11.23046875
246.51953125,-10.25390625,-18.06640625,-18.06640625,15.13671875
246.5234375,10.25390625,-17.578125,-25.87890625,9.27734375
246.52734375,-9.765625,-24.90234375,-33.69140625,0.9765625
246.53125,-37.59765625,-32.2265625,-33.203125,-15.13671875
246.53515625,-3.41796875,-29.296875,-22.94921875,0.48828125
246.5390625,29.78515625,-20.01953125,-15.13671875,20.01953125
246.54296875,-4.8828125,-13.18359375,-29.296875,-12.6953125
246.546875,-50.29296875,-14.6484375,-37.109375,-9.765625
246.55078125,-39.0625,-16.6015625,-58.59375,-9.765625
246.5546875,-2.9296875,-11.71875,-57.12890625,-1.953125
246.55859375,0.0,-16.11328125,-30.76171875,-5.37109375
246.5625,0.9765625,-19.53125,-23.92578125,-12.20703125
246.56640625,-4.8828125,-15.625,-15.13671875,0.9765625
246.5703125,-0.9765625,-14.16015625,-13.18359375,-11.23046875
246.57421875,11.71875,-12.20703125,-10.25390625,-14.6484375
246.578125,14.16015625,-7.32421875,-8.30078125,2.44140625
246.58203125,15.625,-2.44140625,-12.6953125,19.04296875
246.5859375,2.44140625,-11.71875,-22.4609375,23.92578125
246.58984375,-5.37109375,-23.92578125,-27.83203125,11.71875
246.59375,5.859375,-29.78515625,-25.87890625,9.27734375
246.59765625,9.27734375,-30.76171875,-16.11328125,19.04296875
246.6015625,7.32421875,-20.01953125,-10.25390625,9.27734375
246.60546875,-5.37109375,-12.6953125,-26.3671875,12.20703125
246.609375,-10.7421875,-13.18359375,-39.0625,13.18359375
246.61328125,7.8125,-18.5546875,-21.484375,0.48828125
246.6171875,12.20703125,-21.97265625,-4.39453125,7.8125
246.62109375,6.8359375,-19.53125,-6.8359375,2.9296875
246.625,10.25390625,-17.08984375,-12.20703125,-1.46484375
246.62890625,-7.32421875,-17.08984375,-13.18359375,5.859375
246.6328125,-10.7421875,-22.94921875,-17.578125,-0.48828125
246.63671875,16.11328125,-23.4375,-15.13671875,4.39453125
246.640625,22.4609375,-20.99609375,-10.25390625,13.671875
246.64453125,9.27734375,-18.06640625,-12.6953125,-7.32421875
246.6484375,12.20703125,-17.08984375,-12.20703125,-1.46484375
246.65234375,5.37109375,-18.5546875,-16.6015625,21.484375
246.65625,23.92578125,-19.53125,-21.484375,22.4609375
246.66015625,36.1328125,-22.4609375,-23.92578125,20.5078125
246.6640625,33.69140625,-17.08984375,-16.11328125,36.62109375
246.66796875,30.76171875,-3.90625,-29.78515625,21.484375
246.671875,22.4609375,1.46484375,-34.66796875,14.16015625
246.67578125,26.85546875,0.9765625,-5.859375,20.01953125
246.6796875,21.484375,-8.7890625,-6.8359375,1.46484375
246.68359375,13.671875,-6.34765625,-6.8359375,0.0
246.6875,23.4375,6.34765625,-11.23046875,34.1796875
246.69140625,13.18359375,1.953125,-30.2734375,3.90625
246.6953125,5.859375,-9.27734375,-30.76171875,-20.99609375
246.69921875,26.85546875,-17.578125,-15.625,-11.23046875
246.703125,11.23046875,-19.04296875,-6.34765625,-7.8125
246.70703125,-15.13671875,-3.90625,-10.25390625,-8.30078125
246.7109375,-9.27734375,3.90625,-28.3203125,-4.8828125
246.71484375,15.625,-1.953125,-21.97265625,10.7421875
246.71875,5.859375,-10.25390625,-1.953125,23.92578125
246.72265625,-16.6015625,-15.625,-1.953125,12.20703125
246.7265625,7.8125,-18.06640625,-6.34765625,-22.94921875
246.73046875,29.296875,-18.06640625,-5.859375,-10.25390625
246.734375,5.37109375,-20.99609375,-8.7890625,-2.9296875
246.73828125,-20.5078125,-22.94921875,-11.71875,-18.06640625
246.7421875,-21.484375,-21.484375,-16.11328125,-19.53125
246.74609375,-15.625,-18.5546875,-15.625,-2.9296875
246.75,-27.83203125,-20.5078125,-12.20703125,10.7421875
246.75390625,-0.48828125,-17.578125,-12.6953125,-8.30078125
246.7578125,-7.8125,-9.27734375,-15.625,-28.80859375
246.76171875,-23.92578125,-5.37109375,-18.5546875,-3.90625
246.765625,-3.41796875,-4.39453125,-23.4375,32.71484375
246.76953125,-4.8828125,-17.08984375,-10.7421875,20.5078125
246.7734375,-7.8125,-21.484375,-5.37109375,1.46484375
246.77734375,-7.32421875,-20.99609375,-6.34765625,-0.9765625
246.78125,-4.39453125,-21.97265625,1.46484375,17.578125
246.78515625,12.6953125,-19.04296875,-3.90625,-0.9765625
246.7890625,10.7421875,-20.01953125,-8.30078125,5.859375
246.79296875,-3.90625,-23.4375,-0.48828125,22.4609375
246.796875,-19.53125,-13.671875,-16.11328125,-11.71875
246.80078125,-30.76171875,-7.32421875,-28.3203125,-32.2265625
246.8046875,-34.1796875,-11.71875,-19.53125,-27.83203125
246.80859375,-10.25390625,-9.27734375,-26.85546875,-7.8125
246.8125,10.7421875,-17.08984375,-29.78515625,20.99609375
246.81640625,-1.953125,-21.484375,-10.7421875,13.18359375
246.8203125,0.48828125,-13.18359375,-6.34765625,1.953125
246.82421875,3.90625,-12.20703125,-9.27734375,14.6484375
246.828125,-25.390625,-9.27734375,-15.625,10.25390625
246.83203125,-28.3203125,-12.6953125,-14.6484375,18.06640625
246.8359375,-32.2265625,-11.23046875,-10.7421875,14.16015625
246.83984375,-49.31640625,-12.20703125,-14.6484375,-16.6015625
246.84375,-31.25,-18.06640625,-10.7421875,13.671875
246.84765625,-11.23046875,-7.32421875,-1.46484375,26.85546875
246.8515625,-23.92578125,-3.90625,-8.7890625,3.90625
246.85546875,-30.76171875,-15.13671875,-18.5546875,-18.06640625
246.859375,-14.6484375,-32.71484375,-11.23046875,7.32421875
246.86328125,11.71875,-26.3671875,-23.4375,40.52734375
246.8671875,1.953125,-11.23046875,-33.69140625,11.71875
246.87109375,-28.80859375,-11.71875,-22.4609375,-15.625
246.875,-38.0859375,-15.13671875,-23.92578125,0.48828125
246.87890625,-11.71875,-17.578125,-40.0390625,19.04296875
246.8828125,-26.85546875,-22.94921875,-39.55078125,6.8359375
246.88671875,-59.5703125,-29.78515625,-26.85546875,-10.7421875
246.890625,-22.94921875,-27.34375,-27.83203125,12.20703125
246.89453125,-16.6015625,-21.97265625,-21.97265625,13.18359375
246.8984375,-28.3203125,-16.6015625,-11.23046875,-16.11328125
246.90234375,13.18359375,-9.27734375,-18.06640625,-19.04296875
246.90625,42.48046875,-7.8125,-19.04296875,8.7890625
246.91015625,13.18359375,-19.04296875,-4.8828125,18.5546875
246.9140625,-21.97265625,-28.80859375,1.953125,-8.7890625
246.91796875,-21.484375,-37.59765625,-4.8828125,-8.7890625
246.921875,-12.20703125,-40.0390625,-16.6015625,16.11328125
246.92578125,-32.2265625,-32.71484375,-8.30078125,-1.46484375
246.9296875,-46.875,-23.92578125,2.9296875,-29.296875
246.93359375,-59.08203125,-21.484375,2.9296875,-17.578125
246.9375,-57.6171875,-28.3203125,1.953125,-44.921875
246.94140625,-62.98828125,-22.4609375,-0.9765625,-37.59765625
246.9453125,-36.62109375,-21.484375,-8.7890625,-12.20703125
246.94921875,-6.34765625,-33.69140625,1.953125,-29.78515625
246.953125,-6.34765625,-37.109375,8.7890625,-36.1328125
246.95703125,-26.85546875,-40.0390625,-3.90625,-15.625
246.9609375,-31.73828125,-37.109375,-9.765625,-2.44140625
246.96484375,-26.85546875,-33.203125,-14.16015625,-27.83203125
246.96875,-21.97265625,-32.71484375,-17.08984375,-26.3671875
246.97265625,-20.5078125,-42.96875,-14.6484375,-13.671875
246.9765625,-17.578125,-53.7109375,-14.16015625,-3.90625
246.98046875,-20.99609375,-50.29296875,-12.6953125,-7.8125
246.984375,-24.4140625,-37.59765625,-9.765625,-11.23046875
246.98828125,-32.71484375,-22.94921875,-8.30078125,-17.08984375
246.9921875,-41.50390625,-20.01953125,-13.18359375,-6.8359375
246.99609375,-17.578125,-16.11328125,-32.2265625,25.87890625
247.0,-12.6953125,-26.3671875,-30.2734375,18.5546875
247.00390625,-18.06640625,-39.0625,-4.8828125,-6.8359375
247.0078125,-21.97265625,-37.109375,4.39453125,-30.2734375
247.01171875,-14.6484375,-30.76171875,0.9765625,-9.765625
247.015625,0.48828125,-25.87890625,1.953125,7.8125
247.01953125,2.9296875,-23.4375,0.0,7.8125
247.0234375,1.46484375,-19.04296875,-5.37109375,31.73828125
247.02734375,0.48828125,-15.625,-17.08984375,38.57421875
247.03125,8.7890625,-16.11328125,-22.4609375,10.25390625
247.03515625,-4.8828125,-21.484375,-11.71875,-21.484375
247.0390625,-18.06640625,-20.01953125,-3.90625,-40.0390625
247.04296875,-19.53125,-21.484375,-4.39453125,-24.90234375
247.046875,-10.7421875,-26.85546875,-19.53125,11.71875
247.05078125,-4.39453125,-22.94921875,-24.90234375,10.7421875
247.0546875,10.7421875,-23.4375,-13.18359375,-5.37109375
247.05859375,6.34765625,-27.83203125,-8.30078125,-11.71875
247.0625,-10.25390625,-27.34375,-22.94921875,-10.7421875
247.06640625,4.39453125,-17.08984375,-38.57421875,16.11328125
247.0703125,11.71875,-11.23046875,-30.76171875,7.8125
247.07421875,-3.41796875,-16.11328125,-12.20703125,-21.97265625
247.078125,-6.8359375,-20.5078125,-9.765625,-12.20703125
247.08203125,-2.9296875,-18.06640625,-25.390625,-9.27734375
247.0859375,-12.6953125,-20.5078125,-32.71484375,-10.7421875
247.08984375,-16.6015625,-20.5078125,-23.92578125,-28.80859375
247.09375,-9.765625,-20.99609375,-21.97265625,-51.7578125
247.09765625,-6.8359375,-23.92578125,-19.53125,-10.25390625
247.1015625,5.37109375,-27.34375,-13.671875,-2.9296875
247.10546875,9.27734375,-21.97265625,-16.6015625,-25.87890625
247.109375,6.34765625,-2.44140625,-32.2265625,9.765625
247.11328125,7.32421875,-10.25390625,-40.52734375,24.90234375
247.1171875,-3.41796875,-26.85546875,-26.85546875,-20.01953125
247.12109375,-14.6484375,-28.3203125,-14.16015625,-39.55078125
247.125,-17.08984375,-27.34375,-21.97265625,-20.99609375
247.12890625,-15.625,-22.94921875,-25.87890625,-14.6484375
247.1328125,-24.90234375,-19.53125,-20.5078125,-31.73828125
247.13671875,-32.71484375,-22.94921875,-25.87890625,-33.203125
247.140625,-20.5078125,-25.390625,-28.80859375,-31.25
247.14453125,-22.94921875,-26.3671875,-25.87890625,-25.390625
247.1484375,-10.25390625,-25.390625,-25.87890625,-19.04296875
247.15234375,0.9765625,-22.4609375,-27.34375,-20.99609375
247.15625,-6.34765625,-24.90234375,-21.97265625,-18.5546875
247.16015625,10.25390625,-25.390625,-30.2734375,-16.6015625
247.1640625,12.20703125,-27.83203125,-42.96875,-14.16015625
247.16796875,2.9296875,-32.2265625,-24.90234375,5.859375
247.171875,4.8828125,-20.5078125,-20.99609375,-4.39453125
247.17578125,14.6484375,-10.7421875,-26.85546875,-11.71875
247.1796875,34.66796875,-13.18359375,-14.16015625,-10.25390625
247.18359375,10.7421875,-21.484375,-5.859375,-14.6484375
247.1875,-29.296875,-18.5546875,-15.13671875,-36.62109375
247.19140625,-24.90234375,-10.7421875,-26.85546875,-38.0859375
247.1953125,-20.5078125,-12.20703125,-11.23046875,-27.83203125
247.19921875,-41.015625,-14.16015625,-4.8828125,-43.45703125
247.203125,-53.22265625,-18.5546875,-13.18359375,-27.83203125
247.20703125,-34.66796875,-22.94921875,-13.671875,-23.92578125
247.2109375,-21.484375,-29.78515625,-12.20703125,-20.99609375
247.21484375,-11.23046875,-27.34375,-7.32421875,-10.25390625
247.21875,-10.7421875,-23.92578125,-12.6953125,-21.484375
247.22265625,-11.23046875,-28.3203125,-20.99609375,-27.34375
247.2265625,0.48828125,-24.4140625,-18.5546875,-26.85546875
247.23046875,-1.46484375,-24.90234375,-20.99609375,-24.4140625
247.234375,-16.11328125,-29.78515625,-23.4375,-41.9921875
247.23828125,-13.671875,-22.4609375,-24.90234375,-37.59765625
247.2421875,0.9765625,-19.53125,-36.62109375,-38.57421875
247.24609375,-8.30078125,-24.90234375,-29.296875,-18.06640625
247.25,-19.53125,-32.71484375,-19.04296875,11.71875
247.25390625,-23.4375,-29.296875,-37.59765625,-13.671875
247.2578125,-36.1328125,-19.04296875,-59.5703125,-35.64453125
247.26171875,-38.57421875,-13.671875,-35.15625,-37.109375
247.265625,-27.83203125,-16.6015625,-4.8828125,-11.71875
247.26953125,-22.4609375,-20.99609375,-5.37109375,-18.06640625
247.2734375,-10.25390625,-18.06640625,-14.16015625,-48.828125
247.27734375,-0.48828125,-25.390625,-15.13671875,-14.16015625
247.28125,-5.37109375,-22.4609375,-11.23046875,-6.34765625
247.28515625,-0.9765625,-8.7890625,-22.94921875,-9.27734375
247.2890625,-13.18359375,-13.18359375,-37.109375,-0.48828125
247.29296875,-16.11328125,-20.5078125,-25.87890625,4.39453125
247.296875,-11.23046875,-18.5546875,-16.11328125,1.46484375
247.30078125,-14.16015625,-24.4140625,-28.3203125,-7.32421875
247.3046875,-2.9296875,-27.34375,-36.62109375,-25.390625
247.30859375,-16.11328125,-30.76171875,-25.87890625,-26.85546875
247.3125,-16.6015625,-36.1328125,-10.7421875,-10.25390625
247.31640625,4.8828125,-22.94921875,-11.71875,6.8359375
247.3203125,-2.44140625,-21.484375,-9.765625,-9.765625
247.32421875,-6.8359375,-22.94921875,-3.90625,-20.99609375
247.328125,-25.87890625,-20.5078125,-9.765625,-30.2734375
247.33203125,-24.90234375,-16.6015625,-13.18359375,-41.015625
247.3359375,12.20703125,-6.34765625,-29.296875,-9.27734375
247.33984375,1.46484375,-20.99609375,-34.66796875,14.16015625
247.34375,-32.2265625,-45.8984375,-14.6484375,3.90625
247.34765625,-30.2734375,-38.57421875,-11.71875,-23.4375
247.3515625,-1.46484375,-23.4375,-20.01953125,-23.92578125
247.35546875,-0.48828125,-24.4140625,-29.78515625,-16.11328125
247.359375,-14.16015625,-19.04296875,-33.203125,-17.578125
247.36328125,-3.90625,-14.16015625,-17.578125,-16.6015625
247.3671875,7.32421875,-4.39453125,-23.4375,-23.92578125
247.37109375,-8.30078125,-1.46484375,-21.484375,-40.0390625
247.375,-22.4609375,-19.04296875,-9.27734375,-17.08984375
247.37890625,-11.71875,-28.3203125,-11.71875,10.7421875
247.3828125,-11.23046875,-22.4609375,-14.6484375,-24.4140625
247.38671875,-9.765625,-21.97265625,-18.06640625,-23.92578125
247.390625,-2.9296875,-28.80859375,-21.484375,-17.08984375
247.39453125,-15.625,-21.484375,-20.01953125,-11.71875
247.3984375,-11.23046875,-16.11328125,-20.5078125,13.18359375
247.40234375,-6.8359375,-21.97265625,-32.2265625,3.90625
247.40625,-14.16015625,-24.4140625,-36.62109375,-5.37109375
247.41015625,1.953125,-20.01953125,-21.484375,-7.32421875
247.4140625,17.08984375,-18.5546875,-2.9296875,16.6015625
247.41796875,5.859375,-22.94921875,0.0,20.5078125
247.421875,-13.671875,-13.671875,-23.92578125,-9.765625
247.42578125,-27.34375,-12.6953125,-45.41015625,-20.5078125
247.4296875,-33.69140625,-24.90234375,-41.9921875,-54.19921875
247.43359375,-26.85546875,-31.73828125,-23.4375,-45.41015625
247.4375,-11.71875,-32.71484375,-15.13671875,-20.5078125
247.44140625,-9.765625,-27.83203125,-28.80859375,-33.203125
247.4453125,-10.25390625,-20.99609375,-33.69140625,-22.94921875
247.44921875,0.9765625,-20.01953125,-36.62109375,-20.01953125
247.453125,2.44140625,-15.625,-36.1328125,-22.4609375
247.45703125,-14.16015625,-16.6015625,-34.1796875,-8.30078125
247.4609375,-8.30078125,-20.01953125,-35.64453125,-21.484375
247.46484375,18.06640625,-17.08984375,-40.52734375,-13.18359375
247.46875,19.53125,-15.625,-41.015625,12.6953125
247.47265625,-1.46484375,-15.13671875,-35.64453125,-4.39453125
247.4765625,-4.39453125,-16.11328125,-33.203125,-9.27734375
247.48046875,-6.8359375,-17.08984375,-41.9921875,-19.04296875
247.484375,-2.44140625,-12.6953125,-53.22265625,-15.625
247.48828125,-3.41796875,-12.6953125,-38.57421875,3.41796875
247.4921875,-14.16015625,-20.01953125,-25.390625,-13.18359375
247.49609375,10.25390625,-23.92578125,-21.97265625,-27.34375
247.5,10.25390625,-18.06640625,-33.203125,-3.41796875
247.50390625,-12.20703125,-24.4140625,-38.0859375,14.6484375
247.5078125,-23.4375,-32.71484375,-24.4140625,-2.9296875
247.51171875,-23.92578125,-20.5078125,-21.484375,-25.87890625
247.515625,-28.3203125,-11.23046875,-25.390625,-21.484375
247.51953125,-28.3203125,-14.16015625,-22.4609375,-1.953125
247.5234375,-0.9765625,-23.92578125,-12.20703125,-12.6953125
247.52734375,12.20703125,-20.01953125,-9.27734375,13.18359375
247.53125,6.34765625,2.9296875,-13.18359375,13.18359375
247.53515625,-4.8828125,-3.90625,-17.578125,-6.8359375
247.5390625,-28.3203125,-14.6484375,-18.06640625,5.859375
247.54296875,-28.3203125,-14.16015625,-21.97265625,-11.23046875
247.546875,-11.23046875,-19.04296875,-25.87890625,-5.37109375
247.55078125,-21.97265625,-31.25,-21.97265625,-4.8828125
247.5546875,-28.3203125,-36.1328125,-17.578125,-17.08984375
247.55859375,-23.4375,-25.390625,-16.11328125,-18.06640625
247.5625,-31.73828125,-16.11328125,-25.87890625,-18.5546875
247.56640625,-26.3671875,-11.23046875,-30.76171875,-9.765625
247.5703125,-29.296875,-18.06640625,-24.4140625,-25.390625
247.57421875,-35.64453125,-23.92578125,-22.4609375,-28.80859375
247.578125,-27.83203125,-16.11328125,-8.7890625,13.18359375
247.58203125,11.23046875,-16.11328125,0.0,24.4140625
247.5859375,11.71875,-18.5546875,-9.765625,15.625
247.58984375,-17.578125,-20.5078125,-16.6015625,2.44140625
247.59375,-21.97265625,-27.83203125,-18.5546875,12.6953125
247.59765625,-22.94921875,-24.4140625,-26.3671875,11.23046875
247.6015625,-27.34375,-24.90234375,-38.57421875,-28.3203125
247.60546875,-29.78515625,-20.99609375,-38.57421875,-43.45703125
247.609375,-42.48046875,-13.18359375,-26.85546875,-35.64453125
247.61328125,-30.2734375,-17.08984375,-19.04296875,-32.2265625
247.6171875,5.37109375,-11.71875,-28.3203125,5.859375
247.62109375,17.08984375,-11.71875,-26.85546875,24.4140625
247.625,-11.71875,-15.625,-13.18359375,-27.34375
247.62890625,-41.50390625,-16.11328125,-12.6953125,-47.8515625
247.6328125,-41.9921875,-20.01953125,-18.5546875,-18.5546875
247.63671875,-27.83203125,-15.625,-26.3671875,-22.94921875
247.640625,-22.4609375,-10.25390625,-31.73828125,-33.203125
247.64453125,-31.25,-15.625,-31.25,-26.85546875
247.6484375,-36.62109375,-23.92578125,-44.921875,-33.69140625
247.65234375,-35.15625,-26.3671875,-46.38671875,-27.83203125
247.65625,-23.4375,-26.3671875,-40.52734375,-24.90234375
247.66015625,-12.20703125,-22.94921875,-37.109375,-22.94921875
247.6640625,-31.25,-19.53125,-21.484375,-22.94921875
247.66796875,-34.66796875,-23.4375,-16.6015625,-24.4140625
247.671875,-3.90625,-19.04296875,-32.71484375,-4.39453125
247.67578125,4.8828125,-17.578125,-38.0859375,1.953125
247.6796875,-6.34765625,-23.4375,-28.3203125,-20.5078125
247.68359375,-26.3671875,-20.99609375,-20.01953125,-30.2734375
247.6875,-31.25,-19.53125,-14.6484375,-15.13671875
247.69140625,-18.5546875,-20.99609375,-12.6953125,-5.37109375
247.6953125,-16.6015625,-18.5546875,-17.578125,-22.94921875
247.69921875,-18.5546875,-15.13671875,-31.73828125,-39.0625
247.703125,-38.0859375,-18.5546875,-35.64453125,-27.34375
247.70703125,-38.57421875,-20.5078125,-27.83203125,2.44140625
247.7109375,-20.5078125,-21.484375,-21.484375,0.9765625
247.71484375,-17.578125,-22.94921875,-32.71484375,-29.78515625
247.71875,-21.484375,-26.3671875,-39.55078125,-55.17578125
247.72265625,-20.01953125,-34.66796875,-31.25,-18.5546875
247.7265625,-8.30078125,-32.2265625,-25.87890625,-10.25390625
247.73046875,-17.08984375,-20.5078125,-24.90234375,-30.2734375
247.734375,-14.6484375,-16.11328125,-35.64453125,-10.7421875
247.73828125,-8.7890625,-17.08984375,-49.8046875,-15.13671875
247.7421875,-21.484375,-16.6015625,-34.66796875,-20.99609375
247.74609375,-17.08984375,-19.53125,-11.23046875,-14.16015625
247.75,-9.765625,-24.4140625,0.9765625,-5.859375
247.75390625,-21.484375,-31.25,-6.34765625,-6.34765625
247.7578125,-20.5078125,-24.4140625,-16.6015625,12.20703125
247.76171875,-7.8125,-8.7890625,-28.3203125,16.11328125
247.765625,-9.765625,-8.30078125,-44.921875,-2.9296875
247.76953125,-8.30078125,-16.6015625,-38.57421875,-15.625
247.7734375,-10.25390625,-20.99609375,-27.34375,-36.62109375
247.77734375,-20.99609375,-25.390625,-19.04296875,-35.64453125
247.78125,-9.765625,-26.3671875,-18.06640625,-28.80859375
247.78515625,-5.859375,-28.3203125,-21.484375,-28.3203125
247.7890625,-11.71875,-31.73828125,-24.4140625,-19.53125
247.79296875,-8.7890625,-30.2734375,-24.4140625,-13.18359375
247.796875,-27.34375,-35.15625,-32.71484375,-13.18359375
247.80078125,-53.7109375,-47.36328125,-35.15625,-10.25390625
247.8046875,-61.03515625,-42.48046875,-36.62109375,-13.18359375
247.80859375,-36.1328125,-28.80859375,-42.48046875,-17.578125
247.8125,-26.3671875,-28.80859375,-40.52734375,-5.859375
247.81640625,-34.66796875,-30.2734375,-45.8984375,-30.2734375
247.8203125,-28.80859375,-27.83203125,-47.36328125,-19.53125
247.82421875,-29.296875,-29.78515625,-32.71484375,-14.16015625
247.828125,-37.109375,-29.296875,-29.78515625,-53.22265625
247.83203125,-23.92578125,-39.0625,-26.3671875,-37.109375
247.8359375,-20.01953125,-43.9453125,-19.04296875,-16.6015625
247.83984375,-35.64453125,-33.69140625,-28.80859375,-22.4609375
247.84375,1.46484375,-19.53125,-41.50390625,-7.8125
247.84765625,-0.9765625,-23.4375,-35.64453125,0.0
247.8515625,-34.66796875,-36.62109375,-22.94921875,-4.39453125
247.85546875,-32.71484375,-27.83203125,-11.71875,-12.6953125
247.859375,-29.296875,-24.90234375,-10.25390625,-12.20703125
247.86328125,-23.4375,-32.71484375,-18.5546875,-17.578125
247.8671875,-20.99609375,-32.2265625,-19.53125,-7.8125
247.87109375,-20.01953125,-23.92578125,-24.90234375,-14.6484375
247.875,-24.4140625,-16.6015625,-33.69140625,-23.92578125
247.87890625,-34.66796875,-22.94921875,-26.85546875,-49.8046875
247.8828125,-12.6953125,-32.71484375,-24.4140625,-50.78125
247.88671875,0.48828125,-32.71484375,-25.87890625,-12.6953125
247.890625,2.9296875,-36.1328125,-34.1796875,-26.3671875
247.89453125,21.484375,-33.203125,-31.25,-34.66796875
247.8984375,16.6015625,-27.83203125,-29.78515625,-22.4609375
247.90234375,26.3671875,-23.92578125,-36.62109375,-18.06640625
247.90625,33.203125,-26.3671875,-29.78515625,9.27734375
247.91015625,1.46484375,-33.69140625,-19.04296875,-15.625
247.9140625,-17.08984375,-34.66796875,-29.296875,-45.41015625
247.91796875,-19.04296875,-42.48046875,-37.109375,-43.9453125
247.921875,-24.4140625,-46.875,-22.94921875,-33.69140625
247.92578125,-30.76171875,-43.45703125,-5.859375,-21.484375
247.9296875,-18.5546875,-40.0390625,-6.34765625,-20.01953125
247.93359375,-7.8125,-34.66796875,-13.18359375,-5.859375
247.9375,12.6953125,-32.2265625,-25.390625,-3.90625
247.94140625,5.859375,-34.66796875,-21.484375,-9.27734375
247.9453125,-0.9765625,-38.0859375,-15.13671875,-7.8125
247.94921875,9.27734375,-37.109375,-15.625,0.0
247.953125,-3.41796875,-37.109375,-1.953125,-2.44140625
247.95703125,2.9296875,-36.1328125,7.8125,4.39453125
247.9609375,12.20703125,-43.45703125,3.90625,18.06640625
247.96484375,-3.90625,-49.8046875,-7.8125,9.27734375
247.96875,-21.97265625,-42.96875,-18.06640625,6.34765625
247.97265625,-14.6484375,-22.4609375,-13.671875,20.01953125
247.9765625,-20.01953125,-16.6015625,-11.71875,8.7890625
247.98046875,-24.90234375,-24.4140625,-10.25390625,-25.87890625
247.984375,-18.5546875,-22.94921875,-9.27734375,-24.90234375
247.98828125,-24.4140625,-23.4375,-12.6953125,-11.71875
247.9921875,-19.53125,-23.92578125,-19.53125,-10.25390625
247.99609375,-4.8828125,-22.4609375,-20.99609375,-6.34765625
248.0,2.44140625,-25.87890625,-24.4140625,-10.7421875
248.00390625,0.48828125,-28.80859375,-30.2734375,-6.8359375
248.0078125,-15.625,-31.73828125,-13.18359375,-2.44140625
248.01171875,-23.4375,-34.1796875,-4.8828125,-21.484375
248.015625,-26.3671875,-24.90234375,-9.27734375,-27.34375
248.01953125,-25.87890625,-29.296875,-12.6953125,-26.85546875
248.0234375,-26.85546875,-40.52734375,-11.71875,-15.13671875
248.02734375,-25.390625,-37.59765625,-15.625,4.8828125
248.03125,-11.23046875,-31.73828125,-23.92578125,10.7421875
248.03515625,-11.71875,-27.34375,-35.15625,-2.44140625
248.0390625,-16.6015625,-27.83203125,-31.73828125,-8.7890625
248.04296875,-18.06640625,-23.92578125,-13.671875,-14.16015625
248.046875,-11.23046875,-24.90234375,-11.71875,-12.20703125
248.05078125,-5.37109375,-26.85546875,-15.13671875,-5.859375
248.0546875,-13.18359375,-27.34375,-20.01953125,-17.08984375
248.05859375,-10.7421875,-27.34375,-30.2734375,-25.390625
248.0625,1.46484375,-22.4609375,-31.73828125,-13.671875
248.06640625,-3.41796875,-18.06640625,-23.4375,-8.30078125
248.0703125,-9.765625,-20.5078125,-16.6015625,-18.5546875
248.07421875,0.9765625,-23.4375,-15.625,-27.83203125
248.078125,4.8828125,-20.99609375,-20.5078125,-15.625
248.08203125,-13.18359375,-16.6015625,-16.6015625,-3.90625
248.0859375,-20.5078125,-21.484375,-24.4140625,-2.9296875
248.08984375,-20.01953125,-28.80859375,-27.34375,-3.41796875
248.09375,-10.7421875,-32.2265625,-22.94921875,4.39453125
248.09765625,9.27734375,-26.3671875,-32.2265625,24.90234375
248.1015625,-8.7890625,-24.90234375,-43.9453125,-12.20703125
248.10546875,-37.109375,-30.2734375,-38.0859375,-53.22265625
248.109375,-18.5546875,-33.69140625,-27.34375,-35.15625
248.11328125,-5.37109375,-34.66796875,-26.3671875,-21.97265625
248.1171875,-17.578125,-32.2265625,-23.92578125,-30.2734375
248.12109375,-28.3203125,-25.87890625,-22.94921875,-33.203125
248.125,-29.296875,-22.4609375,-28.3203125,-19.53125
248.12890625,-33.69140625,-25.390625,-31.25,-8.7890625
248.1328125,-37.59765625,-38.57421875,-30.2734375,6.34765625
248.13671875,-31.25,-41.9921875,-31.25,-4.39453125
248.140625,-37.109375,-33.203125,-31.25,-24.4140625
248.14453125,-39.55078125,-26.3671875,-39.55078125,-27.83203125
248.1484375,-26.3671875,-22.94921875,-41.015625,-11.23046875
248.15234375,-16.11328125,-20.5078125,-26.3671875,3.41796875
248.15625,-8.7890625,-24.90234375,-20.01953125,0.0
248.16015625,-20.01953125,-24.90234375,-25.390625,2.9296875
248.1640625,-28.3203125,-20.99609375,-38.0859375,-2.9296875
248.16796875,-10.25390625,-24.90234375,-32.71484375,5.859375
248.171875,-11.23046875,-25.390625,-16.6015625,16.6015625
248.17578125,-34.1796875,-25.87890625,-18.06640625,-10.25390625
248.1796875,-33.69140625,-28.3203125,-23.4375,-15.13671875
248.18359375,-27.34375,-20.5078125,-19.04296875,5.859375
248.1875,-23.4375,-13.18359375,-35.64453125,16.11328125
248.19140625,-4.8828125,-6.8359375,-55.6640625,5.37109375
248.1953125,12.20703125,-5.37109375,-32.71484375,7.8125
248.19921875,-24.90234375,-20.99609375,-11.71875,-24.90234375
248.203125,-66.40625,-32.71484375,-12.20703125,-43.9453125
248.20703125,-37.59765625,-30.2734375,-13.18359375,-21.484375
248.2109375,-26.3671875,-29.78515625,-20.5078125,-11.23046875
248.21484375,-34.66796875,-33.203125,-31.25,-16.6015625
248.21875,-43.45703125,-32.71484375,-24.90234375,-40.52734375
248.22265625,-32.2265625,-30.2734375,-15.13671875,-33.69140625
248.2265625,-33.69140625,-28.3203125,-21.97265625,-20.99609375
248.23046875,-38.57421875,-24.4140625,-30.76171875,-33.69140625
248.234375,-21.97265625,-28.3203125,-32.2265625,-31.25
248.23828125,-1.953125,-31.73828125,-38.57421875,-9.27734375
248.2421875,-5.859375,-26.85546875,-50.78125,-2.9296875
248.24609375,-30.2734375,-26.85546875,-43.45703125,-27.83203125
248.25,-35.64453125,-23.4375,-29.296875,-38.0859375
248.25390625,-32.71484375,-20.5078125,-26.3671875,-21.97265625
248.2578125,-23.4375,-26.3671875,-18.5546875,-6.8359375
248.26171875,0.9765625,-28.80859375,-13.18359375,-14.16015625
248.265625,7.8125,-34.66796875,-13.18359375,-33.203125
248.26953125,-29.296875,-31.25,-12.6953125,-20.99609375
248.2734375,-36.62109375,-18.06640625,-15.625,-16.6015625
248.27734375,-15.625,-13.18359375,-23.4375,-19.04296875
248.28125,-13.18359375,-15.13671875,-30.76171875,9.27734375
248.28515625,-15.625,-27.34375,-36.62109375,-8.7890625
248.2890625,-10.7421875,-26.3671875,-31.73828125,-20.01953125
248.29296875,-13.18359375,-15.13671875,-28.80859375,-14.6484375
248.296875,0.48828125,-11.23046875,-24.4140625,-4.8828125
248.30078125,-11.23046875,-15.13671875,-20.01953125,17.578125
248.3046875,-11.71875,-22.94921875,-26.85546875,0.48828125
248.30859375,-10.7421875,-23.92578125,-30.76171875,-13.671875
248.3125,-29.296875,-22.4609375,-21.484375,-13.671875
248.31640625,-22.4609375,-23.4375,-10.25390625,-19.53125
248.3203125,-13.18359375,-19.53125,-8.30078125,-27.83203125
248.32421875,-8.30078125,-17.578125,-13.671875,-23.92578125
248.328125,-11.71875,-20.99609375,-15.13671875,-17.578125
248.33203125,-13.671875,-18.06640625,-18.06640625,-20.5078125
248.3359375,-11.23046875,-10.7421875,-44.43359375,-11.71875
248.33984375,-16.6015625,-14.6484375,-46.875,0.9765625
248.34375,-6.8359375,-21.484375,-23.4375,-12.20703125
248.34765625,-0.9765625,-16.6015625,-15.625,-22.94921875
248.3515625,-9.765625,-15.13671875,-7.8125,-5.859375
248.35546875,-19.53125,-12.20703125,-7.32421875,-11.71875
248.359375,-33.203125,-10.7421875,-18.06640625,-45.8984375
248.36328125,-20.5078125,-15.13671875,-20.5078125,-26.3671875
248.3671875,-1.953125,-14.6484375,-36.62109375,-11.23046875
248.37109375,-6.8359375,-20.99609375,-41.50390625,-18.5546875
248.375,-4.39453125,-25.87890625,-27.34375,-16.6015625
248.37890625,-6.34765625,-26.3671875,-21.484375,8.7890625
248.3828125,-20.01953125,-26.3671875,-15.625,16.6015625
248.38671875,-6.34765625,-27.83203125,-10.7421875,16.11328125
248.390625,-3.41796875,-15.13671875,-8.7890625,32.2265625
248.39453125,-36.62109375,-7.8125,-14.6484375,2.44140625
248.3984375,-67.87109375,-16.6015625,-24.4140625,-43.45703125
248.40234375,-73.2421875,-17.578125,-36.1328125,-46.875
248.40625,-53.22265625,-7.32421875,-33.203125,-41.015625
248.41015625,-61.5234375,-2.9296875,-32.2265625,-52.24609375
248.4140625,-78.61328125,-8.30078125,-26.85546875,-42.48046875
248.41796875,-122.0703125,-19.53125,-34.66796875,-37.59765625
248.421875,-143.5546875,-22.4609375,-47.8515625,-30.76171875
248.42578125,-146.97265625,-13.18359375,-39.0625,-21.484375
248.4296875,-150.87890625,-15.625,-37.59765625,-30.76171875
248.43359375,-145.5078125,-13.18359375,-38.57421875,-29.296875
248.4375,-129.8828125,0.9765625,-45.8984375,-26.85546875
248.44140625,-121.58203125,-1.953125,-50.78125,-38.57421875
248.4453125,-124.0234375,-9.27734375,-36.62109375,-39.55078125
248.44921875,-124.51171875,-17.578125,-25.87890625,-22.4609375
248.453125,-106.93359375,-20.99609375,-25.390625,-35.64453125
248.45703125,-97.16796875,-17.578125,-26.3671875,-36.62109375
248.4609375,-81.54296875,-10.25390625,-20.99609375,-5.37109375
248.46484375,-75.68359375,-14.16015625,-25.87890625,0.9765625
248.46875,-83.49609375,-18.06640625,-28.80859375,-21.97265625
248.47265625,-73.73046875,-12.20703125,-30.2734375,-28.3203125
248.4765625,-64.94140625,-13.671875,-29.296875,-7.8125
248.48046875,-59.08203125,-15.625,-21.97265625,-18.06640625
248.484375,-55.17578125,-20.01953125,-28.3203125,-31.25
248.48828125,-46.875,-27.34375,-32.71484375,-16.6015625
248.4921875,-42.96875,-19.04296875,-23.92578125,10.25390625
248.49609375,-36.62109375,-14.16015625,-22.4609375,0.0
248.5,-39.0625,-20.5078125,-27.34375,-27.34375
248.50390625,-43.45703125,-16.11328125,-39.55078125,-20.01953125
248.5078125,-51.26953125,-14.16015625,-38.0859375,-6.34765625
248.51171875,-36.62109375,-11.71875,-19.53125,-24.4140625
248.515625,-39.0625,-11.23046875,-8.30078125,-58.10546875
248.51953125,-69.3359375,-10.25390625,-8.7890625,-61.5234375
248.5234375,-68.84765625,-18.06640625,-13.671875,-26.85546875
248.52734375,-63.4765625,-21.484375,-10.25390625,0.9765625
248.53125,-56.15234375,-20.99609375,-18.06640625,-30.76171875
248.53515625,-55.17578125,-24.4140625,-23.92578125,-25.87890625
248.5390625,-59.5703125,-26.85546875,-19.04296875,-16.11328125
248.54296875,-62.01171875,-42.96875,-24.90234375,-20.99609375
248.546875,-45.41015625,-33.69140625,-27.34375,4.8828125
248.55078125,-36.1328125,-17.578125,-14.6484375,-0.48828125
248.5546875,-70.80078125,-21.97265625,-8.7890625,-23.4375
248.55859375,-73.2421875,-19.04296875,-17.578125,-36.1328125
248.5625,-64.453125,-11.23046875,-28.80859375,-34.1796875
248.56640625,-72.265625,-14.6484375,-20.5078125,-29.296875
248.5703125,-67.87109375,-20.99609375,-17.08984375,-31.73828125
248.57421875,-69.82421875,-24.4140625,-20.99609375,-35.15625
248.578125,-80.078125,-31.25,-23.92578125,-39.55078125
248.58203125,-62.5,-23.4375,-17.08984375,-27.83203125
248.5859375,-46.38671875,-14.6484375,-8.7890625,-22.4609375
248.58984375,-41.015625,-12.20703125,-19.04296875,-23.92578125
248.59375,-62.98828125,-13.671875,-30.76171875,-22.94921875
248.59765625,-93.26171875,-19.04296875,-10.7421875,-8.30078125
248.6015625,-117.1875,-19.53125,0.48828125,-18.5546875
248.60546875,-115.72265625,-19.04296875,-6.8359375,-20.99609375
248.609375,-117.67578125,-23.92578125,-10.7421875,-37.109375
248.61328125,-108.3984375,-26.3671875,-12.20703125,-58.59375
248.6171875,-89.35546875,-20.01953125,-18.5546875,-27.83203125
248.62109375,-93.26171875,-18.06640625,-17.578125,-17.578125
248.625,-93.26171875,-15.625,-11.71875,-20.99609375
248.62890625,-107.91015625,-10.25390625,-15.625,-26.85546875
248.6328125,-102.05078125,-14.6484375,-24.4140625,-22.4609375
248.63671875,-86.9140625,-12.6953125,-24.90234375,-24.90234375
248.640625,-87.890625,-13.18359375,-12.6953125,-26.3671875
248.64453125,-72.265625,-15.625,-9.27734375,-27.34375
248.6484375,-68.84765625,-16.11328125,-11.23046875,-34.1796875
248.65234375,-77.63671875,-16.11328125,-9.765625,-18.5546875
248.65625,-83.49609375,-15.13671875,-20.01953125,-22.4609375
248.66015625,-76.171875,-16.11328125,-17.08984375,-24.90234375
248.6640625,-74.70703125,-16.11328125,-11.71875,-34.1796875
248.66796875,-101.5625,-23.4375,-21.484375,-51.26953125
248.671875,-96.19140625,-29.296875,-22.94921875,-51.7578125
248.67578125,-72.265625,-25.390625,-21.97265625,-44.921875
248.6796875,-78.125,-28.80859375,-19.04296875,-34.1796875
248.68359375,-73.73046875,-27.83203125,-20.5078125,-24.90234375
248.6875,-69.3359375,-21.97265625,-22.4609375,-18.5546875
248.69140625,-71.2890625,-24.4140625,-15.625,-30.2734375
248.6953125,-53.7109375,-31.25,-12.20703125,-28.80859375
248.69921875,-53.7109375,-29.78515625,-18.5546875,-23.92578125
248.703125,-72.75390625,-19.04296875,-23.4375,-26.3671875
248.70703125,-78.125,-14.6484375,-18.5546875,-33.203125
248.7109375,-61.5234375,-3.90625,-23.92578125,-29.78515625
248.71484375,-57.6171875,0.9765625,-44.921875,-20.5078125
248.71875,-82.03125,-7.8125,-36.62109375,-22.4609375
248.72265625,-88.8671875,-19.04296875,-29.78515625,-20.5078125
248.7265625,-72.75390625,-20.5078125,-38.0859375,-20.01953125
248.73046875,-60.05859375,-18.5546875,-26.3671875,-14.16015625
248.734375,-72.75390625,-22.4609375,-12.20703125,-25.87890625
248.73828125,-91.30859375,-24.90234375,-14.6484375,-43.45703125
248.7421875,-81.0546875,-25.390625,-20.01953125,-41.50390625
248.74609375,-80.078125,-26.3671875,-23.92578125,-30.2734375
248.75,-59.5703125,-23.4375,-29.78515625,-24.4140625
248.75390625,-10.25390625,-14.6484375,-19.04296875,-8.7890625
248.7578125,-49.31640625,-20.01953125,-5.37109375,-18.06640625
248.76171875,-85.44921875,-26.85546875,-9.27734375,-34.1796875
248.765625,-71.77734375,-23.92578125,-7.32421875,-27.83203125
248.76953125,-86.42578125,-20.99609375,-5.37109375,-23.4375
248.7734375,-78.61328125,-20.5078125,-7.32421875,-8.30078125
248.77734375,-70.80078125,-25.390625,-1.953125,15.13671875
248.78125,-70.80078125,-25.390625,-0.48828125,17.578125
248.78515625,-60.546875,-31.25,-2.44140625,-0.48828125
248.7890625,-46.38671875,-41.015625,1.953125,7.8125
248.79296875,-54.6875,-40.0390625,8.30078125,-7.32421875
248.796875,-48.828125,-36.62109375,4.8828125,-27.34375
248.80078125,-40.52734375,-34.66796875,2.44140625,-6.34765625
248.8046875,-61.03515625,-32.71484375,4.39453125,-3.41796875
248.80859375,-45.41015625,-29.78515625,-2.9296875,12.6953125
248.8125,-33.69140625,-36.62109375,-29.78515625,10.25390625
248.81640625,-47.36328125,-31.73828125,-28.3203125,12.6953125
248.8203125,-50.29296875,-23.4375,-1.953125,20.99609375
248.82421875,-68.359375,-28.3203125,8.7890625,2.9296875
248.828125,-81.54296875,-30.2734375,11.23046875,-8.30078125
248.83203125,-77.63671875,-24.90234375,12.20703125,-7.32421875
248.8359375,-47.36328125,-21.97265625,6.8359375,3.90625
248.83984375,-49.8046875,-20.5078125,-9.765625,-6.34765625
248.84375,-70.3125,-15.625,-18.5546875,-18.5546875
248.84765625,-64.94140625,-22.4609375,-19.53125,-18.5546875
248.8515625,-67.3828125,-31.25,-19.53125,-18.5546875
248.85546875,-51.7578125,-28.3203125,-15.625,-14.16015625
248.859375,-75.68359375,-28.3203125,-16.6015625,-30.76171875
248.86328125,-92.7734375,-24.4140625,-28.3203125,-36.62109375
248.8671875,-65.4296875,-19.04296875,-42.96875,-20.99609375
248.87109375,-80.56640625,-19.53125,-31.73828125,-20.5078125
248.875,-104.00390625,-22.94921875,-18.06640625,-24.4140625
248.87890625,-78.125,-22.94921875,-17.578125,-4.8828125
248.8828125,-65.4296875,-13.18359375,-20.01953125,-14.6484375
248.88671875,-57.12890625,-5.859375,-20.5078125,-20.99609375
248.890625,-72.75390625,-14.6484375,-21.484375,-12.6953125
248.89453125,-81.0546875,-24.4140625,-21.484375,-14.16015625
248.8984375,-58.10546875,-27.34375,-20.01953125,-6.34765625
248.90234375,-56.640625,-33.69140625,-34.1796875,-4.8828125
248.90625,-70.80078125,-28.80859375,-42.96875,-37.59765625
248.91015625,-78.125,-18.06640625,-29.78515625,-39.0625
248.9140625,-72.265625,-13.18359375,-11.71875,-24.90234375
248.91796875,-68.84765625,-8.30078125,-7.8125,-32.2265625
248.921875,-63.4765625,-6.8359375,-11.23046875,-31.25
248.92578125,-71.77734375,-9.27734375,-16.6015625,-33.69140625
248.9296875,-72.265625,-14.6484375,-25.87890625,-39.55078125
248.93359375,-69.82421875,-17.08984375,-27.34375,-24.90234375
248.9375,-71.2890625,-12.6953125,-22.4609375,-13.18359375
248.94140625,-76.66015625,-10.7421875,-22.4609375,-29.78515625
248.9453125,-79.58984375,-11.71875,-24.90234375,-12.6953125
248.94921875,-66.89453125,-14.16015625,-34.1796875,-4.39453125
248.953125,-72.75390625,-13.671875,-44.43359375,-49.8046875
248.95703125,-87.40234375,-8.30078125,-37.59765625,-46.875
248.9609375,-81.54296875,-13.671875,-25.390625,-32.2265625
248.96484375,-76.66015625,-8.7890625,-27.34375,-25.390625
248.96875,-65.91796875,6.8359375,-31.73828125,-9.765625
248.97265625,-66.40625,3.41796875,-18.5546875,-11.71875
248.9765625,-76.66015625,-8.7890625,-2.44140625,-6.34765625
248.98046875,-74.21875,-6.34765625,-3.90625,-31.25
248.984375,-67.87109375,-1.953125,-26.85546875,-56.640625
248.98828125,-63.4765625,-2.44140625,-31.25,-16.11328125
248.9921875,-63.4765625,-1.953125,-18.06640625,-1.953125
248.99609375,-45.41015625,0.0,-19.04296875,-35.64453125
249.0,-26.3671875,10.25390625,-27.34375,-21.97265625
249.00390625,-55.17578125,3.41796875,-24.90234375,-20.5078125
249.0078125,-76.171875,-11.23046875,-16.6015625,-35.15625
249.01171875,-57.6171875,-13.18359375,-22.94921875,-28.3203125
249.015625,-50.29296875,-8.7890625,-27.83203125,-30.76171875
249.01953125,-74.70703125,-4.8828125,-21.97265625,-30.76171875
249.0234375,-61.5234375,-0.9765625,-29.78515625,-15.625
249.02734375,-60.05859375,-7.32421875,-30.2734375,-19.04296875
249.03125,-103.515625,-22.4609375,-19.04296875,-3.41796875
249.03515625,-92.28515625,-23.92578125,-11.23046875,-12.20703125
249.0390625,-79.1015625,-18.06640625,-14.6484375,-42.48046875
249.04296875,-92.28515625,-18.06640625,-22.94921875,-41.50390625
249.046875,-86.42578125,-18.5546875,-25.87890625,-46.875
249.05078125,-78.61328125,-26.85546875,-23.92578125,-53.22265625
249.0546875,-71.2890625,-23.4375,-27.83203125,-29.296875
249.05859375,-73.73046875,-15.625,-32.71484375,-31.73828125
249.0625,-68.84765625,-14.16015625,-27.83203125,-41.9921875
249.06640625,-46.875,-12.20703125,-24.4140625,-22.4609375
249.0703125,-37.109375,-16.11328125,-44.43359375,-10.7421875
249.07421875,-41.015625,-19.04296875,-39.55078125,-5.37109375
249.078125,-50.78125,-18.5546875,-13.18359375,7.8125
249.08203125,-64.94140625,-17.08984375,-13.18359375,-2.9296875
249.0859375,-54.19921875,-13.671875,-11.23046875,-22.4609375
249.08984375,-58.59375,-13.671875,-10.7421875,-30.2734375
249.09375,-68.84765625,-8.7890625,-11.71875,-26.3671875
249.09765625,-65.4296875,-3.90625,-14.6484375,-25.87890625
249.1015625,-49.8046875,-1.46484375,-31.73828125,-11.71875
249.10546875,-55.6640625,-16.11328125,-25.87890625,-12.20703125
249.109375,-77.63671875,-29.78515625,-14.6484375,-35.15625
249.11328125,-86.9140625,-19.53125,-7.32421875,-42.48046875
249.1171875,-80.078125,-18.06640625,-11.23046875,-43.45703125
249.12109375,-54.6875,-23.4375,-18.06640625,-33.69140625
249.125,-60.05859375,-21.97265625,-10.7421875,-27.83203125
249.12890625,-62.5,-18.06640625,-16.11328125,-20.5078125
249.1328125,-56.640625,-20.99609375,-23.92578125,-20.5078125
249.13671875,-70.3125,-27.83203125,-23.4375,-32.71484375
249.140625,-59.08203125,-29.78515625,-15.13671875,-16.11328125
249.14453125,-64.453125,-25.87890625,-11.71875,-13.18359375
249.1484375,-70.3125,-25.390625,-21.484375,-22.4609375
249.15234375,-79.1015625,-25.87890625,-33.203125,-16.11328125
249.15625,-91.796875,-25.87890625,-32.2265625,-33.203125
249.16015625,-81.0546875,-29.296875,-26.85546875,-41.015625
249.1640625,-87.40234375,-23.4375,-27.83203125,-32.2265625
249.16796875,-92.7734375,-20.99609375,-27.34375,-37.59765625
249.171875,-81.54296875,-26.85546875,-24.4140625,-41.9921875
249.17578125,-72.75390625,-20.5078125,-33.69140625,-39.55078125
249.1796875,-55.6640625,-18.5546875,-44.921875,-40.0390625
249.18359375,-37.109375,-28.3203125,-22.4609375,-35.64453125
249.1875,-59.5703125,-31.73828125,0.0,-32.71484375
249.19140625,-74.70703125,-25.87890625,-6.8359375,-38.57421875
249.1953125,-55.6640625,-21.97265625,-12.20703125,-21.97265625
249.19921875,-64.94140625,-20.5078125,-13.671875,-29.78515625
249.203125,-63.96484375,-20.5078125,-12.6953125,-46.875
249.20703125,-50.29296875,-25.390625,-23.92578125,-36.62109375
249.2109375,-62.01171875,-18.06640625,-31.25,-26.85546875
249.21484375,-81.0546875,-17.08984375,-10.25390625,-21.484375
249.21875,-67.3828125,-19.04296875,5.859375,-38.57421875
249.22265625,-54.19921875,-16.6015625,5.37109375,-37.59765625
249.2265625,-51.26953125,-17.08984375,0.9765625,-15.13671875
249.23046875,-44.43359375,-10.7421875,-0.48828125,-22.4609375
249.234375,-52.24609375,-13.18359375,-10.7421875,-27.34375
249.23828125,-75.1953125,-20.99609375,-24.90234375,-20.01953125
249.2421875,-114.2578125,-24.4140625,-27.83203125,-21.97265625
249.24609375,-127.9296875,-26.85546875,-20.01953125,-29.78515625
249.25,-118.1640625,-34.66796875,-20.01953125,-39.0625
249.25390625,-91.796875,-38.0859375,-18.5546875,-35.15625
249.2578125,-95.703125,-35.15625,-13.671875,-16.11328125
249.26171875,-127.44140625,-28.3203125,-19.04296875,-18.5546875
249.265625,-115.72265625,-26.85546875,-33.203125,-34.1796875
249.26953125,-85.44921875,-26.3671875,-39.55078125,-23.92578125
249.2734375,-85.44921875,-25.87890625,-33.203125,-24.4140625
249.27734375,-90.33203125,-29.296875,-31.25,-38.57421875
249.28125,-83.984375,-38.57421875,-25.87890625,-44.43359375
249.28515625,-86.9140625,-38.57421875,-38.57421875,-36.1328125
249.2890625,-69.82421875,-30.2734375,-45.8984375,-17.08984375
249.29296875,-17.578125,-29.296875,-23.4375,-5.37109375
249.296875,-21.484375,-20.5078125,-10.25390625,-18.5546875
249.30078125,-62.01171875,-18.06640625,-10.25390625,-51.26953125
249.3046875,-77.63671875,-29.78515625,-14.16015625,-71.77734375
249.30859375,-59.5703125,-34.1796875,-22.4609375,-69.3359375
249.3125,-50.29296875,-29.78515625,-23.92578125,-44.921875
249.31640625,-64.453125,-22.4609375,-29.78515625,-61.03515625
249.3203125,-68.359375,-20.5078125,-31.25,-91.796875
249.32421875,-62.98828125,-16.6015625,-31.73828125,-98.14453125
249.328125,-50.29296875,-10.7421875,-35.64453125,-84.47265625
249.33203125,-31.73828125,-9.765625,-27.34375,-67.3828125
249.3359375,-52.24609375,-3.41796875,-22.4609375,-84.9609375
249.33984375,-42.96875,-8.30078125,-28.3203125,-70.3125
249.34375,-27.34375,-30.2734375,-32.71484375,-52.24609375
249.34765625,-43.9453125,-26.85546875,-42.96875,-63.96484375
249.3515625,-34.66796875,-4.8828125,-61.03515625,-74.21875
249.35546875,-40.0390625,-2.9296875,-46.38671875,-73.2421875
249.359375,-66.89453125,-18.06640625,-14.6484375,-46.38671875
249.36328125,-58.10546875,-19.04296875,-3.41796875,-40.0390625
249.3671875,-39.55078125,-12.6953125,-5.859375,-67.3828125
249.37109375,-34.66796875,-17.08984375,-15.13671875,-70.80078125
249.375,-27.34375,-13.18359375,-29.78515625,-52.734375
249.37890625,-25.87890625,-14.6484375,-47.36328125,-49.31640625
249.3828125,-34.1796875,-20.5078125,-35.64453125,-47.36328125
249.38671875,-22.94921875,-21.97265625,-20.99609375,-32.2265625
249.390625,-18.5546875,-31.25,-20.5078125,-37.109375
249.39453125,-26.3671875,-29.78515625,-15.625,-33.69140625
249.3984375,-42.96875,-20.5078125,-25.87890625,-23.92578125
249.40234375,-51.7578125,-19.53125,-37.59765625,-38.57421875
249.40625,-55.17578125,-20.99609375,-34.66796875,-38.57421875
249.41015625,-54.19921875,-20.5078125,-31.25,-53.22265625
249.4140625,-44.43359375,-25.87890625,-25.390625,-60.05859375
249.41796875,-53.22265625,-34.1796875,-22.4609375,-28.80859375
249.421875,-63.4765625,-25.87890625,-21.97265625,-2.9296875
249.42578125,-35.15625,-11.23046875,-19.53125,-23.4375
249.4296875,-16.6015625,-7.8125,-23.4375,-32.71484375
249.43359375,-51.26953125,-16.11328125,-37.59765625,-37.59765625
249.4375,-70.3125,-19.53125,-33.203125,-33.69140625
249.44140625,-82.03125,-14.6484375,-21.484375,-47.8515625
249.4453125,-91.30859375,-20.01953125,-14.6484375,-43.9453125
249.44921875,-72.75390625,-20.99609375,-21.97265625,-21.484375
249.453125,-59.5703125,-9.765625,-39.0625,-27.34375
249.45703125,-68.359375,-16.11328125,-34.66796875,-35.64453125
249.4609375,-62.98828125,-22.94921875,-15.13671875,-21.484375
249.46484375,-60.546875,-15.625,-6.8359375,-16.6015625
249.46875,-68.359375,-15.13671875,-11.71875,-26.85546875
249.47265625,-59.5703125,-20.01953125,-28.80859375,-26.3671875
249.4765625,-53.22265625,-21.97265625,-30.76171875,-32.2265625
249.48046875,-57.12890625,-20.5078125,-22.4609375,-46.875
249.484375,-63.4765625,-23.4375,-17.08984375,-46.875
249.48828125,-45.41015625,-16.6015625,-19.04296875,-39.55078125
249.4921875,-35.64453125,-14.16015625,-28.80859375,-39.0625
249.49609375,-37.59765625,-23.92578125,-31.73828125,-33.69140625
249.5,-22.94921875,-26.85546875,-21.484375,-24.4140625
249.50390625,-10.7421875,-37.59765625,-12.6953125,-5.859375
249.5078125,-4.39453125,-37.109375,-20.01953125,12.6953125
249.51171875,-20.5078125,-13.18359375,-33.69140625,-8.7890625
249.515625,-46.38671875,1.953125,-25.87890625,-21.97265625
249.51953125,-50.29296875,2.9296875,-8.7890625,-17.578125
249.5234375,-37.59765625,-7.32421875,-4.39453125,-14.16015625
249.52734375,-35.15625,-20.01953125,-10.7421875,-14.16015625
249.53125,-20.01953125,-12.20703125,-19.04296875,-21.484375
249.53515625,2.44140625,-12.6953125,-15.13671875,1.46484375
249.5390625,3.41796875,-16.6015625,-10.7421875,7.32421875
249.54296875,0.9765625,-9.765625,-17.08984375,-18.5546875
249.546875,-20.99609375,-11.23046875,-9.765625,-23.4375
249.55078125,-57.6171875,-19.53125,-9.765625,-22.94921875
249.5546875,-62.01171875,-20.99609375,-15.625,-20.01953125
249.55859375,-59.5703125,-24.4140625,-23.92578125,-22.94921875
249.5625,-47.36328125,-21.484375,-28.80859375,-17.08984375
249.56640625,-50.78125,-16.6015625,-19.53125,-16.11328125
249.5703125,-62.98828125,-27.34375,-12.6953125,-23.4375
249.57421875,-58.59375,-25.87890625,-9.27734375,-24.4140625
249.578125,-59.08203125,-15.13671875,-5.859375,-23.4375
249.58203125,-61.03515625,-9.765625,-12.6953125,-13.18359375
249.5859375,-38.0859375,-13.671875,-31.73828125,-6.8359375
249.58984375,-41.9921875,-18.5546875,-30.2734375,-11.71875
249.59375,-41.50390625,-20.01953125,-17.578125,-3.41796875
249.59765625,-26.3671875,-28.3203125,-10.7421875,-11.71875
249.6015625,-34.1796875,-21.97265625,-9.27734375,-24.4140625
249.60546875,-41.015625,-3.90625,-29.296875,-13.671875
249.609375,-50.78125,3.90625,-37.59765625,-8.30078125
249.61328125,-67.3828125,-15.13671875,2.44140625,-20.01953125
249.6171875,-63.4765625,-19.53125,12.6953125,-35.15625
249.62109375,-66.89453125,-19.04296875,0.0,-34.66796875
249.625,-85.44921875,-25.390625,-6.8359375,-33.69140625
249.62890625,-83.49609375,-17.08984375,-10.7421875,-26.85546875
249.6328125,-80.078125,-19.04296875,-21.97265625,-19.53125
249.63671875,-65.91796875,-26.85546875,-29.78515625,-12.20703125
249.640625,-54.6875,-32.2265625,-33.69140625,-3.90625
249.64453125,-50.29296875,-33.69140625,-40.0390625,-17.08984375
249.6484375,-62.5,-36.1328125,-15.13671875,-27.83203125
249.65234375,-67.3828125,-26.3671875,-0.48828125,-6.8359375
249.65625,-57.12890625,-19.53125,-14.16015625,-18.5546875
249.66015625,-50.29296875,-28.80859375,-11.23046875,-29.78515625
249.6640625,-41.50390625,-34.66796875,-12.20703125,-13.18359375
249.66796875,-47.8515625,-32.71484375,-10.7421875,-19.53125
249.671875,-63.4765625,-33.203125,-21.484375,-31.73828125
249.67578125,-59.5703125,-25.87890625,-31.25,-28.80859375
249.6796875,-59.08203125,-20.5078125,-22.94921875,-25.390625
249.68359375,-61.03515625,-24.4140625,-15.13671875,-22.94921875
249.6875,-61.03515625,-27.34375,-9.765625,7.8125
249.69140625,-62.01171875,-30.2734375,-9.765625,11.23046875
249.6953125,-53.7109375,-35.64453125,-21.484375,-20.01953125
249.69921875,-51.26953125,-41.50390625,-46.38671875,-27.83203125
249.703125,-55.6640625,-30.2734375,-39.0625,-18.06640625
249.70703125,-43.45703125,-16.6015625,-13.18359375,-26.3671875
249.7109375,-26.3671875,-20.5078125,-8.7890625,-37.109375
249.71484375,-39.0625,-28.3203125,-20.01953125,-46.875
249.71875,-39.0625,-27.83203125,-26.85546875,-45.41015625
249.72265625,-22.94921875,-20.5078125,-35.64453125,-17.08984375
249.7265625,-9.765625,-25.390625,-25.390625,-8.30078125
249.73046875,-16.6015625,-34.66796875,-5.859375,-14.6484375
249.734375,-41.9921875,-32.71484375,-9.765625,-34.1796875
249.73828125,-43.9453125,-29.296875,-18.5546875,-42.96875
249.7421875,-33.69140625,-31.73828125,-34.66796875,-22.94921875
249.74609375,-31.25,-33.203125,-41.50390625,-21.484375
249.75,-45.41015625,-31.25,-41.9921875,-36.62109375
249.75390625,-44.921875,-21.97265625,-40.52734375,-23.4375
249.7578125,-38.0859375,-16.11328125,-29.78515625,-9.765625
249.76171875,-26.3671875,-20.99609375,-28.3203125,-15.625
249.765625,-8.30078125,-22.94921875,-33.203125,-17.578125
249.76953125,-15.625,-27.83203125,-37.109375,-19.53125
249.7734375,-29.296875,-27.83203125,-34.1796875,-35.15625
249.77734375,-23.92578125,-25.87890625,-35.64453125,-56.640625
249.78125,-28.80859375,-32.2265625,-50.78125,-52.24609375
249.78515625,-25.87890625,-30.76171875,-44.921875,-22.94921875
249.7890625,-18.06640625,-32.2265625,-38.57421875,-16.11328125
249.79296875,-27.83203125,-24.4140625,-31.73828125,-28.3203125
249.796875,-33.69140625,-10.7421875,-23.4375,-25.390625
249.80078125,-16.6015625,-19.04296875,-28.3203125,-16.6015625
249.8046875,1.953125,-30.2734375,-25.87890625,-10.7421875
249.80859375,-1.46484375,-30.76171875,-18.06640625,-21.484375
249.8125,-33.203125,-30.2734375,-18.5546875,-34.1796875
249.81640625,-35.15625,-24.4140625,-14.6484375,-34.1796875
249.8203125,-20.01953125,-15.13671875,-11.71875,-34.66796875
249.82421875,-26.85546875,-8.30078125,-15.13671875,-37.109375
249.828125,-24.90234375,-4.8828125,-16.6015625,-45.8984375
249.83203125,-28.3203125,-4.8828125,-20.99609375,-48.828125
249.8359375,-43.9453125,-11.23046875,-23.4375,-29.296875
249.83984375,-41.015625,-9.765625,-24.4140625,-45.41015625
249.84375,-44.43359375,-24.4140625,-11.23046875,-62.5
249.84765625,-70.3125,-32.71484375,-8.7890625,-73.73046875
249.8515625,-108.3984375,-22.4609375,-9.27734375,-109.86328125
249.85546875,-125.48828125,-20.5078125,-6.34765625,-119.62890625
249.859375,-130.37109375,-31.73828125,-5.859375,-124.51171875
249.86328125,-128.41796875,-45.41015625,0.48828125,-129.8828125
249.8671875,-136.71875,-52.24609375,-12.6953125,-146.97265625
249.87109375,-143.06640625,-47.8515625,-34.1796875,-157.71484375
249.875,-154.78515625,-24.4140625,-48.33984375,-158.203125
249.87890625,-167.48046875,-10.25390625,-30.2734375,-168.45703125
249.8828125,-175.29296875,-14.16015625,10.25390625,-168.9453125
249.88671875,-181.15234375,-26.3671875,15.625,-175.29296875
249.890625,-162.59765625,-34.66796875,5.37109375,-156.25
249.89453125,-133.7890625,-25.390625,-3.41796875,-138.18359375
249.8984375,-127.9296875,-19.04296875,0.9765625,-138.18359375
249.90234375,-116.69921875,-30.2734375,3.90625,-114.2578125
249.90625,-90.33203125,-34.66796875,-4.8828125,-87.40234375
249.91015625,-82.03125,-24.4140625,-7.8125,-75.1953125
249.9140625,-93.26171875,-16.11328125,-8.30078125,-82.51953125
249.91796875,-72.75390625,-7.32421875,-12.20703125,-73.73046875
249.921875,-20.99609375,-2.9296875,-32.71484375,-10.7421875
249.92578125,-22.4609375,-12.6953125,-33.69140625,-7.8125
249.9296875,-19.04296875,-15.13671875,-24.4140625,-44.43359375
249.93359375,7.8125,-18.5546875,-13.18359375,-36.62109375
249.9375,3.90625,-28.80859375,-5.859375,-20.5078125
249.94140625,6.8359375,-23.92578125,-8.7890625,-2.44140625
249.9453125,17.578125,-13.671875,-4.8828125,-0.9765625
249.94921875,1.46484375,-10.7421875,-5.37109375,-7.8125
249.953125,17.578125,-8.30078125,-7.32421875,16.11328125
249.95703125,33.203125,-12.6953125,-4.8828125,24.4140625
249.9609375,25.87890625,-19.04296875,-8.7890625,19.04296875
249.96484375,32.71484375,-17.08984375,-19.04296875,26.3671875
249.96875,34.1796875,-16.11328125,-21.97265625,33.203125
249.97265625,37.109375,-20.01953125,-18.06640625,19.53125
249.9765625,43.45703125,-21.97265625,-21.97265625,-7.32421875
249.98046875,51.7578125,-27.34375,-32.2265625,-1.953125
249.984375,47.8515625,-28.80859375,-29.296875,35.64453125
249.98828125,57.6171875,-24.4140625,-24.4140625,47.36328125
249.9921875,62.98828125,-23.4375,-38.57421875,36.1328125
249.99609375,46.875,-14.6484375,-26.3671875,30.76171875
250.0,23.4375,-11.23046875,0.0,42.48046875
250.00390625,-37.109375,-10.7421875,-3.41796875,52.24609375
250.0078125,-45.41015625,-5.37109375,-7.8125,64.94140625
250.01171875,-37.109375,-9.27734375,-8.30078125,75.68359375
250.015625,-5.859375,-15.625,-16.11328125,43.9453125
250.01953125,9.765625,-18.5546875,-17.578125,22.4609375
250.0234375,-21.484375,-20.99609375,-16.11328125,27.34375
250.02734375,-15.13671875,-15.625,-20.01953125,21.97265625
250.03125,7.32421875,-7.32421875,-23.4375,37.109375
250.03515625,5.37109375,-8.30078125,-32.71484375,41.50390625
250.0390625,5.859375,-16.11328125,-20.99609375,56.15234375
250.04296875,17.578125,-25.390625,1.953125,63.96484375
250.046875,14.6484375,-21.97265625,0.48828125,17.08984375
250.05078125,20.01953125,-19.53125,-28.80859375,13.671875
250.0546875,14.6484375,-14.6484375,-36.62109375,36.62109375
250.05859375,-3.41796875,-7.32421875,-20.5078125,37.109375
250.0625,2.44140625,-13.18359375,-14.16015625,23.4375
250.06640625,11.23046875,-10.7421875,-9.27734375,11.23046875
250.0703125,25.87890625,-7.32421875,-17.08984375,24.90234375
250.07421875,42.96875,-12.20703125,-28.80859375,37.59765625
250.078125,42.96875,-10.25390625,-30.2734375,34.1796875
250.08203125,30.76171875,-1.953125,-24.90234375,28.80859375
250.0859375,28.3203125,-15.13671875,-11.71875,44.43359375
250.08984375,18.5546875,-26.3671875,-2.9296875,57.6171875
250.09375,1.46484375,-19.53125,-9.765625,26.85546875
250.09765625,12.20703125,-17.08984375,-19.04296875,20.01953125
250.1015625,20.99609375,-14.6484375,-16.6015625,48.33984375
250.10546875,18.5546875,-19.04296875,-22.94921875,38.57421875
250.109375,15.13671875,-28.3203125,-34.66796875,28.80859375
250.11328125,15.625,-12.20703125,-28.3203125,28.3203125
250.1171875,-8.30078125,-7.8125,-29.296875,18.5546875
250.12109375,-13.671875,-26.85546875,-28.3203125,9.765625
250.125,2.44140625,-32.2265625,-20.5078125,0.0
250.12890625,-7.8125,-30.2734375,-18.5546875,-5.37109375
250.1328125,-20.5078125,-26.3671875,-20.5078125,-1.953125
250.13671875,-19.53125,-20.99609375,-30.2734375,-11.71875
250.140625,-7.32421875,-10.7421875,-27.83203125,-13.671875
250.14453125,9.765625,-5.859375,-31.73828125,26.3671875
250.1484375,27.34375,-22.94921875,-35.15625,56.15234375
250.15234375,41.9921875,-28.3203125,-11.23046875,22.94921875
250.15625,12.6953125,-26.3671875,-10.25390625,4.39453125
250.16015625,-1.953125,-28.3203125,-28.80859375,15.625
250.1640625,5.37109375,-21.484375,-26.3671875,-10.7421875
250.16796875,4.39453125,-16.6015625,-16.11328125,-23.4375
250.171875,7.32421875,-8.7890625,-18.5546875,0.9765625
250.17578125,-20.99609375,-2.44140625,-20.5078125,15.625
250.1796875,-7.32421875,-14.16015625,-22.94921875,25.87890625
250.18359375,19.53125,-26.3671875,-26.3671875,47.8515625
250.1875,-0.9765625,-19.04296875,-33.203125,-4.8828125
250.19140625,4.39453125,-6.34765625,-27.83203125,-19.04296875
250.1953125,16.11328125,-11.71875,-16.6015625,23.4375
250.19921875,-1.46484375,-20.01953125,-20.01953125,-18.5546875
250.203125,-9.765625,-23.4375,-30.76171875,-44.921875
250.20703125,5.37109375,-24.90234375,-24.90234375,-15.13671875
250.2109375,33.69140625,-31.25,-14.16015625,13.671875
250.21484375,7.32421875,-23.4375,-25.390625,8.30078125
250.21875,-18.5546875,-18.5546875,-39.0625,-13.18359375
250.22265625,-17.578125,-22.94921875,-32.2265625,-45.41015625
250.2265625,3.41796875,-13.18359375,-33.203125,-43.9453125
250.23046875,19.04296875,-16.11328125,-31.73828125,-6.8359375
250.234375,-11.71875,-37.109375,-12.6953125,-0.9765625
250.23828125,-18.5546875,-44.43359375,-13.18359375,-7.32421875
250.2421875,9.765625,-26.85546875,-27.34375,8.30078125
250.24609375,7.32421875,-18.06640625,-14.16015625,6.8359375
250.25,-7.8125,-17.08984375,-9.27734375,11.71875
250.25390625,0.0,-14.6484375,-15.13671875,-17.08984375
250.2578125,-2.9296875,-14.16015625,-12.6953125,-40.0390625
250.26171875,-1.46484375,-8.7890625,-9.765625,0.9765625
250.265625,14.6484375,-5.37109375,-5.37109375,-9.27734375
250.26953125,22.94921875,-6.34765625,-11.23046875,-22.94921875
250.2734375,19.04296875,-14.16015625,-14.6484375,9.27734375
250.27734375,14.6484375,-19.04296875,-11.23046875,0.9765625
250.28125,14.6484375,-16.11328125,-4.39453125,16.11328125
250.28515625,3.90625,-17.08984375,-9.765625,43.45703125
250.2890625,7.8125,-12.6953125,-19.53125,16.11328125
250.29296875,22.4609375,-7.32421875,-9.27734375,18.5546875
250.296875,15.625,-10.7421875,0.9765625,18.06640625
250.30078125,3.41796875,-8.7890625,-7.8125,-7.32421875
250.3046875,4.8828125,-10.25390625,-9.27734375,-0.48828125
250.30859375,12.6953125,-14.6484375,-1.46484375,6.34765625
250.3125,9.27734375,-5.859375,-21.484375,-5.37109375
250.31640625,5.859375,-5.859375,-27.34375,35.15625
250.3203125,15.625,-17.578125,-3.90625,8.30078125
250.32421875,24.4140625,-24.90234375,1.46484375,-14.6484375
250.328125,44.921875,-27.34375,-1.46484375,16.11328125
250.33203125,47.8515625,-20.5078125,-30.76171875,43.9453125
250.3359375,15.625,-15.625,-47.36328125,26.85546875
250.33984375,-13.671875,-14.16015625,-13.18359375,-6.8359375
250.34375,-10.7421875,-12.6953125,4.39453125,-7.32421875
250.34765625,6.34765625,-20.01953125,-3.41796875,-5.37109375
250.3515625,15.625,-17.08984375,-7.32421875,-10.25390625
250.35546875,19.04296875,-10.25390625,-13.671875,0.9765625
250.359375,8.7890625,-11.71875,-22.94921875,7.8125
250.36328125,-13.671875,-10.7421875,-24.4140625,4.8828125
250.3671875,-5.37109375,-17.08984375,-23.92578125,-13.18359375
250.37109375,3.41796875,-27.34375,-20.99609375,-27.34375
250.375,-14.16015625,-22.94921875,-41.9921875,-22.94921875
250.37890625,-3.90625,-17.08984375,-39.0625,-16.6015625
250.3828125,0.9765625,-12.20703125,-12.20703125,-21.97265625
250.38671875,10.25390625,-12.20703125,-18.06640625,-2.44140625
250.390625,3.90625,-23.4375,-32.2265625,-10.7421875
250.39453125,-5.859375,-26.3671875,-17.578125,-26.85546875
250.3984375,11.23046875,-31.25,-12.20703125,-16.11328125
250.40234375,20.01953125,-39.0625,-35.15625,-6.8359375
250.40625,11.71875,-38.0859375,-35.64453125,-14.16015625
250.41015625,-9.765625,-30.2734375,-31.25,-22.4609375
250.4140625,-31.25,-22.94921875,-26.3671875,-21.97265625
250.41796875,-27.34375,-26.3671875,-12.6953125,-18.06640625
250.421875,-14.16015625,-28.3203125,-23.92578125,-9.27734375
250.42578125,8.30078125,-29.296875,-33.203125,6.34765625
250.4296875,-1.46484375,-34.1796875,-26.3671875,-21.484375
250.43359375,-22.4609375,-34.66796875,-17.578125,-49.8046875
250.4375,-12.20703125,-35.64453125,-23.4375,-30.2734375
250.44140625,-6.34765625,-28.80859375,-32.71484375,-14.6484375
250.4453125,7.8125,-27.83203125,-33.69140625,5.859375
250.44921875,19.04296875,-31.73828125,-27.83203125,-2.44140625
250.453125,19.53125,-16.11328125,-18.5546875,-9.765625
250.45703125,5.37109375,-15.13671875,-20.99609375,-9.27734375
250.4609375,-5.859375,-25.390625,-21.97265625,-43.45703125
250.46484375,6.34765625,-22.4609375,-17.08984375,-52.734375
250.46875,0.9765625,-25.87890625,-14.6484375,-31.73828125
250.47265625,-13.18359375,-21.97265625,-19.04296875,-15.625
250.4765625,-11.23046875,-14.16015625,-29.78515625,-12.20703125
250.48046875,1.953125,-25.87890625,-30.2734375,0.9765625
250.484375,-3.41796875,-30.76171875,-41.015625,-4.8828125
250.48828125,-24.4140625,-30.2734375,-58.10546875,-23.92578125
250.4921875,-30.2734375,-27.34375,-40.52734375,0.9765625
250.49609375,-21.484375,-21.97265625,-15.13671875,3.90625
250.5,-11.71875,-17.08984375,-25.87890625,-10.7421875
250.50390625,6.8359375,-11.71875,-37.59765625,-9.27734375
250.5078125,10.25390625,-19.53125,-28.3203125,-14.6484375
250.51171875,-0.9765625,-24.4140625,-31.73828125,-16.11328125
250.515625,5.37109375,-23.92578125,-36.1328125,-32.2265625
250.51953125,6.8359375,-23.92578125,-28.80859375,-26.3671875
250.5234375,-8.30078125,-21.97265625,-30.76171875,0.48828125
250.52734375,-14.16015625,-28.80859375,-32.71484375,-17.08984375
250.53125,-11.23046875,-35.64453125,-32.2265625,-24.90234375
250.53515625,-17.08984375,-32.2265625,-20.99609375,-24.90234375
250.5390625,-26.3671875,-25.390625,-17.08984375,-26.85546875
250.54296875,-22.4609375,-22.4609375,-31.73828125,-23.92578125
250.546875,-14.6484375,-20.5078125,-29.296875,10.25390625
250.55078125,-3.41796875,-19.04296875,-23.92578125,13.18359375
250.5546875,-22.94921875,-31.73828125,-26.3671875,-34.66796875
250.55859375,-33.203125,-34.1796875,-20.99609375,-24.90234375
250.5625,-19.04296875,-33.203125,-11.23046875,-11.23046875
250.56640625,-4.39453125,-36.62109375,-7.8125,-18.5546875
250.5703125,-7.32421875,-25.390625,-20.5078125,-15.13671875
250.57421875,-21.484375,-16.6015625,-29.78515625,-7.8125
250.578125,-20.01953125,-18.06640625,-23.4375,-4.39453125
250.58203125,-10.7421875,-16.6015625,-20.01953125,-7.32421875
250.5859375,-17.08984375,-20.01953125,-23.92578125,-9.27734375
250.58984375,-38.57421875,-21.97265625,-17.578125,-34.66796875
250.59375,-45.41015625,-19.53125,-10.7421875,-42.48046875
250.59765625,-44.921875,-19.04296875,-14.6484375,-27.83203125
250.6015625,-40.52734375,-20.5078125,-13.671875,-20.99609375
250.60546875,-38.0859375,-21.484375,-14.16015625,-35.15625
250.609375,-37.109375,-22.4609375,-24.90234375,-31.73828125
250.61328125,-18.5546875,-22.94921875,-32.71484375,-24.4140625
250.6171875,-14.6484375,-23.92578125,-31.25,-23.4375
250.62109375,-43.9453125,-29.296875,-20.01953125,-35.64453125
250.625,-61.5234375,-30.2734375,-11.23046875,-23.92578125
250.62890625,-77.1484375,-32.2265625,-16.6015625,-31.73828125
250.6328125,-86.42578125,-35.15625,-20.99609375,-73.73046875
250.63671875,-95.21484375,-34.66796875,-23.92578125,-94.23828125
250.640625,-105.46875,-35.15625,-19.04296875,-110.83984375
250.64453125,-108.3984375,-34.66796875,-16.11328125,-90.33203125
250.6484375,-117.1875,-38.57421875,-20.5078125,-89.35546875
250.65234375,-148.4375,-44.43359375,-14.16015625,-111.328125
250.65625,-166.50390625,-38.57421875,-9.27734375,-129.39453125
250.66015625,-167.48046875,-43.9453125,-8.30078125,-129.39453125
250.6640625,-167.96875,-52.24609375,-28.80859375,-145.99609375
250.66796875,-170.8984375,-41.50390625,-51.7578125,-162.109375
250.671875,-160.64453125,-38.57421875,-36.62109375,-167.96875
250.67578125,-179.6875,-41.50390625,-10.25390625,-200.68359375
250.6796875,-176.7578125,-52.24609375,-5.37109375,-187.5
250.68359375,-160.15625,-50.29296875,-13.671875,-142.578125
250.6875,-162.109375,-33.69140625,-0.9765625,-132.8125
250.69140625,-139.16015625,-32.2265625,2.44140625,-146.97265625
250.6953125,-119.62890625,-26.85546875,-28.3203125,-128.41796875
250.69921875,-102.5390625,-17.08984375,-26.85546875,-91.796875
250.703125,-88.37890625,-26.85546875,-6.8359375,-95.703125
250.70703125,-87.40234375,-23.92578125,-2.9296875,-112.79296875
250.7109375,-73.73046875,-12.20703125,-15.13671875,-93.26171875
250.71484375,-63.4765625,-20.5078125,-26.85546875,-84.47265625
250.71875,-46.875,-20.5078125,-26.3671875,-62.5
250.72265625,-33.203125,-2.44140625,-23.4375,-30.76171875
250.7265625,-34.1796875,-14.16015625,-12.6953125,-9.765625
250.73046875,-23.92578125,-29.296875,-22.94921875,-19.04296875
250.734375,-7.32421875,-22.4609375,-32.2265625,-20.01953125
250.73828125,-2.44140625,-11.23046875,-17.08984375,-21.97265625
250.7421875,-2.44140625,-7.32421875,-12.6953125,-18.5546875
250.74609375,-8.30078125,-8.7890625,-19.53125,9.765625
250.75,6.34765625,-10.25390625,-31.73828125,13.671875
250.75390625,22.94921875,-18.06640625,-12.20703125,18.5546875
250.7578125,0.48828125,-22.4609375,-6.8359375,40.52734375
250.76171875,9.27734375,-18.06640625,-21.97265625,45.41015625
250.765625,35.64453125,-10.25390625,-24.4140625,32.71484375
250.76953125,36.1328125,-1.953125,-21.97265625,34.66796875
250.7734375,9.27734375,-5.859375,-20.01953125,29.296875
250.77734375,-15.13671875,-4.39453125,-11.23046875,-21.97265625
250.78125,-3.90625,-5.37109375,-24.90234375,-25.87890625
250.78515625,15.625,-6.8359375,-25.87890625,12.20703125
250.7890625,17.08984375,-9.765625,-1.953125,12.20703125
250.79296875,14.16015625,-21.484375,3.41796875,11.71875
250.796875,17.578125,-15.13671875,-7.8125,12.20703125
250.80078125,24.90234375,-4.8828125,-16.6015625,26.85546875
250.8046875,29.78515625,-7.32421875,-13.18359375,34.1796875
250.80859375,25.390625,-11.23046875,-10.7421875,33.203125
250.8125,22.94921875,-9.765625,-15.13671875,45.8984375
250.81640625,12.20703125,-5.37109375,-21.484375,27.83203125
250.8203125,6.8359375,-9.27734375,-20.5078125,25.87890625
250.82421875,35.15625,-6.34765625,-23.4375,37.109375
250.828125,40.0390625,-6.8359375,-30.76171875,22.4609375
250.83203125,6.8359375,-10.25390625,-11.71875,20.01953125
250.8359375,0.0,-12.6953125,9.765625,37.59765625
250.83984375,16.6015625,-15.13671875,9.27734375,20.5078125
250.84375,13.671875,-10.25390625,-3.41796875,1.953125
250.84765625,8.30078125,-4.8828125,-22.94921875,3.90625
250.8515625,11.71875,1.953125,-38.0859375,34.1796875
250.85546875,9.27734375,-12.6953125,-33.203125,43.45703125
250.859375,8.30078125,-37.59765625,-14.16015625,21.97265625
250.86328125,12.6953125,-35.15625,-16.6015625,-8.7890625
250.8671875,1.46484375,-19.04296875,-33.203125,-6.34765625
250.87109375,-20.5078125,-14.6484375,-40.0390625,11.71875
250.875,-39.0625,-18.06640625,-30.76171875,-13.18359375
250.87890625,-43.45703125,-19.04296875,-14.6484375,-20.99609375
250.8828125,-22.94921875,-16.6015625,-22.4609375,15.13671875
250.88671875,-49.8046875,-26.85546875,-27.83203125,14.16015625
250.890625,-55.17578125,-40.52734375,-19.53125,-30.2734375
250.89453125,-12.6953125,-36.62109375,-15.13671875,-39.55078125
250.8984375,-28.3203125,-29.78515625,-30.76171875,-13.671875
250.90234375,-48.33984375,-29.78515625,-40.52734375,-32.2265625
250.90625,-18.06640625,-35.64453125,-30.76171875,-28.3203125
250.91015625,-14.16015625,-38.57421875,-32.2265625,4.39453125
250.9140625,-48.33984375,-42.48046875,-37.109375,33.69140625
250.91796875,-60.546875,-35.64453125,-40.52734375,-16.11328125
250.921875,-55.6640625,-17.08984375,-60.546875,-52.734375
250.92578125,-51.7578125,-13.18359375,-56.640625,-32.2265625
250.9296875,-49.31640625,-11.23046875,-24.4140625,-30.2734375
250.93359375,-52.734375,-19.04296875,-6.8359375,-26.85546875
250.9375,-41.9921875,-19.04296875,-9.27734375,-20.01953125
250.94140625,-25.390625,-16.6015625,-13.18359375,-12.20703125
250.9453125,-29.296875,-25.87890625,-5.859375,-4.39453125
250.94921875,-49.8046875,-22.94921875,-12.6953125,-8.30078125
250.953125,-61.03515625,-16.6015625,-16.6015625,-5.859375
250.95703125,-30.2734375,-12.20703125,-27.34375,5.859375
250.9609375,-22.94921875,-18.5546875,-35.15625,-23.92578125
250.96484375,-44.43359375,-41.9921875,-5.37109375,-5.859375
250.96875,-51.7578125,-40.0390625,-11.23046875,20.01953125
250.97265625,-22.4609375,-25.87890625,-32.71484375,-34.66796875
250.9765625,-55.17578125,-19.53125,-25.390625,-37.59765625
250.98046875,-84.47265625,-21.97265625,-5.859375,28.80859375
250.984375,-62.98828125,-36.1328125,-11.71875,-39.55078125
250.98828125,-60.546875,-46.875,-21.484375,-64.94140625
250.9921875,-29.78515625,-28.3203125,-39.0625,22.94921875
250.99609375,-19.53125,-10.7421875,-45.41015625,13.18359375
251.0,-58.59375,-20.01953125,-18.06640625,-45.8984375
251.00390625,-56.15234375,-19.04296875,-5.859375,-37.109375
251.0078125,-68.84765625,-17.08984375,-2.9296875,-20.5078125
251.01171875,-73.2421875,-11.23046875,-0.48828125,-18.06640625
251.015625,-46.38671875,-9.27734375,-15.625,-44.43359375
251.01953125,-60.546875,-22.4609375,-16.11328125,-42.96875
251.0234375,-61.03515625,-30.2734375,-8.30078125,0.0
251.02734375,-46.38671875,-31.73828125,-23.92578125,-33.203125
251.03125,-46.875,-26.85546875,-32.2265625,-40.52734375
251.03515625,-33.69140625,-17.578125,-24.4140625,-28.80859375
251.0390625,-35.15625,-15.625,-34.66796875,-53.7109375
251.04296875,-32.2265625,-17.578125,-38.57421875,-36.62109375
251.046875,-26.3671875,-11.23046875,-20.99609375,20.01953125
251.05078125,-58.59375,-7.32421875,-21.97265625,-18.06640625
251.0546875,-36.62109375,0.0,-32.2265625,-37.59765625
251.05859375,0.9765625,9.765625,-26.3671875,-13.18359375
251.0625,-36.62109375,-8.7890625,-13.18359375,8.7890625
251.06640625,-48.828125,-21.97265625,0.0,-7.32421875
251.0703125,-38.57421875,-25.390625,-2.9296875,-28.3203125
251.07421875,-53.7109375,-28.3203125,-11.71875,-2.44140625
251.078125,-58.59375,-24.4140625,-17.578125,-41.50390625
251.08203125,-37.59765625,-24.90234375,-29.78515625,-51.26953125
251.0859375,-21.97265625,-18.5546875,-31.25,-15.13671875
251.08984375,-18.5546875,-10.7421875,-31.73828125,-1.953125
251.09375,-30.2734375,-11.71875,-34.66796875,-4.8828125
251.09765625,-56.640625,-6.34765625,-29.296875,-16.11328125
251.1015625,-65.4296875,-11.23046875,-20.5078125,-23.4375
251.10546875,-49.31640625,-21.484375,-7.32421875,-6.34765625
251.109375,-9.765625,-22.94921875,-3.90625,15.625
251.11328125,13.671875,-2.44140625,-19.04296875,29.296875
251.1171875,-29.78515625,2.9296875,-24.90234375,-11.71875
251.12109375,-62.01171875,-9.765625,-13.671875,-53.22265625
251.125,-37.59765625,-10.7421875,-5.37109375,-38.0859375
251.12890625,-30.76171875,-12.20703125,-9.27734375,-21.97265625
251.1328125,-45.41015625,-12.20703125,-23.4375,-61.03515625
251.13671875,-46.38671875,-16.11328125,-28.3203125,-48.33984375
251.140625,-29.296875,-28.80859375,-26.3671875,15.625
251.14453125,-17.08984375,-26.3671875,-29.78515625,-6.34765625
251.1484375,-17.578125,-22.4609375,-31.25,-2.44140625
251.15234375,-3.90625,-18.06640625,-40.52734375,-5.37109375
251.15625,-22.94921875,-11.23046875,-58.59375,-38.0859375
251.16015625,-64.453125,-14.16015625,-48.33984375,-51.7578125
251.1640625,-61.5234375,-18.5546875,-34.66796875,-31.25
251.16796875,-53.7109375,-26.85546875,-32.2265625,-5.37109375
251.171875,-59.5703125,-32.2265625,-28.80859375,-43.45703125
251.17578125,-55.17578125,-25.390625,-31.25,-48.828125
251.1796875,-52.24609375,-30.76171875,-26.85546875,-22.4609375
251.18359375,-49.31640625,-33.69140625,-26.3671875,-9.765625
251.1875,-46.38671875,-20.5078125,-23.92578125,-37.109375
251.19140625,-50.78125,-14.6484375,-13.671875,-25.87890625
251.1953125,-58.10546875,-10.7421875,-30.76171875,-5.859375
251.19921875,-51.26953125,-2.9296875,-41.015625,-34.1796875
251.203125,-55.17578125,-12.20703125,-24.90234375,-34.66796875
251.20703125,-61.5234375,-27.34375,-20.5078125,-52.734375
251.2109375,-49.31640625,-24.4140625,-10.7421875,-13.671875
251.21484375,-28.3203125,-19.04296875,-11.23046875,46.875
251.21875,-34.1796875,-22.4609375,-29.296875,-23.4375
251.22265625,-55.17578125,-22.94921875,-28.80859375,-78.61328125
251.2265625,-74.70703125,-25.87890625,-33.69140625,-33.203125
251.23046875,-87.40234375,-27.34375,-36.62109375,-41.50390625
251.234375,-74.21875,-21.484375,-24.4140625,-64.453125
251.23828125,-65.91796875,-20.01953125,-24.4140625,-28.3203125
251.2421875,-97.65625,-16.6015625,-30.76171875,-24.4140625
251.24609375,-101.5625,-16.6015625,-32.2265625,-61.03515625
251.25,-87.40234375,-27.34375,-35.15625,-70.80078125
251.25390625,-115.72265625,-35.64453125,-34.66796875,-62.5
251.2578125,-137.6953125,-38.57421875,-35.15625,-118.1640625
251.26171875,-125.48828125,-34.1796875,-41.015625,-149.4140625
251.265625,-152.34375,-36.1328125,-29.296875,-116.2109375
251.26953125,-202.63671875,-41.9921875,-16.11328125,-123.046875
251.2734375,-232.91015625,-40.52734375,-17.578125,-187.01171875
251.27734375,-230.95703125,-36.1328125,-16.11328125,-171.875
251.28125,-230.46875,-33.69140625,-12.6953125,-138.671875
251.28515625,-224.12109375,-35.15625,-9.27734375,-172.36328125
251.2890625,-201.66015625,-33.69140625,-10.7421875,-166.9921875
251.29296875,-166.9921875,-33.69140625,-12.6953125,-160.64453125
251.296875,-196.77734375,-44.921875,-11.71875,-187.98828125
251.30078125,-220.703125,-40.0390625,-30.2734375,-168.45703125
251.3046875,-194.82421875,-20.99609375,-38.57421875,-130.37109375
251.30859375,-197.75390625,-19.04296875,-24.90234375,-139.16015625
251.3125,-220.703125,-29.296875,-18.5546875,-179.19921875
251.31640625,-210.9375,-33.203125,-15.13671875,-106.93359375
251.3203125,-163.57421875,-25.87890625,-38.0859375,-63.4765625
251.32421875,-153.3203125,-26.85546875,-45.41015625,-145.99609375
251.328125,-173.33984375,-32.71484375,-28.80859375,-165.52734375
251.33203125,-175.29296875,-33.69140625,-30.76171875,-134.27734375
251.3359375,-177.734375,-36.1328125,-26.3671875,-145.5078125
251.33984375,-157.71484375,-27.34375,-27.34375,-108.3984375
251.34375,-151.3671875,-22.4609375,-31.25,-99.609375
251.34765625,-169.921875,-26.3671875,-31.73828125,-148.4375
251.3515625,-166.015625,-23.92578125,-24.4140625,-106.4453125
251.35546875,-126.953125,-32.71484375,-15.13671875,-68.84765625
251.359375,-155.76171875,-38.57421875,-14.16015625,-114.2578125
251.36328125,-192.3828125,-33.203125,-31.73828125,-81.0546875
251.3671875,-175.29296875,-33.203125,-43.9453125,-108.3984375
251.37109375,-186.03515625,-35.64453125,-20.5078125,-150.87890625
251.375,-171.875,-48.828125,-6.34765625,-137.6953125
251.37890625,-147.94921875,-48.33984375,-20.5078125,-138.671875
251.3828125,-147.94921875,-30.2734375,-34.1796875,-125.48828125
251.38671875,-150.390625,-26.85546875,-26.85546875,-102.05078125
251.390625,-148.92578125,-23.92578125,-20.99609375,-49.31640625
251.39453125,-115.72265625,-28.80859375,-21.484375,-84.9609375
251.3984375,-134.765625,-35.15625,-21.484375,-147.94921875
251.40234375,-129.8828125,-12.6953125,-43.45703125,-118.65234375
251.40625,-124.51171875,-11.23046875,-34.1796875,-103.515625
251.41015625,-138.671875,-27.34375,3.41796875,-93.75
251.4140625,-102.05078125,-29.296875,13.18359375,-39.55078125
251.41796875,-101.5625,-28.3203125,1.953125,-71.77734375
251.421875,-116.69921875,-33.203125,-3.41796875,-88.8671875
251.42578125,-104.4921875,-33.69140625,-6.34765625,-68.84765625
251.4296875,-102.05078125,-10.7421875,-15.625,-63.96484375
251.43359375,-77.1484375,4.39453125,-11.71875,-40.52734375
251.4375,-46.38671875,0.48828125,-1.46484375,-0.48828125
251.44140625,-40.0390625,4.39453125,-15.625,-14.6484375
251.4453125,-25.87890625,-1.953125,-18.5546875,-42.96875
251.44921875,-13.18359375,-4.39453125,-3.90625,-21.97265625
251.453125,-13.671875,-5.859375,-0.9765625,42.48046875
251.45703125,-25.390625,-21.97265625,-2.9296875,26.85546875
251.4609375,-36.62109375,-30.76171875,-8.7890625,-49.8046875
251.46484375,-18.5546875,-37.109375,-19.04296875,3.41796875
251.46875,-1.46484375,-32.71484375,-23.4375,61.5234375
251.47265625,9.765625,-15.625,-28.3203125,50.78125
251.4765625,3.41796875,-6.8359375,-28.80859375,52.24609375
251.48046875,-3.41796875,-9.27734375,-35.64453125,46.38671875
251.484375,13.671875,-17.578125,-28.3203125,58.59375
251.48828125,33.69140625,-6.8359375,-17.08984375,90.8203125
251.4921875,28.3203125,-7.8125,-17.08984375,50.29296875
251.49609375,21.484375,-18.5546875,-25.390625,53.22265625
251.5,35.64453125,-8.30078125,-36.1328125,87.40234375
251.50390625,13.671875,-8.7890625,-33.69140625,73.2421875
251.5078125,20.99609375,-20.01953125,-22.94921875,67.3828125
251.51171875,45.8984375,-30.2734375,-18.5546875,76.171875
251.515625,43.9453125,-31.73828125,-26.3671875,57.6171875
251.51953125,58.10546875,-14.16015625,-33.69140625,77.1484375
251.5234375,60.05859375,-0.9765625,-7.8125,106.93359375
251.52734375,48.828125,1.46484375,-1.46484375,106.93359375
251.53125,40.0390625,7.32421875,-9.765625,144.04296875
251.53515625,62.98828125,5.37109375,-15.625,95.703125
251.5390625,79.1015625,2.9296875,-26.3671875,45.41015625
251.54296875,85.44921875,-17.578125,-33.203125,87.890625
251.546875,55.6640625,-25.87890625,-23.92578125,102.05078125
251.55078125,35.15625,-3.41796875,-10.7421875,110.3515625
251.5546875,36.62109375,3.41796875,-20.5078125,88.8671875
251.55859375,32.2265625,-0.9765625,-33.69140625,53.7109375
251.5625,40.0390625,-7.8125,-27.34375,78.61328125
251.56640625,58.10546875,-12.6953125,-22.4609375,94.23828125
251.5703125,50.29296875,-18.06640625,-25.87890625,74.21875
251.57421875,26.85546875,-22.94921875,-24.4140625,52.24609375
251.578125,26.85546875,-19.53125,-13.18359375,85.9375
251.58203125,18.06640625,-13.18359375,-31.25,92.7734375
251.5859375,-6.8359375,-19.53125,-45.8984375,54.6875
251.58984375,-20.99609375,-26.3671875,-20.5078125,75.1953125
251.59375,-5.859375,-28.3203125,-14.6484375,109.86328125
251.59765625,-9.765625,-26.3671875,-11.71875,83.984375
251.6015625,-17.578125,-19.04296875,-15.13671875,24.90234375
251.60546875,-10.25390625,-6.8359375,-32.2265625,39.0625
251.609375,-9.765625,-12.6953125,-28.3203125,70.80078125
251.61328125,-39.55078125,-20.99609375,-19.53125,41.50390625
251.6171875,-51.7578125,-18.5546875,-18.06640625,43.9453125
251.62109375,-36.1328125,-20.01953125,-18.06640625,62.5
251.625,-23.4375,-20.99609375,-9.765625,62.01171875
251.62890625,-20.5078125,-21.484375,-12.20703125,34.1796875
251.6328125,-15.625,-19.53125,-14.16015625,27.34375
251.63671875,1.46484375,-17.578125,-20.99609375,46.38671875
251.640625,-8.7890625,-18.5546875,-26.3671875,30.2734375
251.64453125,-15.625,-16.11328125,-12.6953125,37.59765625
251.6484375,-7.8125,-21.97265625,-11.71875,58.10546875
251.65234375,0.0,-21.484375,-14.16015625,61.5234375
251.65625,-19.04296875,-14.6484375,-11.71875,34.66796875
251.66015625,-38.57421875,-16.6015625,-12.20703125,26.85546875
251.6640625,-35.15625,-23.4375,-12.6953125,15.13671875
251.66796875,-24.4140625,-31.25,-22.4609375,10.7421875
251.671875,-23.4375,-33.203125,-37.109375,5.859375
251.67578125,-16.6015625,-23.92578125,-31.25,-19.53125
251.6796875,-15.625,-23.4375,-22.94921875,-3.41796875
251.68359375,-6.34765625,-13.18359375,-26.3671875,20.01953125
251.6875,-13.671875,-11.71875,-25.390625,11.23046875
251.69140625,-46.38671875,-26.85546875,-21.484375,24.90234375
251.6953125,-45.8984375,-20.5078125,-6.8359375,30.2734375
251.69921875,-32.2265625,-17.578125,0.48828125,22.94921875
251.703125,-30.76171875,-26.3671875,-13.18359375,15.625
251.70703125,-58.10546875,-28.80859375,-20.5078125,10.25390625
251.7109375,-58.59375,-26.85546875,-26.85546875,14.6484375
251.71484375,-52.734375,-27.83203125,-29.296875,12.6953125
251.71875,-79.1015625,-34.1796875,-26.3671875,-23.4375
251.72265625,-62.01171875,-34.1796875,-20.01953125,-25.390625
251.7265625,-42.96875,-35.15625,-14.6484375,-3.90625
251.73046875,-65.91796875,-30.76171875,-12.6953125,-21.484375
251.734375,-48.33984375,-16.11328125,-14.16015625,-14.6484375
251.73828125,-45.8984375,-23.4375,-19.04296875,28.80859375
251.7421875,-73.2421875,-31.25,-22.94921875,0.48828125
251.74609375,-43.45703125,-25.390625,-26.3671875,-5.859375
251.75,-27.34375,-27.34375,-13.18359375,28.80859375
251.75390625,-65.91796875,-30.2734375,-7.32421875,-2.44140625
251.7578125,-86.9140625,-32.71484375,-8.30078125,-24.90234375
251.76171875,-53.7109375,-33.203125,-3.90625,12.6953125
251.765625,-5.859375,-34.1796875,-0.48828125,49.31640625
251.76953125,-16.6015625,-38.0859375,-0.9765625,45.8984375
251.7734375,-32.71484375,-37.109375,-8.30078125,-4.39453125
251.77734375,-55.17578125,-45.8984375,-4.8828125,12.20703125
251.78125,-41.015625,-57.12890625,-6.34765625,23.92578125
251.78515625,-16.6015625,-49.31640625,-11.23046875,-1.953125
251.7890625,-16.6015625,-38.57421875,0.9765625,20.01953125
251.79296875,-19.04296875,-31.73828125,3.41796875,51.26953125
251.796875,-22.4609375,-32.2265625,-1.46484375,27.34375
251.80078125,-8.7890625,-37.59765625,0.9765625,5.859375
251.8046875,-6.34765625,-42.96875,10.25390625,21.97265625
251.80859375,-22.4609375,-47.36328125,17.08984375,5.37109375
251.8125,-18.5546875,-38.57421875,-6.8359375,12.20703125
251.81640625,-21.484375,-17.578125,-28.80859375,28.80859375
251.8203125,-59.5703125,-20.01953125,-17.578125,-3.90625
251.82421875,-57.12890625,-28.3203125,1.46484375,-24.90234375
251.828125,-41.9921875,-27.83203125,2.44140625,14.16015625
251.83203125,-14.16015625,-27.34375,-2.44140625,32.2265625
251.8359375,20.01953125,-41.50390625,-7.32421875,18.5546875
251.83984375,28.3203125,-47.36328125,-1.953125,45.8984375
251.84375,4.39453125,-28.80859375,-9.27734375,-24.90234375
251.84765625,-34.1796875,-19.04296875,-21.484375,-53.7109375
251.8515625,-42.96875,-24.4140625,-11.71875,-11.71875
251.85546875,-33.69140625,-28.3203125,-9.27734375,-9.765625
251.859375,-32.71484375,-30.2734375,-23.92578125,9.765625
251.86328125,-32.71484375,-30.2734375,-17.578125,30.76171875
251.8671875,-30.76171875,-35.15625,5.859375,18.06640625
251.87109375,-40.0390625,-33.203125,-0.48828125,-5.859375
251.875,-5.37109375,-19.53125,-11.71875,20.99609375
251.87890625,-3.90625,-18.5546875,-13.18359375,7.8125
251.8828125,-42.48046875,-32.71484375,-15.625,-29.296875
251.88671875,-38.0859375,-36.1328125,-16.11328125,-23.4375
251.890625,-17.08984375,-40.0390625,-15.13671875,-25.390625
251.89453125,-3.90625,-42.96875,-7.32421875,-13.18359375
251.8984375,4.8828125,-36.62109375,-9.27734375,5.37109375
251.90234375,13.18359375,-31.73828125,-20.99609375,-14.6484375
251.90625,13.18359375,-18.5546875,-15.13671875,-5.37109375
251.91015625,-7.32421875,-4.8828125,-3.90625,13.18359375
251.9140625,1.46484375,1.953125,-7.8125,4.8828125
251.91796875,-5.859375,-3.90625,-6.8359375,2.9296875
251.921875,16.6015625,-10.25390625,5.859375,46.38671875
251.92578125,22.4609375,-21.484375,1.46484375,26.85546875
251.9296875,-15.625,-25.87890625,-14.6484375,-16.11328125
251.93359375,-4.39453125,-22.4609375,-20.01953125,-65.91796875
251.9375,11.23046875,-18.06640625,-24.4140625,-43.45703125
251.94140625,6.8359375,-14.16015625,-27.34375,13.671875
251.9453125,3.41796875,-17.08984375,-24.90234375,1.953125
251.94921875,-14.16015625,-19.53125,-21.484375,-16.11328125
251.953125,-13.18359375,-10.7421875,-17.08984375,-11.23046875
251.95703125,6.34765625,-4.8828125,-25.390625,36.62109375
251.9609375,24.90234375,-16.11328125,-22.4609375,39.55078125
251.96484375,24.90234375,-25.87890625,-10.7421875,-14.6484375
251.96875,15.625,-7.32421875,-3.90625,-5.37109375
251.97265625,35.15625,0.9765625,4.8828125,23.4375
251.9765625,42.48046875,-12.6953125,4.8828125,10.25390625
251.98046875,39.0625,-11.23046875,2.44140625,29.296875
251.984375,44.43359375,1.46484375,-15.13671875,18.06640625
251.98828125,24.90234375,-3.41796875,-41.50390625,7.8125
251.9921875,24.4140625,-21.484375,-37.59765625,0.0
251.99609375,61.03515625,-34.66796875,-3.41796875,2.9296875
252.0,69.3359375,-40.52734375,11.23046875,32.71484375
252.00390625,60.546875,-28.3203125,4.39453125,24.90234375
252.0078125,45.41015625,-5.859375,0.48828125,23.4375
252.01171875,25.87890625,-9.765625,-10.25390625,10.7421875
252.015625,72.265625,-51.7578125,-6.8359375,23.92578125
252.01953125,116.2109375,-95.21484375,8.30078125,49.8046875
252.0234375,70.3125,-45.8984375,-17.08984375,4.8828125
252.02734375,38.57421875,21.97265625,-38.57421875,-42.96875
252.03125,45.8984375,19.53125,-20.99609375,5.37109375
252.03515625,29.296875,-8.7890625,-5.859375,62.98828125
252.0390625,87.890625,-52.24609375,-12.20703125,0.9765625
252.04296875,95.703125,-46.875,-19.53125,2.9296875
252.046875,36.1328125,2.44140625,-22.94921875,2.44140625
252.05078125,26.85546875,30.2734375,-23.4375,-8.30078125
252.0546875,41.015625,31.73828125,-18.5546875,38.57421875
252.05859375,68.359375,23.4375,-31.73828125,43.9453125
252.0625,70.80078125,-3.90625,-37.109375,16.6015625
252.06640625,46.875,-22.4609375,-17.578125,23.4375
252.0703125,32.71484375,-16.11328125,-22.94921875,-19.53125
252.07421875,33.69140625,-17.578125,-19.04296875,-19.04296875
252.078125,46.875,-18.5546875,0.9765625,16.11328125
252.08203125,47.8515625,-16.6015625,-0.48828125,5.37109375
252.0859375,66.40625,-21.97265625,0.48828125,32.71484375
252.08984375,73.2421875,-22.94921875,-0.9765625,43.45703125
252.09375,67.3828125,-19.04296875,-10.25390625,-8.30078125
252.09765625,72.265625,-30.76171875,-29.78515625,-3.90625
252.1015625,72.265625,-39.0625,-27.83203125,24.4140625
252.10546875,65.91796875,-20.99609375,-12.6953125,27.83203125
252.109375,24.90234375,-7.8125,-15.13671875,-8.7890625
252.11328125,9.765625,-12.20703125,-7.8125,-23.4375
252.1171875,17.578125,-16.11328125,-23.92578125,-16.11328125
252.12109375,10.7421875,-20.5078125,-41.50390625,-24.4140625
252.125,7.8125,-30.2734375,-17.578125,-49.8046875
252.12890625,19.04296875,-37.59765625,16.6015625,-32.71484375
252.1328125,20.01953125,-36.1328125,21.484375,-23.92578125
252.13671875,-2.9296875,-31.25,-2.44140625,-73.2421875
252.140625,-38.0859375,-27.83203125,-7.32421875,-83.984375
252.14453125,-70.80078125,-36.1328125,-15.625,-100.09765625
252.1484375,-82.51953125,-48.828125,-26.3671875,-163.57421875
252.15234375,-103.515625,-54.19921875,-34.66796875,-183.59375
252.15625,-159.66796875,-56.640625,-35.15625,-151.85546875
252.16015625,-183.59375,-41.015625,-41.9921875,-135.25390625
252.1640625,-163.0859375,-28.80859375,-57.6171875,-166.50390625
252.16796875,-156.73828125,-44.43359375,-40.0390625,-192.87109375
252.171875,-132.8125,-48.828125,-42.96875,-194.3359375
252.17578125,-92.7734375,-29.78515625,-57.12890625,-131.8359375
252.1796875,-109.375,-30.2734375,-43.9453125,-153.80859375
252.18359375,-133.30078125,-34.66796875,-16.6015625,-149.4140625
252.1875,-115.234375,-16.6015625,-34.1796875,-57.6171875
252.19140625,-104.00390625,-12.6953125,-57.6171875,-121.58203125
252.1953125,-74.70703125,-32.2265625,-33.203125,-159.66796875
252.19921875,-41.015625,-26.85546875,-38.57421875,-97.16796875
252.203125,-47.36328125,-8.30078125,-59.5703125,-78.61328125
252.20703125,-39.0625,0.0,-32.71484375,-84.9609375
252.2109375,-25.87890625,-5.859375,-5.859375,-88.8671875
252.21484375,-6.34765625,-13.671875,8.30078125,-67.87109375
252.21875,11.23046875,-21.484375,0.0,-24.4140625
252.22265625,15.625,-36.1328125,-14.16015625,21.484375
252.2265625,23.92578125,-28.3203125,-12.6953125,27.34375
252.23046875,32.2265625,-19.04296875,-20.99609375,-11.23046875
252.234375,41.9921875,-24.90234375,-27.34375,-18.06640625
252.23828125,57.6171875,-19.04296875,-38.57421875,-20.01953125
252.2421875,65.4296875,-3.90625,-42.48046875,-46.38671875
252.24609375,63.4765625,4.39453125,-39.0625,-41.015625
252.25,39.55078125,-6.8359375,-37.109375,-26.3671875
252.25390625,62.01171875,-5.37109375,-29.296875,6.34765625
252.2578125,52.734375,3.41796875,-25.87890625,29.78515625
252.26171875,18.06640625,-3.41796875,-24.90234375,29.78515625
252.265625,49.8046875,-4.39453125,-23.4375,59.5703125
252.26953125,61.5234375,1.46484375,-8.30078125,59.08203125
252.2734375,44.43359375,-5.859375,-1.46484375,5.37109375
252.27734375,38.57421875,-16.11328125,-9.27734375,-15.13671875
252.28125,53.22265625,-9.765625,-14.16015625,23.4375
252.28515625,70.80078125,-11.71875,-17.08984375,45.8984375
252.2890625,61.5234375,-14.16015625,-29.296875,21.484375
252.29296875,53.22265625,-3.90625,-36.1328125,24.4140625
252.296875,64.94140625,0.0,-29.78515625,37.109375
252.30078125,54.6875,-1.953125,-22.94921875,22.94921875
252.3046875,56.640625,0.48828125,-21.484375,41.9921875
252.30859375,51.26953125,-12.20703125,-18.5546875,39.0625
252.3125,25.87890625,-15.13671875,-22.94921875,37.59765625
252.31640625,17.578125,-10.25390625,-26.3671875,43.45703125
252.3203125,27.83203125,-15.625,-24.4140625,46.38671875
252.32421875,52.734375,-10.7421875,-25.390625,78.125
252.328125,50.29296875,-10.7421875,-28.80859375,15.625
252.33203125,25.87890625,-20.5078125,-25.390625,-28.3203125
252.3359375,24.90234375,-24.90234375,-23.92578125,10.7421875
252.33984375,37.59765625,-16.11328125,-33.69140625,2.44140625
252.34375,27.34375,-12.20703125,-25.390625,0.0
252.34765625,2.9296875,-14.6484375,-9.765625,16.6015625
252.3515625,27.34375,-12.20703125,-5.859375,33.203125
252.35546875,36.62109375,-13.18359375,-25.390625,39.0625
252.359375,21.97265625,-11.23046875,-37.59765625,45.8984375
252.36328125,47.36328125,-10.7421875,-30.2734375,34.66796875
252.3671875,15.13671875,-17.578125,-11.71875,0.0
252.37109375,-17.578125,-18.5546875,1.953125,-42.96875
252.375,2.44140625,-20.01953125,-5.859375,-28.80859375
252.37890625,32.2265625,-25.87890625,-10.7421875,-2.9296875
252.3828125,23.92578125,-7.8125,-3.90625,-3.90625
252.38671875,3.90625,-0.48828125,4.39453125,-11.71875
252.390625,30.2734375,-16.11328125,2.9296875,4.39453125
252.39453125,2.9296875,-16.6015625,-8.7890625,-3.90625
252.3984375,-4.39453125,-9.765625,-15.625,-18.5546875
252.40234375,41.50390625,-17.578125,-49.31640625,17.08984375
252.40625,17.08984375,-15.625,-48.33984375,15.13671875
252.41015625,-29.78515625,7.32421875,-16.6015625,-41.9921875
252.4140625,-30.2734375,8.30078125,-2.9296875,-31.25
252.41796875,-2.44140625,-14.6484375,-9.765625,19.53125
252.421875,19.04296875,-12.6953125,-35.64453125,26.85546875
252.42578125,20.5078125,2.44140625,-20.99609375,1.46484375
252.4296875,-19.04296875,-9.765625,6.34765625,-20.01953125
252.43359375,-34.66796875,-30.76171875,2.9296875,-33.69140625
252.4375,7.8125,-27.34375,-15.13671875,-20.01953125
252.44140625,-13.671875,-24.4140625,-21.484375,30.2734375
252.4453125,-39.0625,-19.04296875,-6.34765625,-34.66796875
252.44921875,-41.50390625,2.44140625,-4.8828125,-75.68359375
252.453125,-28.3203125,-7.8125,0.48828125,-47.36328125
252.45703125,-32.71484375,-35.15625,11.23046875,-36.62109375
252.4609375,-61.03515625,-30.76171875,6.34765625,-52.734375
252.46484375,-82.03125,-12.20703125,0.9765625,-67.3828125
252.46875,-83.49609375,2.44140625,-14.16015625,-105.46875
252.47265625,-78.61328125,-7.32421875,-12.6953125,-114.2578125
252.4765625,-97.16796875,-26.3671875,-5.37109375,-95.21484375
252.48046875,-112.79296875,-26.85546875,-4.39453125,-133.7890625
252.484375,-124.51171875,-41.015625,-3.90625,-157.71484375
252.48828125,-132.8125,-44.43359375,3.90625,-158.203125
252.4921875,-122.55859375,-29.78515625,9.765625,-145.99609375
252.49609375,-125.48828125,-49.8046875,7.8125,-147.94921875
252.5,-134.765625,-57.12890625,3.41796875,-151.85546875
252.50390625,-154.296875,-35.64453125,-4.8828125,-117.1875
252.5078125,-147.94921875,-20.99609375,-27.34375,-107.91015625
252.51171875,-94.23828125,-25.390625,-40.52734375,-113.76953125
252.515625,-99.609375,-31.73828125,-25.87890625,-131.8359375
252.51953125,-132.32421875,-44.43359375,-19.53125,-169.43359375
252.5234375,-121.09375,-46.38671875,-13.18359375,-134.27734375
252.52734375,-84.9609375,-29.296875,-5.37109375,-122.55859375
252.53125,-78.125,-20.5078125,3.90625,-114.74609375
252.53515625,-54.6875,-23.92578125,-0.48828125,-111.81640625
252.5390625,-50.29296875,-23.92578125,-15.13671875,-136.23046875
252.54296875,-71.2890625,-24.4140625,-8.7890625,-106.93359375
252.546875,-54.19921875,-34.1796875,-13.18359375,-62.5
252.55078125,-14.6484375,-18.06640625,-24.90234375,-81.0546875
252.5546875,-19.04296875,-4.8828125,-22.4609375,-101.5625
252.55859375,-52.24609375,-15.13671875,-7.8125,-53.22265625
252.5625,-25.390625,-33.69140625,-5.37109375,-2.9296875
252.56640625,-14.6484375,-44.921875,-11.23046875,-52.24609375
252.5703125,-41.9921875,-18.5546875,-9.765625,-79.58984375
252.57421875,-46.875,-1.46484375,-26.3671875,-75.1953125
252.578125,-36.62109375,-8.7890625,-61.03515625,-37.109375
252.58203125,-47.8515625,-9.27734375,-46.38671875,21.484375
252.5859375,-47.8515625,-13.18359375,-1.46484375,-12.6953125
252.58984375,-43.9453125,-14.16015625,0.48828125,-29.78515625
252.59375,-40.52734375,-18.5546875,-1.46484375,26.3671875
252.59765625,-29.78515625,-18.06640625,-7.8125,15.13671875
252.6015625,-34.66796875,-6.34765625,-27.83203125,-56.15234375
252.60546875,-20.5078125,-11.71875,-41.50390625,-58.59375
252.609375,-9.27734375,-11.71875,-40.52734375,-34.66796875
252.61328125,-3.41796875,-9.27734375,-20.01953125,-10.25390625
252.6171875,15.625,-13.671875,-14.6484375,-5.37109375
252.62109375,-3.41796875,-20.99609375,-11.23046875,2.9296875
252.625,-11.23046875,-26.85546875,3.41796875,-2.44140625
252.62890625,27.83203125,-11.71875,-3.41796875,36.62109375
252.6328125,21.97265625,-11.23046875,-7.8125,81.0546875
252.63671875,-19.04296875,-16.6015625,-12.20703125,3.90625
252.640625,-17.578125,-13.671875,-22.4609375,-16.6015625
252.64453125,-4.8828125,-15.625,-24.90234375,31.25
252.6484375,53.7109375,-11.71875,-28.80859375,-43.9453125
252.65234375,31.25,-20.99609375,-28.3203125,-62.98828125
252.65625,-9.27734375,-29.78515625,-28.80859375,-7.32421875
252.66015625,-4.39453125,-18.5546875,-30.2734375,23.92578125
252.6640625,-12.20703125,-26.3671875,-30.2734375,29.78515625
252.66796875,-28.80859375,-25.390625,-20.01953125,67.3828125
252.671875,-31.73828125,-23.4375,-10.7421875,64.453125
252.67578125,-18.5546875,-27.83203125,-9.765625,29.78515625
252.6796875,-10.25390625,-10.25390625,-25.390625,32.71484375
252.68359375,-37.109375,-15.625,-44.921875,-28.80859375
252.6875,-30.2734375,-30.76171875,-28.3203125,-21.97265625
252.69140625,-31.25,-31.25,-7.8125,76.171875
252.6953125,12.20703125,-18.5546875,-9.27734375,76.66015625
252.69921875,31.73828125,-12.20703125,-9.765625,59.08203125
252.703125,-17.08984375,-19.53125,-6.34765625,93.26171875
252.70703125,7.32421875,-7.32421875,-9.765625,92.28515625
252.7109375,45.8984375,8.30078125,-20.99609375,83.49609375
252.71484375,46.875,-2.44140625,-9.765625,100.09765625
252.71875,5.37109375,-13.671875,0.9765625,41.50390625
252.72265625,-2.9296875,-20.01953125,-10.25390625,1.953125
252.7265625,-2.44140625,-34.66796875,-17.08984375,14.6484375
252.73046875,11.23046875,-37.109375,-23.92578125,30.2734375
252.734375,56.640625,-48.828125,-28.80859375,72.75390625
252.73828125,58.59375,-52.24609375,-18.06640625,96.19140625
252.7421875,28.80859375,-18.06640625,-18.5546875,74.70703125
252.74609375,8.30078125,-2.44140625,-28.80859375,38.57421875
252.75,12.6953125,-12.20703125,-31.25,60.546875
252.75390625,3.41796875,-13.671875,-25.87890625,4.8828125
252.7578125,-8.30078125,-6.34765625,-24.90234375,-46.38671875
252.76171875,0.9765625,-14.16015625,-20.99609375,5.859375
252.765625,9.765625,-19.53125,-18.06640625,19.04296875
252.76953125,19.04296875,-9.27734375,-23.92578125,33.69140625
252.7734375,-36.1328125,-22.4609375,-23.92578125,64.94140625
252.77734375,-15.625,-35.64453125,-13.18359375,51.26953125
252.78125,18.06640625,-25.87890625,-20.01953125,-19.53125
252.78515625,-2.9296875,-17.08984375,-26.85546875,195.80078125
252.7890625,1.953125,-19.04296875,-22.4609375,518.06640625
252.79296875,-6.34765625,-20.5078125,-11.23046875,586.42578125
252.796875,-17.578125,-15.13671875,-14.6484375,537.109375
252.80078125,-20.01953125,-16.11328125,-36.1328125,480.46875
252.8046875,0.0,-39.55078125,-40.52734375,470.703125
252.80859375,6.8359375,-43.9453125,-34.1796875,436.5234375
252.8125,-19.04296875,-25.390625,-35.15625,312.98828125
252.81640625,-10.7421875,-6.8359375,-20.99609375,135.25390625
252.8203125,-20.01953125,3.41796875,-12.6953125,30.2734375
252.82421875,-16.6015625,-5.37109375,-24.4140625,-25.87890625
252.828125,-10.7421875,-18.06640625,-16.11328125,-67.87109375
252.83203125,1.46484375,-14.6484375,-7.8125,-53.22265625
252.8359375,9.27734375,-29.296875,-19.04296875,-64.453125
252.83984375,-7.8125,-35.64453125,-32.2265625,-109.86328125
252.84375,-19.53125,-22.94921875,-27.34375,-107.421875
252.84765625,-7.32421875,-22.94921875,-19.53125,-92.7734375
252.8515625,-15.625,-15.625,-26.3671875,-89.84375
252.85546875,-31.25,-13.18359375,-24.4140625,-85.44921875
252.859375,-24.90234375,-24.4140625,-18.06640625,-94.23828125
252.86328125,-16.6015625,-18.5546875,-14.6484375,-107.91015625
252.8671875,-16.11328125,-16.6015625,-21.97265625,-148.92578125
252.87109375,-8.30078125,-42.96875,-20.5078125,-147.94921875
252.875,-9.765625,-53.22265625,-23.92578125,-148.4375
252.87890625,-15.13671875,-29.296875,-33.69140625,-117.67578125
252.8828125,13.671875,-5.859375,-24.90234375,-78.61328125
252.88671875,-13.18359375,-10.7421875,-23.92578125,-125.48828125
252.890625,-22.94921875,-13.671875,-44.43359375,-118.1640625
252.89453125,-1.46484375,-16.11328125,-45.41015625,-99.12109375
252.8984375,3.90625,-13.671875,-20.99609375,-122.55859375
252.90234375,-0.48828125,-2.44140625,-12.20703125,-68.84765625
252.90625,-19.53125,-19.04296875,-20.99609375,-68.359375
252.91015625,0.0,-29.78515625,-20.01953125,-131.34765625
252.9140625,46.38671875,-18.06640625,-20.5078125,-102.5390625
252.91796875,36.62109375,-17.08984375,-23.4375,-67.3828125
252.921875,1.953125,-26.3671875,-17.578125,-89.84375
252.92578125,8.30078125,-21.97265625,-4.39453125,-78.61328125
252.9296875,-0.9765625,-19.53125,-14.6484375,-80.078125
252.93359375,8.30078125,-23.4375,-16.6015625,-66.89453125
252.9375,23.4375,-33.69140625,-4.39453125,-66.89453125
252.94140625,6.34765625,-38.57421875,-11.71875,-87.40234375
252.9453125,35.15625,-31.73828125,-9.765625,-21.484375
252.94921875,23.4375,-25.390625,0.9765625,-80.078125
252.953125,30.2734375,-37.59765625,1.953125,-65.4296875
252.95703125,41.9921875,-47.8515625,5.859375,83.0078125
252.9609375,55.17578125,-29.78515625,-22.4609375,16.11328125
252.96484375,60.546875,-24.90234375,-37.59765625,-122.0703125
252.96875,1.46484375,-35.64453125,-12.6953125,-119.140625
252.97265625,-3.41796875,-39.55078125,-16.6015625,-46.875
252.9765625,27.83203125,-40.52734375,-40.0390625,-45.8984375
252.98046875,39.0625,-30.2734375,-18.5546875,-60.05859375
252.984375,-2.44140625,-17.578125,5.37109375,-43.45703125
252.98828125,-1.46484375,-19.53125,2.44140625,-51.26953125
252.9921875,60.05859375,-23.92578125,2.44140625,-43.45703125
252.99609375,32.2265625,-24.90234375,-1.953125,-82.03125
253.0,-38.0859375,-29.78515625,-14.16015625,-69.82421875
253.00390625,-24.4140625,-32.71484375,-10.25390625,-19.53125
253.0078125,-10.7421875,-35.64453125,-8.30078125,-61.03515625
253.01171875,34.1796875,-39.0625,-18.06640625,-81.0546875
253.015625,41.50390625,-26.85546875,-21.484375,-59.08203125
253.01953125,58.59375,-20.01953125,-5.859375,13.18359375
253.0234375,106.93359375,-24.4140625,-18.5546875,-7.32421875
253.02734375,111.81640625,-20.01953125,-32.71484375,-17.578125
253.03125,75.68359375,-10.7421875,-5.859375,-26.3671875
253.03515625,59.5703125,-7.8125,1.953125,-100.09765625
253.0390625,82.51953125,-0.9765625,-9.27734375,-62.01171875
253.04296875,54.6875,-5.859375,-24.4140625,-33.69140625
253.046875,57.6171875,-12.20703125,-22.94921875,-28.80859375
253.05078125,89.84375,-20.01953125,-8.30078125,-24.4140625
253.0546875,68.84765625,-32.2265625,-4.8828125,-19.53125
253.05859375,74.21875,-19.53125,-10.7421875,0.9765625
253.0625,105.95703125,-6.34765625,-22.4609375,0.0
253.06640625,77.63671875,-20.01953125,-23.4375,-35.64453125
253.0703125,58.59375,-27.83203125,-13.671875,-34.66796875
253.07421875,64.94140625,-22.94921875,-7.32421875,5.859375
253.078125,77.63671875,-11.23046875,-0.9765625,39.0625
253.08203125,93.75,1.46484375,0.0,17.578125
253.0859375,90.33203125,-3.90625,-3.41796875,20.5078125
253.08984375,87.40234375,-6.8359375,-6.34765625,27.83203125
253.09375,87.40234375,0.9765625,-18.5546875,15.625
253.09765625,83.984375,-5.37109375,-9.765625,16.6015625
253.1015625,102.5390625,-4.39453125,-1.46484375,75.1953125
253.10546875,83.984375,2.9296875,-16.6015625,90.33203125
253.109375,50.78125,-9.765625,-20.5078125,-6.8359375
253.11328125,97.16796875,-20.99609375,-12.20703125,5.859375
253.1171875,72.265625,-16.6015625,-6.34765625,41.50390625
253.12109375,35.15625,-17.578125,-9.765625,-36.1328125
253.125,53.7109375,-19.53125,-6.34765625,23.4375
253.12890625,50.78125,-18.06640625,2.9296875,103.515625
253.1328125,43.9453125,-15.13671875,-5.37109375,43.45703125
253.13671875,36.62109375,-10.25390625,-24.90234375,38.57421875
253.140625,48.828125,-9.27734375,-23.4375,23.4375
253.14453125,29.78515625,-14.16015625,-20.01953125,-62.01171875
253.1484375,38.0859375,-20.01953125,-25.87890625,-11.23046875
253.15234375,41.9921875,-19.04296875,-19.04296875,71.2890625
253.15625,11.71875,-8.7890625,-1.46484375,132.32421875
253.16015625,12.20703125,-3.41796875,-6.34765625,68.359375
253.1640625,19.04296875,-12.6953125,-16.6015625,-67.87109375
253.16796875,32.71484375,-19.04296875,-6.34765625,-44.921875
253.171875,64.453125,-9.27734375,-2.9296875,-31.25
253.17578125,53.7109375,0.48828125,-12.20703125,-40.52734375
253.1796875,31.25,-1.46484375,-13.18359375,-0.9765625
253.18359375,46.38671875,-4.39453125,-6.34765625,-3.41796875
253.1875,47.36328125,-3.41796875,-5.37109375,-20.5078125
253.19140625,38.0859375,1.953125,0.48828125,2.44140625
253.1953125,60.546875,-5.859375,-2.44140625,24.90234375
253.19921875,62.5,-2.9296875,-17.578125,88.37890625
253.203125,64.94140625,7.8125,-16.6015625,30.2734375
253.20703125,56.15234375,0.48828125,-15.625,-35.64453125
253.2109375,33.69140625,-3.41796875,-32.2265625,3.41796875
253.21484375,58.59375,-2.44140625,-32.2265625,16.11328125
253.21875,74.21875,-10.25390625,-11.71875,-15.625
253.22265625,64.453125,-11.23046875,-18.06640625,-12.20703125
253.2265625,41.015625,-20.99609375,-42.48046875,28.3203125
253.23046875,2.9296875,-12.6953125,-30.76171875,70.3125
253.234375,2.9296875,2.44140625,-19.04296875,16.11328125
253.23828125,32.2265625,-2.44140625,-20.01953125,-48.33984375
253.2421875,14.16015625,1.953125,-21.97265625,-33.203125
253.24609375,15.13671875,0.9765625,-30.76171875,-0.9765625
253.25,20.99609375,-3.41796875,-24.90234375,14.6484375
253.25390625,7.8125,-8.7890625,-35.64453125,27.83203125
253.2578125,7.32421875,-28.3203125,-62.98828125,31.73828125
253.26171875,-24.90234375,-32.71484375,-61.03515625,-19.53125
253.265625,-29.296875,-7.32421875,-46.875,-42.96875
253.26953125,-20.99609375,0.48828125,-34.1796875,2.44140625
253.2734375,-39.0625,-6.34765625,-18.5546875,10.7421875
253.27734375,-35.15625,0.0,-16.6015625,-58.59375
253.28125,-18.06640625,0.0,-31.25,-54.6875
253.28515625,-19.04296875,-2.44140625,-45.8984375,-59.08203125
253.2890625,-31.25,-7.32421875,-29.78515625,-72.265625
253.29296875,-39.55078125,-22.94921875,-15.625,-46.38671875
253.296875,-20.5078125,-23.4375,-28.80859375,-24.90234375
253.30078125,-30.76171875,-17.578125,-42.48046875,-8.30078125
253.3046875,-44.921875,-19.53125,-47.36328125,7.8125
253.30859375,-14.6484375,-20.5078125,-43.45703125,-10.25390625
253.3125,-2.44140625,-18.06640625,-31.25,-44.921875
253.31640625,-7.32421875,-8.30078125,-23.92578125,-15.625
253.3203125,-8.7890625,-17.578125,-25.87890625,1.46484375
253.32421875,5.37109375,-16.11328125,-38.0859375,-5.859375
253.328125,-21.484375,-3.90625,-50.29296875,20.5078125
253.33203125,-35.64453125,-14.16015625,-41.015625,24.4140625
253.3359375,-33.203125,-27.34375,-21.97265625,44.43359375
253.33984375,-24.4140625,-26.85546875,-23.4375,53.7109375
253.34375,-13.671875,-24.4140625,-21.97265625,39.55078125
253.34765625,-23.4375,-19.04296875,-15.13671875,53.22265625
253.3515625,-10.25390625,-12.6953125,-20.5078125,67.3828125
253.35546875,-0.9765625,-8.30078125,-30.2734375,65.4296875
253.359375,-30.2734375,-6.8359375,-40.0390625,69.3359375
253.36328125,-45.41015625,-10.7421875,-41.50390625,85.44921875
253.3671875,-60.05859375,-12.6953125,-31.73828125,82.51953125
253.37109375,-59.5703125,-17.08984375,-40.52734375,121.09375
253.375,-56.15234375,-24.4140625,-44.43359375,189.453125
253.37890625,-33.203125,-26.85546875,-25.87890625,251.953125
253.3828125,-33.203125,-22.4609375,-21.97265625,266.11328125
253.38671875,-71.77734375,-22.4609375,-32.2265625,184.08203125
253.390625,-53.22265625,-25.87890625,-42.48046875,157.2265625
253.39453125,-32.2265625,-15.13671875,-46.38671875,181.640625
253.3984375,-38.0859375,-5.859375,-38.0859375,162.109375
253.40234375,-44.43359375,-15.13671875,-38.57421875,139.16015625
253.40625,-66.40625,-19.53125,-53.22265625,98.6328125
253.41015625,-61.5234375,-9.27734375,-61.5234375,61.03515625
253.4140625,-35.15625,-5.37109375,-58.10546875,58.10546875
253.41796875,-39.0625,-12.20703125,-52.24609375,48.33984375
253.421875,-44.43359375,-9.765625,-52.734375,42.48046875
253.42578125,-37.109375,-2.9296875,-49.31640625,6.34765625
253.4296875,-51.7578125,-4.39453125,-55.17578125,1.953125
253.43359375,-32.2265625,-7.32421875,-69.3359375,24.4140625
253.4375,-18.5546875,-15.625,-62.98828125,41.50390625
253.44140625,-50.78125,-25.87890625,-38.0859375,37.109375
253.4453125,-47.8515625,-20.01953125,-35.64453125,21.484375
253.44921875,-36.62109375,-10.7421875,-40.52734375,24.4140625
253.453125,-46.38671875,-6.8359375,-36.62109375,14.16015625
253.45703125,-42.48046875,-12.20703125,-34.1796875,5.37109375
253.4609375,-58.59375,-26.3671875,-30.2734375,-2.9296875
253.46484375,-63.4765625,-22.94921875,-31.73828125,-5.37109375
253.46875,-53.22265625,-12.20703125,-38.0859375,-2.44140625
253.47265625,-58.10546875,-16.11328125,-34.1796875,-9.27734375
253.4765625,-30.76171875,-19.53125,-30.2734375,3.41796875
253.48046875,-19.53125,-22.94921875,-34.1796875,11.23046875
253.484375,-24.4140625,-26.85546875,-24.90234375,16.6015625
253.48828125,-15.13671875,-26.85546875,-19.53125,0.9765625
253.4921875,-35.15625,-20.99609375,-28.80859375,16.6015625
253.49609375,-28.3203125,-5.37109375,-37.59765625,68.359375
253.5,-0.48828125,-4.39453125,-32.71484375,33.203125
253.50390625,-9.27734375,-21.484375,-22.94921875,-27.83203125
253.5078125,-36.1328125,-28.3203125,-14.6484375,-72.265625
253.51171875,-27.83203125,-30.2734375,-8.7890625,-70.80078125
253.515625,-7.8125,-29.296875,-11.23046875,-18.5546875
253.51953125,-33.69140625,-30.2734375,-13.18359375,-62.01171875
253.5234375,-14.16015625,-31.73828125,-15.13671875,-74.21875
253.52734375,15.625,-21.484375,-25.390625,-52.24609375
253.53125,-23.92578125,-16.6015625,-30.76171875,-88.8671875
253.53515625,-54.6875,-15.13671875,-18.5546875,-95.703125
253.5390625,-67.87109375,-10.25390625,-6.8359375,-110.3515625
253.54296875,-67.3828125,-13.18359375,-6.8359375,-125.9765625
253.546875,-60.05859375,-23.92578125,-9.765625,-97.16796875
253.55078125,-39.55078125,-30.76171875,-11.23046875,-91.30859375
253.5546875,-37.59765625,-29.296875,-15.625,-107.421875
253.55859375,-52.734375,-20.5078125,-30.2734375,-66.40625
253.5625,-29.78515625,-29.78515625,-29.78515625,-35.15625
253.56640625,-34.66796875,-27.83203125,-16.6015625,-53.7109375
253.5703125,-31.73828125,-11.23046875,-13.671875,-75.1953125
253.57421875,-35.15625,-21.484375,-6.34765625,-106.93359375
253.578125,-44.921875,-29.296875,-7.8125,-94.23828125
253.58203125,-25.87890625,-20.5078125,-27.83203125,-42.96875
253.5859375,-46.38671875,-29.296875,-30.2734375,-65.4296875
253.58984375,-46.875,-38.57421875,-14.16015625,-76.66015625
253.59375,-32.2265625,-36.62109375,-10.25390625,-56.15234375
253.59765625,-25.87890625,-27.34375,-7.8125,-37.59765625
253.6015625,-7.32421875,-26.85546875,0.0,-22.4609375
253.60546875,-3.90625,-20.01953125,-9.765625,-24.4140625
253.609375,-25.87890625,-10.25390625,-22.94921875,-35.15625
253.61328125,-32.2265625,-20.01953125,-14.6484375,-50.29296875
253.6171875,-25.390625,-23.92578125,-6.34765625,-37.109375
253.62109375,-19.53125,-24.90234375,-20.99609375,-60.05859375
253.625,-6.8359375,-21.97265625,-25.390625,-48.828125
253.62890625,9.27734375,-21.484375,-2.9296875,-25.390625
253.6328125,12.20703125,-26.85546875,1.46484375,-29.78515625
253.63671875,-20.5078125,-18.06640625,-7.8125,-61.5234375
253.640625,-43.45703125,-17.08984375,-12.6953125,-111.328125
253.64453125,-32.2265625,-21.97265625,-20.01953125,-88.37890625
253.6484375,-20.5078125,-21.97265625,-14.6484375,-39.55078125
253.65234375,-32.71484375,-25.87890625,-7.8125,-18.5546875
253.65625,-46.38671875,-34.66796875,-26.85546875,-39.0625
253.66015625,-28.3203125,-31.73828125,-35.15625,-45.8984375
253.6640625,0.9765625,-16.11328125,-33.203125,-45.41015625
253.66796875,11.71875,-26.85546875,-32.2265625,-21.484375
253.671875,-6.8359375,-40.52734375,-14.16015625,-9.27734375
253.67578125,-33.69140625,-27.34375,-3.41796875,-62.5
253.6796875,-22.4609375,-23.4375,-9.765625,-57.6171875
253.68359375,9.765625,-34.66796875,-7.32421875,-12.20703125
253.6875,6.8359375,-26.85546875,-8.7890625,-35.15625
253.69140625,-8.30078125,0.48828125,-20.99609375,-43.9453125
253.6953125,-5.37109375,4.39453125,-18.5546875,-18.06640625
253.69921875,-16.6015625,-12.6953125,-2.9296875,-28.80859375
253.703125,-31.73828125,-22.4609375,-8.30078125,-44.921875
253.70703125,-21.97265625,-19.04296875,-4.39453125,-34.1796875
253.7109375,-21.484375,-20.5078125,-14.16015625,-34.1796875
253.71484375,-1.46484375,-23.4375,-28.80859375,-67.3828125
253.71875,-21.97265625,-35.64453125,-24.4140625,-84.47265625
253.72265625,-59.5703125,-55.6640625,-23.92578125,-72.265625
253.7265625,-56.640625,-43.9453125,-23.92578125,-46.875
253.73046875,-57.12890625,-27.83203125,-17.08984375,-60.05859375
253.734375,-46.875,-20.5078125,-16.6015625,-54.19921875
253.73828125,-10.7421875,-19.04296875,-10.25390625,-32.71484375
253.7421875,-33.203125,-26.85546875,-1.953125,-40.52734375
253.74609375,-50.29296875,-27.34375,-14.16015625,-40.0390625
253.75,-21.484375,-30.2734375,-34.1796875,-33.69140625
253.75390625,-16.6015625,-20.01953125,-39.0625,-29.296875
253.7578125,-37.109375,-10.25390625,-28.80859375,-37.59765625
253.76171875,-58.10546875,-16.6015625,-0.9765625,-53.7109375
253.765625,-61.03515625,-20.01953125,7.8125,-59.5703125
253.76953125,-45.8984375,-15.625,9.27734375,-56.640625
253.7734375,-36.1328125,-9.765625,7.32421875,-66.89453125
253.77734375,-10.7421875,-9.27734375,0.9765625,-32.2265625
253.78125,1.953125,-17.578125,6.34765625,-14.16015625
253.78515625,-27.83203125,-19.53125,5.859375,-45.41015625
253.7890625,-59.08203125,-24.4140625,7.8125,-47.36328125
253.79296875,-71.2890625,-34.66796875,1.46484375,-28.3203125
253.796875,-60.05859375,-41.015625,-11.23046875,-45.8984375
253.80078125,-54.19921875,-39.0625,-7.32421875,-61.5234375
253.8046875,-60.05859375,-41.50390625,-1.953125,-46.875
253.80859375,-72.75390625,-47.8515625,9.765625,-13.18359375
253.8125,-69.3359375,-40.0390625,15.625,18.06640625
253.81640625,-45.41015625,-37.109375,20.01953125,-36.1328125
253.8203125,-55.6640625,-43.45703125,22.94921875,-66.40625
253.82421875,-76.171875,-42.96875,37.59765625,-51.26953125
253.828125,-74.70703125,-41.50390625,38.0859375,-35.15625
253.83203125,-74.21875,-41.9921875,25.390625,-27.83203125
253.8359375,-70.3125,-41.9921875,20.5078125,-39.0625
253.83984375,-49.8046875,-39.0625,21.97265625,-30.76171875
253.84375,-43.9453125,-36.1328125,20.01953125,-21.484375
253.84765625,-51.26953125,-29.78515625,15.625,-30.76171875
253.8515625,-47.36328125,-20.99609375,-5.859375,-31.25
253.85546875,-26.85546875,-20.5078125,-21.484375,-16.6015625
253.859375,-32.71484375,-30.76171875,-7.8125,-2.44140625
253.86328125,-48.33984375,-27.83203125,5.37109375,-52.734375
253.8671875,-36.1328125,-21.97265625,9.27734375,-59.08203125
253.87109375,-39.0625,-21.97265625,-7.8125,-28.3203125
253.875,-66.40625,-23.4375,-14.16015625,-17.578125
253.87890625,-59.08203125,-26.85546875,1.46484375,2.9296875
253.8828125,-46.875,-32.71484375,6.34765625,-41.50390625
253.88671875,-42.48046875,-38.57421875,5.859375,-60.546875
253.890625,-37.59765625,-42.96875,-6.8359375,-47.8515625
253.89453125,-53.7109375,-35.64453125,-15.625,-36.1328125
253.8984375,-25.87890625,-23.4375,-10.7421875,-0.48828125
253.90234375,-12.20703125,-27.83203125,-36.62109375,-1.46484375
253.90625,-63.96484375,-41.015625,-32.2265625,-46.875
253.91015625,-53.22265625,-28.3203125,-7.32421875,-59.08203125
253.9140625,-42.48046875,-22.4609375,0.48828125,-36.1328125
253.91796875,-48.33984375,-30.2734375,-1.46484375,-41.50390625
253.921875,-47.36328125,-29.78515625,-11.23046875,-49.31640625
253.92578125,-45.8984375,-27.34375,-8.30078125,-38.0859375
253.9296875,-25.87890625,-39.55078125,-7.8125,-32.2265625
253.93359375,-3.90625,-44.921875,-0.9765625,-17.578125
253.9375,-14.16015625,-25.390625,-15.625,-12.6953125
253.94140625,-25.390625,-16.11328125,-29.296875,-17.578125
253.9453125,-16.6015625,-33.69140625,-13.18359375,-15.13671875
253.94921875,-6.34765625,-38.0859375,-0.9765625,-8.30078125
253.953125,-25.390625,-27.83203125,0.9765625,-26.85546875
253.95703125,-33.203125,-20.5078125,-21.484375,-63.4765625
253.9609375,-8.7890625,-27.34375,-25.87890625,-47.8515625
253.96484375,-7.8125,-36.62109375,-0.9765625,-41.015625
253.96875,-15.13671875,-26.3671875,2.9296875,-19.04296875
253.97265625,2.9296875,-14.16015625,-9.27734375,22.94921875
253.9765625,7.32421875,-19.04296875,-10.7421875,22.4609375
253.98046875,-25.390625,-24.4140625,-7.8125,-15.13671875
253.984375,-30.2734375,-20.99609375,-18.06640625,-45.8984375
253.98828125,-13.671875,-21.97265625,-12.6953125,-26.3671875
253.9921875,-26.85546875,-22.94921875,-1.46484375,-18.5546875
253.99609375,-17.578125,-20.5078125,-0.9765625,-57.12890625
254.0,-6.34765625,-20.5078125,7.8125,-49.31640625
254.00390625,-11.23046875,-22.4609375,-0.48828125,-27.83203125
254.0078125,-1.953125,-18.06640625,-20.01953125,-38.57421875
254.01171875,12.6953125,-8.30078125,-2.9296875,-2.9296875
254.015625,7.8125,-9.765625,9.27734375,19.04296875
254.01953125,-10.7421875,-19.53125,1.46484375,41.50390625
254.0234375,-11.71875,-16.11328125,-12.20703125,-14.16015625
254.02734375,9.765625,-7.32421875,-27.34375,-48.33984375
254.03125,10.25390625,-12.20703125,-29.296875,-34.66796875
254.03515625,-10.7421875,-16.6015625,-35.64453125,-43.9453125
254.0390625,-10.25390625,-20.99609375,-30.2734375,-33.203125
254.04296875,-9.765625,-25.87890625,-12.20703125,-43.45703125
254.046875,-11.71875,-27.83203125,-5.859375,-49.31640625
254.05078125,-12.20703125,-27.83203125,-11.23046875,-31.25
254.0546875,-2.44140625,-17.578125,-20.99609375,5.37109375
254.05859375,17.578125,-10.7421875,-35.64453125,-21.97265625
254.0625,-5.37109375,-19.04296875,-41.50390625,-42.48046875
254.06640625,-21.97265625,-29.296875,-28.80859375,-12.20703125
254.0703125,-27.83203125,-32.2265625,-28.3203125,-18.06640625
254.07421875,-21.484375,-25.390625,-29.296875,-70.80078125
254.078125,-3.90625,-12.20703125,-30.76171875,-58.59375
254.08203125,2.9296875,-13.18359375,-23.92578125,-20.5078125
254.0859375,-2.44140625,-24.90234375,-11.23046875,-25.390625
254.08984375,4.39453125,-18.06640625,-16.11328125,-21.484375
254.09375,-4.8828125,-20.5078125,-25.87890625,-28.80859375
254.09765625,-20.99609375,-28.80859375,-32.2265625,-27.83203125
254.1015625,-8.30078125,-19.53125,-25.390625,-15.625
254.10546875,-0.48828125,-17.08984375,-23.4375,-39.0625
254.109375,-17.08984375,-22.4609375,-27.34375,-30.76171875
254.11328125,-35.15625,-27.83203125,-22.4609375,-0.48828125
254.1171875,-9.27734375,-28.80859375,-15.625,-31.25
254.12109375,-8.7890625,-23.92578125,-18.06640625,-11.71875
254.125,-28.80859375,-19.53125,-34.66796875,-9.765625
254.12890625,-41.9921875,-26.85546875,-34.1796875,-54.19921875
254.1328125,-47.36328125,-33.69140625,-20.5078125,-46.38671875
254.13671875,-35.64453125,-31.73828125,-32.71484375,-42.48046875
254.140625,-32.2265625,-28.80859375,-31.73828125,-41.50390625
254.14453125,-43.45703125,-35.15625,-19.04296875,-43.9453125
254.1484375,-30.76171875,-28.80859375,-16.6015625,-39.55078125
254.15234375,-21.484375,-25.390625,-13.671875,-3.41796875
254.15625,-31.73828125,-39.55078125,-13.671875,-22.94921875
254.16015625,-31.25,-31.73828125,-12.20703125,-23.4375
254.1640625,-39.0625,-7.32421875,-21.97265625,10.7421875
254.16796875,-26.3671875,0.48828125,-45.41015625,-16.11328125
254.171875,-27.34375,-10.25390625,-25.87890625,-33.69140625
254.17578125,-53.7109375,-26.3671875,-6.8359375,-45.8984375
254.1796875,-42.96875,-34.1796875,-14.6484375,-62.01171875
254.18359375,-35.15625,-32.2265625,-5.859375,-57.12890625
254.1875,-46.875,-23.92578125,-9.27734375,-23.92578125
254.19140625,-38.57421875,-25.390625,-6.34765625,-13.18359375
254.1953125,-52.734375,-19.53125,-2.9296875,-52.24609375
254.19921875,-72.265625,-18.06640625,-15.13671875,-45.41015625
254.203125,-68.359375,-14.6484375,-16.11328125,-41.015625
254.20703125,-42.48046875,-8.7890625,-11.23046875,-48.33984375
254.2109375,-64.453125,-26.3671875,-7.8125,-78.125
254.21484375,-90.33203125,-38.57421875,18.5546875,-88.8671875
254.21875,-67.87109375,-39.55078125,31.73828125,-51.26953125
254.22265625,-74.21875,-23.4375,16.6015625,-84.9609375
254.2265625,-115.234375,-15.13671875,3.41796875,-132.8125
254.23046875,-129.8828125,-22.4609375,-4.39453125,-135.7421875
254.234375,-148.4375,-20.5078125,-10.7421875,-139.6484375
254.23828125,-156.25,-15.13671875,-5.37109375,-158.203125
254.2421875,-166.9921875,-18.5546875,-8.7890625,-172.8515625
254.24609375,-157.71484375,-23.92578125,-16.6015625,-148.92578125
254.25,-145.01953125,-39.55078125,-17.578125,-141.6015625
254.25390625,-170.41015625,-45.8984375,-33.69140625,-192.87109375
254.2578125,-174.8046875,-14.16015625,-44.43359375,-213.8671875
254.26171875,-165.0390625,2.44140625,-36.1328125,-216.796875
254.265625,-187.01171875,0.0,-42.48046875,-240.72265625
254.26953125,-166.9921875,0.0,-49.31640625,-209.47265625
254.2734375,-125.0,-1.953125,-47.8515625,-182.12890625
254.27734375,-122.0703125,-3.41796875,-39.0625,-180.6640625
254.28125,-109.86328125,-0.9765625,-42.96875,-154.296875
254.28515625,-81.54296875,-1.953125,-54.19921875,-122.0703125
254.2890625,-67.3828125,-4.39453125,-42.96875,-103.515625
254.29296875,-62.5,-7.8125,-26.85546875,-96.19140625
254.296875,-58.10546875,-7.8125,-29.296875,-79.1015625
254.30078125,-59.08203125,-2.9296875,-41.9921875,-65.4296875
254.3046875,-54.6875,8.7890625,-55.17578125,-48.828125
254.30859375,-36.62109375,8.30078125,-53.22265625,-50.29296875
254.3125,-26.85546875,-6.34765625,-39.55078125,-91.796875
254.31640625,-35.15625,-4.8828125,-30.76171875,-86.42578125
254.3203125,-31.73828125,3.41796875,-24.4140625,-30.76171875
254.32421875,-6.34765625,0.0,-29.296875,-14.16015625
254.328125,2.9296875,-10.7421875,-27.83203125,-39.0625
254.33203125,16.11328125,-3.41796875,-23.4375,-29.78515625
254.3359375,43.45703125,-18.5546875,-28.80859375,11.71875
254.33984375,34.1796875,-26.85546875,-36.62109375,9.27734375
254.34375,20.01953125,-0.48828125,-35.15625,7.8125
254.34765625,19.04296875,6.8359375,-25.390625,26.3671875
254.3515625,28.3203125,-4.8828125,-23.92578125,37.109375
254.35546875,24.4140625,-6.34765625,-20.01953125,38.0859375
254.359375,29.296875,6.34765625,-16.11328125,19.53125
254.36328125,55.17578125,8.7890625,-34.66796875,49.31640625
254.3671875,34.66796875,-14.6484375,-37.109375,65.4296875
254.37109375,10.25390625,-15.13671875,-25.87890625,11.71875
254.375,22.4609375,9.27734375,-32.2265625,7.32421875
254.37890625,9.765625,4.8828125,-23.92578125,9.765625
254.3828125,5.37109375,-14.6484375,-13.18359375,3.41796875
254.38671875,19.04296875,-19.04296875,-21.484375,12.20703125
254.390625,19.04296875,-13.18359375,-21.97265625,23.4375
254.39453125,34.66796875,-17.578125,-28.3203125,28.3203125
254.3984375,47.8515625,-34.66796875,-43.9453125,23.92578125
254.40234375,14.16015625,-37.59765625,-31.25,23.4375
254.40625,18.5546875,-20.5078125,-29.78515625,20.99609375
254.41015625,38.57421875,-8.7890625,-29.296875,24.4140625
254.4140625,-2.44140625,-25.87890625,-20.99609375,15.13671875
254.41796875,4.39453125,-25.390625,-25.87890625,12.6953125
254.421875,23.4375,-14.6484375,-19.53125,5.859375
254.42578125,2.9296875,-23.4375,-16.6015625,2.44140625
254.4296875,5.37109375,-21.97265625,-22.4609375,16.11328125
254.43359375,15.625,-17.578125,-15.13671875,-9.765625
254.4375,30.2734375,-17.08984375,-17.08984375,-18.06640625
254.44140625,50.78125,-17.578125,-31.25,20.99609375
254.4453125,26.85546875,-27.34375,-24.4140625,21.484375
254.44921875,-25.87890625,-27.34375,-15.13671875,19.53125
254.453125,-22.4609375,-22.4609375,-3.41796875,0.48828125
254.45703125,-14.16015625,-21.484375,2.44140625,-2.44140625
254.4609375,-4.39453125,-25.390625,-0.48828125,16.6015625
254.46484375,10.25390625,-29.296875,0.48828125,30.76171875
254.46875,25.390625,-16.11328125,-12.20703125,30.2734375
254.47265625,26.85546875,-0.48828125,-35.64453125,3.41796875
254.4765625,21.484375,0.0,-20.99609375,-0.48828125
254.48046875,19.53125,-0.9765625,-7.32421875,3.90625
254.484375,-4.8828125,1.46484375,-12.20703125,19.53125
254.48828125,-8.30078125,0.9765625,2.44140625,3.90625
254.4921875,7.32421875,-0.9765625,12.6953125,9.27734375
254.49609375,21.484375,-9.27734375,-1.46484375,36.62109375
254.5,15.625,-10.25390625,1.953125,49.8046875
254.50390625,10.7421875,-9.27734375,6.8359375,60.05859375
254.5078125,20.01953125,-18.5546875,-7.8125,1.46484375
254.51171875,19.53125,-5.859375,-11.23046875,-37.59765625
254.515625,15.625,10.25390625,-22.4609375,-35.15625
254.51953125,16.6015625,5.37109375,-23.4375,-7.8125
254.5234375,-21.97265625,-11.23046875,-7.32421875,15.625
254.52734375,-38.0859375,-21.484375,-8.30078125,-33.69140625
254.53125,-10.25390625,-17.08984375,-14.16015625,-26.85546875
254.53515625,6.34765625,-8.30078125,-6.34765625,42.48046875
254.5390625,24.4140625,-11.71875,3.41796875,4.8828125
254.54296875,47.36328125,-14.16015625,0.48828125,9.765625
254.546875,20.01953125,-3.90625,-22.94921875,54.19921875
254.55078125,-4.8828125,-7.8125,-31.25,8.7890625
254.5546875,19.53125,-15.625,-30.2734375,-29.296875
254.55859375,17.578125,-13.18359375,-30.2734375,2.9296875
254.5625,32.71484375,-20.01953125,-23.92578125,13.18359375
254.56640625,35.64453125,-23.4375,-27.34375,-2.9296875
254.5703125,-2.9296875,-13.18359375,-31.73828125,-9.765625
254.57421875,13.18359375,-7.32421875,-28.3203125,6.8359375
254.578125,36.62109375,-24.90234375,-24.4140625,11.71875
254.58203125,28.3203125,-20.5078125,-18.06640625,20.5078125
254.5859375,22.4609375,2.44140625,-13.18359375,32.71484375
254.58984375,12.6953125,4.39453125,-11.71875,20.5078125
254.59375,26.85546875,1.46484375,-20.5078125,21.97265625
254.59765625,41.9921875,7.32421875,-29.78515625,21.484375
254.6015625,41.015625,6.8359375,-24.4140625,44.921875
254.60546875,32.2265625,-3.41796875,-10.7421875,22.4609375
254.609375,9.765625,-11.23046875,-5.859375,-11.23046875
254.61328125,7.32421875,-16.11328125,-12.6953125,-19.53125
254.6171875,10.7421875,-27.34375,-19.04296875,-20.01953125
254.62109375,0.9765625,-35.15625,-23.4375,-7.32421875
254.625,13.18359375,-20.5078125,-20.5078125,-6.8359375
254.62890625,31.25,-12.20703125,-16.11328125,-33.203125
254.6328125,37.59765625,-22.4609375,-21.97265625,-9.27734375
254.63671875,37.109375,-19.04296875,-18.5546875,17.578125
254.640625,30.2734375,-12.6953125,-16.6015625,11.71875
254.64453125,12.6953125,-11.23046875,-24.90234375,-18.06640625
254.6484375,12.6953125,-14.16015625,-25.390625,-28.3203125
254.65234375,19.53125,-23.4375,-30.76171875,-18.5546875
254.65625,0.0,-30.76171875,-37.59765625,-33.203125
254.66015625,3.41796875,-25.390625,-40.52734375,-21.484375
254.6640625,31.25,-24.90234375,-35.64453125,-7.8125
254.66796875,15.625,-29.78515625,-31.25,13.671875
254.671875,-5.859375,-32.71484375,-28.80859375,17.578125
254.67578125,17.578125,-22.94921875,-24.90234375,-18.5546875
254.6796875,32.71484375,-15.625,-31.73828125,-33.203125
254.68359375,34.1796875,-18.5546875,-14.16015625,-20.01953125
254.6875,38.0859375,-18.06640625,1.46484375,-1.953125
254.69140625,52.24609375,-18.06640625,-8.7890625,13.671875
254.6953125,43.45703125,-20.01953125,-17.578125,19.04296875
254.69921875,22.4609375,-20.01953125,-20.99609375,20.99609375
254.703125,24.4140625,-17.578125,-24.4140625,-17.08984375
254.70703125,25.390625,-14.6484375,-14.16015625,-10.7421875
254.7109375,31.73828125,-13.18359375,-18.06640625,64.453125
254.71484375,32.2265625,-18.06640625,-33.69140625,2.44140625
254.71875,15.625,-27.83203125,-25.390625,-59.08203125
254.72265625,5.37109375,-32.2265625,-20.01953125,-39.55078125
254.7265625,14.16015625,-26.3671875,-20.5078125,-18.5546875
254.73046875,27.34375,-21.484375,-13.671875,-20.5078125
254.734375,37.59765625,-30.76171875,-15.13671875,-21.97265625
254.73828125,31.73828125,-32.2265625,-23.4375,14.16015625
254.7421875,13.671875,-23.4375,-30.2734375,-3.90625
254.74609375,3.41796875,-19.04296875,-30.2734375,-32.71484375
254.75,6.34765625,-20.5078125,-28.3203125,-13.18359375
254.75390625,10.7421875,-25.87890625,-24.4140625,-15.625
254.7578125,22.94921875,-28.80859375,-20.01953125,-18.5546875
254.76171875,22.4609375,-25.87890625,-36.62109375,-10.7421875
254.765625,21.484375,-16.11328125,-49.8046875,-6.34765625
254.76953125,23.92578125,-16.11328125,-30.2734375,-5.859375
254.7734375,24.4140625,-27.34375,-15.13671875,20.5078125
254.77734375,32.2265625,-29.78515625,-11.71875,60.05859375
254.78125,14.16015625,-25.87890625,-13.671875,-16.6015625
254.78515625,8.7890625,-17.08984375,-28.3203125,-67.87109375
254.7890625,26.3671875,-9.765625,-60.546875,-41.9921875
254.79296875,17.08984375,-14.6484375,-61.03515625,-37.109375
254.796875,-0.9765625,-29.296875,-35.64453125,-14.6484375
254.80078125,-4.39453125,-34.1796875,-34.1796875,-5.859375
254.8046875,-6.8359375,-26.85546875,-33.203125,-24.90234375
254.80859375,-7.32421875,-30.2734375,-28.3203125,-3.90625
254.8125,-4.39453125,-40.0390625,-34.1796875,-17.08984375
254.81640625,-4.39453125,-40.52734375,-41.015625,-25.390625
254.8203125,10.25390625,-33.69140625,-50.78125,-15.13671875
254.82421875,2.44140625,-36.1328125,-43.9453125,-17.08984375
254.828125,-7.8125,-39.0625,-21.484375,-33.69140625
254.83203125,3.90625,-38.57421875,-16.11328125,-8.30078125
254.8359375,14.16015625,-42.48046875,-28.80859375,-0.48828125
254.83984375,17.08984375,-49.31640625,-33.203125,-26.3671875
254.84375,-1.46484375,-38.57421875,-30.2734375,-10.7421875
254.84765625,-2.9296875,-25.390625,-29.78515625,9.765625
254.8515625,8.7890625,-14.16015625,-26.3671875,-0.48828125
254.85546875,-3.90625,-13.18359375,-30.2734375,-10.7421875
254.859375,-0.9765625,-20.99609375,-32.71484375,-18.06640625
254.86328125,0.48828125,-14.6484375,-31.73828125,-16.6015625
254.8671875,1.46484375,-12.6953125,-21.97265625,-21.97265625
254.87109375,7.8125,-16.11328125,-28.3203125,-1.46484375
254.875,20.01953125,-25.390625,-47.36328125,12.20703125
254.87890625,7.32421875,-30.2734375,-28.80859375,-5.37109375
254.8828125,0.0,-28.3203125,-16.6015625,-8.30078125
254.88671875,13.671875,-30.76171875,-20.99609375,-26.85546875
254.890625,6.8359375,-26.3671875,-31.25,-39.0625
254.89453125,-2.44140625,-28.80859375,-45.41015625,-19.53125
254.8984375,5.37109375,-38.0859375,-32.71484375,5.37109375
254.90234375,-9.765625,-38.0859375,-22.94921875,13.18359375
254.90625,-26.3671875,-25.390625,-26.3671875,-24.90234375
254.91015625,-24.4140625,-15.625,-30.76171875,-10.25390625
254.9140625,-6.8359375,-12.6953125,-40.0390625,-12.20703125
254.91796875,-10.25390625,-17.578125,-35.64453125,-39.55078125
254.921875,-25.87890625,-18.5546875,-20.5078125,-29.78515625
254.92578125,-2.44140625,-17.578125,-9.27734375,-14.6484375
254.9296875,3.41796875,-22.94921875,-7.8125,-8.7890625
254.93359375,-15.13671875,-19.04296875,-17.08984375,-38.57421875
254.9375,-4.8828125,-9.765625,-21.97265625,-33.69140625
254.94140625,3.41796875,-14.6484375,-17.08984375,-22.4609375
254.9453125,1.953125,-25.390625,-28.80859375,-37.59765625
254.94921875,0.0,-26.85546875,-35.64453125,-18.5546875
254.953125,-6.34765625,-23.4375,-19.04296875,-4.8828125
254.95703125,-6.34765625,-26.85546875,-15.13671875,-8.7890625
254.9609375,-5.859375,-23.4375,-10.7421875,-18.5546875
254.96484375,-11.23046875,-19.04296875,-18.06640625,-19.53125
254.96875,-18.5546875,-18.5546875,-44.921875,-12.20703125
254.97265625,-24.90234375,-21.97265625,-40.52734375,-26.3671875
254.9765625,-18.5546875,-37.109375,-16.11328125,-43.9453125
254.98046875,-7.8125,-38.57421875,-11.71875,-48.33984375
254.984375,0.0,-26.3671875,-12.6953125,-31.73828125
254.98828125,-16.6015625,-24.90234375,-12.20703125,21.484375
254.9921875,-6.34765625,-25.87890625,-13.671875,27.83203125
254.99609375,32.2265625,-24.4140625,-26.85546875,-15.13671875
255.0,9.765625,-30.2734375,-35.64453125,-47.8515625
255.00390625,-24.4140625,-35.15625,-37.109375,-28.3203125
255.0078125,-13.18359375,-26.3671875,-33.69140625,-36.62109375
255.01171875,31.73828125,-21.484375,-46.38671875,-30.2734375
255.015625,51.26953125,-22.4609375,-41.9921875,23.92578125
255.01953125,14.16015625,-20.99609375,-20.99609375,4.39453125
255.0234375,-24.90234375,-29.296875,-18.5546875,-40.52734375
255.02734375,-39.0625,-31.73828125,-9.27734375,-44.43359375
255.03125,-25.390625,-23.92578125,-1.46484375,-21.97265625
255.03515625,-39.55078125,-33.203125,-7.8125,-32.71484375
255.0390625,-47.36328125,-50.29296875,-5.859375,-38.57421875
255.04296875,-54.6875,-60.546875,1.953125,-37.59765625
255.046875,-48.33984375,-61.5234375,-9.27734375,-47.36328125
255.05078125,-20.5078125,-60.546875,-27.83203125,-32.2265625
255.0546875,-50.78125,-64.94140625,-7.8125,-37.109375
255.05859375,-68.359375,-65.4296875,22.94921875,-28.80859375
255.0625,-63.96484375,-59.08203125,16.11328125,2.9296875
255.06640625,-46.38671875,-54.6875,0.9765625,-6.8359375
255.0703125,-24.90234375,-43.45703125,5.859375,-34.1796875
255.07421875,-6.8359375,-43.9453125,10.7421875,-15.13671875
255.078125,-0.9765625,-54.6875,13.671875,-29.296875
255.08203125,-11.71875,-50.78125,20.99609375,-48.33984375
255.0859375,4.39453125,-38.0859375,16.6015625,-20.99609375
255.08984375,15.13671875,-28.3203125,10.7421875,-16.11328125
255.09375,20.5078125,-24.4140625,9.27734375,-0.48828125
255.09765625,30.76171875,-28.3203125,0.9765625,-6.8359375
255.1015625,21.484375,-29.296875,-5.37109375,-16.11328125
255.10546875,25.87890625,-26.85546875,-8.30078125,-1.953125
255.109375,39.0625,-26.85546875,1.953125,8.7890625
255.11328125,25.87890625,-27.83203125,3.41796875,-1.46484375
255.1171875,4.39453125,-28.3203125,-16.11328125,-0.48828125
255.12109375,1.46484375,-24.4140625,-13.671875,6.8359375
255.125,-6.8359375,-22.94921875,0.9765625,-18.06640625
255.12890625,-2.44140625,-20.5078125,6.34765625,-20.01953125
255.1328125,10.7421875,-19.04296875,3.90625,-3.41796875
255.13671875,10.7421875,-21.97265625,-1.46484375,-14.16015625
255.140625,-0.48828125,-21.97265625,-28.3203125,-2.44140625
255.14453125,8.7890625,-27.34375,-35.15625,7.32421875
255.1484375,10.7421875,-27.34375,-7.32421875,-27.83203125
255.15234375,10.25390625,-17.08984375,5.37109375,-20.01953125
255.15625,19.04296875,-15.13671875,-6.8359375,8.7890625
255.16015625,15.13671875,-13.671875,-15.625,18.5546875
255.1640625,-7.8125,-20.99609375,-14.16015625,-3.90625
255.16796875,-7.32421875,-33.69140625,-21.484375,-13.671875
255.171875,16.11328125,-29.78515625,-38.0859375,4.39453125
255.17578125,-3.41796875,-33.69140625,-41.9921875,-6.8359375
255.1796875,2.9296875,-30.76171875,-29.78515625,-12.20703125
255.18359375,9.765625,-18.5546875,-23.92578125,-31.25
255.1875,-14.6484375,-19.04296875,-29.296875,-69.3359375
255.19140625,3.90625,-18.06640625,-40.0390625,-33.69140625
255.1953125,43.9453125,-8.30078125,-36.1328125,10.7421875
255.19921875,28.3203125,-16.6015625,-17.578125,0.48828125
255.203125,-6.34765625,-18.06640625,-16.11328125,-19.53125
255.20703125,-2.9296875,-10.25390625,-36.1328125,-16.6015625
255.2109375,-7.32421875,-22.4609375,-19.53125,-14.6484375
255.21484375,-10.25390625,-32.2265625,3.41796875,-24.90234375
255.21875,5.37109375,-28.3203125,5.859375,-15.625
255.22265625,23.4375,-19.04296875,6.8359375,-11.23046875
255.2265625,41.015625,-9.765625,-1.953125,-14.6484375
255.23046875,23.4375,-7.32421875,-14.6484375,-11.71875
255.234375,5.37109375,-10.7421875,-8.30078125,-10.25390625
255.23828125,6.8359375,-10.25390625,-5.859375,5.859375
255.2421875,14.16015625,-7.32421875,-11.23046875,15.13671875
255.24609375,27.34375,-9.27734375,-20.01953125,9.765625
255.25,41.015625,-23.4375,-20.01953125,18.06640625
255.25390625,36.1328125,-9.765625,-9.765625,47.36328125
255.2578125,20.99609375,6.34765625,-25.390625,25.87890625
255.26171875,-1.46484375,-10.7421875,-25.87890625,-9.765625
255.265625,-15.625,-20.01953125,4.39453125,-8.7890625
255.26953125,-12.6953125,-22.4609375,8.7890625,-29.78515625
255.2734375,-6.34765625,-20.99609375,-1.953125,-20.5078125
255.27734375,2.44140625,-20.01953125,-9.27734375,2.44140625
255.28125,-3.90625,-29.296875,-25.390625,-4.39453125
255.28515625,-9.765625,-29.78515625,-37.59765625,-0.48828125
255.2890625,-1.46484375,-27.34375,-27.83203125,-8.30078125
255.29296875,-0.9765625,-29.78515625,-16.6015625,-21.484375
255.296875,-10.7421875,-30.2734375,-35.15625,-15.13671875
255.30078125,-7.8125,-25.87890625,-38.0859375,-7.8125
255.3046875,14.16015625,-22.94921875,-23.92578125,16.6015625
255.30859375,7.8125,-18.06640625,-23.92578125,6.34765625
255.3125,2.44140625,-24.4140625,-23.92578125,-11.23046875
255.31640625,14.16015625,-31.73828125,-24.90234375,16.11328125
255.3203125,5.37109375,-23.92578125,-45.8984375,-14.16015625
255.32421875,-4.39453125,-22.4609375,-42.96875,-15.625
255.328125,-11.71875,-24.90234375,-16.6015625,5.37109375
255.33203125,-36.62109375,-21.484375,-11.71875,-14.6484375
255.3359375,-38.0859375,-23.92578125,-24.90234375,-9.27734375
255.33984375,6.34765625,-41.015625,-29.78515625,32.2265625
255.34375,15.13671875,-38.57421875,-13.18359375,19.53125
255.34765625,-17.08984375,-17.08984375,-3.41796875,-24.4140625
255.3515625,-17.08984375,-7.32421875,-16.6015625,-23.4375
255.35546875,-7.8125,-8.7890625,-25.87890625,-16.6015625
255.359375,-13.18359375,-10.7421875,-28.3203125,-0.48828125
255.36328125,-11.71875,-14.6484375,-30.2734375,-11.23046875
255.3671875,-14.6484375,-16.11328125,-26.3671875,-25.87890625
255.37109375,-12.6953125,-16.11328125,-14.6484375,-3.90625
255.375,-2.44140625,-23.92578125,-21.97265625,-7.8125
255.37890625,-20.99609375,-26.85546875,-23.92578125,-17.578125
255.3828125,-17.08984375,-14.16015625,-13.671875,-22.94921875
255.38671875,-0.48828125,-11.71875,-6.34765625,-12.20703125
255.390625,-17.578125,-11.71875,-0.9765625,0.48828125
255.39453125,-38.0859375,-10.7421875,-0.48828125,-8.30078125
255.3984375,-11.23046875,-11.23046875,-12.20703125,-14.16015625
255.40234375,26.3671875,-11.71875,-39.0625,18.5546875
255.40625,7.32421875,-19.53125,-38.57421875,10.7421875
255.41015625,-13.671875,-23.92578125,-14.6484375,-37.59765625
255.4140625,-19.04296875,-23.92578125,-8.30078125,-37.109375
255.41796875,-22.94921875,-15.13671875,-10.25390625,-33.203125
255.421875,-19.04296875,-8.30078125,-1.953125,-18.06640625
255.42578125,-35.15625,-10.25390625,-0.9765625,-17.578125
255.4296875,-27.83203125,-13.671875,-21.484375,-21.484375
255.43359375,3.90625,-24.90234375,-37.59765625,-7.8125
255.4375,8.7890625,-25.390625,-24.90234375,0.9765625
255.44140625,-2.9296875,-25.390625,-18.06640625,-20.5078125
255.4453125,0.48828125,-23.92578125,-17.578125,-18.06640625
255.44921875,23.4375,-25.390625,-6.8359375,29.296875
255.453125,12.20703125,-28.80859375,-1.46484375,13.18359375
255.45703125,-30.76171875,-20.99609375,-14.16015625,-32.71484375
255.4609375,-36.62109375,-19.53125,-28.80859375,-24.90234375
255.46484375,-21.484375,-10.25390625,-39.0625,-15.625
255.46875,-24.4140625,-11.71875,-40.52734375,-51.26953125
255.47265625,-33.69140625,-20.01953125,-47.36328125,-60.05859375
255.4765625,-32.71484375,-21.484375,-58.10546875,-51.7578125
255.48046875,-17.08984375,-16.11328125,-62.01171875,-57.12890625
255.484375,1.953125,-7.8125,-67.87109375,-54.6875
255.48828125,-10.7421875,-10.25390625,-70.80078125,-71.2890625
255.4921875,-35.15625,-8.7890625,-73.2421875,-68.84765625
255.49609375,-31.73828125,-2.44140625,-67.87109375,-51.7578125
255.5,-19.04296875,-3.41796875,-68.359375,-69.82421875
255.50390625,-12.20703125,-9.27734375,-79.58984375,-78.61328125
255.5078125,7.8125,13.671875,-83.49609375,-58.10546875
255.51171875,9.765625,32.71484375,-91.30859375,-44.921875
255.515625,-24.90234375,18.06640625,-79.1015625,-52.24609375
255.51953125,-51.26953125,4.8828125,-51.26953125,-65.91796875
255.5234375,-40.52734375,-3.90625,-42.96875,-57.6171875
255.52734375,-15.13671875,-8.7890625,-42.48046875,-41.50390625
255.53125,-4.39453125,-2.9296875,-36.62109375,-37.59765625
255.53515625,-12.20703125,4.39453125,-38.0859375,-34.66796875
255.5390625,-19.04296875,5.859375,-44.921875,-37.109375
255.54296875,-10.25390625,2.9296875,-61.03515625,-43.45703125
255.546875,-11.71875,1.46484375,-68.359375,-40.0390625
255.55078125,-15.625,0.0,-44.921875,-16.6015625
255.5546875,-10.7421875,-9.27734375,-36.1328125,-7.8125
255.55859375,-3.90625,-12.6953125,-30.2734375,-34.66796875
255.5625,4.39453125,-5.37109375,-20.99609375,-29.78515625
255.56640625,-1.46484375,-0.9765625,-32.2265625,-3.90625
255.5703125,-0.9765625,6.34765625,-27.34375,17.08984375
255.57421875,8.30078125,10.25390625,-23.92578125,-15.625
255.578125,-14.6484375,14.16015625,-46.875,-44.43359375
255.58203125,-23.92578125,17.08984375,-41.9921875,-32.71484375
255.5859375,-15.13671875,3.41796875,-21.484375,-27.83203125
255.58984375,-20.01953125,-9.27734375,-16.11328125,-45.8984375
255.59375,-15.13671875,-14.6484375,-18.06640625,-31.25
255.59765625,-9.27734375,-17.08984375,-18.5546875,-5.37109375
255.6015625,-8.7890625,-16.6015625,-22.94921875,-23.4375
255.60546875,-9.27734375,-16.6015625,-27.34375,-31.25
255.609375,-6.34765625,-19.04296875,-35.64453125,-18.5546875
255.61328125,4.39453125,-17.08984375,-33.203125,-17.08984375
255.6171875,5.37109375,-13.671875,-27.83203125,-11.71875
255.62109375,15.625,-17.08984375,-20.01953125,-4.39453125
255.625,-9.27734375,-28.3203125,-19.53125,-9.765625
255.62890625,-26.3671875,-11.71875,-36.1328125,-6.34765625
255.6328125,-19.53125,-8.7890625,-35.64453125,-14.6484375
255.63671875,-36.62109375,-32.2265625,-30.76171875,-26.3671875
255.640625,-40.52734375,-37.59765625,-30.76171875,-29.296875
255.64453125,-37.109375,-30.76171875,-23.4375,-40.52734375
255.6484375,-45.41015625,-27.83203125,-19.04296875,-46.875
255.65234375,-42.48046875,-24.90234375,-29.78515625,-43.9453125
255.65625,-33.69140625,-19.04296875,-52.24609375,-35.15625
255.66015625,-20.99609375,-23.92578125,-31.25,-18.06640625
255.6640625,-31.73828125,-33.203125,-19.53125,-9.765625
255.66796875,-39.0625,-30.76171875,-47.8515625,-20.5078125
255.671875,-40.52734375,-28.3203125,-33.203125,-40.0390625
255.67578125,-46.38671875,-35.15625,-2.44140625,-29.78515625
255.6796875,-17.578125,-22.94921875,-1.953125,14.6484375
255.68359375,8.30078125,1.46484375,-9.27734375,13.18359375
255.6875,-37.59765625,-5.859375,-9.765625,-46.38671875
255.69140625,-62.01171875,-11.23046875,-5.37109375,-43.9453125
255.6953125,-30.76171875,0.48828125,-6.8359375,-23.4375
255.69921875,-39.55078125,-0.9765625,-13.18359375,-38.57421875
255.703125,-44.921875,-16.6015625,-15.625,-44.43359375
255.70703125,-46.38671875,-17.578125,-11.71875,-30.76171875
255.7109375,-31.25,-6.34765625,-12.20703125,-28.80859375
255.71484375,-14.6484375,-4.39453125,-20.01953125,-34.1796875
255.71875,-24.4140625,-7.8125,-41.9921875,-27.83203125
255.72265625,-26.3671875,-1.953125,-38.0859375,-11.71875
255.7265625,-20.01953125,0.0,-1.46484375,-14.16015625
255.73046875,-16.6015625,2.44140625,2.44140625,-14.6484375
255.734375,-21.97265625,2.44140625,-9.27734375,-10.7421875
255.73828125,-19.53125,-7.32421875,-3.41796875,-5.37109375
255.7421875,-15.13671875,-4.39453125,-1.953125,-10.25390625
255.74609375,-19.53125,-2.44140625,-5.859375,-17.08984375
255.75,-17.08984375,-4.8828125,0.48828125,-16.11328125
255.75390625,-20.5078125,-3.90625,-3.41796875,-23.92578125
255.7578125,-21.484375,0.0,-7.32421875,-10.25390625
255.76171875,-14.16015625,-3.41796875,-5.859375,-6.8359375
255.765625,-20.5078125,-12.20703125,-6.8359375,-22.4609375
255.76953125,-27.34375,-9.27734375,-13.18359375,-12.6953125
255.7734375,-15.625,6.8359375,-31.25,25.390625
255.77734375,-25.390625,-0.9765625,-34.66796875,0.48828125
255.78125,-28.3203125,-19.53125,-18.06640625,-50.29296875
255.78515625,-22.4609375,-19.04296875,-5.37109375,-33.69140625
255.7890625,-30.2734375,-17.578125,-11.23046875,-26.3671875
255.79296875,-35.64453125,-18.06640625,-19.53125,-32.2265625
255.796875,-21.484375,-14.16015625,-14.6484375,-19.53125
255.80078125,-19.53125,-8.7890625,-16.11328125,-11.71875
255.8046875,-26.85546875,-15.13671875,-16.6015625,-18.5546875
255.80859375,-29.78515625,-31.25,-25.87890625,-32.2265625
255.8125,-30.76171875,-31.25,-44.921875,-16.11328125
255.81640625,-41.9921875,-22.4609375,-32.2265625,-5.859375
255.8203125,-69.3359375,-29.296875,-20.01953125,-35.15625
255.82421875,-62.98828125,-32.71484375,-23.4375,-35.64453125
255.828125,-37.109375,-26.3671875,-27.83203125,-31.73828125
255.83203125,-21.484375,-20.5078125,-25.390625,-31.25
255.8359375,-45.8984375,-16.6015625,-27.34375,-33.69140625
255.83984375,-79.1015625,-15.625,-30.76171875,-51.26953125
255.84375,-90.8203125,-9.27734375,-24.90234375,-33.203125
255.84765625,-80.56640625,-2.9296875,-20.01953125,-34.66796875
255.8515625,-66.89453125,-5.37109375,-16.6015625,-34.66796875
255.85546875,-65.4296875,-3.90625,-8.30078125,-27.34375
255.859375,-73.73046875,-5.37109375,-4.8828125,-31.25
255.86328125,-73.73046875,-14.6484375,-17.578125,-15.13671875
255.8671875,-65.91796875,-17.08984375,-23.92578125,-7.8125
255.87109375,-71.2890625,-12.6953125,-9.27734375,-17.08984375
255.875,-95.21484375,-10.7421875,-10.25390625,-41.015625
255.87890625,-98.14453125,-15.625,-5.859375,-49.31640625
255.8828125,-84.9609375,-18.06640625,4.39453125,-38.57421875
255.88671875,-78.125,-10.25390625,-2.44140625,-16.6015625
255.890625,-65.91796875,-7.32421875,-6.34765625,-20.01953125
255.89453125,-40.52734375,-16.11328125,-2.9296875,-32.2265625
255.8984375,-49.31640625,-18.06640625,-2.44140625,-4.39453125
255.90234375,-75.1953125,-13.18359375,-12.20703125,-6.34765625
255.90625,-72.75390625,-1.46484375,-14.6484375,-10.7421875
255.91015625,-63.4765625,7.8125,-5.37109375,-3.90625
255.9140625,-59.08203125,12.6953125,-12.6953125,-11.71875
255.91796875,-49.8046875,11.71875,-8.30078125,-8.30078125
255.921875,-49.31640625,4.8828125,5.37109375,2.44140625
255.92578125,-64.453125,5.37109375,-1.953125,-10.7421875
255.9296875,-71.77734375,-0.9765625,-14.6484375,-18.06640625
255.93359375,-104.4921875,-7.32421875,-22.94921875,-23.92578125
255.9375,-89.84375,-4.8828125,-35.64453125,-36.1328125
255.94140625,-61.5234375,-10.25390625,-47.36328125,-33.203125
255.9453125,-81.0546875,-11.71875,-30.2734375,-6.8359375
255.94921875,-85.44921875,-11.23046875,-17.08984375,-31.73828125
255.953125,-76.66015625,-18.06640625,-27.83203125,-44.43359375
255.95703125,-85.44921875,-19.04296875,-24.90234375,-21.97265625
255.9609375,-81.54296875,-13.671875,-17.578125,-26.85546875
255.96484375,-62.98828125,-4.8828125,-21.97265625,-23.92578125
255.96875,-74.70703125,-17.08984375,-33.69140625,-41.015625
255.97265625,-73.73046875,-23.92578125,-31.25,-37.59765625
255.9765625,-73.73046875,-19.04296875,-22.94921875,-38.0859375
255.98046875,-73.73046875,-25.390625,-24.4140625,-37.109375
255.984375,-86.9140625,-20.01953125,-30.76171875,-34.1796875
255.98828125,-102.5390625,-13.18359375,-29.78515625,-47.36328125
255.9921875,-93.26171875,-17.578125,-31.73828125,-52.24609375
255.99609375,-99.609375,-15.625,-47.36328125,-44.43359375
256.0,-101.07421875,-19.04296875,-38.57421875,-18.5546875
256.00390625,-95.703125,-21.484375,-21.97265625,-32.2265625
256.0078125,-94.7265625,-21.484375,-20.01953125,-36.62109375
256.01171875,-72.265625,-23.92578125,-19.53125,-27.34375
256.015625,-77.1484375,-27.34375,-20.99609375,-35.64453125
256.01953125,-85.9375,-24.4140625,-13.671875,-38.57421875
256.0234375,-82.03125,-19.04296875,-16.11328125,-55.17578125
256.02734375,-82.51953125,-20.01953125,-27.83203125,-36.62109375
256.03125,-95.703125,-19.53125,-20.99609375,-31.73828125
256.03515625,-89.84375,-19.53125,-10.25390625,-36.62109375
256.0390625,-84.9609375,-14.16015625,-12.20703125,-38.0859375
256.04296875,-69.82421875,-4.8828125,-18.06640625,-41.50390625
256.046875,-62.5,-15.13671875,-20.5078125,-21.97265625
256.05078125,-74.70703125,-8.30078125,-10.7421875,-20.99609375
256.0546875,-68.84765625,1.46484375,-0.48828125,-19.53125
256.05859375,-65.4296875,2.9296875,-1.46484375,-15.13671875
256.0625,-68.84765625,5.859375,-1.46484375,-22.94921875
256.06640625,-59.08203125,1.953125,-0.9765625,-26.85546875
256.0703125,-69.3359375,0.0,-10.7421875,-17.578125
256.07421875,-74.70703125,-0.48828125,-14.16015625,-11.23046875
256.078125,-66.89453125,0.0,-7.8125,-21.484375
256.08203125,-74.70703125,2.44140625,-0.9765625,-24.4140625
256.0859375,-75.68359375,1.953125,1.953125,-16.11328125
256.08984375,-59.5703125,1.953125,2.44140625,-6.8359375
256.09375,-59.5703125,-0.9765625,-1.46484375,-13.671875
256.09765625,-66.40625,-8.30078125,-0.9765625,-21.484375
256.1015625,-59.08203125,-2.44140625,1.46484375,-30.2734375
256.10546875,-67.3828125,0.48828125,-2.9296875,-20.01953125
256.109375,-60.546875,0.9765625,-4.39453125,0.0
256.11328125,-45.41015625,5.859375,-0.9765625,-2.9296875
256.1171875,-51.7578125,11.23046875,3.90625,-14.16015625
256.12109375,-35.15625,11.23046875,-8.7890625,-5.37109375
256.125,-35.64453125,2.44140625,-17.578125,-4.8828125
256.12890625,-53.22265625,-13.18359375,-8.30078125,-27.83203125
256.1328125,-60.05859375,-31.25,-3.90625,-34.66796875
256.13671875,-74.21875,-23.4375,-8.30078125,-30.2734375
256.140625,-75.1953125,-1.46484375,-9.27734375,-32.71484375
256.14453125,-81.0546875,2.9296875,-7.8125,-33.69140625
256.1484375,-85.9375,2.44140625,-7.8125,-27.34375
256.15234375,-66.40625,1.953125,-17.578125,-5.859375
256.15625,-36.62109375,2.44140625,-18.06640625,5.859375
256.16015625,-49.31640625,11.71875,-8.30078125,-4.39453125
256.1640625,-63.96484375,11.23046875,-10.25390625,-4.39453125
256.16796875,-64.453125,12.6953125,-13.18359375,-6.8359375
256.171875,-69.82421875,14.16015625,-7.8125,-0.48828125
256.17578125,-57.12890625,15.625,-5.859375,1.953125
256.1796875,-53.22265625,10.25390625,-4.8828125,1.953125
256.18359375,-50.29296875,0.48828125,5.37109375,1.46484375
256.1875,-39.0625,1.953125,0.0,-3.41796875
256.19140625,-41.9921875,0.0,-11.23046875,-1.953125
256.1953125,-40.52734375,-2.9296875,-10.25390625,-2.9296875
256.19921875,-33.69140625,-6.8359375,-8.7890625,-8.30078125
256.203125,-39.55078125,0.0,-26.85546875,-8.7890625
256.20703125,-52.734375,12.6953125,-30.2734375,0.0
256.2109375,-57.6171875,7.8125,-9.765625,-21.97265625
256.21484375,-71.2890625,4.39453125,-3.90625,-34.66796875
256.21875,-78.125,3.41796875,-5.37109375,-20.5078125
256.22265625,-73.2421875,5.37109375,-3.41796875,-17.08984375
256.2265625,-67.3828125,5.37109375,-5.37109375,-22.4609375
256.23046875,-62.01171875,-3.90625,-12.20703125,-19.53125
256.234375,-57.12890625,-9.27734375,-18.06640625,-11.71875
256.23828125,-50.78125,-15.13671875,-21.484375,-15.13671875
256.2421875,-53.7109375,-14.16015625,-16.11328125,-20.99609375
256.24609375,-67.87109375,-4.8828125,-13.671875,-23.4375
256.25,-65.4296875,-4.39453125,-17.08984375,-16.6015625
256.25390625,-64.453125,-9.27734375,-19.53125,-31.73828125
256.2578125,-79.58984375,-16.11328125,-10.25390625,-21.484375
256.26171875,-60.05859375,-27.34375,-6.34765625,-15.625
256.265625,-45.8984375,-20.01953125,-17.578125,-13.671875
256.26953125,-46.875,-13.671875,-29.296875,1.46484375
256.2734375,-50.78125,-3.41796875,-30.76171875,-4.8828125
256.27734375,-63.4765625,9.765625,-11.23046875,8.30078125
256.28125,-69.3359375,0.0,-1.953125,40.52734375
256.28515625,-55.17578125,-5.37109375,-11.23046875,10.7421875
256.2890625,-38.0859375,3.41796875,-27.83203125,-8.30078125
256.29296875,-40.0390625,-7.32421875,-20.99609375,14.16015625
256.296875,-50.29296875,-18.06640625,-6.8359375,-9.27734375
256.30078125,-46.875,-11.23046875,-14.6484375,-31.73828125
256.3046875,-54.6875,-9.27734375,-17.578125,-13.18359375
256.30859375,-48.828125,-6.34765625,-20.99609375,-6.8359375
256.3125,-36.62109375,-4.39453125,-19.04296875,-9.27734375
256.31640625,-50.29296875,-14.6484375,-17.578125,-16.11328125
256.3203125,-78.61328125,-28.80859375,-24.4140625,-35.64453125
256.32421875,-89.35546875,-35.15625,-23.92578125,-40.0390625
256.328125,-86.42578125,-33.203125,-32.2265625,-20.5078125
256.33203125,-56.15234375,-25.390625,-36.62109375,-13.671875
256.3359375,-43.45703125,-14.6484375,-25.87890625,-8.7890625
256.33984375,-66.89453125,-13.671875,-23.4375,-14.6484375
256.34375,-60.05859375,-14.16015625,-31.25,-23.92578125
256.34765625,-51.7578125,-14.6484375,-31.25,-20.99609375
256.3515625,-41.50390625,-27.83203125,-34.66796875,-16.6015625
256.35546875,-47.8515625,-33.203125,-38.0859375,-38.0859375
256.359375,-56.15234375,-19.53125,-36.1328125,-41.015625
256.36328125,-46.38671875,-9.765625,-38.0859375,-0.9765625
256.3671875,-45.41015625,-15.625,-35.64453125,-3.41796875
256.37109375,-51.26953125,-28.80859375,-35.64453125,-10.7421875
256.375,-60.05859375,-28.80859375,-40.0390625,-31.25
256.37890625,-55.6640625,-20.5078125,-38.57421875,-52.734375
256.3828125,-35.64453125,-21.484375,-44.921875,-48.33984375
256.38671875,-46.875,-41.015625,-61.03515625,-22.94921875
256.390625,-69.82421875,-39.0625,-67.3828125,-34.1796875
256.39453125,-69.3359375,-13.671875,-63.4765625,-45.8984375
256.3984375,-63.4765625,-10.25390625,-32.2265625,-45.8984375
256.40234375,-71.2890625,-13.671875,-6.8359375,-32.71484375
256.40625,-80.078125,-17.578125,-14.16015625,-51.7578125
256.41015625,-59.5703125,-23.92578125,-15.13671875,-50.78125
256.4140625,-54.19921875,-20.99609375,-5.37109375,-15.13671875
256.41796875,-55.6640625,-15.625,-4.39453125,-6.34765625
256.421875,-59.5703125,-22.94921875,-10.25390625,-1.46484375
256.42578125,-60.05859375,-20.99609375,-25.87890625,-25.87890625
256.4296875,-29.78515625,-16.6015625,-34.1796875,-12.6953125
256.43359375,-28.3203125,-20.99609375,-16.11328125,27.34375
256.4375,-59.5703125,-20.01953125,-8.30078125,16.11328125
256.44140625,-39.55078125,-15.625,-7.8125,20.01953125
256.4453125,-29.78515625,-22.4609375,2.44140625,13.671875
256.44921875,-29.78515625,-26.3671875,3.90625,-39.0625
256.453125,-15.13671875,-23.92578125,-4.8828125,-36.62109375
256.45703125,-7.32421875,-13.671875,-6.34765625,-13.18359375
256.4609375,-32.71484375,-9.27734375,-10.25390625,-18.5546875
256.46484375,-41.50390625,-8.7890625,-20.01953125,-22.4609375
256.46875,-19.53125,-15.625,-24.4140625,6.8359375
256.47265625,-23.92578125,-23.4375,-12.20703125,1.46484375
256.4765625,-27.83203125,-24.4140625,0.48828125,-17.578125
256.48046875,-10.25390625,-20.5078125,-6.34765625,-3.41796875
256.484375,-13.18359375,-25.390625,-15.625,-21.484375
256.48828125,-6.34765625,-29.296875,-18.06640625,-28.3203125
256.4921875,-24.4140625,-26.3671875,-21.484375,-16.11328125
256.49609375,-43.9453125,-17.08984375,-27.83203125,-15.625
256.5,-33.203125,-12.6953125,-19.04296875,-29.296875
256.50390625,-15.625,-13.671875,-10.7421875,-31.25
256.5078125,-6.34765625,-12.6953125,-42.48046875,-12.6953125
256.51171875,-22.94921875,-12.20703125,-59.5703125,5.859375
256.515625,-40.52734375,-17.578125,-42.48046875,-7.32421875
256.51953125,-58.10546875,-24.90234375,-23.92578125,-4.39453125
256.5234375,-66.89453125,-35.64453125,-16.6015625,-33.69140625
256.52734375,-46.38671875,-41.015625,-13.18359375,-62.98828125
256.53125,-33.203125,-31.25,-27.83203125,-38.57421875
256.53515625,-36.1328125,-32.71484375,-42.96875,-35.64453125
256.5390625,-13.18359375,-36.1328125,-35.15625,-38.57421875
256.54296875,4.8828125,-27.83203125,-37.59765625,-28.80859375
256.546875,-7.8125,-31.25,-51.26953125,-19.04296875
256.55078125,-13.18359375,-38.0859375,-56.15234375,-12.20703125
256.5546875,-28.80859375,-41.015625,-61.5234375,-29.78515625
256.55859375,-32.71484375,-37.59765625,-54.6875,-22.4609375
256.5625,-39.55078125,-27.34375,-29.296875,-28.80859375
256.56640625,-37.109375,-17.08984375,-21.97265625,-57.12890625
256.5703125,-33.203125,-22.94921875,-33.203125,-61.5234375
256.57421875,-39.0625,-31.73828125,-34.66796875,-53.7109375
256.578125,-22.4609375,-29.296875,-37.109375,-39.55078125
256.58203125,-12.6953125,-29.78515625,-40.0390625,-37.59765625
256.5859375,8.7890625,-37.109375,-38.0859375,-29.296875
256.58984375,-4.8828125,-41.9921875,-40.52734375,-26.3671875
256.59375,-23.4375,-34.66796875,-50.29296875,-42.96875
256.59765625,-8.7890625,-31.25,-39.0625,-40.52734375
256.6015625,-4.39453125,-21.97265625,-30.2734375,-29.296875
256.60546875,-26.3671875,-18.06640625,-41.50390625,-25.390625
256.609375,-27.83203125,-24.90234375,-39.0625,-28.80859375
256.61328125,-11.23046875,-29.78515625,-29.78515625,-36.1328125
256.6171875,-9.27734375,-29.296875,-33.203125,-23.92578125
256.62109375,-14.6484375,-23.4375,-40.52734375,-13.18359375
256.625,-19.53125,-20.01953125,-40.0390625,-18.06640625
256.62890625,-23.92578125,-22.94921875,-34.66796875,-33.203125
256.6328125,0.9765625,-20.01953125,-36.1328125,-32.71484375
256.63671875,15.13671875,-20.01953125,-35.15625,4.39453125
256.640625,3.90625,-25.87890625,-41.015625,10.25390625
256.64453125,-8.30078125,-27.34375,-54.19921875,-18.06640625
256.6484375,-24.4140625,-36.62109375,-56.640625,-32.2265625
256.65234375,-19.53125,-35.15625,-69.82421875,-27.34375
256.65625,-14.16015625,-29.296875,-54.6875,-12.20703125
256.66015625,-23.92578125,-24.4140625,-34.1796875,-12.20703125
256.6640625,-44.921875,-20.01953125,-36.1328125,-26.3671875
256.66796875,-37.59765625,-20.5078125,-32.71484375,-14.6484375
256.671875,-0.48828125,-16.6015625,-28.80859375,-2.9296875
256.67578125,15.625,-25.390625,-36.62109375,-16.6015625
256.6796875,-6.34765625,-22.4609375,-29.78515625,-5.859375
256.68359375,-2.9296875,-11.71875,-17.578125,10.7421875
256.6875,-14.16015625,-14.16015625,-15.625,-8.7890625
256.69140625,-21.97265625,-8.7890625,-9.765625,2.44140625
256.6953125,1.953125,-1.46484375,-13.671875,8.30078125
256.69921875,5.859375,-15.625,-17.08984375,0.0
256.703125,16.6015625,-22.4609375,-19.53125,10.7421875
256.70703125,-0.48828125,-6.34765625,-26.3671875,-2.9296875
256.7109375,-12.6953125,-0.48828125,-21.97265625,-22.4609375
256.71484375,-0.48828125,-8.30078125,-16.11328125,-37.59765625
256.71875,-2.44140625,-5.859375,-33.203125,-27.34375
256.72265625,12.20703125,0.9765625,-27.83203125,7.32421875
256.7265625,31.73828125,-10.7421875,-7.32421875,-1.46484375
256.73046875,14.6484375,-19.53125,-5.37109375,-20.01953125
256.734375,0.9765625,-16.6015625,-15.13671875,-15.625
256.73828125,-6.34765625,-7.8125,-24.4140625,-6.34765625
256.7421875,12.6953125,0.0,-15.625,-3.41796875
256.74609375,-1.953125,-4.8828125,-25.87890625,-13.18359375
256.75,-9.765625,-13.671875,-32.2265625,-5.859375
256.75390625,28.3203125,-13.671875,-16.11328125,22.4609375
256.7578125,20.5078125,-24.90234375,0.9765625,-1.953125
256.76171875,-16.11328125,-23.92578125,0.9765625,-24.90234375
256.765625,-28.80859375,-18.06640625,-19.53125,-23.4375
256.76953125,-38.57421875,-20.5078125,-36.1328125,-32.2265625
256.7734375,-50.29296875,-18.5546875,-11.23046875,-25.390625
256.77734375,-62.98828125,-30.76171875,13.18359375,-55.6640625
256.78125,-72.265625,-52.734375,17.578125,-74.21875
256.78515625,-86.9140625,-46.38671875,20.5078125,-57.6171875
256.7890625,-71.2890625,-25.87890625,18.5546875,-42.96875
256.79296875,-60.05859375,-26.85546875,21.97265625,-35.15625
256.796875,-89.84375,-41.015625,25.87890625,-51.26953125
256.80078125,-86.9140625,-47.8515625,25.87890625,-42.96875
256.8046875,-67.3828125,-45.8984375,7.32421875,-49.8046875
256.80859375,-69.3359375,-45.8984375,-24.4140625,-68.84765625
256.8125,-55.17578125,-42.96875,-26.85546875,-54.6875
256.81640625,-31.25,-36.1328125,-7.8125,-15.13671875
256.8203125,-41.9921875,-37.109375,-0.48828125,-36.1328125
256.82421875,-72.265625,-36.62109375,5.37109375,-67.3828125
256.828125,-79.58984375,-40.52734375,13.671875,-50.78125
256.83203125,-66.89453125,-37.59765625,17.08984375,-47.8515625
256.8359375,-63.96484375,-30.76171875,13.18359375,-37.109375
256.83984375,-68.359375,-35.15625,-2.44140625,-35.15625
256.84375,-53.22265625,-42.48046875,-10.25390625,-28.80859375
256.84765625,-34.66796875,-40.52734375,-7.32421875,-23.92578125
256.8515625,-30.76171875,-39.0625,-13.18359375,6.34765625
256.85546875,-35.15625,-36.1328125,-9.27734375,36.1328125
256.859375,-40.52734375,-15.13671875,-27.34375,-15.13671875
256.86328125,-69.3359375,-21.97265625,-41.50390625,-23.92578125
256.8671875,-66.89453125,-50.29296875,-21.484375,-15.625
256.87109375,-36.1328125,-49.31640625,-11.71875,-50.78125
256.875,-64.453125,-40.0390625,-17.08984375,-64.453125
256.87890625,-75.1953125,-28.80859375,-15.625,-51.7578125
256.8828125,-48.828125,-16.11328125,-8.7890625,-49.31640625
256.88671875,-55.17578125,-16.11328125,-6.34765625,-38.57421875
256.890625,-53.22265625,-24.90234375,-12.20703125,-25.87890625
256.89453125,-26.85546875,-23.4375,-20.99609375,-22.4609375
256.8984375,-4.8828125,-24.4140625,-20.99609375,-28.80859375
256.90234375,14.6484375,-32.71484375,-17.578125,-34.66796875
256.90625,16.6015625,-28.3203125,-20.5078125,-26.85546875
256.91015625,10.7421875,-19.04296875,-20.99609375,-9.765625
256.9140625,31.25,-28.3203125,-34.1796875,-6.34765625
256.91796875,46.38671875,-36.62109375,-36.62109375,-0.48828125
256.921875,9.765625,-36.62109375,-33.203125,-16.11328125
256.92578125,-8.7890625,-31.25,-31.73828125,-30.76171875
256.9296875,13.671875,-23.92578125,-17.08984375,-17.578125
256.93359375,6.8359375,-26.3671875,-21.97265625,-11.23046875
256.9375,-57.12890625,-20.99609375,-35.15625,-12.20703125
256.94140625,-74.70703125,-3.41796875,-18.5546875,0.0
256.9453125,-69.3359375,-6.34765625,-13.671875,3.90625
256.94921875,-67.87109375,-21.97265625,-26.85546875,-17.578125
256.953125,-73.2421875,-21.97265625,-38.0859375,-35.64453125
256.95703125,-78.125,-23.4375,-28.80859375,-39.0625
256.9609375,-66.40625,-18.06640625,-11.23046875,-31.73828125
256.96484375,-65.91796875,-12.20703125,-5.37109375,-11.23046875
256.96875,-58.10546875,-18.06640625,-10.7421875,-16.11328125
256.97265625,-44.921875,-18.5546875,-16.11328125,-41.50390625
256.9765625,-65.91796875,-15.625,-22.4609375,-34.1796875
256.98046875,-76.66015625,-21.97265625,-24.4140625,-10.7421875
256.984375,-70.80078125,-23.92578125,-21.97265625,-14.16015625
256.98828125,-77.63671875,-22.4609375,-25.390625,-43.45703125
256.9921875,-65.91796875,-25.87890625,-24.4140625,-32.71484375
256.99609375,-40.0390625,-23.92578125,-19.53125,-11.71875
257.0,-43.45703125,-23.92578125,-31.25,-0.48828125
257.00390625,-49.8046875,-24.90234375,-38.0859375,-2.44140625
257.0078125,-20.01953125,-19.53125,-12.20703125,-13.671875
257.01171875,-32.71484375,-19.53125,-4.39453125,-35.64453125
257.015625,-58.59375,-19.53125,-21.484375,-29.296875
257.01953125,-43.9453125,-20.99609375,-19.04296875,-10.7421875
257.0234375,-7.32421875,-24.4140625,-12.6953125,-13.671875
257.02734375,3.41796875,-21.97265625,-20.01953125,-2.44140625
257.03125,0.48828125,-21.484375,-26.3671875,-5.37109375
257.03515625,16.11328125,-22.94921875,-16.6015625,-29.296875
257.0390625,16.11328125,-31.73828125,-9.27734375,-27.34375
257.04296875,3.90625,-29.78515625,-17.08984375,-20.01953125
257.046875,14.16015625,-27.83203125,-24.4140625,-21.484375
257.05078125,10.7421875,-35.15625,-26.85546875,-42.48046875
257.0546875,-0.9765625,-30.2734375,-22.4609375,-32.71484375
257.05859375,-14.16015625,-25.87890625,-24.4140625,-15.13671875
257.0625,-24.90234375,-35.64453125,-45.8984375,-33.69140625
257.06640625,-16.6015625,-42.48046875,-44.921875,-43.45703125
257.0703125,-17.578125,-44.43359375,-38.0859375,-50.78125
257.07421875,-28.3203125,-48.33984375,-54.6875,-65.4296875
257.078125,-27.34375,-52.24609375,-49.8046875,-64.94140625
257.08203125,-15.13671875,-53.7109375,-50.78125,-39.0625
257.0859375,-26.3671875,-56.15234375,-64.453125,-39.55078125
257.08984375,-45.41015625,-48.828125,-57.12890625,-57.12890625
257.09375,-40.0390625,-38.57421875,-58.10546875,-41.9921875
257.09765625,-22.4609375,-39.55078125,-63.4765625,-32.2265625
257.1015625,-16.11328125,-43.9453125,-40.52734375,-26.85546875
257.10546875,-41.015625,-46.38671875,-21.484375,-51.7578125
257.109375,-41.015625,-44.43359375,-35.15625,-59.5703125
257.11328125,-27.34375,-31.25,-47.36328125,-40.0390625
257.1171875,-34.66796875,-19.04296875,-29.296875,-41.015625
257.12109375,-50.29296875,-27.34375,-24.4140625,-41.9921875
257.125,-62.01171875,-35.15625,-27.83203125,-52.734375
257.12890625,-41.9921875,-31.73828125,-26.3671875,-49.8046875
257.1328125,-33.69140625,-25.390625,-24.90234375,-35.64453125
257.13671875,-39.0625,-20.01953125,-25.390625,-44.43359375
257.140625,-41.50390625,-25.390625,-26.85546875,-43.45703125
257.14453125,-30.2734375,-22.94921875,-25.87890625,-25.87890625
257.1484375,-33.69140625,-20.01953125,-31.73828125,-41.9921875
257.15234375,-39.55078125,-22.94921875,-33.69140625,-57.12890625
257.15625,-37.109375,-23.92578125,-23.4375,-45.41015625
257.16015625,-41.015625,-29.296875,-20.5078125,-34.1796875
257.1640625,-55.6640625,-29.78515625,-32.71484375,-34.1796875
257.16796875,-57.12890625,-31.25,-46.38671875,-38.57421875
257.171875,-30.76171875,-30.2734375,-45.41015625,-32.2265625
257.17578125,-42.48046875,-27.83203125,-32.71484375,-29.78515625
257.1796875,-47.36328125,-26.85546875,-22.4609375,-39.55078125
257.18359375,-55.17578125,-24.90234375,-15.625,-38.57421875
257.1875,-71.77734375,-30.76171875,-17.08984375,-37.59765625
257.19140625,-88.8671875,-41.50390625,-26.3671875,-75.1953125
257.1953125,-100.09765625,-40.0390625,-29.296875,-86.42578125
257.19921875,-94.23828125,-35.15625,-21.484375,-94.23828125
257.203125,-124.0234375,-34.1796875,-17.578125,-106.4453125
257.20703125,-146.484375,-33.69140625,-32.2265625,-95.21484375
257.2109375,-125.9765625,-34.1796875,-33.203125,-107.91015625
257.21484375,-140.625,-41.50390625,-2.9296875,-118.65234375
257.21875,-167.48046875,-50.78125,18.06640625,-127.9296875
257.22265625,-186.03515625,-47.36328125,1.953125,-178.22265625
257.2265625,-192.87109375,-35.64453125,-22.94921875,-175.78125
257.23046875,-172.8515625,-30.76171875,-25.390625,-163.0859375
257.234375,-181.15234375,-34.66796875,-31.25,-191.89453125
257.23828125,-209.47265625,-38.0859375,-25.390625,-172.8515625
257.2421875,-182.12890625,-30.2734375,0.9765625,-142.08984375
257.24609375,-157.2265625,-26.3671875,14.16015625,-154.78515625
257.25,-158.203125,-30.76171875,12.6953125,-154.78515625
257.25390625,-136.71875,-49.31640625,10.25390625,-126.953125
257.2578125,-137.6953125,-50.29296875,12.6953125,-116.2109375
257.26171875,-156.25,-21.97265625,6.8359375,-119.62890625
257.265625,-152.34375,-18.5546875,-13.671875,-106.93359375
257.26953125,-139.6484375,-39.55078125,-27.34375,-114.74609375
257.2734375,-139.16015625,-41.50390625,-35.64453125,-103.02734375
257.27734375,-117.1875,-28.3203125,-47.36328125,-88.8671875
257.28125,-110.3515625,-18.5546875,-41.9921875,-97.16796875
257.28515625,-97.16796875,-12.20703125,-26.85546875,-83.49609375
257.2890625,-66.40625,-15.13671875,-41.50390625,-51.26953125
257.29296875,-36.1328125,-10.7421875,-41.9921875,-23.92578125
257.296875,-47.36328125,-6.8359375,-16.11328125,-20.5078125
257.30078125,-49.8046875,-5.37109375,-3.41796875,-21.484375
257.3046875,-31.25,-6.34765625,-6.8359375,-17.578125
257.30859375,-9.765625,-19.04296875,-32.2265625,1.953125
257.3125,-1.46484375,-20.5078125,-29.78515625,11.23046875
257.31640625,-32.2265625,-23.4375,-9.27734375,-11.23046875
257.3203125,-44.921875,-24.4140625,-5.37109375,-13.671875
257.32421875,-43.45703125,-20.01953125,-16.11328125,-6.8359375
257.328125,-43.45703125,-26.3671875,-36.1328125,-14.6484375
257.33203125,-35.15625,-20.99609375,-45.41015625,-0.9765625
257.3359375,-26.85546875,-13.671875,-30.76171875,-8.30078125
257.33984375,-29.296875,-17.578125,-33.69140625,-18.06640625
257.34375,-26.85546875,-22.94921875,-32.71484375,14.6484375
257.34765625,1.46484375,-20.5078125,-40.52734375,19.53125
257.3515625,5.37109375,-15.625,-69.3359375,3.90625
257.35546875,-14.16015625,-20.5078125,-61.5234375,-26.85546875
257.359375,-45.41015625,-41.015625,-33.203125,-30.76171875
257.36328125,-60.05859375,-46.875,-22.94921875,-12.20703125
257.3671875,-38.57421875,-25.87890625,-31.25,-2.44140625
257.37109375,-24.90234375,-13.671875,-33.203125,-3.90625
257.375,-18.5546875,-20.5078125,-36.1328125,0.48828125
257.37890625,2.44140625,-22.4609375,-43.45703125,27.34375
257.3828125,-3.90625,-24.90234375,-39.55078125,26.3671875
257.38671875,-39.0625,-28.80859375,-32.2265625,-14.6484375
257.390625,-54.6875,-20.99609375,-44.43359375,-19.53125
257.39453125,-37.59765625,-17.578125,-72.265625,15.625
257.3984375,-15.625,-25.390625,-54.6875,4.8828125
257.40234375,-23.92578125,-28.80859375,-24.90234375,-6.34765625
257.40625,-44.921875,-31.73828125,-17.08984375,-4.8828125
257.41015625,-34.1796875,-27.83203125,-17.08984375,-2.44140625
257.4140625,-12.6953125,-21.97265625,-40.52734375,-1.953125
257.41796875,-29.296875,-22.4609375,-56.15234375,-8.7890625
257.421875,-56.15234375,-25.87890625,-40.52734375,-4.39453125
257.42578125,-51.7578125,-32.2265625,-27.34375,2.9296875
257.4296875,-50.78125,-29.78515625,-24.4140625,2.9296875
257.43359375,-64.453125,-27.34375,-29.296875,4.39453125
257.4375,-77.63671875,-33.69140625,-32.2265625,20.01953125
257.44140625,-56.640625,-37.59765625,-44.921875,9.27734375
257.4453125,-19.04296875,-61.5234375,-50.29296875,4.39453125
257.44921875,-72.265625,-63.96484375,-33.69140625,-29.296875
257.453125,-86.9140625,-35.64453125,-47.36328125,-35.64453125
257.45703125,-64.453125,-32.2265625,-54.19921875,-14.6484375
257.4609375,-66.89453125,-32.2265625,-32.71484375,-43.9453125
257.46484375,-80.56640625,-18.5546875,-31.73828125,-70.80078125
257.46875,-73.73046875,-15.625,-45.8984375,-40.0390625
257.47265625,-55.6640625,-16.6015625,-38.0859375,-35.15625
257.4765625,-47.8515625,-24.90234375,-24.4140625,-27.83203125
257.48046875,-44.43359375,-33.69140625,-16.6015625,3.41796875
257.484375,-24.4140625,-25.390625,-20.99609375,-6.8359375
257.48828125,-1.46484375,-3.90625,-21.97265625,-3.90625
257.4921875,-7.8125,-0.9765625,-19.53125,-14.16015625
257.49609375,-32.2265625,-6.8359375,-23.92578125,-24.4140625
257.5,-48.33984375,-5.859375,-22.94921875,-9.27734375
257.50390625,-27.83203125,-2.44140625,-34.66796875,13.18359375
257.5078125,-1.953125,-2.44140625,-32.2265625,38.0859375
257.51171875,-11.71875,-16.11328125,-20.01953125,22.4609375
257.515625,-56.640625,-33.203125,-29.78515625,-21.484375
257.51953125,-80.56640625,-35.15625,-20.5078125,-31.73828125
257.5234375,-50.78125,-38.57421875,-24.4140625,-44.921875
257.52734375,-44.43359375,-50.29296875,-51.7578125,-42.48046875
257.53125,-53.7109375,-53.7109375,-46.38671875,-32.71484375
257.53515625,-55.17578125,-39.0625,-44.921875,-37.59765625
257.5390625,-65.91796875,-42.48046875,-39.0625,-25.390625
257.54296875,-61.5234375,-50.78125,-23.92578125,-29.78515625
257.546875,-54.19921875,-48.33984375,-21.484375,-22.4609375
257.55078125,-43.9453125,-48.828125,-31.73828125,-6.34765625
257.5546875,-27.34375,-51.7578125,-40.0390625,-4.8828125
257.55859375,-24.90234375,-41.9921875,-40.0390625,-17.578125
257.5625,-17.578125,-32.71484375,-43.45703125,-14.16015625
257.56640625,-9.27734375,-29.296875,-28.80859375,-17.08984375
257.5703125,-22.94921875,-29.78515625,-30.76171875,-6.8359375
257.57421875,-7.32421875,-39.55078125,-45.41015625,15.625
257.578125,-46.38671875,-46.875,-35.15625,11.23046875
257.58203125,-94.7265625,-36.62109375,-26.85546875,13.18359375
257.5859375,-75.1953125,-23.4375,-34.1796875,-34.66796875
257.58984375,-54.6875,-19.04296875,-30.2734375,-63.4765625
257.59375,-90.33203125,-27.34375,-10.7421875,-18.5546875
257.59765625,-111.328125,-24.4140625,-9.765625,-26.85546875
257.6015625,-102.5390625,-15.625,-13.671875,-20.99609375
257.60546875,-88.37890625,-23.4375,-4.8828125,-17.578125
257.609375,-60.05859375,-31.25,-9.765625,-29.78515625
257.61328125,-73.2421875,-22.94921875,-34.1796875,-27.34375
257.6171875,-75.1953125,-20.01953125,-35.64453125,-8.30078125
257.62109375,-63.4765625,-25.87890625,-20.99609375,11.71875
257.625,-72.75390625,-32.2265625,-31.73828125,12.20703125
257.62890625,-75.68359375,-22.94921875,-24.90234375,1.953125
257.6328125,-60.546875,-24.4140625,-13.18359375,-20.01953125
257.63671875,-60.05859375,-25.390625,-16.6015625,-7.32421875
257.640625,-60.546875,-33.203125,-20.01953125,24.90234375
257.64453125,-46.38671875,-37.59765625,-26.85546875,-9.765625
257.6484375,-63.96484375,-27.34375,-33.69140625,-41.9921875
257.65234375,-69.3359375,-30.2734375,-52.24609375,-24.90234375
257.65625,-61.5234375,-24.90234375,-39.55078125,-20.99609375
257.66015625,-69.82421875,-23.4375,-22.4609375,-34.1796875
257.6640625,-70.80078125,-21.97265625,-18.06640625,-30.76171875
257.66796875,-68.359375,-17.08984375,-10.25390625,-29.78515625
257.671875,-75.1953125,-14.6484375,-18.5546875,-6.8359375
257.67578125,-74.70703125,-9.765625,-23.92578125,-22.4609375
257.6796875,-61.5234375,-1.953125,-26.3671875,-22.4609375
257.68359375,-53.7109375,-5.859375,-23.92578125,-6.34765625
257.6875,-79.1015625,-21.484375,-21.97265625,-15.13671875
257.69140625,-88.37890625,-22.94921875,-27.34375,-20.99609375
257.6953125,-67.87109375,-22.4609375,-33.69140625,-41.015625
257.69921875,-46.38671875,-26.85546875,-36.1328125,-27.83203125
257.703125,-34.66796875,-30.2734375,-50.29296875,12.20703125
257.70703125,-46.38671875,-28.3203125,-66.89453125,-24.4140625
257.7109375,-68.359375,-26.3671875,-40.0390625,-48.828125
257.71484375,-60.05859375,-32.2265625,-9.765625,-42.96875
257.71875,-33.203125,-39.55078125,-5.37109375,-32.71484375
257.72265625,-0.9765625,-51.26953125,-15.625,8.7890625
257.7265625,-20.5078125,-42.48046875,-38.57421875,-26.3671875
257.73046875,-66.40625,-29.296875,-50.78125,-74.70703125
257.734375,-54.6875,-30.2734375,-43.9453125,-58.59375
257.73828125,-36.1328125,-30.76171875,-42.48046875,-56.640625
257.7421875,-47.36328125,-20.01953125,-67.3828125,-63.4765625
257.74609375,-50.29296875,-8.7890625,-71.2890625,-61.5234375
257.75,-64.453125,-8.30078125,-50.29296875,-66.89453125
257.75390625,-50.29296875,-4.8828125,-51.7578125,-71.2890625
257.7578125,-38.0859375,-5.37109375,-59.5703125,-76.66015625
257.76171875,-33.203125,-15.625,-56.640625,-58.10546875
257.765625,-7.8125,-23.92578125,-48.828125,-26.85546875
257.76953125,-15.625,-22.94921875,-49.31640625,-65.4296875
257.7734375,-39.0625,-25.87890625,-54.6875,-82.51953125
257.77734375,-34.1796875,-28.80859375,-61.03515625,-66.40625
257.78125,-49.31640625,-20.99609375,-76.171875,-67.87109375
257.78515625,-34.66796875,-11.71875,-67.87109375,-20.01953125
257.7890625,-31.25,-13.18359375,-45.41015625,4.8828125
257.79296875,-29.78515625,-18.5546875,-50.78125,-73.73046875
257.796875,5.859375,-15.625,-46.38671875,-83.0078125
257.80078125,1.46484375,-12.6953125,-50.78125,-53.22265625
257.8046875,-24.4140625,-10.25390625,-54.19921875,-65.91796875
257.80859375,-27.34375,-0.9765625,-44.43359375,-41.015625
257.8125,-1.46484375,1.46484375,-34.66796875,-17.578125
257.81640625,21.484375,-0.48828125,-29.78515625,-2.44140625
257.8203125,4.8828125,-3.90625,-35.15625,-3.90625
257.82421875,-10.7421875,-9.27734375,-35.64453125,-10.25390625
257.828125,-2.9296875,-19.53125,-34.1796875,-10.25390625
257.83203125,2.9296875,-9.765625,-32.2265625,-9.27734375
257.8359375,-4.8828125,-2.44140625,-26.85546875,-19.04296875
257.83984375,8.30078125,-3.90625,-30.76171875,-1.953125
257.84375,44.43359375,3.41796875,-42.96875,16.11328125
257.84765625,9.765625,0.9765625,-37.109375,-18.06640625
257.8515625,-7.8125,-10.25390625,-25.390625,-33.69140625
257.85546875,-0.9765625,-26.3671875,-28.3203125,-31.73828125
257.859375,-15.13671875,-30.76171875,-24.90234375,-25.390625
257.86328125,16.11328125,-8.7890625,-20.01953125,6.34765625
257.8671875,37.109375,2.44140625,-21.484375,8.7890625
257.87109375,18.06640625,-3.41796875,-18.5546875,-5.37109375
257.875,20.99609375,-20.99609375,-16.11328125,-22.4609375
257.87890625,19.04296875,-38.0859375,-16.11328125,-2.44140625
257.8828125,-2.44140625,-25.87890625,-30.76171875,6.8359375
257.88671875,2.44140625,-8.30078125,-41.50390625,-35.15625
257.890625,21.97265625,-5.859375,-41.015625,-30.2734375
257.89453125,20.99609375,-7.32421875,-46.38671875,-18.06640625
257.8984375,29.296875,-17.08984375,-46.875,-13.671875
257.90234375,18.5546875,-20.5078125,-32.2265625,-18.06640625
257.90625,12.6953125,-14.16015625,-26.3671875,-22.4609375
257.91015625,16.6015625,-6.34765625,-24.90234375,-32.2265625
257.9140625,33.69140625,4.8828125,-34.1796875,-25.390625
257.91796875,30.76171875,-4.8828125,-45.8984375,-2.9296875
257.921875,28.80859375,-26.85546875,-34.1796875,-20.01953125
257.92578125,24.90234375,-31.73828125,-21.484375,-32.71484375
257.9296875,14.6484375,-31.25,-19.04296875,-28.3203125
257.93359375,16.6015625,-33.69140625,-25.390625,-51.26953125
257.9375,16.6015625,-29.78515625,-39.0625,-17.578125
257.94140625,26.3671875,-25.87890625,-48.828125,8.30078125
257.9453125,13.671875,-26.3671875,-54.6875,-30.2734375
257.94921875,5.37109375,-21.97265625,-41.9921875,-50.78125
257.953125,16.11328125,-18.5546875,-24.90234375,-21.97265625
257.95703125,21.484375,-19.04296875,-31.25,-10.7421875
257.9609375,31.73828125,-12.6953125,-35.15625,-28.3203125
257.96484375,29.296875,-9.765625,-24.4140625,-31.25
257.96875,17.08984375,-13.671875,-21.97265625,-16.6015625
257.97265625,25.390625,-17.578125,-31.25,-27.83203125
257.9765625,44.43359375,-21.97265625,-43.45703125,-21.484375
257.98046875,41.9921875,-28.3203125,-42.48046875,-3.41796875
257.984375,32.71484375,-24.90234375,-26.85546875,-22.4609375
257.98828125,20.5078125,-18.06640625,-10.25390625,-30.2734375
257.9921875,21.97265625,-13.18359375,-7.8125,-20.99609375
257.99609375,41.9921875,-7.32421875,-12.20703125,-25.87890625
258.0,38.57421875,-7.32421875,-22.4609375,-17.08984375
258.00390625,30.2734375,-22.4609375,-23.92578125,12.6953125
258.0078125,28.3203125,-20.99609375,-11.23046875,-11.23046875
258.01171875,31.25,-12.6953125,-16.6015625,-47.36328125
258.015625,37.59765625,-5.37109375,-26.3671875,-37.59765625
258.01953125,41.015625,1.46484375,-26.3671875,-31.73828125
258.0234375,19.04296875,-12.6953125,-26.85546875,-36.1328125
258.02734375,21.97265625,-22.94921875,-28.80859375,-38.0859375
258.03125,28.80859375,-20.01953125,-19.04296875,-35.64453125
258.03515625,17.578125,-15.625,-25.87890625,-42.96875
258.0390625,8.7890625,-15.625,-54.19921875,-48.828125
258.04296875,1.46484375,-30.2734375,-46.875,-69.82421875
258.046875,-2.44140625,-25.87890625,-18.06640625,-77.1484375
258.05078125,-15.13671875,-2.44140625,-10.25390625,-71.2890625
258.0546875,-43.9453125,-13.671875,-10.25390625,-93.75
258.05859375,-54.6875,-27.83203125,-4.8828125,-113.76953125
258.0625,-42.96875,-25.87890625,-1.953125,-92.28515625
258.06640625,-56.15234375,-27.34375,9.27734375,-79.1015625
258.0703125,-68.359375,-20.99609375,6.8359375,-104.00390625
258.07421875,-67.87109375,-11.71875,6.8359375,-126.46484375
258.078125,-63.4765625,-13.671875,-0.48828125,-121.09375
258.08203125,-62.98828125,-20.5078125,-7.8125,-122.0703125
258.0859375,-56.640625,-21.97265625,8.7890625,-124.51171875
258.08984375,-45.41015625,-13.671875,-15.625,-103.02734375
258.09375,-52.24609375,-11.23046875,-39.55078125,-90.8203125
258.09765625,-49.8046875,-20.01953125,-11.71875,-70.80078125
258.1015625,-41.015625,-35.64453125,20.5078125,-77.1484375
258.10546875,-29.78515625,-22.4609375,20.01953125,-97.65625
258.109375,-10.25390625,6.34765625,-37.109375,-79.1015625
258.11328125,-28.80859375,6.8359375,-45.8984375,-76.171875
258.1171875,-34.66796875,-6.34765625,13.671875,-70.3125
258.12109375,-27.83203125,-17.578125,40.0390625,-73.2421875
258.125,-3.90625,-19.04296875,23.4375,-55.6640625
258.12890625,10.7421875,-13.671875,9.765625,-14.6484375
258.1328125,29.78515625,-16.6015625,0.0,-42.48046875
258.13671875,97.65625,-19.53125,-26.3671875,-28.3203125
258.140625,102.05078125,-2.44140625,-33.69140625,4.39453125
258.14453125,54.19921875,-10.7421875,-7.32421875,-12.6953125
258.1484375,29.78515625,-33.69140625,20.99609375,-30.2734375
258.15234375,41.9921875,-16.6015625,7.8125,-19.04296875
258.15625,73.2421875,1.953125,-21.97265625,-3.41796875
258.16015625,74.21875,-0.48828125,-14.6484375,0.48828125
258.1640625,76.66015625,-10.7421875,1.953125,29.296875
258.16796875,92.28515625,-20.01953125,-1.46484375,25.390625
258.171875,85.44921875,-15.625,-5.859375,21.484375
258.17578125,76.66015625,-15.13671875,-18.06640625,24.4140625
258.1796875,92.28515625,-16.11328125,-29.78515625,4.8828125
258.18359375,84.47265625,-22.4609375,-22.4609375,8.30078125
258.1875,79.1015625,-30.2734375,2.44140625,33.69140625
258.19140625,99.609375,-26.3671875,0.48828125,12.6953125
258.1953125,121.58203125,-9.27734375,-17.08984375,31.73828125
258.19921875,127.44140625,3.41796875,-19.04296875,76.171875
258.203125,96.6796875,-4.39453125,-14.6484375,26.85546875
258.20703125,88.8671875,-15.13671875,-14.6484375,3.90625
258.2109375,86.42578125,-11.23046875,-16.6015625,38.57421875
258.21484375,109.375,-1.46484375,-13.671875,45.8984375
258.21875,107.91015625,-2.44140625,-16.6015625,45.8984375
258.22265625,66.40625,-14.16015625,-18.5546875,29.296875
258.2265625,72.265625,-26.85546875,0.0,28.80859375
258.23046875,94.7265625,-29.296875,0.0,38.0859375
258.234375,82.03125,-21.484375,-13.18359375,35.64453125
258.23828125,67.3828125,-19.04296875,-17.578125,16.6015625
258.2421875,91.30859375,-19.53125,-25.87890625,14.6484375
258.24609375,93.75,-16.11328125,-30.76171875,21.97265625
258.25,84.47265625,-10.25390625,-48.33984375,27.34375
258.25390625,84.9609375,-8.30078125,-37.109375,33.203125
258.2578125,82.03125,-13.671875,-12.20703125,17.578125
258.26171875,82.03125,-13.18359375,-12.6953125,25.87890625
258.265625,37.109375,-20.5078125,-16.11328125,25.390625
258.26953125,-5.859375,-29.296875,-18.06640625,18.06640625
258.2734375,-9.27734375,-34.66796875,-12.6953125,16.6015625
258.27734375,2.9296875,-43.45703125,-3.90625,18.5546875
258.28125,16.11328125,-25.390625,-18.5546875,35.64453125
258.28515625,13.18359375,-2.9296875,-41.50390625,31.73828125
258.2890625,-11.23046875,-9.27734375,-34.66796875,19.53125
258.29296875,-4.8828125,-14.6484375,-21.97265625,-15.13671875
258.296875,13.18359375,-10.7421875,-13.671875,-16.6015625
258.30078125,23.4375,-11.23046875,-6.8359375,0.9765625
258.3046875,30.2734375,-19.53125,-10.7421875,-4.8828125
258.30859375,21.97265625,-18.06640625,-25.390625,16.6015625
258.3125,38.57421875,-15.13671875,-26.85546875,24.90234375
258.31640625,43.9453125,-20.99609375,-10.7421875,13.671875
258.3203125,41.015625,-12.20703125,-3.90625,12.6953125
258.32421875,45.41015625,-1.46484375,-20.5078125,22.94921875
258.328125,27.34375,-13.18359375,-26.85546875,34.66796875
258.33203125,32.71484375,-24.90234375,-11.23046875,29.78515625
258.3359375,52.734375,-19.04296875,-9.765625,4.8828125
258.33984375,40.0390625,-10.7421875,-23.4375,-1.953125
258.34375,41.9921875,-14.6484375,-29.78515625,26.3671875
258.34765625,58.10546875,-15.625,-33.203125,28.3203125
258.3515625,38.0859375,-15.625,-32.2265625,2.44140625
258.35546875,21.484375,-19.53125,-4.39453125,-6.8359375
258.359375,35.64453125,-18.5546875,14.16015625,4.8828125
258.36328125,58.10546875,-17.578125,11.71875,28.3203125
258.3671875,52.734375,-20.5078125,4.8828125,23.92578125
258.37109375,39.55078125,-20.5078125,10.25390625,16.11328125
258.375,50.78125,-18.06640625,14.16015625,10.25390625
258.37890625,60.05859375,-26.3671875,10.25390625,3.90625
258.3828125,62.5,-29.78515625,6.34765625,14.6484375
258.38671875,62.98828125,-23.92578125,5.859375,30.2734375
258.390625,60.546875,-24.4140625,-1.46484375,39.55078125
258.39453125,68.359375,-25.390625,-12.20703125,30.2734375
258.3984375,54.19921875,-35.64453125,-17.578125,17.578125
258.40234375,44.921875,-42.48046875,-31.25,9.27734375
258.40625,26.85546875,-28.80859375,-28.3203125,1.46484375
258.41015625,39.0625,-20.01953125,-2.9296875,9.27734375
258.4140625,66.89453125,-17.08984375,1.46484375,20.99609375
258.41796875,62.5,-18.06640625,-9.27734375,28.80859375
258.421875,49.31640625,-24.90234375,-7.32421875,0.48828125
258.42578125,23.4375,-27.34375,-1.953125,-22.4609375
258.4296875,44.921875,-29.78515625,-6.8359375,11.23046875
258.43359375,68.359375,-40.52734375,0.0,45.8984375
258.4375,55.6640625,-39.0625,5.859375,13.18359375
258.44140625,47.36328125,-23.4375,-19.04296875,-7.32421875
258.4453125,38.0859375,-15.625,-16.6015625,-9.765625
258.44921875,39.0625,-20.99609375,-11.23046875,-7.8125
258.453125,36.1328125,-25.390625,-26.85546875,4.8828125
258.45703125,50.78125,-22.4609375,-20.99609375,4.39453125
258.4609375,67.3828125,-21.97265625,-19.04296875,6.34765625
258.46484375,57.6171875,-23.4375,-12.20703125,4.8828125
258.46875,53.22265625,-26.3671875,-5.859375,2.9296875
258.47265625,63.96484375,-23.92578125,-16.6015625,20.5078125
258.4765625,72.75390625,-17.08984375,-13.18359375,3.90625
258.48046875,68.84765625,-12.20703125,-1.953125,-9.27734375
258.484375,50.78125,-20.01953125,-12.20703125,-2.44140625
258.48828125,41.50390625,-28.80859375,-17.08984375,-0.9765625
258.4921875,44.43359375,-31.25,-17.578125,-1.953125
258.49609375,56.640625,-34.66796875,-25.87890625,7.32421875
258.5,70.3125,-34.1796875,-24.90234375,9.765625
258.50390625,86.9140625,-18.06640625,-32.71484375,6.8359375
258.5078125,94.23828125,-11.23046875,-38.57421875,4.39453125
258.51171875,71.77734375,-28.80859375,-19.04296875,0.9765625
258.515625,49.31640625,-37.59765625,-8.7890625,-18.06640625
258.51953125,48.33984375,-23.4375,-16.6015625,-10.7421875
258.5234375,57.6171875,-22.4609375,-21.484375,0.0
258.52734375,57.6171875,-29.296875,-26.3671875,-19.04296875
258.53125,48.33984375,-17.08984375,-23.4375,-16.6015625
258.53515625,50.78125,-18.5546875,-28.3203125,-14.16015625
258.5390625,66.89453125,-29.296875,-29.78515625,9.27734375
258.54296875,79.58984375,-18.06640625,-23.4375,-9.27734375
258.546875,102.05078125,-5.859375,-25.390625,-20.5078125
258.55078125,94.7265625,-16.6015625,-28.3203125,1.46484375
258.5546875,55.17578125,-19.53125,-20.01953125,-6.34765625
258.55859375,47.36328125,-7.8125,-15.13671875,1.953125
258.5625,62.98828125,-3.90625,-17.578125,-16.6015625
258.56640625,61.03515625,-5.859375,-17.578125,-25.87890625
258.5703125,61.5234375,-18.5546875,-15.13671875,-0.9765625
258.57421875,64.94140625,-30.2734375,-23.4375,-15.625
258.578125,60.05859375,-27.83203125,-29.296875,-19.04296875
258.58203125,56.15234375,-16.6015625,-26.3671875,-5.859375
258.5859375,62.01171875,-12.20703125,-29.296875,13.671875
258.58984375,43.9453125,-21.484375,-24.4140625,-4.39453125
258.59375,26.3671875,-27.83203125,-6.34765625,-38.0859375
258.59765625,17.08984375,-27.34375,-1.46484375,-49.31640625
258.6015625,11.71875,-25.390625,-6.8359375,-38.57421875
258.60546875,21.97265625,-34.66796875,-7.8125,-22.94921875
258.609375,38.0859375,-42.96875,-15.13671875,-4.8828125
258.61328125,44.43359375,-30.2734375,-17.578125,-5.859375
258.6171875,29.296875,-14.16015625,-16.6015625,-7.8125
258.62109375,10.7421875,-9.765625,-32.2265625,-13.671875
258.625,0.48828125,-23.92578125,-28.80859375,-31.73828125
258.62890625,-7.32421875,-27.83203125,-17.578125,-28.3203125
258.6328125,0.9765625,-24.90234375,-22.94921875,-27.83203125
258.63671875,2.9296875,-24.4140625,-24.4140625,-27.34375
258.640625,7.8125,-32.71484375,-23.92578125,-20.5078125
258.64453125,10.7421875,-41.50390625,-27.34375,-24.4140625
258.6484375,13.18359375,-27.83203125,-45.8984375,-18.5546875
258.65234375,36.1328125,-25.390625,-60.546875,-5.859375
258.65625,48.33984375,-40.52734375,-45.41015625,-32.71484375
258.66015625,41.9921875,-31.25,-35.64453125,-17.578125
258.6640625,20.5078125,-19.53125,-30.2734375,11.23046875
258.66796875,9.765625,-24.90234375,-10.7421875,-26.85546875
258.671875,7.32421875,-31.25,-7.32421875,-36.62109375
258.67578125,9.765625,-31.25,-15.625,-21.484375
258.6796875,16.11328125,-35.64453125,-19.53125,-21.97265625
258.68359375,11.71875,-32.2265625,-20.5078125,-35.64453125
258.6875,29.78515625,-18.5546875,-20.01953125,-24.90234375
258.69140625,46.38671875,-17.08984375,-37.59765625,-4.39453125
258.6953125,60.05859375,-20.99609375,-37.59765625,13.671875
258.69921875,61.5234375,-21.97265625,-25.390625,12.6953125
258.703125,31.73828125,-23.4375,-35.15625,14.16015625
258.70703125,20.99609375,-15.625,-37.109375,13.671875
258.7109375,31.25,-16.11328125,-26.3671875,-15.13671875
258.71484375,26.85546875,-30.2734375,-9.27734375,-33.203125
258.71875,24.90234375,-30.76171875,-6.8359375,-33.203125
258.72265625,24.4140625,-20.5078125,-10.25390625,-28.80859375
258.7265625,21.484375,-23.92578125,-11.71875,-18.5546875
258.73046875,29.78515625,-31.73828125,-20.5078125,-11.23046875
258.734375,39.55078125,-30.2734375,-30.2734375,-24.90234375
258.73828125,63.4765625,-21.97265625,-29.78515625,-26.3671875
258.7421875,55.6640625,-20.99609375,-30.76171875,-24.4140625
258.74609375,39.55078125,-22.4609375,-32.2265625,-9.765625
258.75,54.19921875,-16.6015625,-24.90234375,5.859375
258.75390625,25.390625,-20.99609375,-19.53125,-29.78515625
258.7578125,10.25390625,-29.296875,-17.578125,-34.1796875
258.76171875,21.97265625,-34.1796875,-13.18359375,-14.6484375
258.765625,15.625,-37.109375,-10.7421875,-10.25390625
258.76953125,46.38671875,-32.2265625,-20.5078125,38.57421875
258.7734375,77.63671875,-23.4375,-35.64453125,30.2734375
258.77734375,44.921875,-18.06640625,-36.1328125,-37.109375
258.78125,13.671875,-16.6015625,-26.85546875,-62.98828125
258.78515625,16.6015625,-8.30078125,-20.5078125,-47.8515625
258.7890625,14.6484375,-9.27734375,-34.66796875,-58.10546875
258.79296875,8.30078125,-15.13671875,-45.41015625,-91.796875
258.796875,-8.7890625,-14.16015625,-43.45703125,-72.75390625
258.80078125,-5.37109375,-12.6953125,-52.24609375,-62.01171875
258.8046875,15.625,-12.20703125,-51.7578125,-76.66015625
258.80859375,20.99609375,-8.30078125,-46.38671875,-60.546875
258.8125,10.7421875,-18.5546875,-49.31640625,-41.50390625
258.81640625,13.671875,-21.97265625,-49.31640625,-47.8515625
258.8203125,32.2265625,-10.25390625,-63.96484375,-42.48046875
258.82421875,8.7890625,-11.23046875,-63.4765625,-51.7578125
258.828125,-2.44140625,-15.625,-39.55078125,-64.453125
258.83203125,12.6953125,-9.27734375,-33.203125,-37.59765625
258.8359375,10.25390625,-7.32421875,-52.24609375,-29.78515625
258.83984375,11.71875,-8.7890625,-48.828125,-45.8984375
258.84375,22.94921875,-13.671875,-35.64453125,-52.24609375
258.84765625,35.15625,-18.06640625,-34.66796875,-39.55078125
258.8515625,28.3203125,-20.5078125,-33.69140625,-31.73828125
258.85546875,20.99609375,-23.4375,-32.2265625,-17.08984375
258.859375,35.15625,-17.08984375,-33.69140625,-25.390625
258.86328125,29.296875,-9.765625,-39.0625,-61.5234375
258.8671875,19.53125,-7.8125,-39.55078125,-24.4140625
258.87109375,30.2734375,-17.08984375,-35.64453125,-13.671875
258.875,28.80859375,-33.203125,-47.36328125,-59.5703125
258.87890625,7.32421875,-40.52734375,-77.63671875,-32.2265625
258.8828125,18.5546875,-31.73828125,-68.84765625,-4.8828125
258.88671875,19.04296875,-23.92578125,-38.0859375,-37.109375
258.890625,22.4609375,-18.5546875,-26.85546875,-40.52734375
258.89453125,22.4609375,-25.87890625,-34.1796875,-46.38671875
258.8984375,13.18359375,-29.78515625,-39.0625,-41.9921875
258.90234375,24.4140625,-22.4609375,-29.296875,-14.16015625
258.90625,36.1328125,-14.16015625,-31.25,-7.32421875
258.91015625,56.15234375,-13.671875,-45.41015625,9.27734375
258.9140625,45.8984375,-27.34375,-41.9921875,22.94921875
258.91796875,29.78515625,-25.87890625,-22.94921875,9.765625
258.921875,30.76171875,-20.01953125,-21.97265625,-31.73828125
258.92578125,22.4609375,-22.94921875,-25.87890625,-53.7109375
258.9296875,13.671875,-20.99609375,-19.53125,-41.9921875
258.93359375,9.765625,-16.6015625,-20.01953125,-15.13671875
258.9375,11.23046875,-15.13671875,-27.34375,-10.25390625
258.94140625,15.625,-19.53125,-20.99609375,-31.73828125
258.9453125,12.6953125,-22.94921875,-17.578125,-30.2734375
258.94921875,21.484375,-20.99609375,-21.97265625,-13.18359375
258.953125,22.94921875,-19.53125,-26.3671875,0.0
258.95703125,3.41796875,-24.4140625,-36.1328125,-11.71875
258.9609375,7.8125,-34.1796875,-35.64453125,-20.01953125
258.96484375,13.671875,-40.0390625,-39.55078125,-17.08984375
258.96875,-1.46484375,-34.66796875,-56.640625,-4.39453125
258.97265625,-0.9765625,-33.69140625,-51.7578125,-18.5546875
258.9765625,33.203125,-35.64453125,-27.34375,-15.625
258.98046875,25.390625,-30.76171875,-18.06640625,6.34765625
258.984375,-14.16015625,-38.57421875,-23.92578125,-27.83203125
258.98828125,-16.6015625,-49.31640625,-28.80859375,-44.43359375
258.9921875,-9.765625,-41.015625,-35.15625,-23.92578125
258.99609375,4.39453125,-36.1328125,-45.8984375,-12.20703125
259.0,-6.34765625,-36.1328125,-50.29296875,-35.15625
259.00390625,-20.5078125,-28.80859375,-49.8046875,-45.8984375
259.0078125,-9.27734375,-31.73828125,-45.41015625,-32.2265625
259.01171875,10.25390625,-29.78515625,-43.45703125,-31.25
259.015625,8.7890625,-27.34375,-36.1328125,-21.484375
259.01953125,12.6953125,-25.390625,-23.92578125,-11.71875
259.0234375,27.83203125,-21.97265625,-31.25,-8.30078125
259.02734375,23.4375,-35.64453125,-50.78125,-4.39453125
259.03125,20.01953125,-40.0390625,-45.8984375,-13.18359375
259.03515625,19.53125,-26.3671875,-31.73828125,-27.83203125
259.0390625,6.34765625,-22.4609375,-23.4375,-27.34375
259.04296875,2.44140625,-25.390625,-20.01953125,-5.37109375
259.046875,11.23046875,-32.2265625,-27.34375,-2.44140625
259.05078125,17.578125,-33.203125,-21.484375,-18.06640625
259.0546875,24.4140625,-24.4140625,-19.53125,-11.71875
259.05859375,28.3203125,-18.06640625,-22.94921875,-11.23046875
259.0625,32.71484375,-8.30078125,-15.13671875,2.9296875
259.06640625,16.11328125,-7.32421875,-13.671875,4.8828125
259.0703125,6.8359375,-20.5078125,-10.25390625,-19.04296875
259.07421875,7.8125,-20.01953125,-7.32421875,-24.90234375
259.078125,5.859375,-21.484375,-7.8125,-19.04296875
259.08203125,21.484375,-28.3203125,-12.20703125,-9.765625
259.0859375,17.578125,-27.83203125,-18.5546875,-19.04296875
259.08984375,4.8828125,-32.71484375,-20.99609375,-41.015625
259.09375,15.13671875,-38.57421875,-27.83203125,-24.4140625
259.09765625,14.16015625,-32.71484375,-34.1796875,-8.7890625
259.1015625,14.16015625,-25.87890625,-36.62109375,-15.13671875
259.10546875,15.13671875,-24.4140625,-38.57421875,-11.23046875
259.109375,2.9296875,-14.6484375,-34.66796875,-6.8359375
259.11328125,14.6484375,-2.44140625,-16.11328125,-7.8125
259.1171875,12.20703125,-2.9296875,-4.39453125,-5.37109375
259.12109375,0.0,-24.90234375,-5.859375,-10.7421875
259.125,6.34765625,-26.85546875,0.0,-10.7421875
259.12890625,15.625,-15.625,-1.953125,-11.71875
259.1328125,15.13671875,-16.6015625,-17.578125,-18.06640625
259.13671875,2.44140625,-16.11328125,-30.76171875,-28.80859375
259.140625,0.9765625,-20.99609375,-30.76171875,-23.92578125
259.14453125,13.18359375,-27.34375,-24.90234375,-24.4140625
259.1484375,16.6015625,-31.73828125,-33.69140625,-9.765625
259.15234375,6.8359375,-35.15625,-40.0390625,-7.8125
259.15625,-11.71875,-40.0390625,-29.78515625,-28.3203125
259.16015625,-0.9765625,-46.875,-22.94921875,-25.390625
259.1640625,14.16015625,-34.66796875,-34.1796875,-29.296875
259.16796875,9.27734375,-23.92578125,-38.0859375,-26.85546875
259.171875,5.859375,-26.85546875,-36.62109375,-29.296875
259.17578125,1.953125,-18.06640625,-34.66796875,-27.83203125
259.1796875,16.11328125,-5.859375,-35.15625,2.44140625
259.18359375,4.8828125,-14.6484375,-33.69140625,-9.765625
259.1875,0.9765625,-27.83203125,-19.04296875,-18.06640625
259.19140625,14.16015625,-20.99609375,-13.18359375,-17.08984375
259.1953125,19.53125,-15.625,-28.3203125,-25.390625
259.19921875,26.3671875,-22.4609375,-23.92578125,-6.8359375
259.203125,3.90625,-25.87890625,-12.20703125,-20.01953125
259.20703125,-4.8828125,-14.6484375,-8.30078125,-26.3671875
259.2109375,14.16015625,-6.8359375,-4.39453125,-3.90625
259.21484375,20.01953125,-17.578125,-10.25390625,-11.23046875
259.21875,41.9921875,-21.484375,-21.97265625,-0.48828125
259.22265625,41.50390625,-21.97265625,-29.296875,21.484375
259.2265625,4.8828125,-14.16015625,-23.4375,-18.5546875
259.23046875,-10.7421875,-1.953125,-20.99609375,-15.13671875
259.234375,-0.9765625,-9.27734375,-21.97265625,1.953125
259.23828125,2.9296875,-15.13671875,-17.578125,-18.06640625
259.2421875,8.7890625,-15.13671875,-14.6484375,0.9765625
259.24609375,7.32421875,-17.578125,-14.6484375,-6.34765625
259.25,3.41796875,-24.90234375,-16.6015625,-29.78515625
259.25390625,26.3671875,-36.62109375,-21.484375,-7.32421875
259.2578125,59.5703125,-41.9921875,-21.97265625,12.20703125
259.26171875,20.99609375,-37.109375,-28.3203125,-20.99609375
259.265625,-25.390625,-30.76171875,-27.83203125,-66.40625
259.26953125,-16.11328125,-21.97265625,-24.4140625,-53.22265625
259.2734375,11.71875,-12.20703125,-29.296875,-21.97265625
259.27734375,-1.953125,-14.6484375,-46.38671875,-29.296875
259.28125,-33.69140625,-22.4609375,-42.48046875,-36.1328125
259.28515625,-35.64453125,-24.4140625,-17.08984375,-33.203125
259.2890625,-25.87890625,-34.1796875,-13.671875,-32.71484375
259.29296875,-14.16015625,-43.45703125,-20.01953125,-58.59375
259.296875,-21.484375,-40.0390625,-33.69140625,-66.89453125
259.30078125,-23.4375,-37.109375,-36.62109375,-42.96875
259.3046875,-4.39453125,-34.1796875,-20.01953125,-37.109375
259.30859375,21.484375,-12.20703125,-19.53125,-32.2265625
259.3125,21.484375,-9.27734375,-21.484375,-14.6484375
259.31640625,11.23046875,-31.25,-22.4609375,-7.32421875
259.3203125,13.671875,-35.64453125,-26.3671875,-36.1328125
259.32421875,7.8125,-28.80859375,-20.01953125,-30.76171875
259.328125,15.13671875,-20.01953125,-24.90234375,-17.578125
259.33203125,28.80859375,-18.5546875,-31.25,-34.1796875
259.3359375,5.37109375,-35.15625,-33.203125,-45.41015625
259.33984375,-2.9296875,-41.50390625,-54.19921875,-29.78515625
259.34375,7.8125,-21.97265625,-62.01171875,-34.66796875
259.34765625,17.578125,-20.5078125,-33.203125,-19.04296875
259.3515625,13.671875,-27.34375,-15.625,-20.99609375
259.35546875,17.08984375,-15.625,-10.25390625,-15.13671875
259.359375,30.2734375,-9.27734375,-17.08984375,19.04296875
259.36328125,33.203125,-13.671875,-24.90234375,8.30078125
259.3671875,34.66796875,-18.5546875,-24.90234375,-24.4140625
259.37109375,28.3203125,-37.59765625,-24.90234375,-37.109375
259.375,29.78515625,-40.0390625,-25.390625,-18.06640625
259.37890625,20.99609375,-15.625,-26.3671875,0.48828125
259.3828125,16.6015625,-18.06640625,-33.69140625,-19.53125
259.38671875,20.01953125,-24.4140625,-32.2265625,-14.6484375
259.390625,0.0,-21.484375,-23.4375,-12.20703125
259.39453125,-0.9765625,-22.94921875,-26.85546875,-17.578125
259.3984375,8.30078125,-23.92578125,-23.4375,-6.34765625
259.40234375,2.9296875,-26.3671875,-17.08984375,-8.30078125
259.40625,9.765625,-23.92578125,-22.4609375,-6.34765625
259.41015625,32.2265625,-19.53125,-18.5546875,13.671875
259.4140625,28.3203125,-16.6015625,-20.01953125,-8.7890625
259.41796875,21.484375,-17.08984375,-23.4375,6.34765625
259.421875,19.04296875,-20.01953125,-21.97265625,-0.9765625
259.42578125,24.4140625,-20.99609375,-13.671875,-24.4140625
259.4296875,12.20703125,-22.94921875,-9.27734375,-1.46484375
259.43359375,0.9765625,-17.578125,-20.01953125,-5.859375
259.4375,13.671875,-17.08984375,-28.80859375,-18.06640625
259.44140625,6.34765625,-26.85546875,-34.66796875,-31.25
259.4453125,4.8828125,-28.3203125,-32.2265625,-25.87890625
259.44921875,7.8125,-28.3203125,-17.578125,-13.18359375
259.453125,18.06640625,-28.3203125,-17.578125,-26.3671875
259.45703125,35.15625,-20.99609375,-32.71484375,1.46484375
259.4609375,34.1796875,-18.5546875,-28.80859375,8.7890625
259.46484375,31.73828125,-26.3671875,-12.6953125,4.39453125
259.46875,20.99609375,-24.4140625,-11.23046875,22.4609375
259.47265625,23.92578125,-21.97265625,-34.1796875,19.04296875
259.4765625,32.2265625,-25.390625,-35.15625,9.27734375
259.48046875,-35.15625,-23.4375,-27.34375,-13.18359375
259.484375,-84.9609375,-20.01953125,-29.78515625,-23.92578125
259.48828125,-79.58984375,-9.765625,-20.01953125,-9.27734375
259.4921875,-77.63671875,-6.34765625,-12.20703125,3.41796875
259.49609375,-68.84765625,-10.7421875,-20.99609375,-1.953125
259.5,-56.15234375,-22.94921875,-16.6015625,-23.92578125
259.50390625,-51.7578125,-26.85546875,-3.41796875,-26.3671875
259.5078125,-69.3359375,-20.99609375,-2.9296875,-5.859375
259.51171875,-51.7578125,-23.4375,-12.20703125,-2.44140625
259.515625,-38.57421875,-25.390625,-29.78515625,-7.32421875
259.51953125,-47.36328125,-24.90234375,-28.80859375,-15.13671875
259.5234375,-33.203125,-27.34375,-14.6484375,-46.875
259.52734375,-38.0859375,-36.62109375,-2.9296875,-41.9921875
259.53125,-43.9453125,-43.9453125,-9.27734375,-9.27734375
259.53515625,-41.9921875,-49.8046875,-26.85546875,-10.25390625
259.5390625,-60.546875,-54.6875,-34.66796875,-17.08984375
259.54296875,-59.08203125,-37.109375,-23.4375,-20.01953125
259.546875,-55.17578125,-25.390625,-21.484375,-39.0625
259.55078125,-59.08203125,-26.3671875,-28.3203125,-44.43359375
259.5546875,-54.6875,-29.78515625,-26.85546875,-23.4375
259.55859375,-36.62109375,-39.55078125,-38.0859375,-7.8125
259.5625,-15.13671875,-30.76171875,-47.36328125,-9.765625
259.56640625,-26.3671875,-21.97265625,-34.66796875,-21.484375
259.5703125,-37.59765625,-27.83203125,-21.97265625,-41.015625
259.57421875,-48.828125,-31.25,-23.4375,-45.8984375
259.578125,-52.734375,-29.296875,-23.4375,-20.99609375
259.58203125,-42.96875,-28.80859375,-26.85546875,-8.30078125
259.5859375,-34.66796875,-36.62109375,-35.64453125,-23.92578125
259.58984375,-36.1328125,-41.015625,-37.59765625,-34.66796875
259.59375,-46.875,-34.66796875,-28.3203125,-22.4609375
259.59765625,-43.45703125,-26.85546875,-25.390625,-3.90625
259.6015625,-35.15625,-33.203125,-38.57421875,-0.9765625
259.60546875,-31.73828125,-40.0390625,-39.55078125,-10.7421875
259.609375,-31.25,-27.34375,-32.71484375,-25.87890625
259.61328125,-28.3203125,-14.16015625,-26.3671875,-19.04296875
259.6171875,-19.53125,-10.7421875,-10.7421875,-9.765625
259.62109375,-24.4140625,-14.16015625,-15.625,-9.765625
259.625,-13.18359375,-20.5078125,0.0,-1.953125
259.62890625,-7.8125,-29.296875,11.23046875,-19.04296875
259.6328125,-21.97265625,-17.578125,-8.7890625,-18.5546875
259.63671875,-21.484375,-18.5546875,-22.4609375,-7.8125
259.640625,-36.1328125,-38.57421875,-22.4609375,-32.71484375
259.64453125,-55.17578125,-46.875,-15.625,-47.36328125
259.6484375,-74.70703125,-47.36328125,-36.62109375,-62.5
259.65234375,-65.91796875,-34.66796875,-41.50390625,-52.734375
259.65625,-40.52734375,-29.296875,-9.765625,-35.15625
259.66015625,-65.91796875,-41.9921875,-1.46484375,-65.91796875
259.6640625,-76.66015625,-37.59765625,-5.37109375,-67.87109375
259.66796875,-57.12890625,-31.73828125,-4.39453125,-51.7578125
259.671875,-81.0546875,-44.921875,-12.20703125,-83.984375
259.67578125,-91.796875,-43.45703125,-27.34375,-84.9609375
259.6796875,-121.58203125,-25.87890625,-31.73828125,-107.91015625
259.68359375,-145.5078125,-17.08984375,-18.5546875,-154.78515625
259.6875,-137.20703125,-16.6015625,-15.13671875,-159.66796875
259.69140625,-168.45703125,-30.76171875,-15.625,-140.13671875
259.6953125,-189.94140625,-37.59765625,-6.8359375,-163.0859375
259.69921875,-169.921875,-35.64453125,6.8359375,-181.15234375
259.703125,-148.92578125,-33.69140625,-4.8828125,-166.015625
259.70703125,-149.4140625,-47.8515625,-15.13671875,-169.921875
259.7109375,-171.875,-55.17578125,-4.39453125,-182.6171875
259.71484375,-174.8046875,-41.015625,0.48828125,-169.921875
259.71875,-159.66796875,-33.69140625,1.46484375,-142.08984375
259.72265625,-146.97265625,-27.83203125,5.859375,-115.72265625
259.7265625,-126.953125,-19.04296875,7.32421875,-123.046875
259.73046875,-115.234375,-21.484375,3.90625,-124.0234375
259.734375,-118.65234375,-16.11328125,-10.25390625,-108.88671875
259.73828125,-125.9765625,-6.8359375,-3.41796875,-112.79296875
259.7421875,-112.3046875,-10.7421875,-0.9765625,-100.09765625
259.74609375,-71.2890625,-22.4609375,-35.15625,-71.2890625
259.75,-29.296875,-40.0390625,-34.66796875,-13.671875
259.75390625,-9.765625,-40.52734375,-2.9296875,4.8828125
259.7578125,-53.7109375,-31.73828125,7.32421875,-72.265625
259.76171875,-78.125,-17.08984375,2.9296875,-59.08203125
259.765625,-53.22265625,-12.6953125,-0.9765625,-35.15625
259.76953125,-29.296875,-16.6015625,-15.625,-46.875
259.7734375,-17.578125,-17.578125,-22.4609375,12.6953125
259.77734375,-14.6484375,-26.3671875,-18.06640625,-2.9296875
259.78125,-12.20703125,-32.2265625,-20.01953125,-22.4609375
259.78515625,-5.859375,-22.4609375,-25.87890625,7.8125
259.7890625,-8.30078125,-19.53125,-31.73828125,-1.46484375
259.79296875,-15.625,-20.01953125,-31.25,-6.8359375
259.796875,-4.8828125,-21.484375,-26.85546875,19.04296875
259.80078125,4.39453125,-26.85546875,-25.390625,16.6015625
259.8046875,22.94921875,-31.25,-26.3671875,17.08984375
259.80859375,19.53125,-26.3671875,-19.04296875,17.08984375
259.8125,15.625,-25.390625,-21.97265625,28.80859375
259.81640625,25.390625,-30.2734375,-20.5078125,115.72265625
259.8203125,-0.48828125,-27.83203125,-20.5078125,51.7578125
259.82421875,0.9765625,-16.11328125,-37.59765625,-47.8515625
259.828125,12.6953125,-17.578125,-50.78125,-14.16015625
259.83203125,19.53125,-20.5078125,-53.7109375,12.6953125
259.8359375,26.3671875,-9.765625,-41.50390625,23.92578125
259.83984375,25.390625,-14.16015625,-30.2734375,16.6015625
259.84375,39.55078125,-18.06640625,-24.4140625,6.8359375
259.84765625,51.26953125,-10.25390625,-16.6015625,31.73828125
259.8515625,46.38671875,-11.23046875,-22.4609375,39.55078125
259.85546875,49.31640625,-12.20703125,-24.4140625,33.69140625
259.859375,69.3359375,-16.11328125,-29.78515625,30.2734375
259.86328125,57.12890625,-16.11328125,-24.90234375,7.32421875
259.8671875,20.5078125,-21.484375,-11.23046875,5.859375
259.87109375,2.9296875,-26.3671875,-7.8125,18.06640625
259.875,16.11328125,-15.625,-8.7890625,12.6953125
259.87890625,9.27734375,-10.25390625,-15.13671875,-21.97265625
259.8828125,0.0,-12.6953125,-20.5078125,-29.78515625
259.88671875,-25.390625,-16.11328125,-17.578125,-31.25
259.890625,-17.578125,-12.20703125,-33.69140625,-47.8515625
259.89453125,-20.01953125,-17.578125,-37.109375,-62.5
259.8984375,-64.453125,-35.15625,-19.04296875,-86.42578125
259.90234375,-83.49609375,-44.43359375,-15.13671875,-81.0546875
259.90625,-81.0546875,-36.62109375,-10.25390625,-83.49609375
259.91015625,-97.16796875,-36.1328125,10.25390625,-107.421875
259.9140625,-139.16015625,-29.78515625,1.46484375,-132.32421875
259.91796875,-148.92578125,-22.4609375,-26.85546875,-169.43359375
259.921875,-123.046875,-33.203125,-28.80859375,-143.5546875
259.92578125,-98.14453125,-40.52734375,3.41796875,-97.16796875
259.9296875,-132.8125,-43.45703125,20.99609375,-144.53125
259.93359375,-166.50390625,-41.50390625,22.94921875,-185.546875
259.9375,-128.90625,-18.5546875,20.5078125,-132.32421875
259.94140625,-106.93359375,-17.08984375,4.39453125,-115.72265625
259.9453125,-114.2578125,-33.203125,2.44140625,-141.6015625
259.94921875,-144.53125,-35.15625,6.8359375,-133.30078125
259.953125,-102.05078125,-38.57421875,2.44140625,-97.65625
259.95703125,-82.03125,-42.96875,9.765625,-98.14453125
259.9609375,-97.65625,-22.4609375,8.7890625,-105.46875
259.96484375,-62.5,-10.25390625,-0.48828125,-91.30859375
259.96875,-82.03125,-21.97265625,1.46484375,-110.83984375
259.97265625,-106.93359375,-19.04296875,20.01953125,-76.66015625
259.9765625,-79.1015625,-7.8125,31.73828125,-64.94140625
259.98046875,-37.59765625,9.765625,-7.32421875,-78.125
259.984375,-17.08984375,7.8125,-9.765625,-47.8515625
259.98828125,-29.296875,-5.37109375,12.20703125,-43.9453125
259.9921875,-33.203125,-17.08984375,-4.39453125,-47.36328125
259.99609375,-26.3671875,-29.78515625,-23.92578125,-56.640625
260.0,-20.5078125,-25.390625,-26.3671875,-55.6640625
260.00390625,-3.41796875,-12.20703125,-20.99609375,-15.625
260.0078125,21.97265625,-24.90234375,-18.06640625,-4.8828125
260.01171875,-11.23046875,-30.76171875,-35.64453125,-44.43359375
260.015625,-21.97265625,-18.06640625,-43.9453125,-33.203125
260.01953125,-12.20703125,-20.01953125,-31.73828125,-41.50390625
260.0234375,-23.4375,-17.08984375,-34.1796875,-55.17578125
260.02734375,-5.859375,-0.48828125,-51.26953125,-28.80859375
260.03125,11.23046875,5.859375,-56.640625,-35.64453125
260.03515625,-4.8828125,-6.8359375,-33.69140625,-65.4296875
260.0390625,-21.484375,-12.6953125,-34.1796875,-59.5703125
260.04296875,-11.23046875,-11.71875,-67.87109375,-42.48046875
260.046875,-32.71484375,-16.11328125,-67.3828125,-27.34375
260.05078125,-30.76171875,-12.20703125,-44.43359375,4.39453125
260.0546875,21.97265625,-12.20703125,-59.5703125,-9.765625
260.05859375,19.53125,-3.90625,-84.9609375,-15.13671875
260.0625,-3.90625,5.37109375,-87.890625,-18.5546875
260.06640625,8.30078125,5.37109375,-88.8671875,-34.66796875
260.0703125,7.8125,5.37109375,-71.77734375,-20.99609375
260.07421875,-15.625,-3.90625,-50.29296875,-33.203125
260.078125,-17.578125,-6.34765625,-71.77734375,-30.76171875
260.08203125,-14.16015625,16.11328125,-98.6328125,-19.53125
260.0859375,-21.484375,-2.44140625,-78.61328125,-32.71484375
260.08984375,-13.18359375,-14.16015625,-36.62109375,-26.85546875
260.09375,-36.1328125,-11.71875,-52.24609375,-84.9609375
260.09765625,-79.1015625,-27.34375,-70.80078125,-127.44140625
260.1015625,-121.09375,-17.08984375,-82.03125,-113.76953125
260.10546875,-129.39453125,-0.48828125,-68.359375,-110.3515625
260.109375,-124.0234375,14.6484375,-46.875,-99.12109375
260.11328125,-124.0234375,12.20703125,-24.90234375,-150.87890625
260.1171875,-106.4453125,22.4609375,28.80859375,-153.80859375
260.12109375,-102.05078125,37.59765625,9.27734375,-137.6953125
260.125,-137.6953125,34.66796875,-31.25,-167.48046875
260.12890625,-127.9296875,47.36328125,-15.625,-162.109375
260.1328125,-95.703125,57.6171875,-7.8125,-163.0859375
260.13671875,-72.75390625,51.26953125,20.01953125,-175.78125
260.140625,-70.3125,46.875,19.04296875,-169.43359375
260.14453125,-77.1484375,40.52734375,-0.9765625,-157.2265625
260.1484375,-84.9609375,31.73828125,29.78515625,-136.71875
260.15234375,-62.5,38.57421875,55.6640625,-128.41796875
260.15625,-50.29296875,46.38671875,31.73828125,-155.2734375
260.16015625,-41.015625,42.48046875,7.32421875,-137.6953125
260.1640625,-24.90234375,23.92578125,-24.90234375,-74.70703125
260.16796875,-60.546875,20.99609375,-50.78125,-85.9375
260.171875,-63.96484375,13.671875,-33.69140625,-108.88671875
260.17578125,6.34765625,-31.73828125,-20.99609375,-104.4921875
260.1796875,-4.8828125,-31.73828125,-23.92578125,-82.51953125
260.18359375,-10.25390625,-6.8359375,-9.765625,-44.921875
260.1875,25.390625,-3.41796875,-18.06640625,-41.9921875
260.19140625,43.9453125,-4.8828125,-67.3828125,-41.9921875
260.1953125,66.89453125,-19.04296875,-78.61328125,-31.25
260.19921875,57.6171875,-40.0390625,-55.6640625,-31.73828125
260.203125,64.94140625,-50.29296875,-79.1015625,-33.203125
260.20703125,53.22265625,-50.29296875,-86.42578125,-28.3203125
260.2109375,33.203125,-47.8515625,-77.63671875,-1.953125
260.21484375,55.6640625,-66.40625,-89.35546875,-4.8828125
260.21875,91.30859375,-73.73046875,-75.68359375,6.34765625
260.22265625,133.30078125,-74.70703125,-78.125,68.84765625
260.2265625,147.4609375,-94.23828125,-95.21484375,78.125
260.23046875,99.609375,-79.58984375,-105.95703125,58.10546875
260.234375,68.84765625,-33.69140625,-139.16015625,48.828125
260.23828125,84.9609375,-15.13671875,-154.296875,30.76171875
260.2421875,60.05859375,-11.71875,-126.953125,34.1796875
260.24609375,70.3125,-30.76171875,-101.5625,37.59765625
260.25,93.75,-59.08203125,-83.984375,42.96875
260.25390625,88.8671875,-47.8515625,-75.1953125,57.6171875
260.2578125,96.19140625,-23.92578125,-73.73046875,77.1484375
260.26171875,92.7734375,-22.4609375,-75.1953125,109.375
260.265625,79.1015625,-23.4375,-79.58984375,78.125
260.26953125,59.5703125,-17.08984375,-83.984375,40.0390625
260.2734375,82.51953125,-6.8359375,-102.05078125,62.98828125
260.27734375,92.28515625,-4.39453125,-105.46875,81.54296875
260.28125,76.66015625,-7.8125,-80.078125,67.87109375
260.28515625,89.35546875,-14.6484375,-62.5,93.75
260.2890625,67.87109375,-22.94921875,-73.73046875,108.88671875
260.29296875,51.26953125,-17.578125,-84.9609375,64.94140625
260.296875,74.21875,-12.6953125,-93.26171875,70.80078125
260.30078125,79.58984375,-0.9765625,-92.28515625,118.65234375
260.3046875,75.1953125,13.18359375,-102.05078125,72.265625
260.30859375,58.10546875,15.625,-107.91015625,36.62109375
260.3125,62.01171875,13.671875,-110.3515625,73.2421875
260.31640625,79.1015625,19.04296875,-115.234375,56.15234375
260.3203125,79.1015625,21.484375,-98.14453125,48.33984375
260.32421875,72.265625,17.578125,-78.125,71.2890625
260.328125,71.77734375,25.87890625,-87.40234375,81.0546875
260.33203125,80.078125,36.62109375,-107.91015625,75.68359375
260.3359375,82.03125,25.390625,-110.3515625,48.33984375
260.33984375,75.1953125,6.34765625,-109.375,51.26953125
260.34375,59.08203125,6.8359375,-112.3046875,41.015625
260.34765625,31.73828125,18.06640625,-115.72265625,74.70703125
260.3515625,17.08984375,22.94921875,-119.62890625,63.96484375
260.35546875,42.96875,20.5078125,-121.58203125,40.52734375
260.359375,47.8515625,12.20703125,-133.7890625,39.0625
260.36328125,6.34765625,7.32421875,-136.71875,12.6953125
260.3671875,-9.765625,4.8828125,-126.953125,14.16015625
260.37109375,15.13671875,0.9765625,-119.140625,32.71484375
260.375,11.71875,-7.32421875,-125.9765625,6.8359375
260.37890625,12.20703125,-4.39453125,-123.53515625,9.27734375
260.3828125,35.15625,-4.39453125,-119.140625,69.3359375
260.38671875,-1.953125,-14.6484375,-142.08984375,41.50390625
260.390625,-11.23046875,-6.34765625,-143.06640625,-13.18359375
260.39453125,-10.7421875,-1.46484375,-127.9296875,4.39453125
260.3984375,-24.4140625,-1.953125,-118.1640625,29.78515625
260.40234375,-24.90234375,-11.71875,-102.5390625,28.80859375
260.40625,-3.41796875,-22.94921875,-107.421875,2.44140625
260.41015625,-10.7421875,-9.765625,-115.234375,4.39453125
260.4140625,-18.06640625,-9.27734375,-108.3984375,6.34765625
260.41796875,10.7421875,-19.53125,-97.65625,8.30078125
260.421875,-3.41796875,-20.5078125,-89.35546875,18.06640625
260.42578125,-29.78515625,-17.08984375,-93.26171875,54.19921875
260.4296875,-19.04296875,-15.13671875,-97.65625,26.3671875
260.43359375,-14.16015625,-18.06640625,-89.84375,-18.06640625
260.4375,-8.7890625,-13.671875,-72.75390625,1.953125
260.44140625,-10.25390625,-8.7890625,-60.05859375,30.76171875
260.4453125,-3.41796875,-7.8125,-73.2421875,29.296875
260.44921875,36.62109375,-13.671875,-80.56640625,-0.48828125
260.453125,9.765625,-20.5078125,-76.66015625,7.8125
260.45703125,-21.97265625,-20.01953125,-76.171875,46.875
260.4609375,0.9765625,-32.2265625,-64.453125,86.9140625
260.46484375,41.015625,-29.78515625,-61.5234375,29.78515625
260.46875,14.6484375,-27.83203125,-84.9609375,-16.11328125
260.47265625,-42.48046875,-41.50390625,-85.9375,-8.30078125
260.4765625,-62.5,-30.2734375,-65.4296875,-30.76171875
260.48046875,-50.78125,-17.578125,-61.5234375,-38.0859375
260.484375,-37.59765625,-21.97265625,-53.7109375,-10.7421875
260.48828125,-11.23046875,-20.5078125,-50.78125,-4.8828125
260.4921875,-30.76171875,-19.04296875,-73.73046875,-6.34765625
260.49609375,-63.4765625,-27.83203125,-67.87109375,2.44140625
260.5,-39.55078125,-32.71484375,-49.31640625,-3.41796875
260.50390625,-35.64453125,-39.0625,-50.78125,-4.39453125
260.5078125,-41.50390625,-38.0859375,-48.828125,-26.3671875
260.51171875,-23.92578125,-24.4140625,-39.55078125,-30.2734375
260.515625,-14.16015625,-16.11328125,-40.0390625,7.8125
260.51953125,-10.25390625,-6.8359375,-42.48046875,53.22265625
260.5234375,9.765625,5.37109375,-55.6640625,35.64453125
260.52734375,12.20703125,-10.25390625,-51.7578125,0.48828125
260.53125,-15.13671875,-20.99609375,-29.78515625,-21.97265625
260.53515625,-34.66796875,-23.4375,-16.6015625,-33.203125
260.5390625,-19.53125,-36.1328125,-11.71875,-20.99609375
260.54296875,-8.7890625,-30.76171875,-9.27734375,12.6953125
260.546875,-13.18359375,-12.6953125,2.44140625,19.04296875
260.55078125,-12.20703125,11.23046875,-3.90625,0.9765625
260.5546875,8.7890625,17.578125,-21.484375,16.11328125
260.55859375,17.08984375,-1.953125,-10.7421875,29.78515625
260.5625,-2.44140625,-7.32421875,7.8125,-0.9765625
260.56640625,-5.37109375,-2.44140625,7.8125,17.08984375
260.5703125,-4.39453125,-9.765625,-6.8359375,6.8359375
260.57421875,-9.27734375,-9.27734375,-19.04296875,8.30078125
260.578125,8.30078125,2.9296875,-7.32421875,30.76171875
260.58203125,-20.99609375,0.0,8.30078125,-7.32421875
260.5859375,-38.0859375,-15.13671875,12.6953125,-7.32421875
260.58984375,-9.27734375,-14.6484375,-5.37109375,26.85546875
260.59375,10.7421875,-12.20703125,-18.5546875,-3.90625
260.59765625,18.5546875,-24.4140625,-4.8828125,-29.78515625
260.6015625,17.08984375,-29.78515625,8.7890625,-0.48828125
260.60546875,3.90625,-29.78515625,9.27734375,26.85546875
260.609375,-0.9765625,-20.99609375,1.953125,16.11328125
260.61328125,-3.90625,-12.6953125,-2.9296875,1.46484375
260.6171875,-17.08984375,-4.8828125,2.44140625,29.296875
260.62109375,-5.37109375,10.7421875,0.9765625,57.12890625
260.625,4.8828125,8.30078125,-8.30078125,20.01953125
260.62890625,-9.765625,-9.27734375,-1.46484375,10.7421875
260.6328125,-10.7421875,-14.6484375,0.9765625,2.9296875
260.63671875,-5.37109375,-15.625,2.44140625,-9.765625
260.640625,-12.6953125,-16.11328125,9.27734375,1.953125
260.64453125,-12.6953125,-13.671875,11.71875,12.20703125
260.6484375,-5.859375,-3.90625,8.30078125,17.08984375
260.65234375,14.6484375,3.41796875,-11.23046875,18.06640625
260.65625,34.66796875,-13.671875,-21.97265625,47.36328125
260.66015625,-7.8125,-20.99609375,-0.48828125,10.25390625
260.6640625,-50.29296875,-6.34765625,11.23046875,-8.7890625
260.66796875,-61.03515625,-11.23046875,21.97265625,-4.8828125
260.671875,-50.29296875,-14.6484375,34.66796875,-15.13671875
260.67578125,-41.015625,-12.20703125,22.4609375,-14.16015625
260.6796875,-41.50390625,-22.94921875,19.04296875,-22.4609375
260.68359375,-50.78125,-29.78515625,37.59765625,-23.4375
260.6875,-49.31640625,-33.203125,33.69140625,27.34375
260.69140625,-70.3125,-30.76171875,24.90234375,1.953125
260.6953125,-86.42578125,-21.484375,28.3203125,-30.2734375
260.69921875,-55.17578125,-24.90234375,30.2734375,-11.23046875
260.703125,-45.8984375,-35.64453125,24.90234375,8.7890625
260.70703125,-49.8046875,-41.015625,19.04296875,6.8359375
260.7109375,-47.8515625,-25.87890625,17.578125,-1.46484375
260.71484375,-37.59765625,-19.53125,9.765625,29.296875
260.71875,-50.29296875,-26.3671875,-7.32421875,16.6015625
260.72265625,-49.8046875,-27.83203125,-5.37109375,-1.46484375
260.7265625,-26.85546875,-16.11328125,4.39453125,25.390625
260.73046875,-50.29296875,-18.06640625,-2.9296875,6.8359375
260.734375,-70.3125,-26.85546875,7.8125,-5.37109375
260.73828125,-73.2421875,-17.578125,24.90234375,3.90625
260.7421875,-81.0546875,-13.18359375,17.08984375,-29.78515625
260.74609375,-44.921875,-15.625,7.8125,-33.203125
260.75,-20.01953125,-23.92578125,7.32421875,-16.6015625
260.75390625,-38.57421875,-30.2734375,-10.7421875,12.6953125
260.7578125,-53.22265625,-20.99609375,-14.6484375,32.2265625
260.76171875,-56.640625,-17.08984375,0.0,-13.671875
260.765625,-57.12890625,-21.484375,-5.37109375,-39.55078125
260.76953125,-41.9921875,-19.53125,-5.859375,15.13671875
260.7734375,-43.9453125,-20.99609375,1.46484375,10.7421875
260.77734375,-53.7109375,-20.99609375,1.46484375,-5.37109375
260.78125,-40.52734375,-23.92578125,5.859375,9.27734375
260.78515625,-26.85546875,-23.4375,4.8828125,-1.953125
260.7890625,-9.27734375,-15.625,-11.23046875,-0.48828125
260.79296875,-18.5546875,-20.01953125,-8.7890625,-1.46484375
260.796875,-45.8984375,-29.78515625,1.953125,-2.44140625
260.80078125,-54.19921875,-36.62109375,11.71875,16.6015625
260.8046875,-55.17578125,-33.69140625,8.7890625,12.6953125
260.80859375,-45.41015625,-24.90234375,-15.625,-3.41796875
260.8125,-44.43359375,-36.1328125,-17.578125,-24.4140625
260.81640625,-22.4609375,-45.41015625,-7.8125,-20.5078125
260.8203125,-34.66796875,-23.92578125,-7.8125,-17.578125
260.82421875,-57.6171875,-9.765625,-11.23046875,-29.296875
260.828125,-32.2265625,-12.20703125,-13.18359375,-30.2734375
260.83203125,-33.203125,-15.625,-4.39453125,-52.24609375
260.8359375,-57.12890625,-24.90234375,-4.39453125,-43.45703125
260.83984375,-39.0625,-24.4140625,-3.90625,-11.23046875
260.84375,-42.96875,-13.671875,-5.859375,34.1796875
260.84765625,-91.30859375,-16.11328125,-7.8125,5.37109375
260.8515625,-62.01171875,-19.04296875,-7.8125,-55.17578125
260.85546875,-2.9296875,-22.4609375,-11.23046875,-40.52734375
260.859375,-14.6484375,-19.53125,-20.5078125,-14.6484375
260.86328125,-12.20703125,-23.92578125,-26.85546875,-1.953125
260.8671875,-29.78515625,-20.5078125,-15.625,21.484375
260.87109375,-45.8984375,-23.4375,-7.32421875,-15.625
260.875,-37.59765625,-33.203125,-3.41796875,-41.015625
260.87890625,-26.3671875,-22.94921875,-1.953125,-35.15625
260.8828125,2.9296875,-15.625,-11.71875,-34.1796875
260.88671875,-4.39453125,-20.99609375,-25.87890625,-29.296875
260.890625,-11.23046875,-27.34375,-22.94921875,-17.578125
260.89453125,-23.92578125,-14.16015625,-11.71875,-7.8125
260.8984375,-52.24609375,-7.8125,-13.671875,7.32421875
260.90234375,-36.62109375,-4.8828125,-5.37109375,-3.90625
260.90625,-26.85546875,-11.71875,-6.34765625,-15.625
260.91015625,-37.109375,-29.78515625,-18.06640625,-52.734375
260.9140625,-30.2734375,-29.296875,-21.97265625,-45.8984375
260.91796875,-34.1796875,-22.94921875,-20.5078125,-28.80859375
260.921875,-29.296875,-37.109375,-10.7421875,-36.1328125
260.92578125,-14.6484375,-44.43359375,-9.765625,-13.18359375
260.9296875,-45.8984375,-20.5078125,-20.5078125,-3.90625
260.93359375,-62.98828125,-28.3203125,-22.94921875,-28.80859375
260.9375,-38.57421875,-42.96875,-12.6953125,-32.2265625
260.94140625,-17.578125,-36.62109375,-4.39453125,2.9296875
260.9453125,-20.99609375,-34.1796875,-8.7890625,-26.85546875
260.94921875,-26.3671875,-28.80859375,-20.99609375,-41.9921875
260.953125,-18.06640625,-23.92578125,-19.04296875,-17.08984375
260.95703125,-22.94921875,-28.80859375,-13.671875,-27.83203125
260.9609375,-40.0390625,-37.109375,-14.16015625,-28.3203125
260.96484375,-27.83203125,-30.2734375,-12.6953125,-24.4140625
260.96875,-20.01953125,-36.1328125,-12.6953125,-20.01953125
260.97265625,-7.32421875,-49.31640625,-21.484375,23.4375
260.9765625,6.8359375,-37.59765625,-35.15625,14.16015625
260.98046875,-24.4140625,-33.203125,-29.296875,-27.34375
260.984375,-43.45703125,-31.73828125,-24.4140625,-34.1796875
260.98828125,-28.3203125,-20.99609375,-18.06640625,-37.59765625
260.9921875,-27.34375,-31.25,-15.13671875,-48.828125
260.99609375,-25.87890625,-43.9453125,-15.625,-31.25
261.0,-21.484375,-55.6640625,-15.625,-28.80859375
261.00390625,-25.390625,-54.6875,-19.53125,-40.52734375
261.0078125,-43.9453125,-41.50390625,-24.90234375,-46.875
261.01171875,-43.9453125,-36.62109375,-30.76171875,-55.17578125
261.015625,-48.828125,-35.64453125,-24.90234375,-53.22265625
261.01953125,-37.109375,-36.1328125,-26.85546875,-25.390625
261.0234375,-0.48828125,-36.62109375,-50.78125,-4.39453125
261.02734375,4.8828125,-44.43359375,-45.41015625,-15.625
261.03125,-18.06640625,-44.43359375,-22.94921875,-5.37109375
261.03515625,-28.80859375,-27.34375,-21.484375,-35.15625
261.0390625,-27.34375,-24.90234375,-16.6015625,-66.89453125
261.04296875,-16.6015625,-25.390625,-3.41796875,-46.875
261.046875,-6.34765625,-28.80859375,-11.23046875,-37.109375
261.05078125,-3.90625,-41.9921875,-19.04296875,-41.9921875
261.0546875,-17.08984375,-47.8515625,-22.94921875,-38.57421875
261.05859375,-19.04296875,-43.45703125,-29.296875,-18.5546875
261.0625,-4.39453125,-40.0390625,-32.2265625,-34.1796875
261.06640625,-33.203125,-42.48046875,-47.36328125,-41.50390625
261.0703125,-20.01953125,-34.66796875,-31.25,-11.71875
261.07421875,14.6484375,-23.92578125,-9.27734375,-49.31640625
261.078125,0.0,-35.15625,-12.6953125,-48.828125
261.08203125,-11.71875,-38.57421875,-10.7421875,-31.73828125
261.0859375,0.48828125,-27.34375,-9.27734375,-45.8984375
261.08984375,6.34765625,-18.06640625,-10.7421875,-8.30078125
261.09375,4.8828125,-19.04296875,-21.97265625,-9.27734375
261.09765625,8.7890625,-24.90234375,-25.390625,-26.3671875
261.1015625,0.9765625,-24.4140625,-22.4609375,1.953125
261.10546875,5.859375,-27.83203125,-30.76171875,-2.9296875
261.109375,-6.8359375,-34.1796875,-22.4609375,13.671875
261.11328125,-4.39453125,-28.80859375,-9.765625,11.71875
261.1171875,-5.859375,-21.484375,-23.4375,-27.83203125
261.12109375,-1.953125,-16.11328125,-21.97265625,-48.828125
261.125,14.16015625,-12.6953125,-7.32421875,-24.90234375
261.12890625,-9.27734375,-22.4609375,0.48828125,-32.71484375
261.1328125,-18.5546875,-34.1796875,0.9765625,-51.26953125
261.13671875,-4.8828125,-32.2265625,0.0,-19.04296875
261.140625,10.25390625,-22.4609375,-7.32421875,-15.625
261.14453125,10.25390625,-24.90234375,-21.97265625,-31.73828125
261.1484375,-20.01953125,-30.76171875,-15.625,-27.83203125
261.15234375,-25.390625,-25.87890625,-7.8125,-14.6484375
261.15625,-17.578125,-14.16015625,-9.27734375,-7.8125
261.16015625,-9.27734375,-19.04296875,-10.7421875,-39.0625
261.1640625,-12.20703125,-28.80859375,-19.04296875,-34.1796875
261.16796875,-23.92578125,-25.390625,-20.5078125,8.30078125
261.171875,-26.85546875,-19.04296875,-17.08984375,-23.4375
261.17578125,-4.8828125,-15.13671875,-9.27734375,-29.296875
261.1796875,6.34765625,-5.37109375,-10.25390625,11.23046875
261.18359375,8.7890625,-7.32421875,-19.53125,4.39453125
261.1875,14.6484375,-27.83203125,-20.99609375,-26.85546875
261.19140625,-5.37109375,-35.64453125,-19.53125,-35.64453125
261.1953125,-27.83203125,-29.78515625,-15.625,-22.94921875
261.19921875,-35.15625,-21.484375,-13.18359375,-10.7421875
261.203125,-22.4609375,-22.4609375,-15.13671875,5.37109375
261.20703125,-7.8125,-22.94921875,-7.8125,4.8828125
261.2109375,-12.6953125,-28.3203125,0.48828125,-48.828125
261.21484375,-28.3203125,-33.69140625,0.0,-49.8046875
261.21875,-26.85546875,-33.69140625,-3.41796875,2.9296875
261.22265625,-22.4609375,-38.0859375,-7.8125,-19.53125
261.2265625,-61.03515625,-39.55078125,-17.08984375,-68.84765625
261.23046875,-71.2890625,-38.57421875,-16.11328125,-63.4765625
261.234375,-60.546875,-42.96875,-6.8359375,-62.5
261.23828125,-98.6328125,-48.33984375,-15.13671875,-71.77734375
261.2421875,-114.74609375,-47.36328125,-10.25390625,-75.1953125
261.24609375,-94.23828125,-37.109375,0.0,-78.125
261.25,-111.328125,-28.80859375,-8.7890625,-106.4453125
261.25390625,-152.83203125,-37.59765625,-17.08984375,-164.0625
261.2578125,-152.83203125,-44.921875,-9.765625,-169.43359375
261.26171875,-138.671875,-45.8984375,3.41796875,-137.6953125
261.265625,-122.0703125,-46.875,-4.39453125,-162.59765625
261.26953125,-145.99609375,-43.9453125,-30.76171875,-187.98828125
261.2734375,-138.671875,-41.015625,-33.203125,-157.71484375
261.27734375,-129.39453125,-25.87890625,-11.71875,-168.9453125
261.28125,-118.65234375,-16.6015625,-0.9765625,-180.17578125
261.28515625,-115.72265625,-21.484375,-4.39453125,-110.3515625
261.2890625,-104.98046875,-15.13671875,-25.87890625,-97.65625
261.29296875,-89.35546875,-12.6953125,-38.57421875,-138.18359375
261.296875,-83.984375,-12.6953125,-21.97265625,-104.4921875
261.30078125,-82.03125,-16.6015625,-26.85546875,-105.95703125
261.3046875,-73.73046875,-20.5078125,-32.71484375,-55.17578125
261.30859375,-41.015625,-12.20703125,-6.8359375,-13.18359375
261.3125,-37.59765625,-3.41796875,-4.39453125,-77.1484375
261.31640625,-40.0390625,-6.34765625,-24.90234375,-91.796875
261.3203125,-7.8125,-26.3671875,-26.3671875,-53.7109375
261.32421875,13.671875,-44.43359375,-32.2265625,-33.69140625
261.328125,42.48046875,-33.69140625,-38.57421875,-20.01953125
261.33203125,20.01953125,-16.11328125,-32.2265625,-13.671875
261.3359375,-9.27734375,-16.6015625,-34.66796875,-24.4140625
261.33984375,19.04296875,-23.4375,-45.8984375,0.0
261.34375,0.0,-22.4609375,-21.484375,65.4296875
261.34765625,6.34765625,-11.23046875,-1.953125,33.69140625
261.3515625,26.3671875,-13.18359375,-26.3671875,-30.2734375
261.35546875,35.15625,-23.92578125,-32.71484375,-3.90625
261.359375,46.875,-25.87890625,-9.765625,15.625
261.36328125,84.9609375,-31.73828125,-10.25390625,27.83203125
261.3671875,90.33203125,-32.71484375,-41.9921875,51.26953125
261.37109375,55.17578125,-31.73828125,-42.96875,60.05859375
261.375,38.0859375,-22.94921875,-19.53125,58.10546875
261.37890625,31.25,-15.625,-10.7421875,18.5546875
261.3828125,49.31640625,-20.01953125,-30.76171875,-9.27734375
261.38671875,49.8046875,-11.71875,-27.83203125,43.9453125
261.390625,25.87890625,-17.08984375,-9.27734375,73.2421875
261.39453125,60.05859375,-23.4375,-19.53125,38.57421875
261.3984375,89.84375,-25.390625,-28.80859375,54.6875
261.40234375,66.89453125,-27.83203125,-19.04296875,34.1796875
261.40625,59.08203125,-18.06640625,-11.23046875,21.97265625
261.41015625,55.17578125,-11.23046875,-12.20703125,25.87890625
261.4140625,47.36328125,-9.27734375,-10.25390625,2.44140625
261.41796875,44.43359375,-14.16015625,-15.625,27.34375
261.421875,38.57421875,-15.625,-17.08984375,59.08203125
261.42578125,38.0859375,-13.18359375,-19.04296875,54.6875
261.4296875,57.12890625,-17.08984375,-31.25,57.12890625
261.43359375,76.66015625,-17.08984375,-33.203125,57.6171875
261.4375,57.6171875,-17.578125,-33.203125,39.0625
261.44140625,57.12890625,-12.6953125,-52.734375,25.87890625
261.4453125,52.734375,-14.6484375,-41.50390625,25.87890625
261.44921875,25.390625,-28.3203125,-23.4375,17.578125
261.453125,24.90234375,-39.0625,-21.97265625,-1.46484375
261.45703125,30.2734375,-43.9453125,-11.23046875,3.41796875
261.4609375,38.57421875,-40.0390625,-2.44140625,22.94921875
261.46484375,31.73828125,-26.3671875,-14.6484375,-8.30078125
261.46875,32.71484375,-26.85546875,-17.08984375,-6.8359375
261.47265625,16.6015625,-22.94921875,-13.18359375,5.37109375
261.4765625,-34.1796875,-20.99609375,-18.5546875,-58.10546875
261.48046875,-18.5546875,-28.3203125,-7.8125,-23.4375
261.484375,-14.6484375,-32.2265625,2.9296875,-25.390625
261.48828125,-40.0390625,-28.80859375,2.44140625,-63.4765625
261.4921875,-32.71484375,-23.92578125,-6.8359375,-76.66015625
261.49609375,-55.6640625,-28.3203125,-23.4375,-125.9765625
261.5,-83.984375,-31.25,-40.0390625,-114.2578125
261.50390625,-67.3828125,-31.73828125,-37.109375,-108.3984375
261.5078125,-45.41015625,-41.9921875,-22.4609375,-99.12109375
261.51171875,-54.6875,-47.8515625,-11.71875,-109.86328125
261.515625,-76.66015625,-28.3203125,-11.23046875,-118.65234375
261.51953125,-83.49609375,-2.44140625,-11.71875,-113.76953125
261.5234375,-93.75,-5.37109375,-19.53125,-132.8125
261.52734375,-79.58984375,-15.625,-31.25,-84.9609375
261.53125,-68.359375,-12.20703125,-45.41015625,-82.51953125
261.53515625,-69.3359375,-15.625,-44.43359375,-122.0703125
261.5390625,-43.9453125,-23.92578125,-7.8125,-102.5390625
261.54296875,-44.43359375,-11.23046875,-9.27734375,-57.12890625
261.546875,-61.03515625,-27.34375,-19.04296875,-58.59375
261.55078125,-50.78125,-31.25,-10.7421875,-89.84375
261.5546875,-53.7109375,-13.18359375,-21.97265625,-109.375
261.55859375,-22.4609375,-5.37109375,-30.76171875,-92.28515625
261.5625,-5.37109375,-7.32421875,-22.94921875,-62.98828125
261.56640625,10.25390625,-20.5078125,-18.06640625,-14.6484375
261.5703125,24.4140625,-18.5546875,-41.015625,23.4375
261.57421875,0.0,-10.25390625,-41.015625,-24.4140625
261.578125,4.8828125,-7.8125,-13.671875,-37.59765625
261.58203125,23.4375,-5.859375,-10.25390625,-19.04296875
261.5859375,20.5078125,-21.97265625,-20.01953125,-4.39453125
261.58984375,27.34375,-29.78515625,-10.25390625,16.11328125
261.59375,44.43359375,-17.08984375,-9.765625,96.6796875
261.59765625,44.921875,-7.32421875,-13.18359375,105.95703125
261.6015625,27.34375,-17.08984375,-8.7890625,-10.25390625
261.60546875,38.0859375,-45.41015625,-14.16015625,0.0
261.609375,59.08203125,-47.8515625,-34.1796875,55.17578125
261.61328125,18.5546875,-38.0859375,-25.87890625,45.8984375
261.6171875,23.4375,-36.62109375,16.6015625,37.109375
261.62109375,52.24609375,-23.92578125,-3.90625,54.6875
261.625,41.9921875,2.9296875,-9.27734375,40.52734375
261.62890625,5.859375,21.484375,34.1796875,40.0390625
261.6328125,-1.46484375,-3.41796875,48.828125,41.50390625
261.63671875,62.5,-22.94921875,36.62109375,98.6328125
261.640625,72.75390625,-4.39453125,0.0,112.3046875
261.64453125,43.9453125,-8.30078125,-31.25,56.640625
261.6484375,34.1796875,-14.6484375,-16.11328125,57.6171875
261.65234375,82.51953125,-8.7890625,16.6015625,80.078125
261.65625,57.12890625,-13.671875,28.80859375,41.015625
261.66015625,21.97265625,-21.484375,16.11328125,14.16015625
261.6640625,36.62109375,-31.73828125,-20.5078125,21.484375
261.66796875,45.8984375,-54.19921875,-32.2265625,37.59765625
261.671875,48.828125,-42.96875,-19.53125,108.88671875
261.67578125,38.0859375,-4.8828125,-3.41796875,82.51953125
261.6796875,60.546875,14.16015625,6.34765625,73.2421875
261.68359375,90.33203125,1.46484375,-5.37109375,102.5390625
261.6875,59.5703125,5.37109375,-11.71875,69.82421875
261.69140625,-2.9296875,13.18359375,-12.20703125,68.359375
261.6953125,-31.25,-0.48828125,-2.44140625,65.91796875
261.69921875,-48.33984375,-10.25390625,14.6484375,51.7578125
261.703125,-50.78125,-24.90234375,9.765625,6.8359375
261.70703125,-45.41015625,-28.3203125,-0.9765625,-1.953125
261.7109375,-76.66015625,-25.390625,-5.859375,-12.6953125
261.71484375,-118.65234375,-25.87890625,-11.23046875,5.37109375
261.71875,-142.08984375,-24.4140625,-12.6953125,34.66796875
261.72265625,-131.8359375,-22.94921875,-17.08984375,49.31640625
261.7265625,-106.93359375,-17.08984375,-36.62109375,40.0390625
261.73046875,-107.91015625,-11.71875,-40.0390625,3.90625
261.734375,-125.48828125,-22.94921875,-24.4140625,-7.32421875
261.73828125,-125.9765625,-21.484375,-18.5546875,-26.85546875
261.7421875,-137.20703125,-20.01953125,-16.11328125,-25.87890625
261.74609375,-126.953125,-26.3671875,-4.8828125,9.27734375
261.75,-92.7734375,-28.80859375,-0.48828125,5.859375
261.75390625,-111.328125,-31.73828125,-10.25390625,0.0
261.7578125,-110.3515625,-30.76171875,-13.671875,-11.23046875
261.76171875,-108.88671875,-31.73828125,-11.71875,-1.953125
261.765625,-94.23828125,-38.57421875,-20.01953125,-0.48828125
261.76953125,-78.61328125,-38.57421875,-25.87890625,11.23046875
261.7734375,-91.796875,-25.390625,-13.18359375,22.4609375
261.77734375,-98.6328125,-16.11328125,-21.484375,-22.4609375
261.78125,-90.8203125,-9.765625,-35.15625,-0.48828125
261.78515625,-80.078125,-1.953125,-18.06640625,-8.7890625
261.7890625,-91.796875,-14.6484375,-15.13671875,-44.43359375
261.79296875,-102.5390625,-28.3203125,-17.08984375,-48.33984375
261.796875,-125.9765625,-28.3203125,-12.20703125,-25.87890625
261.80078125,-118.65234375,-26.3671875,-20.99609375,-33.203125
261.8046875,-96.19140625,-31.73828125,-39.55078125,-37.109375
261.80859375,-99.12109375,-32.71484375,-31.25,16.6015625
261.8125,-94.23828125,-31.73828125,-16.11328125,20.01953125
261.81640625,-75.68359375,-28.3203125,-20.5078125,-11.71875
261.8203125,-84.47265625,-21.97265625,-18.06640625,-34.1796875
261.82421875,-122.55859375,-26.3671875,-5.37109375,-45.8984375
261.828125,-139.6484375,-31.25,-1.46484375,-44.43359375
261.83203125,-123.53515625,-34.1796875,-8.30078125,-23.92578125
261.8359375,-111.328125,-41.50390625,-22.4609375,-22.94921875
261.83984375,-110.83984375,-39.55078125,-24.90234375,-3.41796875
261.84375,-136.23046875,-28.3203125,-26.85546875,-9.765625
261.84765625,-127.9296875,-22.4609375,-35.15625,-10.7421875
261.8515625,-104.98046875,-36.62109375,-27.34375,-47.8515625
261.85546875,-121.09375,-44.43359375,-15.625,-79.58984375
261.859375,-117.67578125,-38.0859375,-16.11328125,-85.9375
261.86328125,-97.65625,-42.96875,-16.11328125,-61.5234375
261.8671875,-121.58203125,-47.8515625,-20.5078125,-34.1796875
261.87109375,-117.67578125,-39.0625,-12.20703125,-51.26953125
261.875,-111.328125,-39.55078125,1.953125,-32.71484375
261.87890625,-139.6484375,-52.734375,4.8828125,-37.109375
261.8828125,-146.484375,-60.546875,5.859375,-76.171875
261.88671875,-115.234375,-58.10546875,-2.9296875,-63.4765625
261.890625,-96.19140625,-53.22265625,-3.41796875,-36.62109375
261.89453125,-98.6328125,-52.734375,-0.48828125,-58.59375
261.8984375,-92.28515625,-54.19921875,-4.39453125,-54.19921875
261.90234375,-95.21484375,-54.19921875,-17.578125,-46.875
261.90625,-75.68359375,-53.7109375,-19.53125,8.30078125
261.91015625,-69.82421875,-44.43359375,-13.18359375,3.90625
261.9140625,-75.68359375,-41.9921875,-23.92578125,-39.0625
261.91796875,-57.12890625,-51.26953125,-23.4375,-69.3359375
261.921875,-42.96875,-49.31640625,-18.06640625,-73.73046875
261.92578125,-52.24609375,-43.45703125,-15.625,-66.89453125
261.9296875,-49.8046875,-43.45703125,-5.859375,-62.98828125
261.93359375,-50.78125,-39.0625,-0.48828125,-27.34375
261.9375,-73.73046875,-27.34375,-10.25390625,-7.8125
261.94140625,-79.58984375,-18.5546875,-30.76171875,-20.5078125
261.9453125,-79.58984375,-21.484375,-27.83203125,-50.78125
261.94921875,-38.0859375,-37.59765625,-6.8359375,-31.73828125
261.953125,-22.94921875,-45.41015625,-2.9296875,-19.04296875
261.95703125,-10.25390625,-21.484375,-10.7421875,-23.92578125
261.9609375,-13.18359375,-15.625,-20.01953125,22.94921875
261.96484375,-49.31640625,-22.94921875,-17.08984375,-14.6484375
261.96875,-34.66796875,-15.625,-12.20703125,-46.38671875
261.97265625,11.23046875,-20.99609375,-17.08984375,2.44140625
261.9765625,24.4140625,-27.34375,-22.94921875,35.64453125
261.98046875,31.25,-20.5078125,-9.27734375,-4.39453125
261.984375,-1.953125,-15.625,4.39453125,-1.953125
261.98828125,-7.32421875,-7.32421875,-6.34765625,-4.8828125
261.9921875,-0.48828125,-0.48828125,-11.23046875,21.484375
261.99609375,7.32421875,-5.37109375,-3.41796875,56.15234375
262.0,11.23046875,-2.44140625,-5.859375,21.97265625
262.00390625,32.2265625,-2.9296875,-23.4375,-9.765625
262.0078125,39.0625,-21.97265625,-20.99609375,-36.1328125
262.01171875,32.2265625,-29.296875,0.0,-12.20703125
262.015625,30.2734375,-23.92578125,-11.23046875,22.4609375
262.01953125,10.7421875,-12.6953125,-21.484375,49.8046875
262.0234375,-2.9296875,-1.46484375,-13.18359375,4.8828125
262.02734375,16.6015625,-10.25390625,-8.30078125,6.34765625
262.03125,24.4140625,-25.87890625,-1.953125,91.30859375
262.03515625,-16.6015625,-16.11328125,-6.34765625,11.23046875
262.0390625,-17.578125,-0.9765625,-12.6953125,-54.6875
262.04296875,0.48828125,1.953125,-17.08984375,-22.94921875
262.046875,27.34375,1.953125,-17.578125,20.99609375
262.05078125,40.52734375,-13.18359375,-15.13671875,41.9921875
262.0546875,10.25390625,-23.92578125,-25.87890625,-30.76171875
262.05859375,-8.7890625,-24.4140625,-20.99609375,-49.8046875
262.0625,-0.48828125,-29.296875,-7.8125,-4.39453125
262.06640625,13.18359375,-9.765625,-0.9765625,-6.8359375
262.0703125,-14.16015625,-9.27734375,-3.41796875,-4.39453125
262.07421875,-21.484375,-22.4609375,-12.6953125,2.44140625
262.078125,-5.37109375,-16.11328125,-9.27734375,22.4609375
262.08203125,2.9296875,-18.06640625,-8.30078125,64.453125
262.0859375,10.7421875,-28.3203125,-13.18359375,18.5546875
262.08984375,-0.9765625,-25.87890625,-5.37109375,-17.578125
262.09375,-26.85546875,-25.87890625,-4.39453125,2.44140625
262.09765625,-16.11328125,-20.5078125,-15.13671875,25.390625
262.1015625,0.0,-10.7421875,-22.4609375,202.1484375
262.10546875,1.953125,-3.90625,-29.296875,498.53515625
262.109375,-14.16015625,-6.8359375,-34.1796875,580.56640625
262.11328125,-18.5546875,-16.6015625,-29.78515625,581.54296875
262.1171875,-20.01953125,-23.92578125,-37.59765625,578.61328125
262.12109375,-41.015625,-20.5078125,-38.57421875,470.21484375
262.125,-37.109375,-19.53125,-20.99609375,410.64453125
262.12890625,-23.4375,-19.53125,-10.25390625,404.78515625
262.1328125,-23.92578125,-18.5546875,-9.27734375,379.39453125
262.13671875,-2.9296875,-23.4375,-11.71875,368.1640625
262.140625,17.08984375,-8.7890625,-21.484375,367.1875
262.14453125,4.8828125,-1.46484375,-36.1328125,326.171875
262.1484375,-24.90234375,-20.99609375,-24.4140625,263.18359375
262.15234375,-44.921875,-26.85546875,0.0,239.74609375
262.15625,-17.08984375,-12.20703125,-5.37109375,258.30078125
262.16015625,0.9765625,-11.23046875,-19.04296875,237.79296875
262.1640625,-20.99609375,-8.7890625,-14.16015625,202.1484375
262.16796875,-34.1796875,-4.39453125,-20.99609375,225.5859375
262.171875,-38.57421875,-13.671875,-27.34375,206.0546875
262.17578125,-39.55078125,-16.11328125,-0.48828125,187.5
262.1796875,-38.0859375,-20.5078125,3.90625,145.5078125
262.18359375,-21.484375,-16.6015625,-11.23046875,150.390625
262.1875,-20.99609375,-19.53125,-28.80859375,155.76171875
262.19140625,-1.46484375,-5.37109375,-30.76171875,107.91015625
262.1953125,-18.06640625,10.7421875,-25.390625,83.0078125
262.19921875,-76.66015625,-3.41796875,-19.53125,54.6875
262.203125,-73.2421875,-11.71875,0.0,79.1015625
262.20703125,-43.9453125,-10.25390625,0.48828125,98.14453125
262.2109375,-45.41015625,-17.578125,-16.6015625,53.7109375
262.21484375,-29.296875,-13.671875,-33.69140625,44.43359375
262.21875,-16.11328125,-6.8359375,-28.80859375,41.9921875
262.22265625,-38.0859375,-10.25390625,-15.625,33.69140625
262.2265625,-28.80859375,-11.71875,-10.25390625,19.53125
262.23046875,-23.4375,-15.13671875,-11.23046875,32.2265625
262.234375,-25.390625,-18.5546875,-16.11328125,69.3359375
262.23828125,-31.25,-14.6484375,-17.08984375,44.43359375
262.2421875,-53.7109375,-16.11328125,-28.80859375,-5.859375
262.24609375,-73.73046875,-18.5546875,-40.52734375,-19.53125
262.25,-74.21875,-19.04296875,-32.71484375,-21.484375
262.25390625,-77.63671875,-16.6015625,-24.4140625,-77.63671875
262.2578125,-77.63671875,-16.11328125,-25.390625,-181.15234375
262.26171875,-73.73046875,-18.5546875,-22.94921875,-235.3515625
262.265625,-64.94140625,-21.484375,-32.2265625,-251.46484375
262.26953125,-57.12890625,-24.90234375,-42.48046875,-249.51171875
262.2734375,-52.734375,-21.97265625,-31.73828125,-247.0703125
262.27734375,-44.43359375,-20.99609375,-35.15625,-233.88671875
262.28125,-40.0390625,-17.578125,-34.1796875,-235.3515625
262.28515625,-20.01953125,-8.30078125,-18.5546875,-241.2109375
262.2890625,-3.90625,-9.765625,-24.90234375,-212.40234375
262.29296875,-21.97265625,-18.5546875,-29.78515625,-211.9140625
262.296875,-37.109375,-25.390625,-31.25,-230.95703125
262.30078125,-46.38671875,-22.94921875,-40.52734375,-227.5390625
262.3046875,-32.2265625,-12.6953125,-29.296875,-196.77734375
262.30859375,-2.44140625,-8.7890625,-14.16015625,-166.50390625
262.3125,-14.16015625,-20.5078125,-9.27734375,-177.24609375
262.31640625,-10.7421875,-40.0390625,-9.765625,-157.2265625
262.3203125,-0.48828125,-29.296875,-12.20703125,-133.7890625
262.32421875,-26.85546875,3.41796875,-20.5078125,-127.44140625
262.328125,-6.34765625,10.25390625,-30.2734375,-135.25390625
262.33203125,2.44140625,10.25390625,-33.203125,-163.0859375
262.3359375,-9.765625,-0.9765625,-27.83203125,-155.76171875
262.33984375,-6.34765625,-17.08984375,-21.97265625,-138.671875
262.34375,-0.48828125,-20.5078125,-16.6015625,-128.90625
262.34765625,10.7421875,-16.6015625,-15.13671875,-92.28515625
262.3515625,25.390625,-18.5546875,-20.5078125,-76.171875
262.35546875,38.57421875,-23.92578125,-23.4375,-113.28125
262.359375,34.66796875,-20.01953125,-19.04296875,-120.1171875
262.36328125,40.0390625,-18.06640625,-11.23046875,-75.1953125
262.3671875,39.0625,-20.01953125,-23.4375,-20.5078125
262.37109375,21.484375,-11.23046875,-48.828125,-65.91796875
262.375,11.23046875,-0.9765625,-48.33984375,-63.4765625
262.37890625,7.32421875,-4.39453125,-20.99609375,-82.51953125
262.3828125,2.9296875,-18.06640625,-15.13671875,-121.58203125
262.38671875,22.94921875,-9.27734375,-28.3203125,-70.3125
262.390625,33.69140625,-6.8359375,-27.34375,-60.546875
262.39453125,14.16015625,-25.390625,-20.99609375,-97.16796875
262.3984375,20.01953125,-26.85546875,-26.85546875,-83.0078125
262.40234375,31.25,-25.87890625,-32.2265625,-40.0390625
262.40625,-1.953125,-26.3671875,-34.66796875,-47.8515625
262.41015625,-23.92578125,-30.76171875,-32.2265625,-83.49609375
262.4140625,-11.71875,-30.76171875,-22.4609375,-83.49609375
262.41796875,6.8359375,-26.85546875,-13.671875,-71.2890625
262.421875,8.30078125,-37.109375,-5.859375,-49.31640625
262.42578125,1.953125,-26.3671875,-15.625,-39.0625
262.4296875,14.6484375,-12.6953125,-33.69140625,-36.1328125
262.43359375,5.37109375,-19.04296875,-27.34375,-49.31640625
262.4375,14.16015625,-23.92578125,-15.625,-49.8046875
262.44140625,23.4375,-14.16015625,-20.5078125,-22.94921875
262.4453125,-2.44140625,-7.8125,-30.76171875,-59.5703125
262.44921875,-6.8359375,-14.6484375,-41.9921875,-91.796875
262.453125,-7.32421875,-17.578125,-48.33984375,-77.63671875
262.45703125,1.46484375,-15.13671875,-56.15234375,-48.33984375
262.4609375,30.76171875,-15.625,-78.61328125,-70.3125
262.46484375,10.7421875,-15.13671875,-59.5703125,-89.35546875
262.46875,-16.6015625,-8.30078125,-40.0390625,-109.375
262.47265625,-0.9765625,-10.7421875,-41.50390625,-96.6796875
262.4765625,36.62109375,-14.16015625,-37.59765625,-71.2890625
262.48046875,34.1796875,-6.34765625,-40.52734375,-74.21875
262.484375,-1.953125,-15.625,-41.015625,-56.15234375
262.48828125,0.0,-19.04296875,-47.8515625,-21.484375
262.4921875,24.4140625,-7.8125,-58.59375,-35.64453125
262.49609375,25.390625,-15.625,-50.29296875,-93.26171875
262.5,4.39453125,-26.85546875,-33.69140625,-101.5625
262.50390625,-14.16015625,-20.01953125,-21.97265625,-88.8671875
262.5078125,11.71875,-5.859375,-25.390625,-85.9375
262.51171875,24.90234375,-7.32421875,-33.203125,-47.8515625
262.515625,4.39453125,-18.5546875,-29.296875,-53.22265625
262.51953125,-15.625,-20.01953125,-20.5078125,-59.5703125
262.5234375,-14.6484375,-17.08984375,-27.83203125,-20.99609375
262.52734375,12.20703125,-7.32421875,-33.203125,-56.15234375
262.53125,31.73828125,7.8125,-40.52734375,-33.203125
262.53515625,20.5078125,6.8359375,-43.45703125,-14.6484375
262.5390625,10.7421875,0.48828125,-19.04296875,-38.0859375
262.54296875,2.44140625,2.44140625,-9.27734375,-29.78515625
262.546875,-1.953125,1.953125,-15.625,-11.23046875
262.55078125,41.015625,3.41796875,-20.99609375,-4.8828125
262.5546875,39.55078125,-6.8359375,-19.53125,-17.578125
262.55859375,28.3203125,-14.16015625,-14.16015625,-19.53125
262.5625,6.8359375,-11.23046875,-25.87890625,-33.203125
262.56640625,-4.39453125,-6.34765625,-28.3203125,-51.7578125
262.5703125,-1.46484375,-4.8828125,-17.08984375,-18.06640625
262.57421875,-27.83203125,-3.41796875,-15.13671875,-6.8359375
262.578125,-29.296875,-8.30078125,-11.23046875,-29.78515625
262.58203125,-16.6015625,-15.13671875,-11.71875,-27.34375
262.5859375,4.39453125,-13.671875,-20.01953125,-25.390625
262.58984375,-3.41796875,-11.71875,-20.99609375,1.953125
262.59375,-51.7578125,-10.7421875,-25.87890625,14.16015625
262.59765625,-19.53125,-12.20703125,-25.390625,5.37109375
262.6015625,-20.5078125,-11.23046875,-16.6015625,-20.01953125
262.60546875,-22.94921875,-9.27734375,-18.06640625,-23.4375
262.609375,-16.6015625,-5.859375,-15.625,-9.27734375
262.61328125,-85.44921875,-2.44140625,-12.6953125,0.48828125
262.6171875,-76.66015625,-4.39453125,-9.27734375,9.27734375
262.62109375,3.41796875,-6.8359375,-5.37109375,3.41796875
262.625,-9.765625,-2.9296875,-9.765625,-1.46484375
262.62890625,-35.64453125,-8.30078125,-17.578125,-4.39453125
262.6328125,18.5546875,-7.32421875,-10.7421875,4.39453125
262.63671875,46.875,-2.9296875,-2.9296875,4.8828125
262.640625,53.22265625,-0.48828125,-6.8359375,7.32421875
262.64453125,106.4453125,-4.8828125,0.0,35.15625
262.6484375,89.84375,-8.30078125,4.39453125,34.1796875
262.65234375,54.6875,-6.34765625,9.765625,20.01953125
262.65625,55.6640625,-7.32421875,16.11328125,31.73828125
262.66015625,56.640625,-5.859375,18.5546875,15.625
262.6640625,46.875,-6.8359375,15.625,10.25390625
262.66796875,58.59375,-4.39453125,10.25390625,38.57421875
262.671875,16.11328125,-9.765625,16.6015625,1.46484375
262.67578125,-26.3671875,-26.3671875,20.99609375,-14.16015625
262.6796875,5.37109375,-31.25,21.484375,-9.27734375
262.68359375,8.30078125,-34.66796875,10.7421875,-3.41796875
262.6875,13.671875,-39.0625,0.48828125,7.8125
262.69140625,18.06640625,-43.45703125,5.37109375,1.46484375
262.6953125,-13.671875,-42.48046875,12.6953125,-19.53125
262.69921875,-8.7890625,-28.3203125,28.3203125,-4.39453125
262.703125,23.4375,-22.94921875,28.80859375,17.08984375
262.70703125,7.32421875,-19.53125,20.99609375,10.25390625
262.7109375,2.9296875,-6.8359375,18.5546875,15.13671875
262.71484375,8.7890625,-3.41796875,12.6953125,-0.48828125
262.71875,15.625,4.39453125,5.859375,-42.48046875
262.72265625,33.69140625,16.6015625,0.0,-18.06640625
262.7265625,1.953125,0.9765625,-5.37109375,20.99609375
262.73046875,-14.6484375,-16.6015625,-9.27734375,6.8359375
262.734375,-7.8125,-20.01953125,-1.46484375,-0.48828125
262.73828125,-10.7421875,-11.23046875,0.48828125,12.20703125
262.7421875,-12.20703125,-6.34765625,6.8359375,19.04296875
262.74609375,3.90625,0.9765625,0.9765625,13.671875
262.75,17.578125,-2.9296875,-20.99609375,-11.71875
262.75390625,1.953125,-7.8125,-7.8125,4.8828125
262.7578125,-15.13671875,-4.8828125,11.23046875,17.578125
262.76171875,-14.6484375,-10.7421875,6.8359375,-15.13671875
262.765625,-8.7890625,-9.27734375,-0.48828125,-33.69140625
262.76953125,0.48828125,-9.27734375,-3.90625,-41.50390625
262.7734375,-4.8828125,-15.625,-6.8359375,-43.9453125
262.77734375,-5.37109375,-26.85546875,-7.32421875,-26.85546875
262.78125,11.23046875,-27.83203125,-8.30078125,1.953125
262.78515625,-12.20703125,-32.71484375,-0.48828125,30.76171875
262.7890625,-1.46484375,-29.296875,-2.9296875,-12.20703125
262.79296875,-20.99609375,-12.20703125,-20.99609375,-49.8046875
262.796875,-45.8984375,-10.7421875,-37.59765625,-40.0390625
262.80078125,-9.765625,0.0,-30.2734375,1.46484375
262.8046875,-6.34765625,-0.9765625,-22.4609375,-9.765625
262.80859375,-19.53125,-10.7421875,-18.5546875,-51.7578125
262.8125,-19.04296875,-9.27734375,-8.30078125,-25.87890625
262.81640625,-4.39453125,-14.6484375,2.44140625,19.53125
262.8203125,11.23046875,-14.6484375,2.44140625,-7.32421875
262.82421875,6.8359375,-1.953125,-18.06640625,-27.83203125
262.828125,0.48828125,8.30078125,-32.2265625,-14.16015625
262.83203125,-7.32421875,-0.48828125,-15.13671875,-35.64453125
262.8359375,-33.69140625,-16.6015625,-4.8828125,-37.109375
262.83984375,-19.04296875,-17.578125,-4.8828125,-5.859375
262.84375,5.859375,-15.13671875,-12.20703125,-18.06640625
262.84765625,0.0,-14.6484375,-23.4375,-35.64453125
262.8515625,-3.41796875,-15.625,-25.390625,-28.80859375
262.85546875,-14.6484375,-16.6015625,-31.73828125,-35.64453125
262.859375,10.25390625,-7.8125,-27.83203125,-25.390625
262.86328125,28.80859375,1.46484375,-27.83203125,16.11328125
262.8671875,19.53125,1.46484375,-27.83203125,22.94921875
262.87109375,-14.6484375,-6.34765625,-9.765625,-16.11328125
262.875,-34.66796875,-19.04296875,-7.32421875,-14.16015625
262.87890625,-36.1328125,-33.69140625,-11.71875,12.6953125
262.8828125,-24.90234375,-26.3671875,-5.37109375,-26.3671875
262.88671875,4.39453125,-8.30078125,-16.6015625,-46.875
262.890625,2.44140625,-1.46484375,-30.2734375,-36.62109375
262.89453125,0.0,-10.7421875,-22.94921875,-20.01953125
262.8984375,6.8359375,-7.32421875,-23.4375,0.48828125
262.90234375,14.16015625,-5.37109375,-25.87890625,0.0
262.90625,22.4609375,-17.578125,-17.578125,-23.92578125
262.91015625,-4.39453125,-13.18359375,-18.06640625,-16.11328125
262.9140625,0.9765625,-3.90625,-21.97265625,25.390625
262.91796875,4.8828125,-14.6484375,-21.97265625,8.7890625
262.921875,-20.99609375,-27.34375,-26.85546875,-37.59765625
262.92578125,-38.0859375,-26.3671875,-30.2734375,-30.2734375
262.9296875,-28.3203125,-14.16015625,-21.484375,-0.9765625
262.93359375,-23.92578125,-4.8828125,-23.92578125,-36.1328125
262.9375,-24.90234375,-6.8359375,-39.55078125,-29.296875
262.94140625,-4.39453125,-10.25390625,-25.87890625,2.9296875
262.9453125,-13.671875,-12.6953125,-7.32421875,-31.73828125
262.94921875,19.53125,-18.5546875,-11.71875,5.37109375
262.953125,15.13671875,-17.578125,-34.1796875,9.27734375
262.95703125,-32.71484375,-21.484375,-33.203125,-2.44140625
262.9609375,-47.36328125,-32.71484375,-5.859375,-14.16015625
262.96484375,-42.48046875,-23.4375,-5.859375,-62.5
262.96875,-23.4375,-5.859375,-14.6484375,-64.94140625
262.97265625,-28.3203125,-17.578125,-21.97265625,-60.546875
262.9765625,-10.7421875,-28.3203125,-19.53125,-11.71875
262.98046875,11.71875,-20.99609375,-13.18359375,3.90625
262.984375,5.859375,-35.64453125,-26.85546875,-26.85546875
262.98828125,17.08984375,-38.57421875,-24.4140625,-16.6015625
262.9921875,-6.8359375,-18.06640625,-20.99609375,-37.109375
262.99609375,-17.578125,-9.27734375,-19.53125,-14.16015625
263.0,5.37109375,1.953125,-10.25390625,17.578125
263.00390625,0.0,0.9765625,-36.1328125,-41.015625
263.0078125,-10.7421875,-18.06640625,-37.59765625,-42.48046875
263.01171875,5.37109375,-14.6484375,-20.5078125,-0.9765625
263.015625,6.34765625,-11.23046875,-22.4609375,-13.671875
263.01953125,-1.46484375,-29.296875,-18.06640625,-9.765625
263.0234375,-26.3671875,-40.0390625,-13.671875,-24.90234375
263.02734375,-34.66796875,-32.2265625,-13.671875,-44.921875
263.03125,-33.69140625,-22.4609375,-20.5078125,-31.25
263.03515625,-36.62109375,-15.625,-28.80859375,-26.85546875
263.0390625,-3.41796875,-5.859375,-38.0859375,-22.4609375
263.04296875,-13.671875,-12.20703125,-29.296875,-33.69140625
263.046875,-35.15625,-23.92578125,-10.25390625,-12.20703125
263.05078125,-17.08984375,-24.90234375,-29.78515625,-46.38671875
263.0546875,-16.6015625,-28.80859375,-27.83203125,-37.59765625
263.05859375,-13.671875,-32.71484375,-4.8828125,1.46484375
263.0625,-14.6484375,-30.76171875,-11.23046875,-17.08984375
263.06640625,-22.4609375,-25.87890625,-22.94921875,-32.71484375
263.0703125,-14.16015625,-21.97265625,-35.64453125,-42.96875
263.07421875,-12.20703125,-23.4375,-32.2265625,-31.25
263.078125,-24.4140625,-27.34375,-15.13671875,-30.76171875
263.08203125,-26.85546875,-24.90234375,-20.99609375,-31.25
263.0859375,-19.53125,-32.71484375,-39.55078125,-40.52734375
263.08984375,-47.36328125,-37.109375,-47.8515625,-44.921875
263.09375,-50.78125,-28.80859375,-27.83203125,-33.69140625
263.09765625,-45.41015625,-31.73828125,-13.671875,-21.484375
263.1015625,-43.9453125,-42.48046875,-27.83203125,-38.57421875
263.10546875,-20.5078125,-38.0859375,-44.921875,-47.8515625
263.109375,-28.3203125,-31.25,-37.59765625,-52.734375
263.11328125,-28.3203125,-28.80859375,-17.08984375,-49.8046875
263.1171875,-20.5078125,-22.4609375,-9.27734375,-41.50390625
263.12109375,-46.38671875,-22.94921875,-5.859375,-11.71875
263.125,-36.62109375,-30.76171875,-22.94921875,-44.43359375
263.12890625,-37.109375,-29.296875,-25.390625,-66.89453125
263.1328125,-41.015625,-20.99609375,-13.671875,-19.53125
263.13671875,-22.94921875,-25.87890625,-15.13671875,20.01953125
263.140625,-20.01953125,-29.296875,-28.3203125,-9.27734375
263.14453125,-15.625,-20.5078125,-34.1796875,-44.43359375
263.1484375,-20.01953125,-20.99609375,-24.90234375,-25.87890625
263.15234375,-41.50390625,-33.69140625,-17.578125,-26.3671875
263.15625,-59.08203125,-29.78515625,-9.27734375,-44.43359375
263.16015625,-35.64453125,-23.4375,-15.625,-65.91796875
263.1640625,-28.3203125,-21.484375,-21.484375,-18.5546875
263.16796875,-49.8046875,-19.04296875,-29.296875,2.9296875
263.171875,-29.296875,-11.71875,-43.9453125,-39.55078125
263.17578125,-13.671875,-14.6484375,-37.59765625,-33.69140625
263.1796875,-22.94921875,-27.34375,-27.34375,-47.8515625
263.18359375,-35.64453125,-41.9921875,-29.296875,-40.52734375
263.1875,-60.546875,-47.36328125,-12.20703125,30.76171875
263.19140625,-41.50390625,-32.2265625,-16.11328125,2.9296875
263.1953125,-28.3203125,-26.3671875,-35.15625,-52.734375
263.19921875,-28.3203125,-22.94921875,-35.64453125,-55.6640625
263.203125,-24.90234375,-29.296875,-24.90234375,-49.31640625
263.20703125,-14.16015625,-27.83203125,-15.13671875,-35.64453125
263.2109375,12.20703125,-22.94921875,-21.97265625,-40.52734375
263.21484375,-45.8984375,-29.296875,-30.76171875,-41.50390625
263.21875,-80.56640625,-27.83203125,-41.015625,-38.57421875
263.22265625,-22.4609375,-21.97265625,-60.546875,-32.71484375
263.2265625,-35.15625,-22.4609375,-46.38671875,-7.32421875
263.23046875,-76.66015625,-23.92578125,-22.4609375,-44.921875
263.234375,-56.15234375,-25.390625,-19.53125,-75.68359375
263.23828125,-25.390625,-28.3203125,-3.90625,-35.15625
263.2421875,-7.8125,-23.4375,3.90625,20.99609375
263.24609375,-11.71875,-16.11328125,-18.5546875,-9.27734375
263.25,-37.59765625,-13.18359375,-47.8515625,-67.87109375
263.25390625,-26.85546875,-12.6953125,-50.29296875,-5.37109375
263.2578125,-1.953125,-20.99609375,-32.2265625,38.57421875
263.26171875,-22.4609375,-31.25,-39.0625,-26.3671875
263.265625,-49.31640625,-33.203125,-29.296875,-32.71484375
263.26953125,-28.3203125,-23.92578125,-12.6953125,-4.8828125
263.2734375,-35.64453125,-22.94921875,-17.578125,-40.0390625
263.27734375,-46.38671875,-8.7890625,-20.01953125,-62.5
263.28125,-44.43359375,2.9296875,-28.3203125,-8.30078125
263.28515625,-56.15234375,-12.6953125,-26.85546875,-22.94921875
263.2890625,-22.94921875,-7.32421875,-27.34375,-51.26953125
263.29296875,-16.6015625,-1.46484375,-34.1796875,-28.80859375
263.296875,-50.78125,-18.06640625,-24.4140625,-48.828125
263.30078125,-40.52734375,-23.4375,-12.20703125,-32.71484375
263.3046875,-20.99609375,-18.06640625,-10.7421875,-25.390625
263.30859375,-8.7890625,-14.16015625,-12.6953125,-11.71875
263.3125,-3.90625,-12.20703125,-15.625,1.953125
263.31640625,-2.44140625,-7.8125,-21.97265625,-20.5078125
263.3203125,43.45703125,-0.48828125,-19.04296875,4.39453125
263.32421875,-3.41796875,-14.6484375,-11.71875,10.25390625
263.328125,-62.01171875,-36.62109375,-2.9296875,-52.24609375
263.33203125,-34.1796875,-36.1328125,8.30078125,-63.96484375
263.3359375,-32.71484375,-28.3203125,5.859375,-32.71484375
263.33984375,-39.55078125,-15.13671875,-9.765625,-35.64453125
263.34375,-18.5546875,-13.18359375,-20.01953125,-24.90234375
263.34765625,-20.5078125,-21.97265625,-11.71875,0.9765625
263.3515625,-27.83203125,-9.27734375,-15.13671875,-12.6953125
263.35546875,-23.92578125,-16.11328125,-22.94921875,-17.578125
263.359375,-29.78515625,-33.203125,-8.7890625,-19.04296875
263.36328125,-31.25,-26.3671875,-0.9765625,-48.828125
263.3671875,-29.296875,-28.80859375,-4.39453125,-45.8984375
263.37109375,-31.73828125,-32.2265625,-11.71875,16.11328125
263.375,-16.11328125,-26.85546875,-38.0859375,0.48828125
263.37890625,-14.6484375,-12.6953125,-41.015625,-46.38671875
263.3828125,-39.0625,-16.11328125,-12.6953125,-23.4375
263.38671875,-37.59765625,-21.484375,-2.44140625,-30.76171875
263.390625,-27.83203125,-13.18359375,-9.27734375,-45.41015625
263.39453125,-37.109375,-3.41796875,-10.25390625,-2.44140625
263.3984375,-29.296875,-9.27734375,-10.7421875,-11.71875
263.40234375,-23.92578125,-24.4140625,-6.34765625,-40.0390625
263.40625,-26.85546875,-16.11328125,-13.18359375,-19.53125
263.41015625,-22.94921875,-8.7890625,-26.3671875,-22.94921875
263.4140625,-14.16015625,-18.06640625,-21.484375,-23.92578125
263.41796875,-4.39453125,-12.20703125,-19.04296875,-1.46484375
263.421875,0.9765625,-16.6015625,-22.94921875,-20.5078125
263.42578125,-6.34765625,-27.83203125,-18.06640625,-35.64453125
263.4296875,-16.11328125,-27.83203125,-15.13671875,-15.625
263.43359375,-21.97265625,-25.390625,-8.30078125,-20.99609375
263.4375,-25.87890625,-19.04296875,0.48828125,-39.0625
263.44140625,-25.390625,-5.37109375,-13.671875,-38.57421875
263.4453125,-13.18359375,-4.8828125,-19.53125,-26.85546875
263.44921875,-31.25,-13.671875,-11.71875,-27.34375
263.453125,-29.78515625,-16.6015625,-32.2265625,-20.5078125
263.45703125,-23.4375,-20.5078125,-39.0625,-14.6484375
263.4609375,-37.109375,-14.16015625,-19.04296875,-11.23046875
263.46484375,-21.97265625,-18.06640625,-6.34765625,-37.109375
263.46875,5.859375,-25.87890625,4.39453125,-37.109375
263.47265625,0.0,-26.85546875,-5.37109375,-27.83203125
263.4765625,-52.24609375,-25.87890625,-13.18359375,-55.17578125
263.48046875,-82.03125,-24.90234375,-13.671875,-88.37890625
263.484375,-54.6875,-26.3671875,-15.13671875,-77.63671875
263.48828125,-52.734375,-29.296875,-9.27734375,-79.1015625
263.4921875,-89.35546875,-42.48046875,0.48828125,-113.76953125
263.49609375,-116.69921875,-46.875,0.0,-97.16796875
263.5,-130.37109375,-39.0625,-12.6953125,-114.74609375
263.50390625,-170.8984375,-36.1328125,-24.4140625,-114.2578125
263.5078125,-160.15625,-45.41015625,-44.921875,-175.78125
263.51171875,-143.06640625,-39.0625,-31.73828125,-208.984375
263.515625,-170.8984375,-42.48046875,-11.23046875,-189.94140625
263.51953125,-175.78125,-53.7109375,-5.37109375,-168.9453125
263.5234375,-154.296875,-34.1796875,-11.23046875,-163.57421875
263.52734375,-142.08984375,-21.97265625,-9.765625,-171.38671875
263.53125,-109.375,-33.203125,2.44140625,-138.671875
263.53515625,-87.40234375,-56.640625,5.37109375,-110.83984375
263.5390625,-91.30859375,-56.15234375,-15.625,-88.8671875
263.54296875,-110.83984375,-8.30078125,-41.015625,-83.49609375
263.546875,-91.796875,19.53125,-37.109375,-77.1484375
263.55078125,-59.08203125,6.34765625,-32.71484375,-89.84375
263.5546875,-50.29296875,-11.23046875,-38.57421875,-77.1484375
263.55859375,-27.34375,-11.23046875,-39.0625,-50.29296875
263.5625,-18.06640625,-6.8359375,-37.59765625,-65.91796875
263.56640625,2.9296875,-13.671875,-29.78515625,-32.71484375
263.5703125,26.3671875,-35.64453125,-31.73828125,6.34765625
263.57421875,21.97265625,-37.109375,-33.69140625,-25.390625
263.578125,13.671875,-10.25390625,-34.66796875,-29.296875
263.58203125,12.6953125,8.30078125,-46.875,-16.11328125
263.5859375,14.6484375,4.39453125,-55.6640625,-16.6015625
263.58984375,6.8359375,-3.41796875,-40.0390625,-12.20703125
263.59375,11.23046875,-18.06640625,-22.94921875,-3.41796875
263.59765625,45.8984375,-48.33984375,-6.34765625,14.6484375
263.6015625,51.26953125,-52.734375,-3.90625,22.94921875
263.60546875,22.94921875,-24.4140625,-18.06640625,31.73828125
263.609375,30.2734375,-5.859375,-29.296875,41.9921875
263.61328125,21.97265625,-1.46484375,-34.1796875,21.97265625
263.6171875,9.27734375,-3.90625,-42.48046875,-5.859375
263.62109375,20.5078125,-19.53125,-30.76171875,5.859375
263.625,39.0625,-23.92578125,-10.7421875,19.04296875
263.62890625,31.25,-6.8359375,-15.625,7.32421875
263.6328125,17.578125,6.34765625,-20.01953125,10.25390625
263.63671875,35.15625,-1.953125,-16.6015625,16.11328125
263.640625,45.8984375,-12.20703125,-22.94921875,23.92578125
263.64453125,33.69140625,-8.7890625,-30.76171875,24.4140625
263.6484375,57.12890625,-10.25390625,-26.3671875,46.875
263.65234375,74.70703125,-29.296875,-20.5078125,75.68359375
263.65625,36.1328125,-38.0859375,-22.4609375,93.75
263.66015625,33.203125,-22.94921875,-14.16015625,52.24609375
263.6640625,29.296875,-3.41796875,-13.671875,16.11328125
263.66796875,20.99609375,19.53125,-34.1796875,44.921875
263.671875,5.37109375,12.20703125,-28.3203125,60.546875
263.67578125,7.8125,-8.7890625,-15.13671875,53.7109375
263.6796875,23.92578125,-1.46484375,-23.4375,2.9296875
263.68359375,31.73828125,-1.46484375,-17.578125,8.7890625
263.6875,24.4140625,-24.4140625,-5.859375,48.828125
263.69140625,17.578125,-32.71484375,-15.13671875,65.91796875
263.6953125,26.3671875,-25.390625,-28.3203125,23.4375
263.69921875,-4.39453125,-18.06640625,-29.296875,-6.8359375
263.703125,-10.25390625,-13.18359375,-31.73828125,10.7421875
263.70703125,1.953125,-6.34765625,-26.3671875,-8.7890625
263.7109375,-12.20703125,-21.484375,-18.06640625,-7.8125
263.71484375,-15.13671875,-41.50390625,-8.30078125,0.0
263.71875,-11.71875,-40.0390625,-6.8359375,-15.13671875
263.72265625,-1.46484375,-20.01953125,-27.83203125,0.48828125
263.7265625,3.41796875,-1.46484375,-34.66796875,22.4609375
263.73046875,4.8828125,10.25390625,-27.83203125,29.78515625
263.734375,-1.46484375,3.41796875,-20.01953125,-23.4375
263.73828125,-19.53125,-10.25390625,-4.39453125,-22.94921875
263.7421875,-16.11328125,-26.85546875,0.9765625,20.5078125
263.74609375,10.7421875,-40.0390625,2.9296875,15.625
263.75,27.83203125,-34.1796875,-12.6953125,31.25
263.75390625,23.92578125,-22.94921875,-39.0625,-16.11328125
263.7578125,-6.8359375,-20.01953125,-35.64453125,-44.43359375
263.76171875,-34.66796875,-21.97265625,-24.90234375,-30.2734375
263.765625,-30.2734375,-19.04296875,-24.90234375,-32.2265625
263.76953125,-28.80859375,-22.4609375,-25.87890625,-31.73828125
263.7734375,-16.6015625,-23.4375,-37.59765625,-28.80859375
263.77734375,-1.953125,-14.6484375,-47.36328125,-15.625
263.78125,-4.39453125,-7.32421875,-49.31640625,-27.34375
263.78515625,-2.9296875,3.90625,-50.78125,-31.25
263.7890625,-6.8359375,4.8828125,-47.36328125,-37.109375
263.79296875,-22.4609375,2.9296875,-42.96875,-30.76171875
263.796875,-19.53125,-5.859375,-42.48046875,-32.71484375
263.80078125,1.46484375,-15.625,-42.48046875,-19.04296875
263.8046875,38.57421875,-0.9765625,-43.9453125,6.8359375
263.80859375,30.2734375,1.46484375,-26.3671875,-13.18359375
263.8125,7.32421875,-5.37109375,-23.4375,-11.23046875
263.81640625,4.8828125,0.0,-20.01953125,4.39453125
263.8203125,-2.9296875,1.46484375,-14.16015625,2.9296875
263.82421875,-14.16015625,-0.9765625,-19.04296875,-15.13671875
263.828125,-14.16015625,-4.8828125,-16.6015625,-10.25390625
263.83203125,-2.9296875,-7.32421875,-12.6953125,-4.39453125
263.8359375,-1.953125,-14.16015625,-14.16015625,3.41796875
263.83984375,14.16015625,-17.578125,-15.625,12.20703125
263.84375,20.5078125,-15.625,-23.92578125,4.39453125
263.84765625,-2.44140625,-15.625,-36.1328125,11.23046875
263.8515625,2.9296875,-9.765625,-31.73828125,0.0
263.85546875,27.83203125,-13.18359375,-12.20703125,-14.16015625
263.859375,14.6484375,-21.484375,-5.859375,4.8828125
263.86328125,-14.16015625,-19.04296875,-34.66796875,-2.44140625
263.8671875,-30.76171875,-9.765625,-44.921875,-14.6484375
263.87109375,-42.48046875,-8.30078125,-23.4375,-18.06640625
263.875,-26.3671875,-14.16015625,-17.08984375,-12.6953125
263.87890625,-11.23046875,-15.625,-14.6484375,-9.27734375
263.8828125,-10.25390625,-15.625,-18.06640625,-18.5546875
263.88671875,8.30078125,-21.97265625,-20.01953125,5.37109375
263.890625,13.18359375,-27.83203125,-12.6953125,13.18359375
263.89453125,-0.9765625,-24.4140625,-5.859375,12.6953125
263.8984375,7.32421875,-6.8359375,-23.4375,8.7890625
263.90234375,29.78515625,-7.32421875,-29.78515625,30.76171875
263.90625,17.578125,-16.6015625,-16.6015625,32.71484375
263.91015625,5.37109375,-13.18359375,-17.578125,-17.578125
263.9140625,-24.4140625,-16.11328125,-23.4375,-29.296875
263.91796875,-19.53125,-20.99609375,-30.2734375,-1.46484375
263.921875,3.90625,-10.25390625,-30.2734375,12.6953125
263.92578125,-28.3203125,-8.30078125,-18.06640625,5.37109375
263.9296875,-41.50390625,-18.5546875,-12.20703125,-30.76171875
263.93359375,-29.296875,-33.203125,-13.18359375,-19.53125
263.9375,-32.2265625,-34.1796875,-24.4140625,-16.6015625
263.94140625,-38.0859375,-26.3671875,-24.90234375,-29.296875
263.9453125,-23.4375,-23.92578125,-22.94921875,-21.97265625
263.94921875,-0.9765625,-25.390625,-20.99609375,-20.5078125
263.953125,-0.9765625,-41.50390625,-13.671875,-21.484375
263.95703125,-16.11328125,-45.41015625,-29.78515625,-8.7890625
263.9609375,-21.97265625,-40.52734375,-58.59375,10.25390625
263.96484375,-16.11328125,-44.921875,-38.0859375,-11.71875
263.96875,-25.390625,-37.59765625,-22.4609375,-31.25
263.97265625,-17.578125,-36.1328125,-26.3671875,-13.671875
263.9765625,0.48828125,-35.64453125,-31.73828125,-10.25390625
263.98046875,-30.76171875,-31.73828125,-30.76171875,-29.78515625
263.984375,-41.9921875,-50.78125,-21.484375,-32.2265625
263.98828125,-14.16015625,-59.08203125,-25.390625,-19.04296875
263.9921875,-31.25,-44.43359375,-34.66796875,15.13671875
263.99609375,-41.50390625,-37.109375,-34.66796875,4.39453125
264.0,-30.76171875,-31.73828125,-29.296875,-47.36328125
264.00390625,-33.203125,-35.15625,-25.87890625,-43.9453125
264.0078125,-18.06640625,-44.43359375,-27.34375,-35.15625
264.01171875,-9.765625,-44.43359375,-47.8515625,-29.78515625
264.015625,0.9765625,-48.828125,-46.38671875,-15.625
264.01953125,-2.9296875,-42.48046875,-23.92578125,5.859375
264.0234375,0.0,-15.13671875,-15.625,2.9296875
264.02734375,-8.30078125,-22.4609375,-11.23046875,-20.5078125
264.03125,-32.2265625,-37.109375,-8.30078125,-23.92578125
264.03515625,-36.62109375,-28.3203125,0.48828125,-27.34375
264.0390625,-35.15625,-29.296875,-3.41796875,-29.78515625
264.04296875,-28.3203125,-41.9921875,-18.5546875,-10.25390625
264.046875,-29.296875,-41.50390625,-36.1328125,-9.765625
264.05078125,-25.87890625,-29.296875,-50.78125,-25.390625
264.0546875,3.41796875,-20.5078125,-44.921875,-20.5078125
264.05859375,-15.13671875,-23.92578125,-20.5078125,-5.37109375
264.0625,-51.26953125,-34.66796875,-13.671875,-20.99609375
264.06640625,-42.48046875,-38.0859375,-30.2734375,-16.6015625
264.0703125,-25.390625,-46.875,-32.2265625,-8.7890625
264.07421875,-28.3203125,-51.26953125,-22.94921875,-27.34375
264.078125,-34.66796875,-30.2734375,-4.39453125,-28.3203125
264.08203125,-50.78125,-24.90234375,7.32421875,-40.52734375
264.0859375,-53.22265625,-29.78515625,8.30078125,-38.0859375
264.08984375,-39.55078125,-31.25,5.859375,-25.87890625
264.09375,-39.55078125,-7.8125,-17.08984375,-20.5078125
264.09765625,-34.66796875,-4.39453125,-20.99609375,-17.08984375
264.1015625,-10.25390625,-23.92578125,4.39453125,-7.32421875
264.10546875,-13.18359375,-16.11328125,2.44140625,-14.16015625
264.109375,-15.13671875,-12.20703125,-9.765625,-20.99609375
264.11328125,-10.7421875,-20.01953125,-8.30078125,-13.671875
264.1171875,-30.76171875,-19.53125,-20.01953125,-12.20703125
264.12109375,-15.625,-20.01953125,-32.2265625,-12.20703125
264.125,-19.53125,-17.578125,-21.97265625,-15.625
264.12890625,-14.6484375,-7.8125,-12.20703125,-9.27734375
264.1328125,-12.20703125,-22.94921875,-3.90625,-23.92578125
264.13671875,-25.390625,-39.0625,1.46484375,-32.71484375
264.140625,-22.4609375,-31.73828125,0.0,11.71875
264.14453125,-31.25,-21.484375,-6.34765625,-1.46484375
264.1484375,-30.76171875,-4.8828125,-11.71875,-26.3671875
264.15234375,-11.71875,-8.30078125,-14.16015625,-31.73828125
264.15625,-2.9296875,-29.78515625,-7.8125,-30.2734375
264.16015625,-13.671875,-33.69140625,-1.46484375,-5.859375
264.1640625,-24.90234375,-18.06640625,-16.6015625,-5.37109375
264.16796875,-25.390625,-6.34765625,-24.4140625,-3.41796875
264.171875,-25.390625,-9.27734375,-28.3203125,-19.53125
264.17578125,-31.73828125,-12.20703125,-40.0390625,-32.71484375
264.1796875,-32.71484375,-7.8125,-21.484375,-20.5078125
264.18359375,-28.80859375,-7.32421875,-6.8359375,-20.5078125
264.1875,-28.80859375,-16.11328125,-5.37109375,-9.27734375
264.19140625,-32.2265625,-13.671875,6.8359375,14.16015625
264.1953125,-20.99609375,-13.18359375,-0.9765625,32.71484375
264.19921875,-29.78515625,-20.99609375,-20.01953125,33.69140625
264.203125,-40.0390625,-24.4140625,-18.5546875,29.78515625
264.20703125,-45.41015625,-19.53125,-8.30078125,15.625
264.2109375,-34.66796875,-19.04296875,-12.20703125,3.41796875
264.21484375,-19.04296875,-22.4609375,-27.83203125,27.83203125
264.21875,-22.94921875,-10.7421875,-30.2734375,39.55078125
264.22265625,-31.73828125,-7.32421875,-16.6015625,19.53125
264.2265625,-23.4375,-6.8359375,-9.27734375,20.01953125
264.23046875,-21.97265625,0.0,-10.7421875,30.76171875
264.234375,-51.26953125,-4.8828125,-18.06640625,30.2734375
264.23828125,-21.97265625,-16.6015625,-21.484375,42.48046875
264.2421875,-7.8125,-20.5078125,-20.01953125,45.41015625
264.24609375,-48.828125,-14.6484375,-18.5546875,42.48046875
264.25,-54.6875,-13.18359375,-18.5546875,72.75390625
264.25390625,-57.12890625,-13.671875,-22.4609375,94.23828125
264.2578125,-55.6640625,-15.13671875,-22.4609375,126.46484375
264.26171875,-51.26953125,-22.4609375,-23.4375,141.6015625
264.265625,-53.22265625,-37.59765625,-29.78515625,151.3671875
264.26953125,-41.9921875,-33.69140625,-37.59765625,178.7109375
264.2734375,-29.296875,-13.18359375,-51.26953125,189.94140625
264.27734375,-43.9453125,-18.5546875,-51.7578125,166.50390625
264.28125,-67.3828125,-25.87890625,-27.83203125,143.06640625
264.28515625,-46.875,-12.6953125,-9.27734375,140.13671875
264.2890625,-27.83203125,-9.27734375,-10.7421875,133.7890625
264.29296875,-54.6875,-31.25,-12.6953125,117.67578125
264.296875,-65.4296875,-31.25,-19.04296875,115.72265625
264.30078125,-46.38671875,-16.11328125,-26.85546875,124.51171875
264.3046875,-49.8046875,-21.484375,-31.25,110.83984375
264.30859375,-56.640625,-19.53125,-32.2265625,104.00390625
264.3125,-43.45703125,-14.6484375,-28.80859375,104.00390625
264.31640625,-60.546875,-20.01953125,-15.625,91.30859375
264.3203125,-60.05859375,-16.11328125,-2.9296875,112.79296875
264.32421875,-11.71875,-4.8828125,-14.6484375,129.8828125
264.328125,-15.625,-11.71875,-25.87890625,123.53515625
264.33203125,-52.734375,-27.83203125,-27.34375,92.7734375
264.3359375,-62.5,-29.296875,-30.2734375,76.171875
264.33984375,-53.7109375,-22.4609375,-29.296875,56.640625
264.34375,-62.01171875,-27.34375,-27.34375,56.15234375
264.34765625,-62.98828125,-22.4609375,-33.203125,62.5
264.3515625,-60.546875,-9.765625,-28.3203125,59.5703125
264.35546875,-73.2421875,-11.71875,-16.11328125,61.5234375
264.359375,-66.40625,-11.23046875,-17.08984375,52.734375
264.36328125,-41.50390625,-7.8125,-31.25,58.59375
264.3671875,-1.953125,-16.11328125,-27.83203125,74.21875
264.37109375,-10.25390625,-25.87890625,-12.6953125,55.6640625
264.375,-55.17578125,-31.73828125,-21.97265625,20.01953125
264.37890625,-50.78125,-31.73828125,-50.29296875,11.71875
264.3828125,-69.82421875,-39.0625,-36.1328125,-19.53125
264.38671875,-93.26171875,-45.8984375,-7.8125,-75.1953125
264.390625,-106.93359375,-54.19921875,-5.859375,-91.796875
264.39453125,-107.421875,-62.01171875,0.48828125,-85.44921875
264.3984375,-104.00390625,-55.6640625,13.671875,-90.33203125
264.40234375,-125.9765625,-48.828125,23.92578125,-124.51171875
264.40625,-122.0703125,-43.45703125,22.4609375,-116.2109375
264.41015625,-116.69921875,-51.26953125,17.08984375,-118.65234375
264.4140625,-142.08984375,-52.734375,-7.32421875,-146.484375
264.41796875,-136.23046875,-40.0390625,-32.71484375,-124.51171875
264.421875,-83.984375,-37.59765625,-10.7421875,-126.953125
264.42578125,-97.65625,-51.7578125,22.94921875,-135.7421875
264.4296875,-124.51171875,-49.31640625,24.90234375,-134.765625
264.43359375,-126.46484375,-41.50390625,17.08984375,-145.01953125
264.4375,-114.74609375,-52.24609375,13.18359375,-137.6953125
264.44140625,-91.796875,-51.7578125,14.16015625,-104.4921875
264.4453125,-91.796875,-48.33984375,12.20703125,-95.703125
264.44921875,-114.2578125,-52.24609375,-0.48828125,-123.53515625
264.453125,-125.9765625,-47.8515625,-4.39453125,-169.43359375
264.45703125,-103.02734375,-38.57421875,-8.30078125,-179.19921875
264.4609375,-91.796875,-36.1328125,-20.99609375,-129.8828125
264.46484375,-83.49609375,-30.2734375,-34.1796875,-104.98046875
264.46875,-52.24609375,-26.85546875,-29.296875,-112.3046875
264.47265625,-62.98828125,-34.66796875,-7.32421875,-89.35546875
264.4765625,-103.515625,-41.9921875,-9.765625,-100.5859375
264.48046875,-100.5859375,-27.83203125,-23.92578125,-140.13671875
264.484375,-93.75,-17.578125,-15.13671875,-127.44140625
264.48828125,-107.91015625,-29.78515625,-6.34765625,-124.0234375
264.4921875,-112.3046875,-37.59765625,-9.27734375,-127.44140625
264.49609375,-97.16796875,-35.64453125,-14.16015625,-113.76953125
264.5,-78.125,-25.390625,-36.1328125,-91.796875
264.50390625,-61.03515625,-15.13671875,-25.390625,-111.328125
264.5078125,-65.91796875,-17.08984375,-2.9296875,-116.69921875
264.51171875,-71.2890625,-20.5078125,-12.20703125,-95.703125
264.515625,-54.6875,-11.23046875,-21.484375,-51.26953125
264.51953125,-49.8046875,-20.01953125,-23.4375,-61.5234375
264.5234375,-77.63671875,-43.45703125,-32.2265625,-104.00390625
264.52734375,-96.6796875,-36.1328125,-30.2734375,-80.56640625
264.53125,-99.12109375,-25.390625,-21.484375,-89.35546875
264.53515625,-102.05078125,-23.92578125,-24.90234375,-95.703125
264.5390625,-107.421875,-16.6015625,-24.4140625,-76.66015625
264.54296875,-93.26171875,-16.6015625,-11.23046875,-76.66015625
264.546875,-94.7265625,-27.34375,-8.30078125,-82.51953125
264.55078125,-83.984375,-28.3203125,-22.94921875,-55.6640625
264.5546875,-67.3828125,-22.94921875,-37.59765625,-71.77734375
264.55859375,-74.70703125,-23.4375,-39.0625,-106.93359375
264.5625,-107.91015625,-26.3671875,-35.64453125,-109.375
264.56640625,-116.69921875,-26.85546875,-39.0625,-102.5390625
264.5703125,-95.21484375,-23.92578125,-30.76171875,-72.75390625
264.57421875,-96.6796875,-31.25,-27.83203125,-79.1015625
264.578125,-99.12109375,-29.78515625,-32.2265625,-96.19140625
264.58203125,-94.7265625,-22.94921875,-27.83203125,-83.984375
264.5859375,-90.8203125,-20.99609375,-23.4375,-81.54296875
264.58984375,-92.7734375,-20.5078125,-29.78515625,-80.56640625
264.59375,-108.3984375,-23.4375,-36.1328125,-84.9609375
264.59765625,-98.6328125,-30.2734375,-42.48046875,-87.40234375
264.6015625,-90.8203125,-40.52734375,-45.8984375,-91.30859375
264.60546875,-102.5390625,-41.015625,-37.109375,-79.1015625
264.609375,-86.9140625,-18.5546875,-51.7578125,-56.640625
264.61328125,-73.73046875,-21.97265625,-70.3125,-67.3828125
264.6171875,-79.58984375,-43.45703125,-50.78125,-55.17578125
264.62109375,-88.37890625,-39.55078125,-37.59765625,-63.4765625
264.625,-110.83984375,-37.59765625,-42.48046875,-93.26171875
264.62890625,-139.6484375,-45.8984375,-31.25,-87.890625
264.6328125,-105.46875,-50.78125,-21.484375,-69.3359375
264.63671875,-105.95703125,-45.8984375,-15.13671875,-76.66015625
264.640625,-119.62890625,-40.52734375,-7.32421875,-66.89453125
264.64453125,-114.2578125,-33.203125,-8.30078125,-55.6640625
264.6484375,-111.81640625,-21.97265625,-3.90625,-56.640625
264.65234375,-109.86328125,-19.53125,-0.9765625,-61.5234375
264.65625,-114.74609375,-23.4375,-12.20703125,-76.66015625
264.66015625,-110.83984375,-32.71484375,-14.6484375,-63.96484375
264.6640625,-88.8671875,-40.52734375,-11.23046875,-51.26953125
264.66796875,-85.44921875,-40.0390625,-32.71484375,-27.34375
264.671875,-95.21484375,-32.2265625,-27.34375,-27.83203125
264.67578125,-76.171875,-24.4140625,-8.30078125,-41.9921875
264.6796875,-95.703125,-27.83203125,-16.6015625,-34.1796875
264.68359375,-122.55859375,-28.3203125,-24.90234375,-61.03515625
264.6875,-111.81640625,-14.6484375,-25.87890625,-58.10546875
264.69140625,-106.4453125,-6.34765625,-30.76171875,-19.53125
264.6953125,-114.2578125,-13.18359375,-24.4140625,-37.109375
264.69921875,-124.0234375,-21.97265625,-23.92578125,-83.49609375
264.703125,-117.1875,-27.83203125,-23.92578125,-50.29296875
264.70703125,-111.81640625,-35.64453125,-19.53125,-43.45703125
264.7109375,-116.2109375,-33.203125,-22.4609375,-63.4765625
264.71484375,-111.328125,-30.2734375,-22.94921875,-42.48046875
264.71875,-102.05078125,-31.73828125,-22.4609375,-20.99609375
264.72265625,-107.91015625,-30.76171875,-21.97265625,-42.96875
264.7265625,-99.12109375,-47.36328125,-23.4375,-37.59765625
264.73046875,-102.05078125,-55.17578125,-24.90234375,-20.5078125
264.734375,-130.859375,-32.2265625,-30.76171875,-29.296875
264.73828125,-131.34765625,-29.296875,-34.66796875,-21.97265625
264.7421875,-125.9765625,-29.78515625,-29.78515625,-25.87890625
264.74609375,-129.39453125,-21.97265625,-25.390625,-44.43359375
264.75,-117.1875,-20.99609375,-21.484375,-34.66796875
264.75390625,-115.72265625,-23.92578125,-21.97265625,-21.97265625
264.7578125,-101.5625,-29.296875,-30.2734375,-27.34375
264.76171875,-88.37890625,-24.90234375,-42.48046875,-8.7890625
264.765625,-89.35546875,-23.92578125,-33.203125,-8.30078125
264.76953125,-102.05078125,-25.390625,-19.53125,-35.15625
264.7734375,-115.234375,-19.53125,-22.94921875,-42.48046875
264.77734375,-108.88671875,-15.625,-18.5546875,-30.76171875
264.78125,-103.02734375,-21.97265625,-14.16015625,-31.73828125
264.78515625,-88.8671875,-26.3671875,-9.27734375,-38.57421875
264.7890625,-74.70703125,-17.08984375,-24.4140625,-16.6015625
264.79296875,-73.2421875,-28.3203125,-27.83203125,8.7890625
264.796875,-94.7265625,-38.57421875,-14.6484375,-32.2265625
264.80078125,-113.28125,-32.71484375,-20.5078125,-58.59375
264.8046875,-104.00390625,-30.76171875,-35.15625,-33.203125
264.80859375,-100.5859375,-22.4609375,-33.203125,-27.83203125
264.8125,-104.98046875,-15.13671875,-19.04296875,-48.828125
264.81640625,-115.72265625,-20.01953125,-28.3203125,-57.6171875
264.8203125,-113.28125,-21.484375,-30.76171875,-41.9921875
264.82421875,-93.75,-20.5078125,-25.390625,-37.109375
264.828125,-91.30859375,-26.3671875,-31.73828125,-30.2734375
264.83203125,-111.328125,-32.2265625,-28.80859375,-36.1328125
264.8359375,-112.79296875,-35.15625,-18.06640625,-42.48046875
264.83984375,-84.47265625,-36.1328125,-26.3671875,-27.34375
264.84375,-76.66015625,-29.296875,-48.33984375,-23.4375
264.84765625,-90.8203125,-20.01953125,-43.45703125,-35.64453125
264.8515625,-96.19140625,-17.578125,-24.4140625,-31.25
264.85546875,-97.16796875,-28.80859375,-13.18359375,-23.92578125
264.859375,-92.28515625,-33.203125,-1.46484375,4.39453125
264.86328125,-77.63671875,-20.5078125,-5.859375,45.41015625
264.8671875,-81.0546875,-15.13671875,-21.484375,10.7421875
264.87109375,-100.5859375,-20.5078125,-30.76171875,-58.59375
264.875,-111.81640625,-13.671875,-45.41015625,-78.61328125
264.87890625,-125.48828125,-7.8125,-48.828125,-81.0546875
264.8828125,-116.69921875,-19.04296875,-39.55078125,-60.546875
264.88671875,-114.74609375,-23.4375,-57.12890625,-45.8984375
264.890625,-111.81640625,-22.94921875,-83.0078125,-51.26953125
264.89453125,-118.65234375,-25.390625,-66.40625,-73.73046875
264.8984375,-139.16015625,-25.87890625,-45.8984375,-80.078125
264.90234375,-134.765625,-28.80859375,-44.921875,-62.01171875
264.90625,-127.9296875,-31.73828125,-38.0859375,-49.8046875
264.91015625,-143.5546875,-36.1328125,-37.59765625,-56.15234375
264.9140625,-145.5078125,-34.66796875,-41.015625,-62.5
264.91796875,-140.625,-20.01953125,-32.71484375,-54.19921875
264.921875,-137.20703125,-19.53125,-42.48046875,-39.0625
264.92578125,-131.8359375,-17.578125,-56.640625,-35.15625
264.9296875,-142.08984375,-14.16015625,-48.33984375,-66.89453125
264.93359375,-138.671875,-18.06640625,-40.52734375,-60.546875
264.9375,-125.0,-28.80859375,-36.1328125,-42.48046875
264.94140625,-137.6953125,-21.97265625,-25.87890625,-36.62109375
264.9453125,-123.53515625,-11.71875,-21.484375,-35.15625
264.94921875,-121.58203125,-17.08984375,-28.3203125,-61.03515625
264.953125,-129.39453125,-20.99609375,-33.69140625,-40.52734375
264.95703125,-105.46875,-20.01953125,-27.34375,-19.04296875
264.9609375,-107.91015625,-24.4140625,-27.34375,-47.36328125
264.96484375,-129.39453125,-26.85546875,-31.73828125,-55.6640625
264.96875,-103.515625,-26.85546875,-32.2265625,-44.43359375
264.97265625,-81.54296875,-32.2265625,-36.62109375,-49.8046875
264.9765625,-93.75,-17.08984375,-30.76171875,-53.22265625
264.98046875,-90.33203125,-8.7890625,-26.85546875,-44.43359375
264.984375,-83.984375,-16.11328125,-38.0859375,-29.296875
264.98828125,-90.33203125,-14.16015625,-27.34375,-13.671875
264.9921875,-97.65625,-18.5546875,-24.90234375,-31.73828125
264.99609375,-82.03125,-33.203125,-35.15625,-60.05859375
265.0,-84.9609375,-36.62109375,-20.01953125,-59.08203125
265.00390625,-97.16796875,-26.3671875,-12.6953125,-29.296875
265.0078125,-109.375,-25.390625,-22.94921875,-24.4140625
265.01171875,-128.90625,-30.76171875,-31.25,-33.69140625
265.015625,-118.65234375,-32.2265625,-29.78515625,-48.33984375
265.01953125,-100.09765625,-23.4375,-27.34375,-49.8046875
265.0234375,-92.7734375,-17.578125,-34.66796875,-46.875
265.02734375,-79.1015625,-21.97265625,-33.203125,-55.6640625
265.03125,-58.59375,-20.99609375,-49.8046875,-64.94140625
265.03515625,-68.84765625,-25.87890625,-51.26953125,-69.3359375
265.0390625,-92.7734375,-31.73828125,-26.3671875,-44.921875
265.04296875,-104.98046875,-27.83203125,-15.625,-40.52734375
265.046875,-86.9140625,-30.2734375,-17.578125,-55.17578125
265.05078125,-85.44921875,-38.57421875,-31.25,-33.203125
265.0546875,-97.65625,-30.2734375,-46.38671875,-24.90234375
265.05859375,-75.1953125,-13.671875,-34.66796875,-37.59765625
265.0625,-68.84765625,-10.25390625,-24.4140625,-48.33984375
265.06640625,-70.3125,-9.765625,-19.53125,-44.921875
265.0703125,-54.19921875,-16.6015625,-23.4375,-31.73828125
265.07421875,-71.77734375,-15.13671875,-24.90234375,-35.64453125
265.078125,-90.33203125,-11.23046875,-20.01953125,-50.29296875
265.08203125,-84.9609375,-17.08984375,-24.90234375,-46.875
265.0859375,-87.40234375,-22.4609375,-26.85546875,-43.45703125
265.08984375,-78.125,-25.390625,-25.390625,-44.43359375
265.09375,-64.94140625,-28.80859375,-25.87890625,-39.55078125
265.09765625,-66.40625,-29.78515625,-37.59765625,-24.4140625
265.1015625,-64.94140625,-23.92578125,-29.296875,-25.87890625
265.10546875,-60.05859375,-32.71484375,-18.06640625,-42.96875
265.109375,-60.546875,-49.31640625,-35.64453125,-33.69140625
265.11328125,-76.171875,-49.8046875,-45.41015625,-23.92578125
265.1171875,-90.33203125,-26.3671875,-38.0859375,-32.2265625
265.12109375,-86.9140625,-12.6953125,-22.94921875,-55.6640625
265.125,-66.40625,-23.4375,-15.13671875,-34.66796875
265.12890625,-52.734375,-15.13671875,-16.11328125,-13.671875
265.1328125,-60.546875,-10.7421875,-14.16015625,-37.109375
265.13671875,-82.51953125,-18.06640625,-34.1796875,-50.29296875
265.140625,-83.0078125,-15.13671875,-42.96875,-48.33984375
265.14453125,-62.01171875,-18.06640625,-30.76171875,-43.45703125
265.1484375,-64.94140625,-29.78515625,-43.9453125,3.90625
265.15234375,-67.3828125,-40.52734375,-56.15234375,22.4609375
265.15625,-41.9921875,-25.87890625,-42.48046875,31.73828125
265.16015625,-35.15625,-9.27734375,-19.53125,48.828125
265.1640625,-44.921875,-6.8359375,-21.484375,21.484375
265.16796875,-57.6171875,-17.578125,-28.3203125,21.484375
265.171875,-68.359375,-24.90234375,-23.92578125,35.64453125
265.17578125,-62.01171875,-26.85546875,-14.6484375,47.36328125
265.1796875,-53.22265625,-26.85546875,-29.296875,77.1484375
265.18359375,-47.8515625,-20.01953125,-36.62109375,81.54296875
265.1875,-35.64453125,-19.53125,-10.25390625,93.75
265.19140625,-38.0859375,-16.6015625,1.953125,107.91015625
265.1953125,-37.109375,-17.578125,-13.18359375,113.28125
265.19921875,-37.109375,-17.578125,-32.2265625,136.71875
265.203125,-81.0546875,-25.87890625,-24.4140625,109.86328125
265.20703125,-96.6796875,-32.2265625,-17.578125,84.47265625
265.2109375,-91.30859375,-32.2265625,-11.71875,91.796875
265.21484375,-94.23828125,-30.2734375,-0.9765625,104.00390625
265.21875,-68.359375,-20.99609375,-22.94921875,103.515625
265.22265625,-66.40625,-25.390625,-56.640625,123.046875
265.2265625,-66.89453125,-32.2265625,-37.109375,150.390625
265.23046875,-66.89453125,-30.76171875,-6.8359375,156.25
265.234375,-61.5234375,-32.71484375,-2.44140625,198.2421875
265.23828125,-43.45703125,-33.203125,-14.16015625,219.23828125
265.2421875,-24.4140625,-40.0390625,-24.90234375,242.1875
265.24609375,-35.15625,-35.64453125,-32.71484375,267.578125
265.25,-65.4296875,-21.97265625,-35.64453125,190.4296875
265.25390625,-40.52734375,-15.625,-40.0390625,136.71875
265.2578125,-49.31640625,-21.97265625,-37.59765625,139.6484375
265.26171875,-85.9375,-36.1328125,-36.62109375,136.71875
265.265625,-78.125,-34.1796875,-21.97265625,137.6953125
265.26953125,-50.29296875,-27.34375,-6.8359375,144.53125
265.2734375,-24.4140625,-18.06640625,-4.39453125,152.34375
265.27734375,-36.1328125,-14.16015625,-6.34765625,117.67578125
265.28125,-67.87109375,-13.18359375,-23.92578125,57.6171875
265.28515625,-79.58984375,-13.671875,-23.92578125,54.6875
265.2890625,-62.98828125,-14.16015625,-3.41796875,80.078125
265.29296875,-41.50390625,-10.7421875,0.9765625,56.15234375
265.296875,-60.05859375,-12.20703125,-8.7890625,46.875
265.30078125,-52.24609375,-22.4609375,0.0,38.0859375
265.3046875,-31.25,-28.3203125,-6.8359375,22.4609375
265.30859375,-47.36328125,-19.53125,-21.484375,44.43359375
265.3125,-30.2734375,-13.671875,-30.2734375,56.640625
265.31640625,-8.7890625,-23.4375,-32.71484375,52.24609375
265.3203125,-26.85546875,-25.390625,-16.6015625,22.4609375
265.32421875,-46.875,-23.4375,-16.11328125,35.15625
265.328125,-32.71484375,-40.0390625,-16.6015625,43.45703125
265.33203125,-30.2734375,-47.8515625,-17.08984375,3.90625
265.3359375,-43.9453125,-33.203125,-29.296875,-9.765625
265.33984375,-37.59765625,-30.76171875,-32.2265625,3.41796875
265.34375,-20.99609375,-24.90234375,-36.1328125,32.71484375
265.34765625,-22.94921875,-9.765625,-42.48046875,31.73828125
265.3515625,-46.38671875,-16.6015625,-43.9453125,15.13671875
265.35546875,-41.9921875,-20.01953125,-28.80859375,3.41796875
265.359375,-26.3671875,-17.08984375,-4.8828125,-3.90625
265.36328125,-26.3671875,-28.80859375,-14.16015625,-14.6484375
265.3671875,-12.6953125,-25.390625,-20.5078125,15.13671875
265.37109375,-22.94921875,-20.99609375,-7.8125,-1.953125
265.375,-33.203125,-17.578125,-17.578125,3.41796875
265.37890625,-2.44140625,-3.41796875,-30.2734375,51.7578125
265.3828125,-21.97265625,-8.30078125,-24.90234375,-4.39453125
265.38671875,-38.0859375,-23.92578125,-18.06640625,-35.15625
265.390625,-18.5546875,-25.390625,-18.06640625,-15.13671875
265.39453125,-19.53125,-13.18359375,-36.1328125,-3.90625
265.3984375,-20.5078125,-9.27734375,-22.4609375,13.671875
265.40234375,-22.94921875,-7.8125,-2.44140625,0.0
265.40625,-23.4375,-12.6953125,-21.97265625,-20.01953125
265.41015625,-17.08984375,-20.5078125,-25.390625,-9.27734375
265.4140625,5.859375,-13.18359375,-23.4375,21.484375
265.41796875,30.76171875,0.48828125,-12.6953125,18.06640625
265.421875,-21.97265625,0.48828125,4.8828125,-20.99609375
265.42578125,-60.05859375,-5.37109375,16.6015625,-34.1796875
265.4296875,-53.22265625,-10.25390625,6.34765625,-7.32421875
265.43359375,-27.83203125,-10.25390625,-7.8125,11.71875
265.4375,-39.55078125,-23.4375,4.39453125,-13.18359375
265.44140625,-61.03515625,-38.57421875,18.5546875,8.7890625
265.4453125,-52.734375,-51.7578125,19.53125,6.34765625
265.44921875,-63.4765625,-52.24609375,13.671875,-62.98828125
265.453125,-54.19921875,-39.55078125,3.41796875,-52.734375
265.45703125,-39.55078125,-32.71484375,-4.39453125,-19.53125
265.4609375,-48.33984375,-36.1328125,0.48828125,-32.2265625
265.46484375,-50.78125,-34.66796875,3.41796875,-33.69140625
265.46875,-29.78515625,-31.73828125,-13.671875,-9.765625
265.47265625,-20.5078125,-23.4375,-21.97265625,-20.01953125
265.4765625,-23.4375,-19.53125,-19.53125,-14.6484375
265.48046875,-37.59765625,-39.55078125,-8.30078125,17.578125
265.484375,-53.7109375,-52.734375,23.4375,37.109375
265.48828125,-48.33984375,-35.64453125,33.203125,-12.6953125
265.4921875,-62.5,-21.484375,21.97265625,-52.734375
265.49609375,-62.5,-19.04296875,0.48828125,-62.01171875
265.5,-53.22265625,-13.671875,-0.48828125,-42.96875
265.50390625,-51.7578125,-19.53125,8.7890625,-21.97265625
265.5078125,-45.41015625,-27.83203125,-13.18359375,-15.13671875
265.51171875,-29.78515625,-25.87890625,-17.578125,-9.27734375
265.515625,0.48828125,-21.484375,-2.9296875,12.20703125
265.51953125,18.5546875,-22.94921875,-21.484375,6.8359375
265.5234375,-33.69140625,-27.83203125,-26.85546875,-24.4140625
265.52734375,-65.91796875,-27.83203125,1.953125,-6.8359375
265.53125,-58.10546875,-25.390625,6.34765625,-17.578125
265.53515625,-48.828125,-16.6015625,0.9765625,-32.2265625
265.5390625,-41.50390625,-20.5078125,11.23046875,-12.20703125
265.54296875,-38.57421875,-27.34375,4.8828125,-0.9765625
265.546875,-23.4375,-26.3671875,-12.20703125,11.23046875
265.55078125,-10.7421875,-21.97265625,-20.99609375,-0.48828125
265.5546875,0.9765625,-18.06640625,-23.92578125,-21.97265625
265.55859375,-18.5546875,-20.01953125,-19.53125,3.41796875
265.5625,-32.71484375,-24.90234375,-17.08984375,9.27734375
265.56640625,-31.25,-21.97265625,-14.16015625,-59.08203125
265.5703125,-43.45703125,-19.53125,-13.671875,-53.22265625
265.57421875,-67.3828125,-30.2734375,-7.8125,-28.80859375
265.578125,-79.1015625,-32.2265625,-9.765625,-13.671875
265.58203125,-69.82421875,-36.62109375,-35.15625,-14.6484375
265.5859375,-57.12890625,-37.109375,-38.0859375,-19.04296875
265.58984375,-47.36328125,-33.203125,-23.92578125,-20.01953125
265.59375,-58.10546875,-41.9921875,-12.20703125,-41.9921875
265.59765625,-61.5234375,-36.62109375,-6.8359375,-42.96875
265.6015625,-44.921875,-22.94921875,-20.01953125,-43.9453125
265.60546875,-37.109375,-15.625,-29.296875,-28.3203125
265.609375,-16.6015625,-11.23046875,-20.01953125,13.18359375
265.61328125,5.859375,-13.18359375,-12.20703125,-16.11328125
265.6171875,-20.99609375,-25.390625,-4.8828125,-26.85546875
265.62109375,-5.37109375,-32.2265625,-8.30078125,-24.4140625
265.625,16.11328125,-31.73828125,-15.625,-51.26953125
265.62890625,-12.6953125,-23.92578125,-15.625,-38.0859375
265.6328125,-14.6484375,-28.80859375,-19.04296875,-24.90234375
265.63671875,-8.30078125,-32.2265625,-20.5078125,-31.25
265.640625,-18.06640625,-23.4375,-12.6953125,-30.2734375
265.64453125,-18.06640625,-18.06640625,-13.671875,-12.6953125
265.6484375,0.48828125,1.46484375,-29.78515625,-7.32421875
265.65234375,-8.30078125,-1.953125,-41.015625,-20.99609375
265.65625,-19.04296875,-20.99609375,-23.92578125,-26.85546875
265.66015625,7.8125,-20.5078125,-6.8359375,-27.83203125
265.6640625,-14.16015625,-29.296875,-8.7890625,-57.12890625
265.66796875,-36.1328125,-36.1328125,-10.7421875,-50.29296875
265.671875,-20.01953125,-24.90234375,-15.13671875,-36.62109375
265.67578125,-28.3203125,-25.390625,-16.6015625,-43.9453125
265.6796875,-20.5078125,-29.78515625,-17.08984375,-50.29296875
265.68359375,-33.203125,-31.25,-16.6015625,-51.7578125
265.6875,-64.94140625,-34.1796875,-16.6015625,-53.22265625
265.69140625,-62.98828125,-23.92578125,-15.13671875,-72.265625
265.6953125,-59.08203125,-21.484375,-8.30078125,-85.44921875
265.69921875,-88.8671875,-31.73828125,-5.859375,-99.609375
265.703125,-119.62890625,-33.69140625,-12.6953125,-116.69921875
265.70703125,-123.046875,-36.1328125,-16.6015625,-145.01953125
265.7109375,-130.859375,-36.62109375,-31.73828125,-158.69140625
265.71484375,-132.32421875,-32.2265625,-33.69140625,-163.57421875
265.71875,-143.5546875,-37.59765625,-7.32421875,-172.8515625
265.72265625,-167.96875,-36.62109375,8.7890625,-187.01171875
265.7265625,-163.0859375,-33.203125,-2.9296875,-171.875
265.73046875,-137.6953125,-29.78515625,-18.06640625,-168.9453125
265.734375,-118.65234375,-30.2734375,-1.953125,-166.50390625
265.73828125,-125.0,-33.69140625,8.30078125,-138.671875
265.7421875,-140.625,-33.203125,-6.8359375,-157.71484375
265.74609375,-134.27734375,-32.2265625,-12.6953125,-159.66796875
265.75,-125.9765625,-32.2265625,-15.13671875,-125.9765625
265.75390625,-124.0234375,-21.97265625,-27.83203125,-132.32421875
265.7578125,-103.515625,-15.13671875,-32.71484375,-111.328125
265.76171875,-63.96484375,-25.87890625,-34.66796875,-59.5703125
265.765625,-64.94140625,-28.80859375,-40.0390625,-82.51953125
265.76953125,-61.03515625,-20.5078125,-36.1328125,-100.5859375
265.7734375,-40.0390625,-24.4140625,-30.2734375,-83.0078125
265.77734375,-29.296875,-21.484375,-34.66796875,-72.265625
265.78125,-7.32421875,-23.4375,-32.71484375,-46.38671875
265.78515625,2.9296875,-40.52734375,-28.3203125,-29.296875
265.7890625,-0.48828125,-36.62109375,-32.2265625,-13.18359375
265.79296875,15.13671875,-19.53125,-30.2734375,1.953125
265.796875,28.3203125,-10.25390625,-24.4140625,2.9296875
265.80078125,10.7421875,-7.32421875,-33.203125,-10.7421875
265.8046875,21.484375,-5.37109375,-40.0390625,0.48828125
265.80859375,48.33984375,-9.765625,-46.875,14.16015625
265.8125,37.59765625,-20.5078125,-41.50390625,18.06640625
265.81640625,17.578125,-20.01953125,-25.390625,18.06640625
265.8203125,16.11328125,-23.92578125,-20.99609375,-13.18359375
265.82421875,33.203125,-11.23046875,-23.4375,7.32421875
265.828125,62.01171875,8.30078125,-16.6015625,33.203125
265.83203125,73.73046875,-1.46484375,-4.39453125,37.59765625
265.8359375,67.3828125,-9.765625,0.48828125,57.12890625
265.83984375,71.2890625,0.9765625,-4.8828125,63.4765625
265.84375,74.70703125,6.34765625,-10.7421875,43.9453125
265.84765625,54.19921875,5.859375,-10.7421875,34.1796875
265.8515625,60.05859375,0.9765625,-18.06640625,64.453125
265.85546875,88.8671875,3.41796875,-19.53125,76.66015625
265.859375,92.7734375,6.8359375,-21.484375,68.359375
265.86328125,62.5,-5.37109375,-15.13671875,61.5234375
265.8671875,67.3828125,-10.25390625,-14.16015625,83.0078125
265.87109375,86.42578125,-5.859375,-30.76171875,55.6640625
265.875,56.15234375,-9.27734375,-35.15625,12.6953125
265.87890625,33.69140625,-19.53125,-28.80859375,67.87109375
265.8828125,50.29296875,-22.4609375,-24.90234375,76.171875
265.88671875,48.828125,-10.25390625,-22.4609375,-5.859375
265.890625,34.66796875,-0.48828125,-29.78515625,-3.90625
265.89453125,36.62109375,8.30078125,-26.85546875,12.20703125
265.8984375,44.43359375,7.8125,-20.01953125,4.39453125
265.90234375,52.734375,8.30078125,-32.2265625,24.90234375
265.90625,56.640625,6.34765625,-36.1328125,27.34375
265.91015625,54.19921875,-4.39453125,-23.4375,16.6015625
265.9140625,47.8515625,-21.484375,-19.04296875,31.73828125
265.91796875,50.29296875,-28.3203125,-30.76171875,26.3671875
265.921875,36.1328125,-13.671875,-36.1328125,12.20703125
265.92578125,50.78125,-4.8828125,-28.3203125,36.62109375
265.9296875,53.22265625,-6.8359375,-32.2265625,13.671875
265.93359375,40.52734375,-22.4609375,-37.59765625,2.44140625
265.9375,27.34375,-31.25,-38.0859375,8.7890625
265.94140625,12.6953125,-23.4375,-36.1328125,56.640625
265.9453125,29.296875,-18.06640625,-34.1796875,60.05859375
265.94921875,39.55078125,-16.11328125,-35.64453125,-14.6484375
265.953125,47.36328125,-11.71875,-28.3203125,-16.11328125
265.95703125,40.0390625,-10.25390625,-25.87890625,10.25390625
265.9609375,50.78125,-10.7421875,-36.1328125,28.80859375
265.96484375,61.03515625,-12.20703125,-38.57421875,36.62109375
265.96875,33.203125,-6.8359375,-21.97265625,9.27734375
265.97265625,55.6640625,0.9765625,-14.6484375,10.25390625
265.9765625,67.87109375,-9.27734375,-13.671875,17.578125
265.98046875,31.25,-11.71875,-15.13671875,15.625
265.984375,33.69140625,-5.37109375,-27.83203125,19.04296875
265.98828125,31.73828125,-23.4375,-30.76171875,19.53125
265.9921875,40.0390625,-20.99609375,-37.109375,14.16015625
265.99609375,57.12890625,-13.671875,-35.64453125,40.52734375
266.0,56.640625,-29.78515625,-33.203125,33.203125
266.00390625,54.6875,-22.4609375,-47.8515625,-4.39453125
266.0078125,50.29296875,-4.8828125,-38.0859375,5.37109375
266.01171875,43.9453125,-6.8359375,-23.4375,15.13671875
266.015625,42.48046875,-11.23046875,-31.73828125,-13.671875
266.01953125,33.203125,-17.08984375,-34.1796875,-35.15625
266.0234375,46.38671875,-28.80859375,-19.04296875,0.48828125
266.02734375,88.37890625,-38.57421875,-5.859375,42.96875
266.03125,69.82421875,-28.3203125,-8.7890625,48.828125
266.03515625,24.4140625,-8.7890625,-19.53125,31.25
266.0390625,30.76171875,6.34765625,-46.875,-12.20703125
266.04296875,20.5078125,0.0,-47.36328125,-37.59765625
266.046875,9.765625,-10.25390625,-26.85546875,-25.390625
266.05078125,18.06640625,0.48828125,-26.3671875,-22.94921875
266.0546875,14.6484375,-7.32421875,-26.3671875,29.78515625
266.05859375,35.15625,-10.25390625,-30.76171875,29.296875
266.0625,78.61328125,0.0,-44.43359375,-38.0859375
266.06640625,38.57421875,3.41796875,-36.1328125,-25.390625
266.0703125,14.16015625,4.8828125,-18.5546875,-21.484375
266.07421875,15.625,0.0,-25.390625,-29.78515625
266.078125,30.76171875,2.9296875,-27.83203125,-6.8359375
266.08203125,49.31640625,9.27734375,-23.92578125,36.1328125
266.0859375,36.1328125,4.8828125,-25.390625,29.296875
266.08984375,37.59765625,2.44140625,-15.13671875,-41.9921875
266.09375,40.52734375,-12.20703125,-10.7421875,-40.52734375
266.09765625,39.55078125,-12.20703125,-20.99609375,17.578125
266.1015625,15.625,5.37109375,-20.5078125,52.734375
266.10546875,11.71875,14.6484375,-28.80859375,29.78515625
266.109375,20.99609375,12.6953125,-36.1328125,15.625
266.11328125,17.578125,-9.765625,-26.3671875,-8.7890625
266.1171875,20.01953125,-10.7421875,-24.4140625,-20.5078125
266.12109375,24.4140625,3.90625,-24.4140625,-14.6484375
266.125,21.97265625,1.953125,-25.390625,-14.6484375
266.12890625,46.875,-1.46484375,-35.15625,2.9296875
266.1328125,56.15234375,-9.765625,-32.2265625,6.34765625
266.13671875,13.18359375,-8.30078125,-14.16015625,-26.85546875
266.140625,5.37109375,-5.859375,-12.20703125,-46.38671875
266.14453125,23.92578125,-3.90625,-13.671875,-51.26953125
266.1484375,35.15625,-6.34765625,-11.23046875,-54.6875
266.15234375,45.8984375,-5.37109375,-20.5078125,-95.21484375
266.15625,38.57421875,-8.7890625,-32.71484375,-128.90625
266.16015625,29.78515625,-12.20703125,-23.4375,-110.83984375
266.1640625,31.25,-14.16015625,-18.06640625,-89.84375
266.16796875,7.32421875,-22.94921875,-28.3203125,-101.07421875
266.171875,-0.9765625,-19.53125,-35.15625,-100.09765625
266.17578125,-3.90625,-25.390625,-35.15625,-117.1875
266.1796875,0.0,-25.87890625,-20.01953125,-129.8828125
266.18359375,6.8359375,-16.11328125,-17.08984375,-130.859375
266.1875,0.0,-7.8125,-17.08984375,-142.578125
266.19140625,21.484375,6.34765625,-18.06640625,-115.234375
266.1953125,44.43359375,-4.8828125,-30.2734375,-113.28125
266.19921875,-3.90625,-34.1796875,-24.90234375,-147.94921875
266.203125,-23.92578125,-44.921875,-26.85546875,-143.5546875
266.20703125,-0.48828125,-40.52734375,-31.25,-118.1640625
266.2109375,-12.20703125,-32.2265625,-15.625,-130.859375
266.21484375,-10.25390625,-8.7890625,-10.7421875,-120.60546875
266.21875,-8.30078125,-4.8828125,-15.625,-114.74609375
266.22265625,-3.41796875,-9.765625,-19.04296875,-119.140625
266.2265625,6.34765625,-8.30078125,-22.4609375,-95.703125
266.23046875,-1.46484375,-10.7421875,-26.85546875,-88.8671875
266.234375,20.99609375,-13.671875,-19.04296875,-99.609375
266.23828125,21.484375,-19.04296875,-5.859375,-99.609375
266.2421875,10.7421875,-25.87890625,0.0,-96.19140625
266.24609375,-4.8828125,-20.99609375,-6.8359375,-89.35546875
266.25,12.6953125,-22.94921875,-12.6953125,-79.1015625
266.25390625,32.71484375,-27.83203125,-7.32421875,-75.1953125
266.2578125,-0.48828125,-9.27734375,-20.99609375,-43.9453125
266.26171875,10.7421875,0.9765625,-58.10546875,-80.56640625
266.265625,15.625,-15.13671875,-52.24609375,-106.4453125
266.26953125,-3.90625,-26.85546875,-15.625,-76.66015625
266.2734375,-13.18359375,-21.484375,-8.7890625,-59.08203125
266.27734375,-13.18359375,-21.484375,-19.04296875,-55.17578125
266.28125,2.44140625,-30.2734375,-18.06640625,-69.82421875
266.28515625,-4.8828125,-19.04296875,-24.4140625,-74.70703125
266.2890625,-3.41796875,-16.11328125,-31.25,-71.2890625
266.29296875,3.90625,-28.3203125,-26.85546875,-52.734375
266.296875,0.48828125,-30.2734375,-31.25,-49.8046875
266.30078125,1.953125,-23.92578125,-34.1796875,-59.5703125
266.3046875,4.39453125,-2.44140625,-23.4375,-66.40625
266.30859375,14.6484375,13.671875,-23.4375,-55.6640625
266.3125,45.8984375,4.8828125,-28.80859375,-16.11328125
266.31640625,73.2421875,-11.23046875,-20.01953125,-8.7890625
266.3203125,46.38671875,-18.5546875,3.90625,-53.22265625
266.32421875,16.11328125,-14.16015625,9.765625,-35.64453125
266.328125,12.20703125,-7.8125,-1.953125,-21.97265625
266.33203125,-6.8359375,-14.6484375,-7.32421875,-62.5
266.3359375,-25.390625,-24.4140625,2.44140625,-56.15234375
266.33984375,-12.20703125,-28.80859375,15.625,-44.921875
266.34375,2.9296875,-33.203125,25.87890625,-45.8984375
266.34765625,-6.8359375,-33.203125,23.4375,-71.2890625
266.3515625,-9.27734375,-32.71484375,11.71875,-68.359375
266.35546875,19.04296875,-37.109375,12.20703125,-33.69140625
266.359375,24.90234375,-28.3203125,16.6015625,-23.92578125
266.36328125,6.34765625,-23.92578125,6.34765625,-22.4609375
266.3671875,3.90625,-32.71484375,-3.90625,-8.30078125
266.37109375,3.41796875,-49.31640625,8.30078125,-8.7890625
266.375,-5.37109375,-54.6875,7.8125,8.7890625
266.37890625,18.06640625,-44.43359375,-26.3671875,-5.859375
266.3828125,18.06640625,-41.9921875,-55.6640625,-49.31640625
266.38671875,-22.4609375,-27.83203125,-32.71484375,-51.26953125
266.390625,-39.0625,-13.671875,-0.9765625,-72.75390625
266.39453125,-15.13671875,0.48828125,3.41796875,-37.59765625
266.3984375,-4.8828125,-17.578125,1.46484375,-28.3203125
266.40234375,-7.32421875,-46.38671875,0.0,-65.4296875
266.40625,3.41796875,-38.57421875,-6.34765625,-41.015625
266.41015625,8.7890625,-27.34375,-17.578125,-20.99609375
266.4140625,10.7421875,-24.4140625,-30.2734375,-11.71875
266.41796875,-0.9765625,-34.1796875,-21.97265625,-9.765625
266.421875,-10.7421875,-42.96875,-9.765625,-29.296875
266.42578125,17.08984375,-48.828125,-6.8359375,-17.578125
266.4296875,11.71875,-52.24609375,-5.37109375,-11.71875
266.43359375,-0.48828125,-41.50390625,-25.390625,-46.875
266.4375,5.37109375,-24.90234375,-17.578125,-29.296875
266.44140625,16.6015625,-15.625,4.8828125,-10.7421875
266.4453125,28.80859375,-23.92578125,-3.41796875,-10.25390625
266.44921875,18.5546875,-25.87890625,-20.01953125,-1.46484375
266.453125,22.4609375,-26.85546875,-22.94921875,8.7890625
266.45703125,35.15625,-35.64453125,-16.11328125,-28.3203125
266.4609375,-2.44140625,-38.0859375,-2.44140625,-30.2734375
266.46484375,-9.765625,-38.57421875,4.8828125,-4.39453125
266.46875,0.0,-34.1796875,-4.39453125,-37.59765625
266.47265625,-11.23046875,-37.109375,-16.6015625,-35.64453125
266.4765625,20.01953125,-54.19921875,-21.97265625,-29.296875
266.48046875,24.4140625,-61.5234375,-26.3671875,-46.38671875
266.484375,20.99609375,-54.19921875,-37.109375,-27.34375
266.48828125,11.23046875,-36.1328125,-41.015625,0.0
266.4921875,3.41796875,-26.3671875,-49.31640625,-18.06640625
266.49609375,-3.41796875,-24.90234375,-63.4765625,-52.734375
266.5,-11.23046875,-25.390625,-41.015625,-39.0625
266.50390625,7.8125,-26.3671875,-8.7890625,-28.80859375
266.5078125,12.6953125,-28.80859375,-9.27734375,-13.18359375
266.51171875,24.90234375,-42.96875,-18.5546875,10.7421875
266.515625,32.71484375,-50.29296875,-21.484375,-10.25390625
266.51953125,12.20703125,-35.64453125,-22.94921875,-49.8046875
266.5234375,21.97265625,-14.16015625,-29.296875,-43.9453125
266.52734375,22.94921875,-5.37109375,-31.73828125,-5.37109375
266.53125,33.69140625,-15.625,-21.97265625,0.9765625
266.53515625,55.6640625,-27.83203125,-8.30078125,18.5546875
266.5390625,36.1328125,-31.25,-18.5546875,-4.8828125
266.54296875,24.90234375,-27.83203125,-19.04296875,-31.25
266.546875,39.0625,-20.01953125,-3.41796875,-37.109375
266.55078125,34.1796875,-12.20703125,-6.8359375,-29.78515625
266.5546875,21.97265625,-8.7890625,-20.5078125,10.25390625
266.55859375,16.11328125,-13.671875,-32.2265625,-3.41796875
266.5625,19.04296875,-14.16015625,-33.203125,-4.8828125
266.56640625,27.83203125,-20.99609375,-28.3203125,-8.30078125
266.5703125,27.34375,-29.296875,-12.20703125,-20.5078125
266.57421875,34.1796875,-18.5546875,-2.9296875,-1.953125
266.578125,52.24609375,-5.859375,3.41796875,16.11328125
266.58203125,34.66796875,4.39453125,-1.46484375,-16.11328125
266.5859375,27.83203125,12.6953125,-13.18359375,-18.06640625
266.58984375,43.9453125,4.39453125,-24.90234375,-10.7421875
266.59375,58.59375,-5.859375,-30.76171875,-17.578125
266.59765625,49.8046875,-6.34765625,-11.23046875,-2.44140625
266.6015625,29.296875,0.0,0.48828125,11.23046875
266.60546875,9.765625,4.8828125,-9.765625,15.13671875
266.609375,9.765625,1.46484375,-16.6015625,-14.6484375
266.61328125,40.52734375,-2.44140625,-23.92578125,-11.71875
266.6171875,32.2265625,-6.34765625,-18.06640625,-9.27734375
266.62109375,7.32421875,-4.8828125,-10.25390625,-20.01953125
266.625,2.9296875,-6.8359375,-13.18359375,-19.53125
266.62890625,11.23046875,-4.39453125,-9.765625,-27.83203125
266.6328125,12.20703125,-5.37109375,-20.5078125,-38.57421875
266.63671875,33.203125,-14.16015625,-27.83203125,-17.578125
266.640625,38.57421875,-17.08984375,-17.578125,-17.08984375
266.64453125,30.76171875,-15.13671875,-23.92578125,-24.90234375
266.6484375,20.5078125,-17.578125,-33.69140625,-20.5078125
266.65234375,16.6015625,-15.13671875,-25.87890625,-12.20703125
266.65625,41.9921875,-7.32421875,-37.59765625,-3.90625
266.66015625,27.34375,-15.625,-40.0390625,-8.7890625
266.6640625,-14.6484375,-29.296875,-21.97265625,-26.3671875
266.66796875,3.41796875,-31.73828125,-18.06640625,-33.69140625
266.671875,21.484375,-20.5078125,-13.671875,-24.90234375
266.67578125,3.41796875,-22.94921875,-13.671875,-36.62109375
266.6796875,13.671875,-26.3671875,-3.41796875,-21.97265625
266.68359375,24.4140625,-14.16015625,-5.859375,-2.44140625
266.6875,40.0390625,-0.48828125,-10.25390625,-6.34765625
266.69140625,12.20703125,0.0,-9.27734375,-16.6015625
266.6953125,5.859375,-8.30078125,-25.390625,-12.20703125
266.69921875,39.0625,-3.41796875,-30.76171875,15.625
266.703125,29.296875,-5.37109375,-11.71875,4.8828125
266.70703125,12.20703125,-15.625,-9.765625,-8.30078125
266.7109375,6.8359375,-11.71875,-15.13671875,-7.8125
266.71484375,18.06640625,0.0,-15.13671875,-1.953125
266.71875,28.80859375,-13.671875,-3.41796875,-21.97265625
266.72265625,11.71875,-30.76171875,-25.87890625,-25.87890625
266.7265625,1.953125,-21.97265625,-48.33984375,7.8125
266.73046875,-7.8125,-8.7890625,-13.18359375,-11.23046875
266.734375,-27.34375,1.46484375,20.5078125,-50.78125
266.73828125,-37.109375,0.9765625,21.97265625,-54.6875
266.7421875,-22.94921875,-3.41796875,13.18359375,-45.8984375
266.74609375,-33.69140625,-11.71875,0.9765625,-67.3828125
266.75,-57.6171875,-12.20703125,-11.71875,-92.7734375
266.75390625,-57.12890625,-3.90625,-13.18359375,-83.49609375
266.7578125,-72.75390625,-6.34765625,-2.9296875,-73.2421875
266.76171875,-99.609375,-18.5546875,11.71875,-99.12109375
266.765625,-103.515625,-27.34375,11.71875,-127.44140625
266.76953125,-117.67578125,-42.48046875,0.0,-132.8125
266.7734375,-143.5546875,-36.62109375,-3.90625,-163.57421875
266.77734375,-144.04296875,-21.484375,0.0,-168.9453125
266.78125,-119.140625,-29.296875,-10.25390625,-136.23046875
266.78515625,-102.05078125,-30.2734375,-23.92578125,-126.46484375
266.7890625,-98.6328125,-16.6015625,-3.41796875,-107.91015625
266.79296875,-105.95703125,-18.06640625,14.16015625,-117.67578125
266.796875,-102.05078125,-27.83203125,15.13671875,-73.2421875
266.80078125,-63.96484375,-23.92578125,-9.27734375,-55.17578125
266.8046875,-82.03125,-27.34375,-20.01953125,-119.62890625
266.80859375,-108.88671875,-35.64453125,-5.859375,-126.953125
266.8125,-85.9375,-22.94921875,-0.9765625,-101.07421875
266.81640625,-70.80078125,-22.4609375,-0.9765625,-105.46875
266.8203125,-51.26953125,-26.85546875,0.48828125,-88.37890625
266.82421875,-43.45703125,-24.4140625,-11.23046875,-83.49609375
266.828125,-30.2734375,-19.04296875,-28.80859375,-86.42578125
266.83203125,-11.23046875,-20.01953125,-29.78515625,-54.6875
266.8359375,-9.27734375,-24.90234375,-24.4140625,-37.59765625
266.83984375,12.6953125,-18.06640625,-17.578125,-20.99609375
266.84375,34.1796875,-15.625,-25.87890625,13.671875
266.84765625,24.90234375,-18.5546875,-28.3203125,-0.48828125
266.8515625,23.4375,-10.25390625,-16.6015625,-13.18359375
266.85546875,12.20703125,-12.6953125,-8.30078125,4.8828125
266.859375,4.8828125,-15.625,-12.6953125,-2.44140625
266.86328125,23.92578125,-4.39453125,-24.90234375,13.671875
266.8671875,37.59765625,0.48828125,-31.25,20.5078125
266.87109375,30.76171875,-3.90625,-7.32421875,9.765625
266.875,41.015625,-9.765625,6.8359375,47.36328125
266.87890625,60.05859375,-1.46484375,-8.7890625,38.0859375
266.8828125,58.10546875,3.41796875,-15.625,10.7421875
266.88671875,66.40625,-5.37109375,-4.39453125,27.83203125
266.890625,69.3359375,-17.08984375,-0.48828125,31.73828125
266.89453125,43.45703125,-14.16015625,-0.9765625,-5.37109375
266.8984375,38.0859375,-4.8828125,-5.37109375,-0.9765625
266.90234375,49.31640625,-1.46484375,-11.23046875,29.296875
266.90625,62.98828125,-0.9765625,-9.765625,19.04296875
266.91015625,73.73046875,-2.44140625,-10.25390625,31.25
266.9140625,61.03515625,-5.37109375,-19.53125,40.0390625
266.91796875,51.7578125,-4.8828125,-20.99609375,43.45703125
266.921875,66.89453125,0.0,-12.20703125,49.8046875
266.92578125,59.08203125,0.0,-5.859375,25.390625
266.9296875,13.18359375,-8.30078125,-11.71875,8.30078125
266.93359375,-8.7890625,-10.25390625,-12.20703125,37.109375
266.9375,3.90625,-0.9765625,2.44140625,46.38671875
266.94140625,14.16015625,3.90625,-5.37109375,36.1328125
266.9453125,-1.46484375,0.48828125,-18.5546875,20.5078125
266.94921875,-8.7890625,1.46484375,-32.2265625,32.71484375
266.953125,12.6953125,-11.71875,-58.10546875,72.75390625
266.95703125,7.32421875,-43.9453125,-36.62109375,62.01171875
266.9609375,-13.671875,-41.9921875,-9.765625,15.625
266.96484375,-28.3203125,-27.83203125,2.9296875,0.0
266.96875,-32.71484375,-26.85546875,0.48828125,13.671875
266.97265625,-22.4609375,-18.5546875,-23.4375,24.90234375
266.9765625,-11.23046875,-9.765625,-27.83203125,2.44140625
266.98046875,15.625,-12.6953125,-12.6953125,0.0
266.984375,11.23046875,-15.625,-9.765625,20.01953125
266.98828125,-4.39453125,-25.87890625,-14.16015625,11.71875
266.9921875,15.13671875,-35.15625,-12.6953125,17.578125
266.99609375,5.37109375,-31.25,-16.6015625,33.203125
267.0,-15.13671875,-16.11328125,-32.71484375,15.13671875
267.00390625,-5.859375,-2.44140625,-33.203125,18.06640625
267.0078125,-2.9296875,-7.8125,-22.94921875,41.9921875
267.01171875,-4.39453125,-12.20703125,-7.8125,11.71875
267.015625,2.44140625,-14.6484375,-2.9296875,-9.765625
267.01953125,0.9765625,-17.08984375,-8.7890625,-8.7890625
267.0234375,-1.953125,-19.04296875,-16.6015625,4.39453125
267.02734375,-6.34765625,-22.94921875,-30.2734375,21.484375
267.03125,27.34375,-22.94921875,-40.52734375,18.06640625
267.03515625,40.52734375,-23.4375,-27.83203125,19.53125
267.0390625,12.6953125,-24.4140625,-9.765625,32.2265625
267.04296875,-23.92578125,-30.2734375,-10.7421875,11.71875
267.046875,-61.03515625,-25.87890625,-18.06640625,-19.53125
267.05078125,-68.359375,-18.5546875,-18.5546875,-39.55078125
267.0546875,-56.640625,-26.3671875,-11.71875,-31.25
267.05859375,-45.41015625,-26.3671875,-20.5078125,-19.53125
267.0625,-32.71484375,-20.99609375,-37.109375,-18.5546875
267.06640625,-29.296875,-37.109375,-42.48046875,-16.6015625
267.0703125,-47.36328125,-42.96875,-30.76171875,2.44140625
267.07421875,-52.734375,-25.87890625,-12.20703125,14.16015625
267.078125,-40.0390625,-15.13671875,-8.30078125,-2.9296875
267.08203125,-42.48046875,-16.11328125,-9.27734375,-20.01953125
267.0859375,-40.0390625,-20.01953125,-17.08984375,-27.34375
267.08984375,-43.9453125,-29.78515625,-26.3671875,-30.76171875
267.09375,-49.31640625,-24.90234375,-29.78515625,-32.2265625
267.09765625,-33.69140625,-11.23046875,-34.66796875,-19.53125
267.1015625,-28.80859375,-2.9296875,-27.83203125,-11.71875
267.10546875,-25.87890625,-2.44140625,-1.953125,-11.23046875
267.109375,-19.53125,-21.484375,4.8828125,7.8125
267.11328125,-7.32421875,-26.85546875,-8.30078125,11.23046875
267.1171875,-22.94921875,-17.08984375,-7.8125,-4.39453125
267.12109375,-12.20703125,-13.671875,2.44140625,14.16015625
267.125,8.30078125,-3.90625,-10.25390625,18.06640625
267.12890625,-26.3671875,-6.8359375,-32.71484375,-17.08984375
267.1328125,-38.57421875,-18.5546875,-22.4609375,-30.2734375
267.13671875,-49.31640625,-22.94921875,-14.6484375,-25.390625
267.140625,-62.01171875,-18.06640625,-21.97265625,-38.0859375
267.14453125,-44.921875,-5.859375,-26.85546875,-42.96875
267.1484375,-41.015625,-5.37109375,-37.109375,-68.84765625
267.15234375,-27.34375,-16.11328125,-43.9453125,-66.89453125
267.15625,-29.296875,-11.23046875,-51.26953125,-41.9921875
267.16015625,-47.36328125,-2.44140625,-57.12890625,-50.78125
267.1640625,-46.38671875,-3.41796875,-62.01171875,-72.75390625
267.16796875,-19.53125,-9.27734375,-58.59375,-42.96875
267.171875,-8.7890625,-14.6484375,-49.31640625,-27.83203125
267.17578125,-25.390625,-20.99609375,-52.734375,-36.62109375
267.1796875,-33.69140625,-23.92578125,-57.6171875,-30.76171875
267.18359375,-24.90234375,-16.11328125,-56.640625,-31.73828125
267.1875,-22.94921875,-9.27734375,-49.31640625,-55.6640625
267.19140625,-19.53125,-8.30078125,-52.24609375,-29.296875
267.1953125,-9.765625,-2.9296875,-66.40625,-6.8359375
267.19921875,-23.4375,2.44140625,-69.3359375,-29.296875
267.203125,-33.69140625,-8.30078125,-50.29296875,-46.875
267.20703125,-42.48046875,-22.94921875,-35.15625,-62.01171875
267.2109375,-30.2734375,-20.5078125,-36.1328125,-43.45703125
267.21484375,-20.01953125,-22.94921875,-34.66796875,-35.64453125
267.21875,-28.80859375,-22.4609375,-25.87890625,-19.53125
267.22265625,-18.06640625,-13.18359375,-40.52734375,-7.8125
267.2265625,-4.39453125,-6.8359375,-53.7109375,-21.484375
267.23046875,-4.39453125,-10.7421875,-37.109375,-12.6953125
267.234375,-19.53125,-16.11328125,-21.484375,-7.32421875
267.23828125,-29.78515625,-18.06640625,-20.01953125,-21.97265625
267.2421875,-27.83203125,-13.18359375,-22.4609375,-32.71484375
267.24609375,-22.94921875,-6.8359375,-27.83203125,-32.2265625
267.25,-1.953125,-13.18359375,-38.57421875,-23.4375
267.25390625,-0.48828125,-14.6484375,-46.38671875,11.23046875
267.2578125,-14.6484375,-17.578125,-32.2265625,10.7421875
267.26171875,-10.25390625,-23.92578125,-7.8125,-23.4375
267.265625,-10.7421875,-11.71875,-12.6953125,-29.78515625
267.26953125,-11.71875,-4.8828125,-18.5546875,-19.53125
267.2734375,-10.25390625,-8.7890625,-12.20703125,-4.8828125
267.27734375,-1.46484375,-14.6484375,-16.6015625,-4.39453125
267.28125,18.5546875,-16.11328125,-23.4375,-10.7421875
267.28515625,-9.765625,-11.23046875,-25.87890625,12.20703125
267.2890625,-21.484375,-13.671875,-30.2734375,14.16015625
267.29296875,-18.5546875,-22.94921875,-33.203125,-6.8359375
267.296875,-16.11328125,-18.5546875,-32.71484375,11.23046875
267.30078125,-5.859375,-12.20703125,-35.15625,0.9765625
267.3046875,-7.32421875,-14.6484375,-41.015625,-16.11328125
267.30859375,-36.1328125,-27.34375,-22.94921875,-13.18359375
267.3125,-13.671875,-41.50390625,0.48828125,-3.90625
267.31640625,3.90625,-37.109375,0.9765625,-12.6953125
267.3203125,-15.13671875,-22.94921875,-8.30078125,-17.08984375
267.32421875,-10.7421875,-24.4140625,-11.71875,-20.99609375
267.328125,-3.41796875,-33.203125,-20.01953125,-14.16015625
267.33203125,-22.4609375,-31.25,-28.3203125,2.44140625
267.3359375,-20.5078125,-22.94921875,-37.109375,21.97265625
267.33984375,-4.39453125,-27.34375,-42.48046875,23.4375
267.34375,-19.04296875,-32.71484375,-33.203125,-21.97265625
267.34765625,-32.2265625,-32.2265625,-24.90234375,-27.34375
267.3515625,-31.25,-34.66796875,-20.01953125,-31.73828125
267.35546875,-4.39453125,-38.57421875,-22.94921875,-28.3203125
267.359375,0.9765625,-34.1796875,-31.73828125,-13.671875
267.36328125,-20.01953125,-27.34375,-29.78515625,-22.94921875
267.3671875,-23.92578125,-32.2265625,-29.296875,-18.5546875
267.37109375,-6.8359375,-34.1796875,-41.9921875,-26.3671875
267.375,11.71875,-25.87890625,-33.203125,-43.45703125
267.37890625,-7.8125,-28.80859375,-15.625,-10.25390625
267.3828125,-18.5546875,-37.59765625,-13.18359375,20.5078125
267.38671875,2.9296875,-39.55078125,-21.484375,0.9765625
267.390625,-2.9296875,-25.87890625,-38.0859375,-10.7421875
267.39453125,-18.5546875,-31.25,-35.64453125,-24.4140625
267.3984375,-15.13671875,-41.50390625,-16.6015625,-37.59765625
267.40234375,-21.484375,-36.62109375,-6.34765625,-23.92578125
267.40625,-11.23046875,-21.484375,-10.7421875,-30.2734375
267.41015625,-11.71875,-18.5546875,-15.13671875,-36.62109375
267.4140625,-22.94921875,-24.90234375,-15.13671875,-35.15625
267.41796875,-14.16015625,-27.83203125,-19.04296875,-25.390625
267.421875,2.44140625,-24.4140625,-15.13671875,2.44140625
267.42578125,-6.34765625,-19.53125,-22.4609375,-1.953125
267.4296875,-9.27734375,-20.5078125,-29.78515625,-3.41796875
267.43359375,0.0,-28.80859375,-18.5546875,-7.8125
267.4375,-3.90625,-33.69140625,-19.53125,-12.6953125
267.44140625,-5.859375,-38.57421875,-22.4609375,4.39453125
267.4453125,-12.6953125,-47.36328125,-20.99609375,-31.73828125
267.44921875,-17.578125,-35.15625,-25.87890625,-42.96875
267.453125,-6.34765625,-9.765625,-41.50390625,-15.625
267.45703125,-6.34765625,-14.6484375,-53.22265625,-29.78515625
267.4609375,-1.953125,-33.203125,-32.2265625,-32.2265625
267.46484375,-11.23046875,-38.0859375,-16.6015625,-22.4609375
267.46875,-19.53125,-39.0625,-23.4375,-25.87890625
267.47265625,-0.48828125,-48.33984375,-15.625,-12.20703125
267.4765625,-15.625,-40.0390625,-24.4140625,-12.20703125
267.48046875,-30.2734375,-20.01953125,-43.45703125,-34.66796875
267.484375,-17.08984375,-17.08984375,-27.83203125,-14.6484375
267.48828125,-10.25390625,-26.3671875,-12.20703125,5.859375
267.4921875,-0.48828125,-27.34375,-7.32421875,16.6015625
267.49609375,-2.9296875,-20.99609375,-11.23046875,5.859375
267.5,8.7890625,-22.94921875,-4.39453125,-0.9765625
267.50390625,0.0,-23.92578125,-6.34765625,28.3203125
267.5078125,-12.20703125,-21.97265625,-28.80859375,-0.48828125
267.51171875,-0.48828125,-9.765625,-41.9921875,-7.32421875
267.515625,22.94921875,-3.90625,-39.55078125,18.06640625
267.51953125,40.52734375,-13.18359375,-14.6484375,20.01953125
267.5234375,17.08984375,-18.5546875,8.30078125,-1.46484375
267.52734375,-6.34765625,-17.08984375,8.7890625,-9.27734375
267.53125,-16.6015625,-19.53125,11.23046875,4.39453125
267.53515625,-10.25390625,-22.94921875,17.578125,7.32421875
267.5390625,7.8125,-20.99609375,10.25390625,13.671875
267.54296875,10.7421875,-20.5078125,1.46484375,12.20703125
267.546875,1.46484375,-32.71484375,9.765625,8.7890625
267.55078125,-16.11328125,-46.875,21.97265625,1.953125
267.5546875,-15.625,-49.8046875,17.578125,-2.44140625
267.55859375,-10.7421875,-50.78125,7.8125,7.8125
267.5625,-24.4140625,-49.8046875,2.9296875,18.5546875
267.56640625,-10.7421875,-47.36328125,-9.765625,13.671875
267.5703125,-18.5546875,-34.1796875,-14.16015625,15.625
267.57421875,-26.3671875,-23.92578125,0.0,14.6484375
267.578125,-19.04296875,-28.80859375,12.20703125,18.06640625
267.58203125,-22.4609375,-32.71484375,18.06640625,10.7421875
267.5859375,-21.97265625,-22.94921875,13.671875,1.46484375
267.58984375,-19.53125,-16.6015625,-0.9765625,15.625
267.59375,-26.3671875,-26.85546875,-3.90625,6.34765625
267.59765625,-32.2265625,-33.203125,1.46484375,-11.23046875
267.6015625,-18.5546875,-30.2734375,-0.9765625,-26.85546875
267.60546875,-17.578125,-23.92578125,-16.11328125,-18.5546875
267.609375,-29.296875,-29.78515625,-21.97265625,-7.32421875
267.61328125,-17.08984375,-35.15625,-21.97265625,-19.04296875
267.6171875,-23.92578125,-36.1328125,-20.99609375,-19.53125
267.62109375,-42.48046875,-37.109375,-7.8125,-16.6015625
267.625,-27.34375,-38.57421875,5.859375,1.953125
267.62890625,-25.87890625,-43.9453125,5.859375,-7.32421875
267.6328125,-23.4375,-30.76171875,-1.46484375,-2.44140625
267.63671875,-17.08984375,-16.6015625,-8.30078125,6.8359375
267.640625,-15.13671875,-16.6015625,-7.8125,7.8125
267.64453125,-9.27734375,-23.4375,-14.16015625,4.8828125
267.6484375,-14.6484375,-32.71484375,-20.01953125,-0.48828125
267.65234375,-4.8828125,-23.92578125,-15.13671875,-0.48828125
267.65625,19.04296875,-6.8359375,-21.484375,5.37109375
267.66015625,3.41796875,-14.16015625,-30.2734375,-4.8828125
267.6640625,-27.83203125,-26.85546875,-33.203125,-23.4375
267.66796875,-15.13671875,-29.296875,-19.04296875,-15.13671875
267.671875,13.18359375,-31.25,-5.37109375,2.9296875
267.67578125,-22.4609375,-20.5078125,-20.99609375,-17.08984375
267.6796875,-29.78515625,-11.71875,-26.3671875,-18.06640625
267.68359375,-23.4375,-14.6484375,-16.6015625,5.859375
267.6875,-14.16015625,-20.99609375,-4.8828125,-6.34765625
267.69140625,-32.2265625,-24.90234375,-6.34765625,-20.99609375
267.6953125,-50.78125,-19.04296875,-9.765625,1.46484375
267.69921875,-34.1796875,-14.6484375,-13.18359375,-12.20703125
267.703125,-29.296875,-22.4609375,-26.85546875,-29.296875
267.70703125,-12.6953125,-32.2265625,-34.66796875,-10.25390625
267.7109375,-11.71875,-27.83203125,-34.66796875,-1.953125
267.71484375,-32.2265625,-18.06640625,-22.94921875,-47.8515625
267.71875,-37.109375,-11.23046875,-30.76171875,-64.453125
267.72265625,-20.01953125,-11.71875,-33.69140625,-33.69140625
267.7265625,-11.23046875,-19.53125,-16.11328125,-7.32421875
267.73046875,-51.26953125,-19.04296875,-14.16015625,-19.53125
267.734375,-47.8515625,-20.5078125,-10.7421875,-46.38671875
267.73828125,-30.76171875,-27.34375,-12.20703125,-38.57421875
267.7421875,-26.3671875,-24.4140625,-11.71875,-16.6015625
267.74609375,-36.62109375,-21.484375,-1.953125,-18.5546875
267.75,-42.96875,-26.3671875,-1.953125,-15.13671875
267.75390625,-30.76171875,-30.2734375,-5.859375,7.8125
267.7578125,-31.73828125,-31.25,-10.25390625,3.41796875
267.76171875,-23.92578125,-33.203125,-6.8359375,-29.296875
267.765625,-24.90234375,-26.3671875,-4.8828125,-34.1796875
267.76953125,-47.36328125,-29.78515625,-20.5078125,-42.48046875
267.7734375,-45.41015625,-43.9453125,-29.296875,-36.62109375
267.77734375,-29.78515625,-47.8515625,-33.69140625,-24.90234375
267.78125,-34.66796875,-41.50390625,-31.25,-35.15625
267.78515625,-55.17578125,-37.59765625,-13.671875,-30.76171875
267.7890625,-45.41015625,-40.0390625,-2.44140625,-52.24609375
267.79296875,-43.9453125,-32.71484375,-11.23046875,-50.78125
267.796875,-52.24609375,-20.99609375,-37.59765625,-32.71484375
267.80078125,-32.2265625,-25.87890625,-38.0859375,-24.4140625
267.8046875,-28.80859375,-35.15625,-22.4609375,-32.71484375
267.80859375,-51.26953125,-42.48046875,-14.6484375,-38.0859375
267.8125,-39.0625,-46.38671875,-9.765625,-17.578125
267.81640625,-35.15625,-43.45703125,-23.92578125,-41.50390625
267.8203125,-35.15625,-44.921875,-34.66796875,-65.91796875
267.82421875,-18.5546875,-41.9921875,-28.80859375,-34.66796875
267.828125,-27.34375,-34.1796875,-16.11328125,-47.36328125
267.83203125,-50.78125,-38.57421875,-11.71875,-63.96484375
267.8359375,-41.50390625,-41.50390625,-17.08984375,-43.9453125
267.83984375,-30.76171875,-29.78515625,-14.6484375,-33.203125
267.84375,-43.9453125,-22.4609375,-19.53125,-42.96875
267.84765625,-36.1328125,-21.97265625,-29.78515625,-57.6171875
267.8515625,-23.92578125,-18.06640625,-36.62109375,-36.62109375
267.85546875,-23.4375,-17.08984375,-31.73828125,-23.4375
267.859375,-26.3671875,-21.484375,-29.296875,-34.66796875
267.86328125,-27.83203125,-35.64453125,-28.80859375,-37.109375
267.8671875,-32.2265625,-41.9921875,-26.3671875,-50.78125
267.87109375,-30.2734375,-40.52734375,-39.55078125,-32.2265625
267.875,-10.25390625,-35.64453125,-62.01171875,-11.71875
267.87890625,-9.27734375,-33.203125,-56.15234375,-47.8515625
267.8828125,-19.53125,-27.34375,-14.6484375,-20.99609375
267.88671875,-14.16015625,-29.78515625,-2.44140625,1.953125
267.890625,-28.80859375,-34.1796875,-26.3671875,-52.734375
267.89453125,-50.29296875,-23.4375,-32.2265625,-60.05859375
267.8984375,-42.48046875,-20.01953125,-22.4609375,-42.48046875
267.90234375,-33.69140625,-28.3203125,-22.94921875,-45.8984375
267.90625,-36.62109375,-27.83203125,-38.0859375,-43.45703125
267.91015625,-26.85546875,-23.92578125,-34.1796875,-36.1328125
267.9140625,-30.2734375,-21.484375,-13.18359375,-19.04296875
267.91796875,-32.71484375,-24.90234375,-6.8359375,-16.11328125
267.921875,-6.8359375,-30.76171875,-10.7421875,-15.13671875
267.92578125,-5.37109375,-29.78515625,-16.11328125,-9.765625
267.9296875,-3.41796875,-24.4140625,-31.73828125,-12.6953125
267.93359375,-6.34765625,-17.08984375,-45.41015625,-16.6015625
267.9375,-36.1328125,-17.08984375,-23.4375,-37.109375
267.94140625,-38.0859375,-17.08984375,-2.44140625,-41.9921875
267.9453125,-37.59765625,-15.625,-10.7421875,-35.64453125
267.94921875,-32.71484375,-20.01953125,-22.4609375,-15.625
267.953125,-32.71484375,-19.53125,-25.390625,-26.85546875
267.95703125,-34.1796875,-17.578125,-35.64453125,-62.01171875
267.9609375,-20.5078125,-28.80859375,-37.109375,-42.48046875
267.96484375,-20.01953125,-32.71484375,-26.85546875,-34.1796875
267.96875,-18.5546875,-25.390625,-33.203125,-28.3203125
267.97265625,-15.13671875,-23.4375,-40.0390625,-12.6953125
267.9765625,-13.671875,-26.3671875,-33.203125,-16.11328125
267.98046875,-4.8828125,-23.4375,-46.38671875,-15.625
267.984375,-18.5546875,-27.83203125,-58.59375,-22.94921875
267.98828125,-34.1796875,-43.9453125,-42.48046875,-39.55078125
267.9921875,-17.578125,-37.109375,-17.08984375,-27.83203125
267.99609375,-7.32421875,-21.484375,-18.5546875,-17.578125
268.0,-15.625,-18.5546875,-49.8046875,-11.23046875
268.00390625,-16.6015625,-22.4609375,-49.31640625,-16.11328125
268.0078125,-31.73828125,-25.87890625,-34.66796875,-45.8984375
268.01171875,-34.66796875,-22.4609375,-35.64453125,-47.8515625
268.015625,-29.296875,-26.85546875,-35.64453125,-24.90234375
268.01953125,-28.80859375,-30.76171875,-22.94921875,-40.0390625
268.0234375,-26.85546875,-33.69140625,-19.53125,-43.9453125
268.02734375,-21.97265625,-36.62109375,-26.85546875,-30.76171875
268.03125,-11.23046875,-36.1328125,-24.90234375,-33.69140625
268.03515625,-8.7890625,-27.83203125,-32.2265625,-35.15625
268.0390625,-10.25390625,-23.92578125,-46.38671875,-37.59765625
268.04296875,-22.94921875,-27.83203125,-27.83203125,-15.625
268.046875,-22.94921875,-21.484375,-27.83203125,-3.41796875
268.05078125,-8.7890625,-14.6484375,-52.734375,-20.01953125
268.0546875,-23.4375,-22.4609375,-41.015625,-16.6015625
268.05859375,-25.390625,-28.3203125,-22.4609375,-4.39453125
268.0625,-15.13671875,-26.3671875,-13.671875,-41.015625
268.06640625,-9.765625,-25.87890625,-17.08984375,-30.2734375
268.0703125,-6.8359375,-22.4609375,-39.0625,-8.30078125
268.07421875,-10.25390625,-18.5546875,-47.8515625,-28.80859375
268.078125,-21.97265625,-20.01953125,-23.92578125,-27.34375
268.08203125,-23.92578125,-17.578125,-3.90625,0.9765625
268.0859375,-11.71875,-22.4609375,-5.37109375,-13.671875
268.08984375,-10.7421875,-25.390625,-11.71875,-30.2734375
268.09375,-18.06640625,-18.06640625,-21.97265625,-21.484375
268.09765625,-20.5078125,-15.625,-20.5078125,-18.06640625
268.1015625,-23.4375,-15.13671875,-18.5546875,-20.5078125
268.10546875,-26.85546875,-18.06640625,-28.80859375,-12.20703125
268.109375,-14.6484375,-23.4375,-31.25,-1.46484375
268.11328125,-0.48828125,-25.390625,-28.3203125,4.39453125
268.1171875,-7.8125,-21.97265625,-35.15625,15.625
268.12109375,-14.6484375,-11.71875,-43.45703125,7.32421875
268.125,0.48828125,-14.6484375,-41.015625,-39.55078125
268.12890625,-13.18359375,-27.34375,-25.390625,-54.6875
268.1328125,-10.7421875,-31.73828125,-21.484375,-19.53125
268.13671875,15.625,-43.9453125,-22.4609375,-1.46484375
268.140625,2.44140625,-41.9921875,-13.671875,-10.7421875
268.14453125,-23.92578125,-21.484375,-11.71875,-35.15625
268.1484375,-28.3203125,-11.71875,-18.5546875,-36.1328125
268.15234375,-27.83203125,-11.23046875,-20.99609375,-29.78515625
268.15625,-29.78515625,-18.06640625,-25.87890625,-36.1328125
268.16015625,-15.13671875,-19.04296875,-36.62109375,-16.6015625
268.1640625,-20.5078125,-18.06640625,-40.52734375,-20.5078125
268.16796875,-28.80859375,-24.4140625,-36.62109375,-28.80859375
268.171875,-35.15625,-27.34375,-28.80859375,-17.08984375
268.17578125,-39.55078125,-24.90234375,-24.4140625,-46.38671875
268.1796875,-23.92578125,-19.53125,-20.01953125,-51.26953125
268.18359375,-21.97265625,-16.6015625,-17.578125,-16.11328125
268.1875,-20.01953125,-19.04296875,-14.6484375,-7.8125
268.19140625,-21.484375,-17.578125,-10.25390625,-31.25
268.1953125,-24.90234375,-18.06640625,-24.90234375,-22.4609375
268.19921875,0.0,-30.76171875,-29.296875,-16.6015625
268.203125,4.8828125,-39.0625,-17.578125,-20.99609375
268.20703125,-17.578125,-32.71484375,-20.99609375,-25.390625
268.2109375,-23.92578125,-24.4140625,-21.97265625,-4.8828125
268.21484375,-34.66796875,-22.4609375,-11.71875,-8.30078125
268.21875,-17.578125,-12.20703125,-19.04296875,-35.15625
268.22265625,-9.765625,-12.6953125,-38.57421875,-42.48046875
268.2265625,-28.80859375,-27.83203125,-25.87890625,-22.94921875
268.23046875,-28.80859375,-29.78515625,-8.30078125,-8.7890625
268.234375,-16.11328125,-28.80859375,-15.13671875,-26.85546875
268.23828125,-5.37109375,-30.76171875,-29.296875,-22.4609375
268.2421875,3.41796875,-21.484375,-13.18359375,-23.4375
268.24609375,-10.25390625,-13.671875,-6.8359375,-41.9921875
268.25,-11.71875,-12.20703125,-22.4609375,-29.78515625
268.25390625,-3.41796875,-18.06640625,-25.87890625,-24.4140625
268.2578125,-28.3203125,-28.80859375,-18.06640625,-15.625
268.26171875,-33.69140625,-32.71484375,-16.6015625,-11.71875
268.265625,-20.99609375,-25.87890625,-18.06640625,-33.203125
268.26953125,14.6484375,-23.92578125,-9.27734375,-12.20703125
268.2734375,30.2734375,-23.92578125,-8.30078125,22.4609375
268.27734375,-11.71875,-19.53125,-24.4140625,-4.39453125
268.28125,-34.66796875,-10.7421875,-34.66796875,-37.59765625
268.28515625,-33.203125,-11.23046875,-33.69140625,-36.62109375
268.2890625,-51.7578125,-9.27734375,-25.87890625,-60.546875
268.29296875,-42.48046875,-2.9296875,-21.484375,-64.453125
268.296875,-36.1328125,-2.44140625,-30.2734375,-51.7578125
268.30078125,-40.52734375,-7.8125,-36.62109375,-48.33984375
268.3046875,-5.859375,-16.11328125,-46.875,-42.48046875
268.30859375,-8.30078125,-7.32421875,-58.59375,-63.4765625
268.3125,-34.1796875,4.8828125,-57.12890625,-63.4765625
268.31640625,-32.71484375,6.34765625,-61.03515625,-61.5234375
268.3203125,-24.4140625,14.16015625,-57.6171875,-68.84765625
268.32421875,-17.578125,15.625,-64.94140625,-45.8984375
268.328125,-10.25390625,3.41796875,-70.80078125,-34.1796875
268.33203125,-2.9296875,9.27734375,-42.48046875,-50.78125
268.3359375,-17.08984375,11.71875,-32.2265625,-47.36328125
268.33984375,-24.90234375,-1.46484375,-44.921875,-39.0625
268.34375,-15.13671875,-7.8125,-50.78125,-38.0859375
268.34765625,-20.5078125,-20.01953125,-43.9453125,-46.875
268.3515625,-38.57421875,-14.6484375,-40.52734375,-38.57421875
268.35546875,-41.015625,-6.34765625,-39.0625,-43.45703125
268.359375,-25.390625,-7.8125,-42.96875,-43.45703125
268.36328125,-27.34375,-14.16015625,-36.62109375,-23.92578125
268.3671875,-28.3203125,-15.625,-24.90234375,-31.73828125
268.37109375,-16.6015625,-8.7890625,-24.4140625,-38.0859375
268.375,-8.7890625,-5.37109375,-26.3671875,-27.83203125
268.37890625,2.9296875,1.46484375,-33.69140625,-7.32421875
268.3828125,15.625,2.9296875,-31.25,17.578125
268.38671875,13.671875,0.0,-21.484375,-0.9765625
268.390625,-12.6953125,-1.953125,-14.6484375,-25.87890625
268.39453125,-19.53125,-8.30078125,-9.765625,-45.8984375
268.3984375,-15.13671875,-13.18359375,-14.16015625,-34.1796875
268.40234375,-20.01953125,-12.6953125,-21.484375,-13.671875
268.40625,-11.23046875,-12.20703125,-30.2734375,-24.4140625
268.41015625,-1.46484375,-6.8359375,-23.92578125,-17.578125
268.4140625,-8.7890625,-11.23046875,-18.5546875,-3.90625
268.41796875,-12.6953125,-17.578125,-33.69140625,-13.18359375
268.421875,-20.5078125,-17.578125,-62.01171875,-48.33984375
268.42578125,-29.296875,-21.97265625,-53.22265625,-69.82421875
268.4296875,-27.83203125,-29.296875,-28.3203125,-55.17578125
268.43359375,-27.83203125,-25.87890625,-22.4609375,-28.3203125
268.4375,-27.83203125,-20.01953125,-15.13671875,-25.87890625
268.44140625,-11.23046875,-20.99609375,-16.11328125,-24.4140625
268.4453125,-7.32421875,-20.99609375,-29.296875,-15.13671875
268.44921875,-30.76171875,-21.484375,-33.69140625,-36.1328125
268.453125,-50.29296875,-19.04296875,-19.53125,-35.64453125
268.45703125,-49.31640625,-12.6953125,-21.484375,-20.99609375
268.4609375,-39.0625,-12.20703125,-33.69140625,-37.109375
268.46484375,-42.96875,-14.16015625,-20.01953125,-36.62109375
268.46875,-37.109375,-15.13671875,-2.9296875,-1.953125
268.47265625,-38.0859375,-18.06640625,3.90625,6.34765625
268.4765625,-31.73828125,-17.08984375,0.48828125,-14.16015625
268.48046875,-28.3203125,-11.71875,-3.41796875,-20.99609375
268.484375,-24.4140625,-12.20703125,-6.34765625,-34.66796875
268.48828125,-15.625,-21.97265625,-14.6484375,-26.85546875
268.4921875,-32.2265625,-25.390625,-19.53125,-19.04296875
268.49609375,-41.9921875,-15.13671875,-17.08984375,-35.15625
268.5,-42.96875,-11.71875,-21.97265625,-39.0625
268.50390625,-47.8515625,-16.11328125,-32.2265625,-34.1796875
268.5078125,-52.24609375,-22.4609375,-26.3671875,-38.57421875
268.51171875,-40.0390625,-21.97265625,-24.4140625,-32.71484375
268.515625,-19.04296875,-23.92578125,-37.59765625,-3.90625
268.51953125,-9.765625,-34.1796875,-26.85546875,15.625
268.5234375,-17.578125,-36.62109375,-22.94921875,-12.6953125
268.52734375,-37.59765625,-25.390625,-31.73828125,-64.453125
268.53125,-50.78125,-20.99609375,-33.69140625,-67.3828125
268.53515625,-46.875,-21.484375,-36.1328125,-47.8515625
268.5390625,-30.76171875,-16.6015625,-32.2265625,-47.36328125
268.54296875,-22.4609375,-11.71875,-34.1796875,-37.109375
268.546875,-8.7890625,-13.671875,-29.296875,-16.6015625
268.55078125,1.46484375,-15.13671875,-20.99609375,-14.6484375
268.5546875,2.9296875,-11.71875,-21.484375,-10.7421875
268.55859375,-11.23046875,-15.625,-25.87890625,-20.5078125
268.5625,-8.7890625,-19.04296875,-29.78515625,-28.80859375
268.56640625,0.48828125,-14.6484375,-27.34375,-12.6953125
268.5703125,4.8828125,-19.04296875,-29.296875,3.90625
268.57421875,-1.46484375,-20.99609375,-26.85546875,-15.625
268.578125,-25.87890625,-15.625,-25.87890625,-37.59765625
268.58203125,-16.6015625,-10.7421875,-51.26953125,-42.96875
268.5859375,-13.671875,-14.6484375,-62.01171875,-39.55078125
268.58984375,-28.80859375,-25.390625,-42.96875,-38.57421875
268.59375,-16.11328125,-36.1328125,-37.109375,-42.96875
268.59765625,-10.25390625,-33.69140625,-39.0625,2.9296875
268.6015625,-15.625,-26.85546875,-35.64453125,-17.08984375
268.60546875,-6.8359375,-26.3671875,-36.62109375,-59.5703125
268.609375,-13.671875,-21.97265625,-40.52734375,-29.78515625
268.61328125,-19.04296875,-17.08984375,-32.2265625,-29.78515625
268.6171875,-21.97265625,-28.80859375,-20.5078125,-16.11328125
268.62109375,-8.30078125,-24.90234375,-27.83203125,-20.99609375
268.625,-3.90625,-12.20703125,-45.41015625,-20.5078125
268.62890625,-32.2265625,-17.578125,-38.0859375,-4.39453125
268.6328125,-50.29296875,-16.11328125,-16.6015625,-31.25
268.63671875,-45.41015625,-20.01953125,-15.625,-40.0390625
268.640625,-35.15625,-30.2734375,-27.34375,-39.55078125
268.64453125,-29.296875,-24.90234375,-22.4609375,-35.64453125
268.6484375,-27.34375,-22.4609375,-17.578125,-23.4375
268.65234375,-28.3203125,-21.97265625,-27.34375,-38.57421875
268.65625,-18.5546875,-16.6015625,-30.76171875,-28.3203125
268.66015625,-19.04296875,-21.484375,-20.99609375,-28.3203125
268.6640625,-26.85546875,-27.34375,-16.11328125,-43.9453125
268.66796875,-30.76171875,-26.3671875,-21.484375,-38.57421875
268.671875,-36.62109375,-20.5078125,-23.92578125,-27.34375
268.67578125,-67.87109375,-16.6015625,-26.85546875,-20.01953125
268.6796875,-84.9609375,-29.296875,-34.1796875,-29.78515625
268.68359375,-62.01171875,-35.15625,-28.80859375,-6.8359375
268.6875,-83.984375,-34.1796875,-25.390625,-15.13671875
268.69140625,-87.890625,-30.76171875,-34.1796875,-49.31640625
268.6953125,-63.4765625,-16.6015625,-37.109375,-39.55078125
268.69921875,-56.15234375,-7.8125,-29.78515625,-40.0390625
268.703125,-35.64453125,-6.8359375,-36.1328125,2.44140625
268.70703125,-29.78515625,-19.04296875,-42.96875,28.3203125
268.7109375,-11.23046875,-23.92578125,-28.80859375,-9.27734375
268.71484375,-19.04296875,-20.5078125,-24.4140625,-9.765625
268.71875,-38.0859375,-14.16015625,-27.83203125,-20.5078125
268.72265625,-42.48046875,-7.32421875,-17.578125,-22.4609375
268.7265625,-34.66796875,-4.39453125,-23.92578125,-31.25
268.73046875,-33.203125,-12.6953125,-21.484375,-14.6484375
268.734375,-43.45703125,-14.16015625,-3.41796875,10.7421875
268.73828125,-35.64453125,-13.18359375,-1.953125,-31.73828125
268.7421875,-32.2265625,-14.6484375,-8.7890625,-32.2265625
268.74609375,-42.48046875,-13.18359375,-14.6484375,-30.76171875
268.75,-29.296875,-18.5546875,-8.7890625,-35.64453125
268.75390625,-16.6015625,-26.3671875,-2.9296875,-29.296875
268.7578125,-26.85546875,-18.5546875,-10.25390625,-21.484375
268.76171875,-27.83203125,-0.48828125,-20.5078125,-10.25390625
268.765625,-30.76171875,-0.9765625,-32.2265625,-22.94921875
268.76953125,-45.8984375,-1.953125,-29.296875,-25.87890625
268.7734375,-78.125,3.41796875,-19.53125,-20.99609375
268.77734375,-82.03125,-5.37109375,-8.7890625,-9.27734375
268.78125,-76.66015625,-11.23046875,-2.44140625,-14.16015625
268.78515625,-74.21875,-13.671875,-8.30078125,-21.97265625
268.7890625,-67.3828125,-20.01953125,-31.73828125,-14.6484375
268.79296875,-69.3359375,-19.53125,-52.24609375,-18.06640625
268.796875,-62.01171875,-14.16015625,-34.66796875,13.18359375
268.80078125,-62.98828125,-15.13671875,-16.6015625,-35.64453125
268.8046875,-62.98828125,-28.3203125,-22.94921875,-71.77734375
268.80859375,-50.78125,-22.94921875,-28.80859375,-44.921875
268.8125,-48.33984375,-12.20703125,-26.3671875,-34.1796875
268.81640625,-51.7578125,-23.4375,-27.34375,-20.5078125
268.8203125,-56.15234375,-30.76171875,-30.2734375,-41.015625
268.82421875,-57.6171875,-23.92578125,-36.62109375,-31.73828125
268.828125,-52.734375,-19.04296875,-41.9921875,30.76171875
268.83203125,-26.3671875,-27.83203125,-38.0859375,-8.7890625
268.8359375,-31.73828125,-31.73828125,-31.25,-48.828125
268.83984375,-40.0390625,-27.34375,-32.71484375,-26.3671875
268.84375,-39.0625,-15.625,-46.38671875,-32.2265625
268.84765625,-50.78125,-9.765625,-49.31640625,-36.62109375
268.8515625,-51.7578125,-23.92578125,-37.109375,-31.73828125
268.85546875,-50.29296875,-28.80859375,-31.25,-27.83203125
268.859375,-36.1328125,-14.6484375,-51.26953125,-2.9296875
268.86328125,-22.4609375,-7.32421875,-64.94140625,7.8125
268.8671875,-35.15625,-21.484375,-39.0625,-6.8359375
268.87109375,-46.875,-29.296875,-18.5546875,-17.08984375
268.875,-27.34375,-17.578125,-37.109375,-14.16015625
268.87890625,-19.04296875,-14.6484375,-41.015625,12.6953125
268.8828125,-30.2734375,-19.04296875,-19.04296875,20.99609375
268.88671875,-36.62109375,-25.390625,-16.11328125,-19.53125
268.890625,-20.01953125,-31.25,-10.25390625,-8.30078125
268.89453125,-19.04296875,-33.69140625,-11.71875,8.30078125
268.8984375,-30.2734375,-31.25,-23.4375,-7.8125
268.90234375,-34.66796875,-18.5546875,-16.11328125,-3.90625
268.90625,-34.1796875,-13.18359375,-13.671875,8.7890625
268.91015625,-21.484375,-21.97265625,-40.0390625,-8.30078125
268.9140625,-15.625,-17.08984375,-47.36328125,-15.13671875
268.91796875,-31.25,-11.71875,-30.2734375,-30.76171875
268.921875,-5.37109375,-14.16015625,-24.4140625,-25.87890625
268.92578125,26.85546875,-21.484375,-9.27734375,12.20703125
268.9296875,-1.953125,-24.4140625,3.90625,20.01953125
268.93359375,-16.11328125,-15.13671875,-10.7421875,7.32421875
268.9375,-10.25390625,-21.484375,-20.5078125,-8.7890625
268.94140625,-29.78515625,-28.80859375,-7.8125,-13.18359375
268.9453125,-44.921875,-35.64453125,8.7890625,0.9765625
268.94921875,-49.31640625,-43.9453125,22.4609375,-23.92578125
268.953125,-53.7109375,-44.43359375,30.2734375,-44.921875
268.95703125,-19.04296875,-40.52734375,0.48828125,11.71875
268.9609375,-18.5546875,-44.43359375,-38.57421875,-2.44140625
268.96484375,-46.875,-47.8515625,-22.4609375,-50.29296875
268.96875,-49.8046875,-43.45703125,22.4609375,-35.64453125
268.97265625,-50.78125,-37.109375,42.48046875,-30.2734375
268.9765625,-32.2265625,-34.1796875,44.921875,-3.90625
268.98046875,-12.20703125,-34.66796875,56.15234375,8.7890625
268.984375,-24.90234375,-35.15625,52.24609375,-4.8828125
268.98828125,-41.015625,-34.66796875,32.2265625,10.7421875
268.9921875,-43.45703125,-37.59765625,0.48828125,9.27734375
268.99609375,-23.4375,-36.62109375,-6.34765625,-11.23046875
269.0,-18.5546875,-37.109375,29.78515625,-25.87890625
269.00390625,-18.5546875,-32.2265625,47.8515625,-20.99609375
269.0078125,18.5546875,-27.83203125,39.0625,4.39453125
269.01171875,34.1796875,-30.2734375,22.94921875,37.109375
269.015625,19.53125,-32.2265625,-1.953125,30.2734375
269.01953125,12.20703125,-35.15625,-26.3671875,10.7421875
269.0234375,7.32421875,-30.2734375,-12.6953125,40.52734375
269.02734375,-3.90625,-25.390625,20.01953125,19.04296875
269.03125,-0.48828125,-18.5546875,27.83203125,-9.27734375
269.03515625,8.7890625,-10.7421875,11.71875,8.30078125
269.0390625,5.859375,-21.484375,-0.9765625,33.69140625
269.04296875,-4.39453125,-28.3203125,10.7421875,27.83203125
269.046875,-13.671875,-24.4140625,19.04296875,-6.8359375
269.05078125,-6.8359375,-22.94921875,5.37109375,-4.8828125
269.0546875,22.4609375,-20.01953125,-12.20703125,22.94921875
269.05859375,29.296875,-25.87890625,0.0,28.80859375
269.0625,16.6015625,-20.5078125,6.34765625,26.3671875
269.06640625,-11.71875,-11.23046875,-2.9296875,14.6484375
269.0703125,-45.8984375,-25.390625,-11.71875,-15.625
269.07421875,-60.05859375,-33.203125,-14.6484375,4.8828125
269.078125,-47.8515625,-27.83203125,-12.20703125,19.04296875
269.08203125,-38.0859375,-32.71484375,-18.06640625,-8.7890625
269.0859375,-54.6875,-30.2734375,-25.87890625,-3.41796875
269.08984375,-61.03515625,-19.04296875,-21.484375,-3.41796875
269.09375,-69.82421875,-15.625,-20.01953125,-4.8828125
269.09765625,-73.2421875,-13.671875,-34.66796875,-2.44140625
269.1015625,-67.87109375,-10.25390625,-42.48046875,17.08984375
269.10546875,-77.1484375,-8.7890625,-16.11328125,-11.71875
269.109375,-58.10546875,-15.13671875,-3.90625,-27.83203125
269.11328125,-45.8984375,-23.92578125,-15.625,6.34765625
269.1171875,-60.546875,-28.3203125,-20.99609375,-0.9765625
269.12109375,-67.3828125,-25.390625,-30.76171875,-22.94921875
269.125,-52.24609375,-23.92578125,-38.0859375,-11.23046875
269.12890625,-48.828125,-23.4375,-35.15625,-20.01953125
269.1328125,-38.0859375,-20.5078125,-23.92578125,-27.83203125
269.13671875,-38.0859375,-15.625,-19.04296875,-32.2265625
269.140625,-50.78125,-20.99609375,-17.08984375,-31.73828125
269.14453125,-51.7578125,-22.4609375,-17.08984375,0.0
269.1484375,-50.29296875,-22.94921875,-17.08984375,5.859375
269.15234375,-42.96875,-33.69140625,-13.18359375,-5.37109375
269.15625,-41.9921875,-29.78515625,-12.6953125,-27.34375
269.16015625,-41.9921875,-20.5078125,-29.78515625,-7.32421875
269.1640625,-33.203125,-17.08984375,-38.57421875,-11.23046875
269.16796875,-25.390625,-9.765625,-38.0859375,-31.25
269.171875,-30.76171875,-2.44140625,-46.875,0.48828125
269.17578125,-26.3671875,-4.39453125,-32.2265625,6.34765625
269.1796875,-17.08984375,-15.625,-6.8359375,-11.23046875
269.18359375,-8.30078125,-23.4375,4.39453125,16.6015625
269.1875,-7.8125,-10.7421875,-4.39453125,15.13671875
269.19140625,-45.8984375,-14.16015625,-17.08984375,-23.92578125
269.1953125,-68.84765625,-14.6484375,-23.92578125,-49.31640625
269.19921875,-52.734375,-3.90625,-31.73828125,-62.98828125
269.203125,-47.36328125,-5.859375,-37.59765625,-62.98828125
269.20703125,-56.640625,-9.27734375,-39.0625,-49.8046875
269.2109375,-44.921875,-13.18359375,-43.9453125,-35.15625
269.21484375,-56.640625,-15.625,-52.734375,-63.96484375
269.21875,-51.7578125,-15.625,-63.4765625,-82.51953125
269.22265625,-21.97265625,-10.25390625,-64.453125,-52.734375
269.2265625,-29.78515625,0.0,-55.6640625,-57.12890625
269.23046875,-48.828125,2.44140625,-61.03515625,-80.56640625
269.234375,-58.10546875,4.8828125,-67.87109375,-69.82421875
269.23828125,-41.50390625,-0.48828125,-61.03515625,-36.62109375
269.2421875,-11.23046875,-12.6953125,-43.45703125,-20.5078125
269.24609375,-12.20703125,-12.20703125,-28.80859375,-26.85546875
269.25,-25.87890625,-5.37109375,-47.8515625,-36.1328125
269.25390625,-30.76171875,-7.32421875,-56.640625,-31.25
269.2578125,-20.01953125,-8.30078125,-40.52734375,-6.8359375
269.26171875,-20.01953125,-15.13671875,-40.0390625,-31.25
269.265625,-15.13671875,-22.94921875,-54.19921875,-21.97265625
269.26953125,-21.484375,-13.18359375,-52.734375,-13.671875
269.2734375,-22.94921875,-9.27734375,-42.48046875,-46.875
269.27734375,-14.6484375,-9.27734375,-25.87890625,-48.828125
269.28125,-25.390625,4.39453125,-21.97265625,-49.31640625
269.28515625,-11.23046875,12.20703125,-48.33984375,-47.8515625
269.2890625,6.34765625,0.9765625,-45.41015625,-39.55078125
269.29296875,-8.7890625,-9.765625,-21.484375,-35.64453125
269.296875,-19.53125,-14.16015625,-13.671875,-19.53125
269.30078125,-16.6015625,-16.11328125,-13.671875,-23.4375
269.3046875,-11.71875,-16.11328125,-19.04296875,-26.85546875
269.30859375,-21.484375,-18.06640625,-20.99609375,11.71875
269.3125,-22.4609375,-18.06640625,-21.484375,-19.53125
269.31640625,-40.0390625,-24.90234375,-17.578125,-43.45703125
269.3203125,-34.66796875,-12.20703125,-36.1328125,-7.32421875
269.32421875,-20.01953125,-13.671875,-41.50390625,-6.8359375
269.328125,-31.73828125,-28.3203125,-23.4375,-47.8515625
269.33203125,-30.2734375,-26.3671875,-11.71875,-77.1484375
269.3359375,-26.3671875,-24.4140625,-18.06640625,-46.38671875
269.33984375,-20.5078125,-26.3671875,-25.390625,-31.73828125
269.34375,-31.25,-30.2734375,-20.5078125,-58.59375
269.34765625,-37.59765625,-26.85546875,-16.11328125,-57.12890625
269.3515625,-34.66796875,-22.4609375,-22.4609375,-47.8515625
269.35546875,-13.18359375,-26.3671875,-45.41015625,-50.78125
269.359375,0.0,-23.92578125,-40.0390625,-21.97265625
269.36328125,-16.11328125,-20.01953125,-17.08984375,-17.578125
269.3671875,-27.83203125,-20.5078125,-10.7421875,-77.63671875
269.37109375,-14.16015625,-16.6015625,0.0,-69.3359375
269.375,15.625,-17.08984375,7.32421875,-0.9765625
269.37890625,27.34375,-20.5078125,-4.39453125,0.0
269.3828125,-0.48828125,-17.08984375,-21.484375,-27.34375
269.38671875,-46.875,-14.16015625,-27.83203125,-17.578125
269.390625,-44.43359375,-14.6484375,-38.0859375,-29.296875
269.39453125,-8.7890625,-17.08984375,-42.48046875,-58.59375
269.3984375,1.46484375,-17.08984375,-40.52734375,-82.03125
269.40234375,-20.99609375,-7.8125,-39.0625,-56.15234375
269.40625,-22.4609375,6.8359375,-51.7578125,-26.3671875
269.41015625,-15.625,1.953125,-56.15234375,-22.94921875
269.4140625,-27.83203125,-6.8359375,-39.55078125,-22.4609375
269.41796875,-19.04296875,-8.7890625,-30.2734375,-16.6015625
269.421875,-15.13671875,-21.484375,-31.25,-45.8984375
269.42578125,-24.4140625,-24.90234375,-32.2265625,-33.69140625
269.4296875,-25.390625,-13.18359375,-29.78515625,-1.953125
269.43359375,-13.18359375,-6.34765625,-31.73828125,-49.31640625
269.4375,-0.48828125,-8.30078125,-27.34375,-40.0390625
269.44140625,-13.18359375,-10.25390625,-24.90234375,-18.06640625
269.4453125,-34.1796875,-11.71875,-38.57421875,-17.578125
269.44921875,-33.69140625,-19.04296875,-40.0390625,-43.9453125
269.453125,-6.34765625,-26.3671875,-32.2265625,-41.9921875
269.45703125,29.78515625,-21.484375,-40.0390625,1.953125
269.4609375,20.01953125,-21.484375,-49.8046875,-14.16015625
269.46484375,-18.06640625,-8.30078125,-34.66796875,-6.34765625
269.46875,-20.5078125,4.39453125,-14.16015625,34.1796875
269.47265625,-20.5078125,0.48828125,-12.20703125,-46.875
269.4765625,-23.4375,-6.34765625,-20.5078125,-64.453125
269.48046875,-31.73828125,-9.27734375,-18.5546875,-25.87890625
269.484375,-36.62109375,-8.30078125,-25.390625,-50.78125
269.48828125,-17.08984375,-1.46484375,-46.875,-45.8984375
269.4921875,-16.11328125,-11.23046875,-47.8515625,-29.78515625
269.49609375,-25.390625,-22.94921875,-41.9921875,-37.59765625
269.5,-1.46484375,-22.94921875,-40.0390625,-22.4609375
269.50390625,0.48828125,-24.4140625,-32.71484375,-5.37109375
269.5078125,-11.71875,-29.296875,-27.83203125,-2.44140625
269.51171875,-21.97265625,-23.92578125,-29.78515625,-7.32421875
269.515625,-20.5078125,-13.671875,-35.64453125,-26.3671875
269.51953125,-3.41796875,-8.7890625,-36.62109375,-23.92578125
269.5234375,-2.9296875,-12.6953125,-28.3203125,33.203125
269.52734375,-4.8828125,-18.06640625,-21.97265625,36.1328125
269.53125,-10.25390625,-13.18359375,-26.3671875,-26.85546875
269.53515625,-6.34765625,-2.44140625,-25.87890625,-12.6953125
269.5390625,-20.99609375,-6.34765625,-22.94921875,8.7890625
269.54296875,-34.1796875,-27.83203125,-41.015625,-3.41796875
269.546875,-29.78515625,-24.4140625,-44.921875,-19.04296875
269.55078125,-27.34375,-11.71875,-27.34375,-11.71875
269.5546875,-23.92578125,-13.18359375,-18.06640625,-14.16015625
269.55859375,-17.08984375,-5.859375,-24.4140625,-7.8125
269.5625,-27.34375,-9.765625,-27.34375,-11.71875
269.56640625,-56.15234375,-26.85546875,-18.5546875,-45.41015625
269.5703125,-65.4296875,-33.69140625,-7.32421875,-27.34375
269.57421875,-46.875,-28.80859375,-2.44140625,26.85546875
269.578125,-43.45703125,-29.296875,-4.39453125,12.20703125
269.58203125,-45.8984375,-30.2734375,-10.7421875,-34.66796875
269.5859375,-42.96875,-24.90234375,-22.4609375,-35.15625
269.58984375,-43.9453125,-23.92578125,-31.25,-31.25
269.59375,-40.0390625,-23.92578125,-28.3203125,-38.0859375
269.59765625,-26.85546875,-23.92578125,-21.484375,-15.13671875
269.6015625,-31.25,-24.90234375,-20.5078125,-9.27734375
269.60546875,-43.45703125,-30.76171875,-26.85546875,-17.08984375
269.609375,-38.0859375,-27.34375,-38.0859375,-16.6015625
269.61328125,-41.9921875,-29.296875,-43.9453125,-21.484375
269.6171875,-53.7109375,-35.15625,-29.78515625,-21.484375
269.62109375,-57.6171875,-24.90234375,-16.6015625,-11.23046875
269.625,-53.7109375,-25.87890625,-17.578125,-16.11328125
269.62890625,-45.8984375,-30.76171875,-22.4609375,-20.01953125
269.6328125,-39.0625,-24.90234375,-19.53125,-17.578125
269.63671875,-44.921875,-26.3671875,-34.66796875,-7.8125
269.640625,-68.359375,-32.2265625,-34.1796875,-33.69140625
269.64453125,-60.05859375,-35.15625,-7.8125,-63.96484375
269.6484375,-65.4296875,-32.2265625,-3.41796875,-34.66796875
269.65234375,-43.9453125,-24.90234375,-10.7421875,4.39453125
269.65625,-30.76171875,-27.83203125,9.27734375,8.30078125
269.66015625,-80.078125,-31.73828125,10.25390625,-46.875
269.6640625,-96.19140625,-29.78515625,0.9765625,-54.6875
269.66796875,-83.984375,-26.3671875,13.671875,-23.92578125
269.671875,-95.21484375,-27.34375,15.13671875,-20.5078125
269.67578125,-105.95703125,-31.25,16.11328125,-37.109375
269.6796875,-106.4453125,-35.64453125,19.04296875,-57.6171875
269.68359375,-119.140625,-41.50390625,19.53125,-40.52734375
269.6875,-120.1171875,-42.48046875,22.94921875,-42.48046875
269.69140625,-121.58203125,-48.33984375,17.08984375,-47.8515625
269.6953125,-115.72265625,-47.8515625,5.37109375,-22.94921875
269.69921875,-111.81640625,-41.015625,-7.8125,-5.859375
269.703125,-105.46875,-31.25,-13.18359375,-10.7421875
269.70703125,-84.47265625,-32.71484375,3.90625,-16.11328125
269.7109375,-95.21484375,-42.48046875,24.90234375,-13.18359375
269.71484375,-105.46875,-40.0390625,30.2734375,-16.11328125
269.71875,-106.4453125,-25.87890625,23.92578125,-26.3671875
269.72265625,-105.46875,-31.25,4.8828125,-23.4375
269.7265625,-104.00390625,-33.203125,-2.44140625,-2.9296875
269.73046875,-106.93359375,-23.92578125,8.7890625,-12.20703125
269.734375,-101.07421875,-21.97265625,19.53125,-20.99609375
269.73828125,-91.30859375,-25.87890625,9.27734375,-12.6953125
269.7421875,-77.1484375,-20.01953125,0.9765625,-24.4140625
269.74609375,-62.01171875,-14.6484375,12.6953125,-3.41796875
269.75,-72.75390625,-23.92578125,7.8125,14.6484375
269.75390625,-82.51953125,-28.3203125,10.25390625,5.859375
269.7578125,-91.30859375,-21.484375,16.11328125,-29.296875
269.76171875,-101.07421875,-17.08984375,0.48828125,-28.80859375
269.765625,-96.6796875,-11.71875,-17.08984375,-15.13671875
269.76953125,-86.9140625,-9.765625,-20.01953125,-24.4140625
269.7734375,-86.42578125,-17.578125,-11.23046875,-32.2265625
269.77734375,-85.44921875,-20.01953125,-3.41796875,-38.57421875
269.78125,-79.58984375,-19.04296875,2.44140625,-9.765625
269.78515625,-89.84375,-28.3203125,8.7890625,-20.5078125
269.7890625,-100.09765625,-24.90234375,-3.90625,-47.36328125
269.79296875,-96.6796875,-16.11328125,-37.109375,-34.66796875
269.796875,-95.21484375,-17.08984375,-35.15625,-46.38671875
269.80078125,-102.5390625,-18.06640625,-12.20703125,-46.875
269.8046875,-99.12109375,-20.99609375,-6.34765625,-33.69140625
269.80859375,-74.70703125,-17.578125,-4.39453125,-21.484375
269.8125,-80.56640625,-6.34765625,-20.01953125,-4.39453125
269.81640625,-96.6796875,-12.20703125,-25.390625,-26.3671875
269.8203125,-101.07421875,-24.4140625,-7.8125,-18.06640625
269.82421875,-113.28125,-22.94921875,-6.8359375,-32.2265625
269.828125,-101.07421875,-11.71875,-10.25390625,-40.0390625
269.83203125,-95.703125,-13.671875,-11.23046875,-24.90234375
269.8359375,-103.02734375,-19.04296875,-24.4140625,-52.734375
269.83984375,-103.515625,-15.13671875,-20.99609375,-57.6171875
269.84375,-105.46875,-11.71875,-1.46484375,-41.015625
269.84765625,-100.5859375,-15.625,-0.9765625,-39.0625
269.8515625,-99.12109375,-17.08984375,-16.6015625,-37.109375
269.85546875,-105.46875,-16.11328125,-20.01953125,-45.41015625
269.859375,-114.74609375,-19.53125,-27.83203125,-47.8515625
269.86328125,-110.83984375,-17.08984375,-41.50390625,-44.43359375
269.8671875,-107.91015625,-20.5078125,-47.36328125,-41.50390625
269.87109375,-120.1171875,-12.6953125,-38.0859375,-28.80859375
269.875,-120.60546875,-8.30078125,-31.73828125,-62.98828125
269.87890625,-120.1171875,-27.34375,-23.4375,-75.1953125
269.8828125,-118.65234375,-27.34375,-9.765625,-51.26953125
269.88671875,-112.79296875,-16.11328125,-34.1796875,-53.7109375
269.890625,-110.83984375,-9.765625,-55.17578125,-41.015625
269.89453125,-111.81640625,-4.8828125,-19.04296875,-45.41015625
269.8984375,-124.0234375,-14.6484375,8.30078125,-72.265625
269.90234375,-114.74609375,-15.625,5.859375,-64.453125
269.90625,-104.98046875,-14.16015625,1.46484375,-42.96875
269.91015625,-99.12109375,-25.390625,0.9765625,-38.0859375
269.9140625,-101.5625,-28.3203125,-16.11328125,-52.734375
269.91796875,-133.7890625,-28.80859375,-10.7421875,-76.66015625
269.921875,-140.13671875,-27.83203125,3.90625,-70.80078125
269.92578125,-136.71875,-24.90234375,2.9296875,-32.71484375
269.9296875,-150.87890625,-32.2265625,-2.9296875,-55.6640625
269.93359375,-154.296875,-41.9921875,3.41796875,-44.921875
269.9375,-165.0390625,-45.8984375,10.25390625,-34.66796875
269.94140625,-171.875,-45.41015625,7.32421875,-42.96875
269.9453125,-143.06640625,-39.55078125,2.44140625,-42.48046875
269.94921875,-139.16015625,-33.203125,-9.765625,-37.59765625
269.953125,-140.625,-27.34375,-16.6015625,-8.30078125
269.95703125,-136.23046875,-35.15625,-33.69140625,-25.390625
269.9609375,-154.78515625,-45.41015625,-37.109375,-49.31640625
269.96484375,-164.0625,-43.45703125,-24.4140625,-38.0859375
269.96875,-156.25,-33.203125,-40.0390625,-50.29296875
269.97265625,-158.203125,-33.203125,-39.55078125,-52.734375
269.9765625,-155.2734375,-43.45703125,-12.6953125,-26.85546875
269.98046875,-145.01953125,-43.45703125,3.41796875,-51.26953125
269.984375,-155.2734375,-36.62109375,6.34765625,-56.15234375
269.98828125,-150.87890625,-31.25,-3.90625,-29.296875
269.9921875,-136.23046875,-30.76171875,-5.859375,-35.15625
269.99609375,-148.92578125,-30.76171875,-19.53125,4.39453125
270.0,-147.94921875,-32.2265625,-27.34375,-3.90625
270.00390625,-128.90625,-29.296875,-17.08984375,-75.1953125
270.0078125,-127.9296875,-25.87890625,-13.671875,-60.05859375
270.01171875,-137.20703125,-26.3671875,-19.04296875,-50.78125
270.015625,-138.671875,-30.2734375,-18.5546875,-41.50390625
270.01953125,-136.71875,-30.2734375,-19.53125,-13.18359375
270.0234375,-130.37109375,-26.3671875,-40.0390625,-16.11328125
270.02734375,-139.16015625,-28.80859375,-39.0625,-30.2734375
270.03125,-148.92578125,-35.64453125,-22.4609375,-34.1796875
270.03515625,-143.06640625,-43.9453125,-7.8125,-35.15625
270.0390625,-147.4609375,-43.45703125,-6.8359375,-41.015625
270.04296875,-145.01953125,-37.109375,-34.1796875,-57.6171875
270.046875,-148.4375,-38.0859375,-40.52734375,-74.70703125
270.05078125,-156.73828125,-44.921875,-24.90234375,-71.77734375
270.0546875,-162.109375,-50.29296875,-17.578125,-59.08203125
270.05859375,-166.50390625,-50.78125,-28.80859375,-53.22265625
270.0625,-155.76171875,-40.52734375,-33.69140625,-58.59375
270.06640625,-135.25390625,-32.2265625,-34.66796875,-39.55078125
270.0703125,-137.20703125,-37.109375,-45.8984375,-40.0390625
270.07421875,-151.85546875,-34.1796875,-51.26953125,-54.6875
270.078125,-147.4609375,-30.2734375,-45.41015625,-53.22265625
270.08203125,-127.9296875,-26.3671875,-40.52734375,-58.59375
270.0859375,-127.9296875,-31.25,-31.73828125,-56.640625
270.08984375,-141.6015625,-32.71484375,-41.015625,-31.25
270.09375,-145.99609375,-22.94921875,-49.8046875,-45.8984375
270.09765625,-143.06640625,-21.484375,-41.9921875,-75.68359375
270.1015625,-159.1796875,-24.90234375,-41.9921875,-48.33984375
270.10546875,-145.99609375,-23.4375,-40.52734375,-38.57421875
270.109375,-140.625,-20.99609375,-41.015625,-63.96484375
270.11328125,-150.390625,-17.578125,-62.5,-55.17578125
270.1171875,-143.5546875,-20.01953125,-73.2421875,-38.0859375
270.12109375,-138.18359375,-32.71484375,-46.875,-28.3203125
270.125,-146.484375,-41.015625,-31.73828125,-51.26953125
270.12890625,-138.671875,-31.25,-35.64453125,-58.10546875
270.1328125,-135.25390625,-22.4609375,-31.25,-38.57421875
270.13671875,-143.06640625,-24.90234375,-30.2734375,-38.0859375
270.140625,-135.7421875,-23.4375,-32.71484375,-36.62109375
270.14453125,-132.32421875,-23.4375,-42.96875,-32.71484375
270.1484375,-127.9296875,-22.94921875,-44.921875,-30.2734375
270.15234375,-131.34765625,-28.80859375,-31.73828125,-26.3671875
270.15625,-131.8359375,-41.015625,-35.15625,-15.13671875
270.16015625,-96.19140625,-34.1796875,-32.71484375,5.37109375
270.1640625,-82.03125,-15.625,-21.484375,-19.04296875
270.16796875,-106.4453125,-9.27734375,-30.2734375,-40.52734375
270.171875,-141.11328125,-14.16015625,-35.15625,-57.6171875
270.17578125,-135.25390625,-18.06640625,-41.015625,-82.51953125
270.1796875,-112.3046875,-25.87890625,-48.828125,-71.77734375
270.18359375,-132.8125,-20.99609375,-52.734375,-76.171875
270.1875,-144.04296875,-12.20703125,-66.40625,-85.9375
270.19140625,-133.7890625,-14.6484375,-76.171875,-62.5
270.1953125,-150.87890625,-17.578125,-80.078125,-83.984375
270.19921875,-153.80859375,-17.08984375,-82.51953125,-89.84375
270.203125,-143.5546875,-12.20703125,-83.49609375,-61.03515625
270.20703125,-127.44140625,-9.27734375,-79.1015625,-43.9453125
270.2109375,-125.9765625,-14.16015625,-87.890625,-58.59375
270.21484375,-118.65234375,-20.5078125,-81.0546875,-42.48046875
270.21875,-110.83984375,-23.4375,-62.5,-42.48046875
270.22265625,-99.12109375,-22.94921875,-72.75390625,-21.97265625
270.2265625,-100.09765625,-22.4609375,-73.73046875,-9.765625
270.23046875,-119.62890625,-16.6015625,-55.6640625,-61.03515625
270.234375,-125.9765625,-13.18359375,-53.22265625,-49.8046875
270.23828125,-116.69921875,-18.06640625,-55.6640625,-40.0390625
270.2421875,-102.5390625,-20.5078125,-53.22265625,-50.78125
270.24609375,-100.5859375,-16.11328125,-51.26953125,-49.8046875
270.25,-102.05078125,-5.37109375,-43.45703125,-34.66796875
270.25390625,-97.65625,-2.44140625,-37.109375,-13.671875
270.2578125,-104.98046875,-10.7421875,-41.50390625,-35.64453125
270.26171875,-101.07421875,-15.625,-42.96875,-41.015625
270.265625,-88.8671875,-17.08984375,-34.1796875,-31.73828125
270.26953125,-95.703125,-12.20703125,-38.0859375,-44.921875
270.2734375,-105.95703125,-11.71875,-42.96875,-49.8046875
270.27734375,-107.91015625,-14.6484375,-47.36328125,-21.484375
270.28125,-103.02734375,-7.32421875,-49.8046875,-11.71875
270.28515625,-95.21484375,0.9765625,-44.43359375,-25.87890625
270.2890625,-91.30859375,-7.8125,-37.109375,-39.0625
270.29296875,-92.28515625,-18.5546875,-40.0390625,-17.08984375
270.296875,-103.515625,-11.71875,-39.55078125,-20.01953125
270.30078125,-92.7734375,-2.44140625,-33.69140625,-43.9453125
270.3046875,-75.1953125,-11.23046875,-27.83203125,-35.15625
270.30859375,-81.0546875,-9.765625,-22.94921875,-5.37109375
270.3125,-87.890625,1.953125,-35.15625,-12.20703125
270.31640625,-97.16796875,-5.37109375,-24.90234375,-41.9921875
270.3203125,-113.76953125,-14.6484375,1.46484375,-43.9453125
270.32421875,-123.046875,-19.04296875,1.953125,-56.640625
270.328125,-110.3515625,-22.4609375,-8.30078125,-66.40625
270.33203125,-91.796875,-20.01953125,-17.08984375,-45.41015625
270.3359375,-89.35546875,-19.04296875,-24.4140625,-42.48046875
270.33984375,-84.9609375,-17.08984375,-23.4375,-25.390625
270.34375,-83.0078125,-17.08984375,-28.80859375,-17.08984375
270.34765625,-93.26171875,-25.390625,-35.15625,-28.3203125
270.3515625,-75.68359375,-32.71484375,-30.2734375,-18.06640625
270.35546875,-44.43359375,-29.78515625,-43.9453125,-24.90234375
270.359375,-51.26953125,-27.34375,-61.5234375,-34.1796875
270.36328125,-98.14453125,-24.4140625,-41.9921875,-36.62109375
270.3671875,-101.5625,-21.97265625,-27.83203125,-61.03515625
270.37109375,-92.7734375,-23.92578125,-26.85546875,-68.359375
270.375,-89.35546875,-23.4375,-21.97265625,-49.31640625
270.37890625,-85.44921875,-21.97265625,-29.78515625,-51.7578125
270.3828125,-84.47265625,-18.06640625,-35.15625,-52.734375
270.38671875,-65.4296875,-14.6484375,-27.34375,-57.12890625
270.390625,-70.3125,-23.92578125,-31.25,-72.75390625
270.39453125,-74.21875,-24.4140625,-33.203125,-65.91796875
270.3984375,-57.6171875,-21.484375,-30.2734375,-52.734375
270.40234375,-41.50390625,-25.87890625,-27.34375,-38.57421875
270.40625,-56.640625,-28.3203125,-31.73828125,-31.73828125
270.41015625,-69.82421875,-34.66796875,-33.69140625,-50.78125
270.4140625,-51.7578125,-36.62109375,-22.4609375,-52.24609375
270.41796875,-50.29296875,-25.87890625,-18.5546875,-19.04296875
270.421875,-57.6171875,-17.578125,-25.390625,-21.97265625
270.42578125,-45.41015625,-14.16015625,-31.73828125,-34.66796875
270.4296875,-37.109375,-11.23046875,-37.109375,-32.2265625
270.43359375,-42.48046875,-12.20703125,-37.109375,-31.73828125
270.4375,-56.15234375,-22.4609375,-35.15625,-37.109375
270.44140625,-62.5,-27.83203125,-36.1328125,-34.66796875
270.4453125,-61.5234375,-29.78515625,-35.15625,-9.765625
270.44921875,-55.6640625,-30.2734375,-36.62109375,-32.2265625
270.453125,-57.12890625,-30.76171875,-36.62109375,-56.15234375
270.45703125,-52.24609375,-28.3203125,-34.1796875,-36.62109375
270.4609375,-46.875,-30.2734375,-37.59765625,-41.015625
270.46484375,-40.52734375,-39.0625,-43.45703125,-23.4375
270.46875,-29.78515625,-41.9921875,-45.41015625,-15.625
270.47265625,-31.25,-31.73828125,-61.5234375,-47.8515625
270.4765625,-33.69140625,-22.4609375,-66.40625,-51.26953125
270.48046875,-35.64453125,-22.94921875,-38.0859375,-42.96875
270.484375,-29.296875,-22.4609375,-19.53125,-41.015625
270.48828125,-28.3203125,-21.484375,-19.04296875,-41.015625
270.4921875,-36.1328125,-26.85546875,-26.3671875,-47.36328125
270.49609375,-41.9921875,-30.2734375,-30.2734375,-37.59765625
270.5,-48.828125,-28.3203125,-26.85546875,-35.64453125
270.50390625,-48.828125,-22.4609375,-24.90234375,-44.43359375
270.5078125,-39.0625,-15.625,-27.34375,-39.0625
270.51171875,-37.109375,-15.13671875,-27.83203125,-41.015625
270.515625,-34.1796875,-19.53125,-27.34375,-27.34375
270.51953125,-21.484375,-20.99609375,-30.76171875,-13.18359375
270.5234375,-26.3671875,-18.5546875,-34.66796875,-28.80859375
270.52734375,-39.55078125,-18.5546875,-41.015625,-42.48046875
270.53125,-44.43359375,-20.99609375,-41.50390625,-53.22265625
270.53515625,-47.8515625,-18.5546875,-36.1328125,-41.015625
270.5390625,-41.015625,-20.5078125,-26.3671875,-39.0625
270.54296875,-24.4140625,-25.390625,-22.94921875,-41.015625
270.546875,-25.390625,-30.2734375,-35.64453125,-33.203125
270.55078125,-37.59765625,-30.2734375,-33.203125,-27.83203125
270.5546875,-39.55078125,-23.92578125,-26.85546875,-34.66796875
270.55859375,-35.64453125,-18.06640625,-29.296875,-36.62109375
270.5625,-37.109375,-21.484375,-50.29296875,-8.7890625
270.56640625,-35.15625,-20.99609375,-51.26953125,-13.18359375
270.5703125,-33.69140625,-21.484375,-32.2265625,-57.6171875
270.57421875,-19.04296875,-22.94921875,-23.4375,-54.6875
270.578125,-6.34765625,-17.08984375,-28.3203125,-19.53125
270.58203125,-24.90234375,-20.99609375,-35.15625,-33.69140625
270.5859375,-39.55078125,-28.80859375,-33.203125,-52.734375
270.58984375,-32.71484375,-29.296875,-26.3671875,-45.8984375
270.59375,-17.578125,-35.64453125,-20.99609375,-43.45703125
270.59765625,-5.37109375,-39.0625,-18.06640625,-27.34375
270.6015625,-1.46484375,-30.2734375,-31.25,-16.11328125
270.60546875,3.41796875,-14.6484375,-33.203125,-22.94921875
270.609375,-1.953125,-13.671875,-28.80859375,-7.32421875
270.61328125,-14.6484375,-20.99609375,-38.0859375,-1.953125
270.6171875,-13.18359375,-23.92578125,-47.36328125,-21.484375
270.62109375,-2.44140625,-22.4609375,-44.43359375,-35.15625
270.625,8.7890625,-20.01953125,-46.875,-17.578125
270.62890625,-10.7421875,-26.3671875,-53.7109375,-22.4609375
270.6328125,-10.7421875,-26.3671875,-49.31640625,-25.390625
270.63671875,13.671875,-21.484375,-31.25,0.0
270.640625,22.4609375,-25.390625,-23.92578125,-12.6953125
270.64453125,29.78515625,-20.5078125,-28.80859375,-20.99609375
270.6484375,22.4609375,-13.18359375,-37.109375,-20.99609375
270.65234375,20.99609375,-10.25390625,-57.6171875,-20.01953125
270.65625,15.625,-18.5546875,-61.03515625,-12.6953125
270.66015625,10.25390625,-28.80859375,-35.64453125,-14.16015625
270.6640625,15.13671875,-26.85546875,-21.484375,-19.53125
270.66796875,21.97265625,-23.92578125,-12.20703125,2.9296875
270.671875,14.6484375,-29.296875,-9.27734375,16.11328125
270.67578125,21.484375,-31.73828125,-19.04296875,-20.99609375
270.6796875,6.34765625,-37.59765625,-34.1796875,-52.734375
270.68359375,-3.90625,-39.55078125,-43.45703125,-29.296875
270.6875,18.06640625,-31.25,-51.26953125,-2.44140625
270.69140625,45.41015625,-29.296875,-47.36328125,11.23046875
270.6953125,40.0390625,-39.0625,-32.2265625,0.9765625
270.69921875,13.671875,-41.9921875,-25.87890625,-15.625
270.703125,8.30078125,-25.390625,-34.1796875,13.671875
270.70703125,6.34765625,-19.04296875,-46.38671875,-1.46484375
270.7109375,-4.39453125,-25.87890625,-41.9921875,-61.5234375
270.71484375,-12.20703125,-26.85546875,-35.64453125,-39.0625
270.71875,-6.34765625,-24.4140625,-29.78515625,0.48828125
270.72265625,-1.46484375,-33.69140625,-30.76171875,-24.90234375
270.7265625,-21.97265625,-34.66796875,-30.76171875,-26.3671875
270.73046875,-27.83203125,-21.484375,-22.4609375,-9.27734375
270.734375,-17.578125,-17.08984375,-28.3203125,-10.7421875
270.73828125,-9.27734375,-19.53125,-23.4375,-20.5078125
270.7421875,4.39453125,-17.08984375,-18.06640625,-7.32421875
270.74609375,2.9296875,-20.5078125,-18.06640625,-0.9765625
270.75,3.41796875,-25.390625,-20.5078125,-20.99609375
270.75390625,7.32421875,-23.4375,-24.90234375,-13.18359375
270.7578125,13.18359375,-19.53125,-18.5546875,2.9296875
270.76171875,11.71875,-20.99609375,-16.6015625,-4.39453125
270.765625,17.578125,-21.97265625,-21.484375,4.8828125
270.76953125,30.2734375,-23.92578125,-25.87890625,5.859375
270.7734375,25.87890625,-25.390625,-23.92578125,-5.37109375
270.77734375,-1.46484375,-25.390625,-20.99609375,-12.6953125
270.78125,7.32421875,-27.34375,-25.390625,-19.04296875
270.78515625,11.71875,-32.2265625,-31.73828125,-20.99609375
270.7890625,-3.41796875,-33.203125,-42.96875,5.37109375
270.79296875,4.39453125,-30.2734375,-45.8984375,23.4375
270.796875,7.32421875,-40.0390625,-36.1328125,-30.76171875
270.80078125,-20.99609375,-43.45703125,-34.66796875,-46.875
270.8046875,-35.15625,-41.9921875,-41.50390625,-28.80859375
270.80859375,-10.25390625,-33.69140625,-27.83203125,-18.06640625
270.8125,13.671875,-16.11328125,-15.625,-5.859375
270.81640625,8.7890625,-15.13671875,-15.13671875,-3.90625
270.8203125,1.953125,-16.11328125,0.0,16.11328125
270.82421875,21.484375,-12.20703125,6.34765625,7.32421875
270.828125,22.94921875,-10.25390625,-6.8359375,-17.578125
270.83203125,5.37109375,-9.27734375,-20.5078125,-16.11328125
270.8359375,14.6484375,-9.27734375,-21.484375,-3.41796875
270.83984375,19.04296875,-8.30078125,-16.11328125,5.859375
270.84375,5.859375,-6.34765625,-23.92578125,10.25390625
270.84765625,1.953125,-3.41796875,-35.64453125,15.13671875
270.8515625,20.01953125,-12.20703125,-28.3203125,23.4375
270.85546875,11.71875,-20.5078125,-15.625,3.41796875
270.859375,3.90625,-15.625,-13.671875,-29.78515625
270.86328125,10.25390625,-13.671875,-19.04296875,-22.4609375
270.8671875,17.578125,-20.99609375,-24.4140625,-29.78515625
270.87109375,22.4609375,-21.484375,-30.2734375,-39.55078125
270.875,21.484375,-14.16015625,-32.2265625,-41.50390625
270.87890625,16.6015625,-17.08984375,-28.80859375,-39.0625
270.8828125,2.9296875,-23.4375,-34.66796875,-40.52734375
270.88671875,2.44140625,-23.4375,-37.109375,-25.87890625
270.890625,15.625,-26.85546875,-39.0625,-20.01953125
270.89453125,14.16015625,-26.3671875,-44.43359375,-39.0625
270.8984375,2.44140625,-22.94921875,-44.43359375,-48.33984375
270.90234375,11.23046875,-23.4375,-35.64453125,-47.8515625
270.90625,22.4609375,-27.83203125,-30.2734375,-30.2734375
270.91015625,23.4375,-23.4375,-37.109375,-21.97265625
270.9140625,25.390625,-29.296875,-39.55078125,-27.34375
270.91796875,24.4140625,-33.69140625,-33.69140625,-31.25
270.921875,27.83203125,-24.4140625,-30.76171875,-28.3203125
270.92578125,13.671875,-31.25,-40.52734375,-26.85546875
270.9296875,-7.32421875,-39.55078125,-43.9453125,-32.71484375
270.93359375,-9.27734375,-41.015625,-45.41015625,-40.0390625
270.9375,-4.39453125,-38.57421875,-52.734375,-46.875
270.94140625,-2.44140625,-35.15625,-46.38671875,-46.38671875
270.9453125,8.30078125,-31.73828125,-30.76171875,-56.640625
270.94921875,19.04296875,-24.4140625,-21.484375,-39.0625
270.953125,12.6953125,-26.3671875,-31.25,-18.06640625
270.95703125,18.5546875,-26.85546875,-26.3671875,-25.87890625
270.9609375,24.4140625,-16.11328125,-7.8125,-16.11328125
270.96484375,14.6484375,-7.8125,-2.44140625,-33.69140625
270.96875,12.20703125,-7.32421875,-0.48828125,-28.80859375
270.97265625,19.04296875,-14.16015625,-3.41796875,-1.953125
270.9765625,34.1796875,-15.13671875,-1.46484375,-11.23046875
270.98046875,31.73828125,-13.18359375,11.71875,-10.25390625
270.984375,16.6015625,-9.765625,7.32421875,22.4609375
270.98828125,24.4140625,-12.6953125,1.953125,8.7890625
270.9921875,35.15625,-16.11328125,0.48828125,-25.87890625
270.99609375,30.76171875,-14.16015625,-1.953125,-10.7421875
271.0,31.73828125,-10.7421875,1.46484375,2.44140625
271.00390625,39.55078125,-11.71875,3.41796875,-17.08984375
271.0078125,32.2265625,-13.18359375,8.30078125,-5.859375
271.01171875,27.83203125,-9.765625,15.625,8.30078125
271.015625,30.2734375,-17.08984375,9.765625,-17.578125
271.01953125,29.78515625,-47.8515625,-0.9765625,-7.8125
271.0234375,30.2734375,-69.82421875,-7.32421875,8.30078125
271.02734375,0.0,-48.828125,-14.16015625,-12.6953125
271.03125,-6.8359375,-13.18359375,-0.9765625,-14.16015625
271.03515625,7.32421875,-3.41796875,13.671875,-17.578125
271.0390625,-12.6953125,-4.39453125,10.25390625,-47.36328125
271.04296875,-3.41796875,2.9296875,7.8125,-35.64453125
271.046875,18.06640625,1.953125,13.18359375,-15.625
271.05078125,32.71484375,-11.23046875,30.76171875,-3.41796875
271.0546875,12.6953125,-24.90234375,40.0390625,3.90625
271.05859375,-8.30078125,-22.94921875,32.71484375,4.8828125
271.0625,12.6953125,-20.01953125,15.13671875,15.625
271.06640625,6.8359375,-23.4375,-6.8359375,2.44140625
271.0703125,0.9765625,-27.34375,-16.11328125,-28.80859375
271.07421875,17.08984375,-20.99609375,-25.390625,-43.9453125
271.078125,48.33984375,-17.08984375,-11.23046875,-26.85546875
271.08203125,65.4296875,-42.48046875,2.44140625,-18.5546875
271.0859375,47.8515625,-22.4609375,-10.25390625,-50.29296875
271.08984375,36.1328125,18.06640625,-27.34375,-55.6640625
271.09375,-16.6015625,26.3671875,-36.1328125,-61.03515625
271.09765625,-65.4296875,8.30078125,-26.3671875,-55.6640625
271.1015625,-24.90234375,-26.3671875,-20.5078125,-21.484375
271.10546875,-35.64453125,-32.2265625,-15.13671875,-23.4375
271.109375,-82.51953125,-12.6953125,-8.7890625,-37.59765625
271.11328125,-86.9140625,-5.859375,-10.25390625,-58.59375
271.1171875,-55.17578125,-12.6953125,-8.30078125,-34.1796875
271.12109375,-40.52734375,-13.18359375,-5.859375,0.48828125
271.125,-60.546875,-14.6484375,-11.71875,32.71484375
271.12890625,-30.2734375,-17.08984375,-7.8125,24.90234375
271.1328125,-19.53125,-15.625,0.48828125,-46.875
271.13671875,-19.04296875,-14.16015625,-6.8359375,-66.40625
271.140625,25.87890625,-9.27734375,-3.90625,-21.484375
271.14453125,27.83203125,-4.39453125,0.48828125,-0.9765625
271.1484375,22.94921875,-3.90625,-7.8125,1.46484375
271.15234375,32.71484375,-5.37109375,-1.953125,13.671875
271.15625,9.765625,-9.765625,2.9296875,3.90625
271.16015625,-11.71875,-21.484375,-16.6015625,-0.48828125
271.1640625,-2.44140625,-20.5078125,-30.2734375,-40.0390625
271.16796875,16.6015625,-10.7421875,-32.2265625,-40.52734375
271.171875,27.83203125,-15.13671875,-25.390625,-21.484375
271.17578125,14.16015625,-19.04296875,-19.53125,-20.99609375
271.1796875,17.08984375,-16.6015625,-7.32421875,-4.8828125
271.18359375,28.80859375,-11.71875,7.32421875,0.9765625
271.1875,47.8515625,-12.20703125,7.8125,-23.4375
271.19140625,45.8984375,-17.08984375,8.30078125,-4.8828125
271.1953125,22.94921875,-15.13671875,8.7890625,2.9296875
271.19921875,34.1796875,-11.23046875,4.8828125,0.9765625
271.203125,40.0390625,-18.06640625,2.9296875,5.859375
271.20703125,53.22265625,-21.484375,3.41796875,4.8828125
271.2109375,47.8515625,-10.25390625,3.41796875,6.8359375
271.21484375,53.7109375,-7.32421875,5.37109375,12.20703125
271.21875,63.4765625,-17.578125,16.11328125,-3.90625
271.22265625,54.19921875,-17.08984375,22.4609375,-14.16015625
271.2265625,38.57421875,-13.671875,28.80859375,4.8828125
271.23046875,42.48046875,-12.6953125,21.484375,6.34765625
271.234375,50.29296875,-16.11328125,3.90625,-7.32421875
271.23828125,37.109375,-20.99609375,4.8828125,0.0
271.2421875,14.16015625,-20.01953125,5.859375,13.18359375
271.24609375,13.18359375,-19.53125,11.23046875,1.953125
271.25,6.8359375,-18.5546875,13.18359375,0.0
271.25390625,-0.9765625,-21.97265625,9.27734375,21.484375
271.2578125,9.765625,-33.203125,9.27734375,26.3671875
271.26171875,-4.8828125,-40.52734375,7.8125,1.953125
271.265625,1.46484375,-37.109375,0.0,7.32421875
271.26953125,-16.6015625,-29.296875,-12.20703125,2.9296875
271.2734375,-30.2734375,-22.94921875,-11.71875,-16.11328125
271.27734375,11.71875,-19.53125,-5.37109375,-23.92578125
271.28125,2.9296875,-21.484375,-4.8828125,-19.04296875
271.28515625,3.41796875,-33.203125,-12.6953125,8.7890625
271.2890625,-10.7421875,-34.1796875,-23.4375,-28.80859375
271.29296875,-16.11328125,-22.94921875,-23.92578125,-36.1328125
271.296875,16.11328125,-19.53125,-27.34375,2.9296875
271.30078125,31.25,-24.4140625,-8.7890625,17.578125
271.3046875,0.0,-27.83203125,3.41796875,-12.20703125
271.30859375,-28.80859375,-25.87890625,4.8828125,-51.26953125
271.3125,-25.390625,-24.4140625,14.6484375,-87.890625
271.31640625,-40.0390625,-32.71484375,3.90625,-99.12109375
271.3203125,-30.76171875,-38.0859375,6.8359375,-62.01171875
271.32421875,-31.73828125,-40.0390625,12.20703125,-71.77734375
271.328125,-43.9453125,-42.96875,1.953125,-90.8203125
271.33203125,-54.19921875,-48.33984375,-26.3671875,-83.984375
271.3359375,-85.9375,-50.78125,-39.55078125,-97.16796875
271.33984375,-82.03125,-46.38671875,-2.44140625,-97.16796875
271.34375,-73.2421875,-49.8046875,20.01953125,-98.6328125
271.34765625,-74.21875,-57.6171875,24.90234375,-97.65625
271.3515625,-42.48046875,-53.7109375,27.34375,-64.453125
271.35546875,-18.5546875,-53.7109375,30.2734375,-56.15234375
271.359375,-30.2734375,-57.6171875,28.80859375,-75.1953125
271.36328125,-36.62109375,-54.6875,28.3203125,-69.82421875
271.3671875,-36.1328125,-64.453125,28.3203125,-52.24609375
271.37109375,-26.85546875,-62.98828125,29.296875,-47.8515625
271.375,-23.92578125,-50.78125,32.2265625,-24.90234375
271.37890625,-17.578125,-47.36328125,29.296875,-22.94921875
271.3828125,3.41796875,-49.31640625,25.87890625,-29.296875
271.38671875,-16.6015625,-44.921875,9.27734375,-6.34765625
271.390625,-23.92578125,-37.109375,-3.90625,22.94921875
271.39453125,0.0,-52.24609375,14.6484375,10.25390625
271.3984375,23.92578125,-62.5,29.296875,0.0
271.40234375,36.1328125,-55.6640625,41.9921875,25.390625
271.40625,44.921875,-45.41015625,31.25,18.5546875
271.41015625,74.21875,-37.109375,19.53125,17.578125
271.4140625,52.24609375,-42.48046875,34.1796875,-9.27734375
271.41796875,46.38671875,-49.8046875,39.55078125,6.34765625
271.421875,39.55078125,-57.12890625,39.55078125,55.6640625
271.42578125,52.734375,-51.26953125,36.1328125,31.25
271.4296875,46.38671875,-51.26953125,43.45703125,8.30078125
271.43359375,49.31640625,-56.640625,44.43359375,49.31640625
271.4375,65.91796875,-59.5703125,41.50390625,46.875
271.44140625,38.57421875,-56.640625,46.875,22.4609375
271.4453125,37.59765625,-49.8046875,41.015625,54.6875
271.44921875,109.86328125,-44.43359375,37.59765625,83.0078125
271.453125,177.24609375,-36.1328125,23.4375,43.9453125
271.45703125,176.26953125,-30.2734375,0.9765625,34.66796875
271.4609375,167.48046875,-34.1796875,4.8828125,55.17578125
271.46484375,156.25,-34.66796875,11.23046875,64.94140625
271.46875,171.875,-34.66796875,17.08984375,73.2421875
271.47265625,178.7109375,-34.66796875,20.01953125,65.91796875
271.4765625,179.19921875,-31.73828125,19.04296875,83.0078125
271.48046875,176.26953125,-28.80859375,29.78515625,56.640625
271.484375,160.64453125,-28.80859375,26.85546875,26.3671875
271.48828125,158.69140625,-34.1796875,13.18359375,52.24609375
271.4921875,176.26953125,-31.25,21.484375,83.984375
271.49609375,183.59375,-23.92578125,19.04296875,115.72265625
271.5,186.5234375,-22.94921875,-4.39453125,86.42578125
271.50390625,190.91796875,-26.3671875,-12.6953125,71.2890625
271.5078125,163.57421875,-34.66796875,-8.7890625,67.87109375
271.51171875,137.20703125,-30.2734375,-0.9765625,52.734375
271.515625,171.38671875,-24.90234375,9.765625,74.70703125
271.51953125,173.33984375,-24.4140625,8.7890625,77.63671875
271.5234375,147.94921875,-22.4609375,-5.37109375,54.19921875
271.52734375,149.90234375,-31.25,-15.625,42.48046875
271.53125,161.62109375,-39.55078125,-26.85546875,70.80078125
271.53515625,167.48046875,-34.66796875,-35.64453125,24.4140625
271.5390625,144.53125,-25.87890625,-38.0859375,-56.640625
271.54296875,105.46875,-11.23046875,-46.875,-24.4140625
271.546875,104.98046875,-12.6953125,-41.9921875,-33.69140625
271.55078125,96.19140625,-18.06640625,-39.0625,-19.04296875
271.5546875,74.70703125,-23.4375,-50.29296875,16.11328125
271.55859375,78.125,-24.4140625,-54.19921875,-11.23046875
271.5625,65.4296875,-19.04296875,-53.7109375,-23.92578125
271.56640625,69.82421875,-18.06640625,-47.36328125,-10.25390625
271.5703125,100.09765625,-12.6953125,-49.8046875,17.578125
271.57421875,102.5390625,-12.6953125,-51.26953125,7.32421875
271.578125,95.703125,-19.04296875,-38.0859375,-25.87890625
271.58203125,104.98046875,-12.6953125,-27.34375,7.32421875
271.5859375,107.421875,-5.859375,-31.73828125,-12.6953125
271.58984375,110.83984375,-6.8359375,-39.0625,-28.80859375
271.59375,113.76953125,-10.25390625,-39.0625,21.97265625
271.59765625,125.9765625,-10.25390625,-36.62109375,-3.90625
271.6015625,145.5078125,-9.27734375,-32.2265625,-6.8359375
271.60546875,144.53125,-11.23046875,-32.71484375,9.27734375
271.609375,126.953125,-8.7890625,-31.25,-10.7421875
271.61328125,106.4453125,-15.625,-23.92578125,-2.44140625
271.6171875,97.65625,-20.5078125,-23.92578125,-15.625
271.62109375,138.18359375,-13.18359375,-28.3203125,0.48828125
271.625,155.2734375,-8.30078125,-36.1328125,12.6953125
271.62890625,127.44140625,-5.859375,-42.96875,-25.87890625
271.6328125,111.81640625,-7.8125,-36.62109375,-23.4375
271.63671875,124.0234375,-9.765625,-26.85546875,-5.859375
271.640625,150.87890625,-12.20703125,-19.53125,3.41796875
271.64453125,139.6484375,-3.90625,-13.671875,26.85546875
271.6484375,146.97265625,-1.46484375,-17.08984375,31.25
271.65234375,142.08984375,-22.4609375,-29.296875,20.01953125
271.65625,144.04296875,-33.203125,-33.69140625,20.01953125
271.66015625,166.015625,-29.78515625,-62.98828125,40.52734375
271.6640625,127.9296875,-44.43359375,-76.66015625,59.08203125
271.66796875,117.67578125,-69.3359375,-54.6875,20.5078125
271.671875,147.4609375,-66.89453125,-53.22265625,-14.16015625
271.67578125,146.97265625,-49.31640625,-55.17578125,-53.22265625
271.6796875,130.859375,-38.57421875,-44.921875,-37.59765625
271.68359375,125.9765625,-38.0859375,-52.734375,-5.37109375
271.6875,79.58984375,-45.8984375,-54.19921875,-38.0859375
271.69140625,86.9140625,-44.43359375,-43.9453125,-39.55078125
271.6953125,111.328125,-39.55078125,-45.41015625,-37.109375
271.69921875,99.609375,-29.78515625,-77.63671875,-42.48046875
271.703125,71.77734375,-28.3203125,-88.37890625,-49.31640625
271.70703125,53.22265625,-31.73828125,-59.5703125,-37.109375
271.7109375,48.828125,-38.0859375,-47.36328125,-20.5078125
271.71484375,22.4609375,-47.36328125,-60.05859375,-34.66796875
271.71875,33.69140625,-44.921875,-68.84765625,-76.171875
271.72265625,47.8515625,-45.41015625,-69.82421875,-66.89453125
271.7265625,24.4140625,-45.8984375,-67.3828125,-62.01171875
271.73046875,22.94921875,-49.31640625,-63.4765625,-73.73046875
271.734375,21.484375,-55.6640625,-63.4765625,-65.4296875
271.73828125,37.109375,-51.26953125,-61.5234375,-73.73046875
271.7421875,41.50390625,-39.55078125,-62.01171875,-44.43359375
271.74609375,36.1328125,-32.71484375,-71.2890625,-30.76171875
271.75,16.6015625,-36.62109375,-76.171875,-44.43359375
271.75390625,38.0859375,-43.45703125,-53.7109375,-37.109375
271.7578125,41.9921875,-31.25,-50.29296875,-22.94921875
271.76171875,29.78515625,-20.01953125,-47.8515625,-26.3671875
271.765625,24.4140625,-24.90234375,-26.85546875,-27.83203125
271.76953125,6.34765625,-24.4140625,-34.1796875,-23.4375
271.7734375,13.18359375,-21.484375,-53.7109375,-26.85546875
271.77734375,5.859375,-31.25,-49.8046875,-37.59765625
271.78125,-2.44140625,-35.15625,-41.9921875,-51.26953125
271.78515625,-18.5546875,-32.2265625,-41.50390625,-42.96875
271.7890625,-24.4140625,-29.296875,-43.9453125,-44.921875
271.79296875,-6.34765625,-24.90234375,-51.26953125,-69.3359375
271.796875,16.6015625,-26.3671875,-50.78125,-90.33203125
271.80078125,32.71484375,-20.99609375,-45.41015625,-71.2890625
271.8046875,4.8828125,-22.4609375,-36.62109375,-51.7578125
271.80859375,-9.27734375,-26.3671875,-33.69140625,-58.59375
271.8125,20.5078125,-20.01953125,-45.8984375,-33.203125
271.81640625,4.39453125,-19.53125,-41.9921875,-58.59375
271.8203125,-13.18359375,-23.92578125,-41.9921875,-75.1953125
271.82421875,18.06640625,-22.4609375,-37.109375,-41.015625
271.828125,13.671875,-16.6015625,-26.85546875,-29.296875
271.83203125,0.9765625,-20.5078125,-30.76171875,-31.25
271.8359375,10.25390625,-25.390625,-32.71484375,-37.109375
271.83984375,5.37109375,-25.390625,-31.73828125,-47.36328125
271.84375,7.32421875,-25.87890625,-34.66796875,-37.59765625
271.84765625,9.765625,-23.92578125,-35.15625,-32.71484375
271.8515625,9.765625,-21.97265625,-37.59765625,-38.57421875
271.85546875,31.25,-13.18359375,-44.921875,-37.59765625
271.859375,22.4609375,-14.16015625,-34.1796875,-22.94921875
271.86328125,37.59765625,-22.4609375,-16.11328125,-46.875
271.8671875,29.78515625,-26.85546875,-13.18359375,-64.94140625
271.87109375,3.90625,-24.90234375,-11.23046875,-36.1328125
271.875,15.625,-21.97265625,-23.92578125,-39.0625
271.87890625,23.92578125,-28.80859375,-41.50390625,-39.55078125
271.8828125,19.04296875,-25.390625,-33.69140625,-16.6015625
271.88671875,19.53125,-20.01953125,-36.62109375,-55.17578125
271.890625,3.90625,-22.4609375,-46.38671875,-81.54296875
271.89453125,16.11328125,-16.11328125,-27.34375,-66.40625
271.8984375,26.3671875,-20.5078125,-16.6015625,-68.84765625
271.90234375,19.04296875,-25.390625,-16.11328125,-60.05859375
271.90625,8.7890625,-27.34375,-17.08984375,-57.12890625
271.91015625,11.23046875,-34.66796875,-15.13671875,-12.20703125
271.9140625,-13.671875,-33.69140625,-13.18359375,-6.34765625
271.91796875,-23.92578125,-30.2734375,-24.4140625,-50.29296875
271.921875,3.90625,-20.5078125,-32.2265625,-77.1484375
271.92578125,14.16015625,-15.13671875,-30.2734375,-68.84765625
271.9296875,18.5546875,-17.578125,-29.78515625,-69.3359375
271.93359375,-1.953125,-16.6015625,-34.66796875,-64.453125
271.9375,-16.11328125,-22.4609375,-41.50390625,-33.203125
271.94140625,-24.4140625,-26.3671875,-48.33984375,-43.45703125
271.9453125,-34.66796875,-29.78515625,-44.921875,-72.75390625
271.94921875,-25.87890625,-30.76171875,-23.92578125,-78.61328125
271.953125,-16.11328125,-29.296875,-21.484375,-65.4296875
271.95703125,-6.8359375,-37.59765625,-33.203125,-82.51953125
271.9609375,-21.484375,-37.109375,-27.83203125,-86.42578125
271.96484375,-49.31640625,-29.296875,-32.2265625,-61.03515625
271.96875,-40.52734375,-23.92578125,-35.64453125,-78.125
271.97265625,-37.59765625,-20.5078125,-33.203125,-72.265625
271.9765625,-35.15625,-17.08984375,-37.59765625,-66.40625
271.98046875,-6.34765625,-16.6015625,-37.109375,-59.5703125
271.984375,-2.9296875,-21.484375,-31.25,-65.91796875
271.98828125,-25.390625,-24.4140625,-25.390625,-74.21875
271.9921875,-54.19921875,-35.64453125,-21.97265625,-53.22265625
271.99609375,-55.6640625,-34.1796875,-22.4609375,-43.9453125
272.0,-63.96484375,-24.4140625,-35.64453125,-62.98828125
272.00390625,-68.359375,-26.85546875,-57.12890625,-93.75
272.0078125,-64.453125,-28.3203125,-39.55078125,-89.35546875
272.01171875,-80.078125,-25.390625,-11.23046875,-79.1015625
272.015625,-48.828125,-24.90234375,-16.11328125,-72.265625
272.01953125,-47.8515625,-37.109375,-26.3671875,-81.54296875
272.0234375,-86.42578125,-32.71484375,-22.94921875,-92.7734375
272.02734375,-78.125,-25.390625,-30.76171875,-87.890625
272.03125,-50.29296875,-23.92578125,-52.24609375,-76.171875
272.03515625,-41.015625,-12.6953125,-38.57421875,-81.0546875
272.0390625,-70.3125,-18.06640625,-27.34375,-87.890625
272.04296875,-79.1015625,-19.04296875,-37.109375,-83.0078125
272.046875,-90.8203125,-17.08984375,-34.66796875,-89.35546875
272.05078125,-83.984375,-19.04296875,-24.4140625,-83.984375
272.0546875,-70.3125,-27.83203125,-23.4375,-91.796875
272.05859375,-61.03515625,-32.2265625,-23.4375,-93.26171875
272.0625,-77.1484375,-23.92578125,-24.90234375,-104.00390625
272.06640625,-69.82421875,-23.4375,-17.08984375,-103.515625
272.0703125,-80.56640625,-23.92578125,-3.90625,-85.9375
272.07421875,-91.796875,-9.765625,-19.04296875,-82.51953125
272.078125,-69.82421875,-6.34765625,-33.69140625,-86.9140625
272.08203125,-73.2421875,-20.99609375,-18.06640625,-72.75390625
272.0859375,-62.98828125,-27.83203125,-3.90625,-40.52734375
272.08984375,-71.2890625,-24.4140625,4.39453125,-79.58984375
272.09375,-65.4296875,-22.94921875,5.859375,-96.6796875
272.09765625,-64.453125,-26.3671875,-0.9765625,-90.33203125
272.1015625,-64.94140625,-22.4609375,-14.6484375,-95.21484375
272.10546875,-56.640625,-12.6953125,-24.90234375,-99.12109375
272.109375,-61.5234375,-7.8125,-19.53125,-74.70703125
272.11328125,-57.12890625,-3.90625,-22.94921875,-47.36328125
272.1171875,-60.546875,-12.20703125,-31.25,-43.9453125
272.12109375,-70.3125,-22.4609375,-32.2265625,-62.98828125
272.125,-67.3828125,-20.99609375,-27.83203125,-75.68359375
272.12890625,-65.91796875,-14.16015625,-15.625,-52.24609375
272.1328125,-59.08203125,-12.20703125,-14.16015625,-55.17578125
272.13671875,-80.078125,-15.13671875,-28.80859375,-95.21484375
272.140625,-65.4296875,-11.71875,-19.53125,-65.4296875
272.14453125,-43.45703125,-11.23046875,0.0,-38.0859375
272.1484375,-56.15234375,-15.625,-9.765625,-13.671875
272.15234375,-55.6640625,-13.671875,-25.87890625,-25.390625
272.15625,-42.48046875,-14.16015625,-23.4375,-51.7578125
272.16015625,-46.875,-17.08984375,-19.04296875,-29.78515625
272.1640625,-62.5,-13.671875,-17.578125,-34.1796875
272.16796875,-54.19921875,-6.8359375,-16.11328125,-28.80859375
272.171875,-53.7109375,-4.8828125,-8.7890625,-32.71484375
272.17578125,-59.5703125,-5.37109375,-12.20703125,-35.64453125
272.1796875,-62.5,-12.20703125,-18.5546875,-20.5078125
272.18359375,-55.17578125,-11.71875,-25.87890625,-20.99609375
272.1875,-20.01953125,-11.71875,-38.0859375,-11.23046875
272.19140625,-23.92578125,-11.71875,-26.3671875,-16.6015625
272.1953125,-61.03515625,-9.765625,-4.8828125,-44.43359375
272.19921875,-84.47265625,-18.5546875,5.37109375,-48.33984375
272.203125,-72.265625,-23.92578125,-10.7421875,-34.1796875
272.20703125,-48.828125,-21.484375,-19.53125,-46.875
272.2109375,-50.78125,-18.06640625,-11.71875,-33.203125
272.21484375,-61.03515625,-21.97265625,-3.41796875,-13.18359375
272.21875,-50.78125,-22.4609375,-9.27734375,-9.27734375
272.22265625,-32.2265625,-14.6484375,-24.90234375,-6.34765625
272.2265625,-17.578125,-14.6484375,-13.18359375,1.953125
272.23046875,-33.203125,-11.71875,1.46484375,10.25390625
272.234375,-53.22265625,-13.18359375,2.44140625,-9.27734375
272.23828125,-49.31640625,-9.765625,6.8359375,-12.20703125
272.2421875,-36.62109375,-12.6953125,13.671875,-30.76171875
272.24609375,-41.50390625,-23.92578125,8.7890625,-48.33984375
272.25,-40.52734375,-14.16015625,1.953125,-16.6015625
272.25390625,-45.41015625,-5.859375,3.90625,13.18359375
272.2578125,-48.828125,-12.6953125,11.23046875,-0.48828125
272.26171875,-36.1328125,-15.13671875,10.25390625,-57.12890625
272.265625,-40.0390625,-5.37109375,-14.16015625,-52.734375
272.26953125,-38.57421875,-7.32421875,-16.6015625,-5.859375
272.2734375,-22.94921875,-27.34375,3.41796875,-15.625
272.27734375,-16.11328125,-36.1328125,5.859375,-48.33984375
272.28125,-18.5546875,-17.578125,12.20703125,-10.7421875
272.28515625,-0.9765625,-2.44140625,21.97265625,6.34765625
272.2890625,-49.8046875,-1.953125,15.625,-35.64453125
272.29296875,-62.98828125,-6.8359375,7.8125,2.44140625
272.296875,-33.69140625,0.9765625,-5.859375,30.76171875
272.30078125,-45.8984375,-4.8828125,-11.71875,-40.52734375
272.3046875,-41.9921875,-19.53125,-3.41796875,-68.359375
272.30859375,-41.50390625,-24.90234375,-1.46484375,-62.01171875
272.3125,-51.26953125,-34.66796875,0.9765625,-66.89453125
272.31640625,-44.43359375,-35.15625,-0.9765625,-62.01171875
272.3203125,-32.2265625,-32.2265625,-5.37109375,-54.6875
272.32421875,-52.734375,-33.69140625,-19.04296875,-4.39453125
272.328125,-46.38671875,-30.76171875,-21.484375,-5.37109375
272.33203125,-34.1796875,-25.390625,-26.3671875,-62.01171875
272.3359375,-54.6875,-24.90234375,-19.04296875,-34.66796875
272.33984375,-58.10546875,-21.484375,-15.13671875,0.48828125
272.34375,-45.8984375,-18.5546875,-15.13671875,-56.640625
272.34765625,-39.0625,-22.94921875,-2.44140625,-56.640625
272.3515625,-33.203125,-22.94921875,-7.8125,-34.1796875
272.35546875,1.46484375,-17.08984375,-12.20703125,-23.4375
272.359375,-1.953125,-10.7421875,-21.97265625,14.6484375
272.36328125,3.90625,-10.25390625,-40.52734375,11.71875
272.3671875,-11.23046875,-24.90234375,-39.0625,-20.99609375
272.37109375,-52.24609375,-32.2265625,-21.97265625,-23.92578125
272.375,-39.55078125,-24.90234375,-3.90625,-30.2734375
272.37890625,10.25390625,-20.01953125,-4.39453125,-25.87890625
272.3828125,1.953125,-22.4609375,-17.08984375,-13.18359375
272.38671875,-37.59765625,-26.3671875,-27.83203125,-9.27734375
272.390625,-34.1796875,-35.15625,-45.41015625,-16.6015625
272.39453125,-21.97265625,-46.875,-46.38671875,-36.62109375
272.3984375,-39.0625,-46.38671875,-20.5078125,-7.8125
272.40234375,-38.57421875,-28.3203125,-11.71875,-13.671875
272.40625,21.484375,-21.484375,-38.57421875,-44.921875
272.41015625,8.30078125,-14.16015625,-42.96875,15.13671875
272.4140625,-15.625,-2.44140625,-35.15625,-26.3671875
272.41796875,17.08984375,-23.4375,-66.89453125,-29.78515625
272.421875,19.04296875,-38.57421875,-69.3359375,13.671875
272.42578125,-27.83203125,-20.99609375,-24.90234375,-9.27734375
272.4296875,-29.296875,-4.8828125,2.44140625,-32.2265625
272.43359375,-9.27734375,-17.08984375,17.578125,-33.69140625
272.4375,-55.6640625,-38.57421875,2.9296875,-6.8359375
272.44140625,-48.33984375,-25.390625,-3.90625,-7.32421875
272.4453125,-55.6640625,-16.6015625,-9.765625,-43.45703125
272.44921875,-13.18359375,-17.08984375,-37.109375,-36.1328125
272.453125,37.109375,-11.71875,-50.78125,-13.671875
272.45703125,18.5546875,-22.4609375,-51.7578125,6.8359375
272.4609375,-8.7890625,-44.921875,-32.2265625,35.15625
272.46484375,-60.546875,-43.45703125,-51.7578125,-30.76171875
272.46875,-123.53515625,-42.48046875,-65.4296875,-79.1015625
272.47265625,-126.953125,-41.50390625,-21.97265625,-73.73046875
272.4765625,-101.5625,-39.0625,3.41796875,-91.30859375
272.48046875,-103.02734375,-50.78125,-16.11328125,-158.69140625
272.484375,-128.41796875,-85.9375,-4.39453125,-179.19921875
272.48828125,-222.16796875,-58.59375,-4.39453125,-168.9453125
272.4921875,-285.15625,-22.94921875,-34.1796875,-257.8125
272.49609375,-298.828125,-20.01953125,-42.48046875,-270.5078125
272.5,-332.51953125,-34.1796875,-62.01171875,-209.47265625
272.50390625,-312.5,-59.08203125,-40.0390625,-228.02734375
272.5078125,-323.2421875,-44.921875,4.39453125,-303.22265625
272.51171875,-332.51953125,-48.33984375,5.37109375,-291.50390625
272.515625,-277.34375,-87.40234375,30.2734375,-200.68359375
272.51953125,-292.96875,-61.5234375,41.015625,-257.8125
272.5234375,-405.2734375,-0.48828125,-33.203125,-342.7734375
272.52734375,-394.04296875,23.4375,-67.3828125,-366.2109375
272.53125,-318.359375,13.18359375,-27.34375,-319.82421875
272.53515625,-299.8046875,4.39453125,-9.27734375,-223.6328125
272.5390625,-265.625,-5.37109375,-41.50390625,-245.60546875
272.54296875,-187.01171875,-31.73828125,-46.875,-244.140625
272.546875,-159.66796875,-40.52734375,-22.94921875,-175.78125
272.55078125,-151.85546875,-25.390625,-9.27734375,-164.55078125
272.5546875,-143.5546875,-24.4140625,-25.390625,-168.45703125
272.55859375,-157.71484375,-42.48046875,-21.484375,-133.30078125
272.5625,-125.48828125,-23.4375,-37.59765625,-148.92578125
272.56640625,-64.453125,31.73828125,-39.55078125,-141.6015625
272.5703125,-30.76171875,43.45703125,-4.8828125,-122.55859375
272.57421875,17.578125,33.69140625,-4.39453125,-64.453125
272.578125,16.6015625,51.7578125,-24.90234375,-40.0390625
272.58203125,25.87890625,53.7109375,-49.8046875,-27.83203125
272.5859375,44.43359375,48.828125,-17.578125,3.90625
272.58984375,31.25,51.7578125,36.62109375,48.828125
272.59375,68.84765625,48.828125,42.48046875,56.640625
272.59765625,112.3046875,43.45703125,43.9453125,63.4765625
272.6015625,121.58203125,44.921875,34.1796875,33.203125
272.60546875,129.39453125,52.24609375,12.20703125,16.11328125
272.609375,124.0234375,43.45703125,11.71875,43.45703125
272.61328125,130.37109375,40.0390625,17.578125,-11.71875
272.6171875,151.3671875,40.0390625,-3.90625,15.625
272.62109375,184.5703125,41.50390625,-2.9296875,49.31640625
272.625,194.3359375,42.96875,32.71484375,39.55078125
272.62890625,192.87109375,41.9921875,51.26953125,96.6796875
272.6328125,189.94140625,36.62109375,44.921875,101.07421875
272.63671875,166.50390625,37.59765625,32.71484375,49.8046875
272.640625,180.17578125,32.71484375,28.80859375,48.33984375
272.64453125,166.9921875,31.25,27.34375,67.87109375
272.6484375,122.0703125,27.34375,25.87890625,56.15234375
272.65234375,155.76171875,22.4609375,-6.8359375,84.9609375
272.65625,175.29296875,37.109375,-83.984375,126.46484375
272.66015625,187.98828125,31.73828125,-33.69140625,160.64453125
272.6640625,176.26953125,7.8125,49.8046875,91.30859375
272.66796875,157.71484375,27.83203125,52.24609375,87.890625
272.671875,144.53125,20.01953125,37.59765625,125.9765625
272.67578125,110.3515625,-5.859375,4.39453125,100.09765625
272.6796875,132.8125,24.90234375,-5.37109375,67.87109375
272.68359375,156.73828125,31.73828125,23.4375,36.62109375
272.6875,142.08984375,1.46484375,34.66796875,39.0625
272.69140625,109.86328125,8.7890625,26.3671875,54.6875
272.6953125,105.46875,-9.765625,15.625,31.25
272.69921875,136.23046875,-11.71875,-6.34765625,51.7578125
272.703125,136.71875,13.671875,-19.04296875,99.609375
272.70703125,122.55859375,28.80859375,2.44140625,82.03125
272.7109375,92.28515625,42.96875,0.0,74.70703125
272.71484375,98.6328125,40.52734375,-34.66796875,71.2890625
272.71875,117.67578125,24.4140625,-37.59765625,98.6328125
272.72265625,108.88671875,26.3671875,23.92578125,115.234375
272.7265625,88.37890625,18.06640625,61.03515625,104.98046875
272.73046875,88.37890625,2.9296875,45.8984375,18.5546875
272.734375,125.0,7.8125,32.71484375,2.9296875
272.73828125,124.0234375,19.04296875,35.64453125,84.47265625
272.7421875,76.171875,37.109375,7.32421875,63.96484375
272.74609375,94.23828125,36.1328125,-16.11328125,50.29296875
272.75,130.859375,8.7890625,16.6015625,94.7265625
272.75390625,97.16796875,3.41796875,11.71875,70.80078125
272.7578125,73.2421875,13.671875,-6.8359375,10.7421875
272.76171875,64.453125,20.5078125,-18.06640625,6.8359375
272.765625,43.45703125,24.90234375,-41.50390625,24.90234375
272.76953125,48.33984375,20.5078125,-14.16015625,31.25
272.7734375,57.6171875,8.7890625,28.80859375,92.28515625
272.77734375,82.03125,3.90625,38.57421875,73.73046875
272.78125,66.89453125,-12.6953125,30.76171875,28.3203125
272.78515625,57.6171875,-7.8125,23.92578125,113.28125
272.7890625,83.0078125,24.90234375,0.48828125,78.125
272.79296875,74.21875,40.52734375,-2.44140625,23.92578125
272.796875,100.5859375,54.6875,17.08984375,45.41015625
272.80078125,131.34765625,60.05859375,34.1796875,45.8984375
272.8046875,122.55859375,43.45703125,51.7578125,66.89453125
272.80859375,173.33984375,32.71484375,52.24609375,101.07421875
272.8125,151.3671875,34.1796875,31.25,126.953125
272.81640625,125.48828125,43.45703125,0.9765625,118.65234375
272.8203125,131.8359375,49.31640625,3.90625,67.87109375
272.82421875,101.07421875,46.875,37.59765625,80.56640625
272.828125,88.37890625,46.875,44.43359375,86.9140625
272.83203125,97.16796875,46.38671875,28.3203125,75.68359375
272.8359375,144.53125,29.78515625,33.203125,92.28515625
272.83984375,151.3671875,20.5078125,45.41015625,97.65625
272.84375,112.3046875,30.2734375,31.73828125,43.45703125
272.84765625,116.2109375,20.01953125,2.9296875,31.73828125
272.8515625,95.21484375,0.0,-3.90625,62.98828125
272.85546875,42.96875,17.08984375,-4.39453125,49.8046875
272.859375,69.3359375,31.73828125,-27.83203125,43.9453125
272.86328125,125.9765625,44.43359375,-38.57421875,61.5234375
272.8671875,107.91015625,49.8046875,-31.25,25.87890625
272.87109375,79.1015625,22.94921875,-22.4609375,12.20703125
272.875,48.33984375,19.04296875,-19.53125,-8.7890625
272.87890625,31.25,25.87890625,-23.92578125,-28.3203125
272.8828125,31.25,21.484375,-33.69140625,-16.6015625
272.88671875,54.19921875,22.4609375,-39.0625,0.9765625
272.890625,83.49609375,25.390625,-43.9453125,-15.625
272.89453125,82.51953125,20.01953125,-58.59375,-33.69140625
272.8984375,58.10546875,1.46484375,-69.3359375,-4.39453125
272.90234375,40.52734375,0.9765625,-64.94140625,45.41015625
272.90625,42.96875,8.30078125,-41.9921875,59.5703125
272.91015625,47.36328125,9.765625,-50.29296875,12.20703125
272.9140625,36.62109375,4.39453125,-62.5,-1.953125
272.91796875,40.0390625,-0.9765625,-32.71484375,0.0
272.921875,62.5,6.34765625,-16.11328125,-0.48828125
272.92578125,70.3125,-12.6953125,-38.0859375,-0.9765625
272.9296875,74.21875,-27.34375,-58.10546875,23.92578125
272.93359375,83.0078125,-24.4140625,-39.55078125,76.171875
272.9375,84.9609375,-4.8828125,-35.15625,57.12890625
272.94140625,80.078125,17.08984375,-41.9921875,72.75390625
272.9453125,75.68359375,8.30078125,-43.45703125,50.78125
272.94921875,59.5703125,7.8125,-26.85546875,10.25390625
272.953125,80.078125,17.08984375,-4.8828125,18.5546875
272.95703125,95.21484375,8.30078125,-9.27734375,11.71875
272.9609375,86.42578125,-15.625,-18.06640625,26.85546875
272.96484375,81.54296875,-15.13671875,-3.90625,44.921875
272.96875,100.5859375,-0.9765625,10.7421875,79.1015625
272.97265625,103.515625,-10.25390625,3.90625,64.94140625
272.9765625,98.14453125,-12.6953125,-9.765625,72.265625
272.98046875,128.41796875,-0.48828125,-20.99609375,84.47265625
272.984375,58.10546875,-5.37109375,-16.6015625,36.62109375
272.98828125,37.109375,-7.8125,7.8125,-1.953125
272.9921875,83.984375,-8.7890625,14.16015625,27.34375
272.99609375,81.54296875,-14.6484375,3.41796875,49.31640625
273.0,88.37890625,-24.90234375,5.37109375,53.22265625
273.00390625,92.7734375,-24.90234375,10.7421875,34.1796875
273.0078125,85.44921875,-24.4140625,11.71875,77.1484375
273.01171875,86.9140625,-26.85546875,-22.4609375,95.21484375
273.015625,68.84765625,-21.97265625,-30.76171875,22.94921875
273.01953125,33.203125,-8.30078125,3.90625,43.45703125
273.0234375,32.2265625,-6.8359375,18.5546875,34.66796875
273.02734375,70.3125,-1.46484375,9.765625,-20.99609375
273.03125,75.68359375,8.7890625,12.20703125,82.51953125
273.03515625,52.734375,8.7890625,15.625,121.58203125
273.0390625,25.87890625,1.953125,5.859375,30.76171875
273.04296875,4.39453125,2.44140625,16.6015625,-2.44140625
273.046875,16.6015625,1.46484375,12.6953125,19.04296875
273.05078125,-16.6015625,0.9765625,-6.8359375,34.1796875
273.0546875,-68.84765625,6.8359375,-17.578125,-9.27734375
273.05859375,-66.40625,16.6015625,-18.5546875,0.0
273.0625,-68.84765625,6.34765625,-30.2734375,47.36328125
273.06640625,-126.46484375,1.46484375,-27.34375,-57.6171875
273.0703125,-132.32421875,7.8125,-31.25,-79.58984375
273.07421875,-120.1171875,0.48828125,-44.921875,-43.9453125
273.078125,-108.3984375,-2.9296875,-45.41015625,-20.5078125
273.08203125,-88.8671875,-15.13671875,-48.33984375,10.25390625
273.0859375,-100.09765625,-30.76171875,-38.57421875,33.203125
273.08984375,-104.00390625,-6.8359375,-33.69140625,3.41796875
273.09375,-97.16796875,-15.625,-44.43359375,-11.71875
273.09765625,-106.4453125,-29.78515625,-32.2265625,23.4375
273.1015625,-119.140625,5.859375,-33.69140625,-4.8828125
273.10546875,-104.4921875,26.85546875,-42.96875,-29.296875
273.109375,-70.3125,25.87890625,-36.62109375,12.6953125
273.11328125,-62.5,12.20703125,-57.6171875,7.32421875
273.1171875,-48.33984375,7.32421875,-83.0078125,-23.92578125
273.12109375,-28.80859375,11.23046875,-76.66015625,-37.109375
273.125,-36.1328125,-0.48828125,-37.59765625,-4.8828125
273.12890625,-49.31640625,-11.23046875,-2.9296875,14.6484375
273.1328125,-41.50390625,-19.04296875,-9.765625,8.30078125
273.13671875,-71.2890625,-34.66796875,-37.59765625,-17.578125
273.140625,-76.66015625,-43.9453125,-59.5703125,-39.55078125
273.14453125,-29.78515625,-52.24609375,-72.75390625,-30.2734375
273.1484375,-21.97265625,-74.70703125,-77.63671875,-26.3671875
273.15234375,-50.78125,-82.03125,-86.42578125,-52.734375
273.15625,-75.68359375,-78.125,-112.3046875,-89.35546875
273.16015625,-108.88671875,-78.125,-132.8125,-95.703125
273.1640625,-126.953125,-83.984375,-119.140625,-95.21484375
273.16796875,-122.0703125,-87.40234375,-119.140625,-68.84765625
273.171875,-99.609375,-83.49609375,-124.0234375,-49.8046875
273.17578125,-105.46875,-88.8671875,-109.86328125,-30.2734375
273.1796875,-108.3984375,-86.9140625,-116.2109375,-45.41015625
273.18359375,-95.703125,-89.35546875,-136.23046875,-41.50390625
273.1875,-76.171875,-103.515625,-136.23046875,-65.4296875
273.19140625,-82.51953125,-98.6328125,-130.859375,-70.80078125
273.1953125,-58.59375,-80.56640625,-139.6484375,-41.50390625
273.19921875,-70.80078125,-79.58984375,-131.34765625,-65.91796875
273.203125,-110.83984375,-89.84375,-125.0,-79.1015625
273.20703125,-90.8203125,-89.84375,-122.55859375,-86.42578125
273.2109375,-67.3828125,-87.40234375,-109.375,-82.51953125
273.21484375,-56.640625,-88.37890625,-104.98046875,-80.078125
273.21875,-80.56640625,-88.8671875,-100.5859375,-57.12890625
273.22265625,-79.1015625,-86.42578125,-103.02734375,-53.7109375
273.2265625,-82.51953125,-76.66015625,-103.515625,-102.5390625
273.23046875,-91.796875,-73.2421875,-88.8671875,-92.28515625
273.234375,-88.37890625,-68.359375,-99.609375,-131.8359375
273.23828125,-99.609375,-63.4765625,-100.5859375,-145.5078125
273.2421875,-99.12109375,-66.89453125,-66.40625,-131.8359375
273.24609375,-131.8359375,-75.1953125,-49.8046875,-158.203125
273.25,-148.92578125,-78.125,-35.15625,-106.93359375
273.25390625,-103.515625,-74.70703125,-26.3671875,-130.37109375
273.2578125,-114.2578125,-82.51953125,-45.8984375,-151.85546875
273.26171875,-122.55859375,-95.21484375,-43.9453125,-104.00390625
273.265625,-152.34375,-92.28515625,-31.25,-123.046875
273.26953125,-144.53125,-82.03125,-36.1328125,-145.01953125
273.2734375,-115.234375,-67.3828125,-74.21875,-196.77734375
273.27734375,-224.609375,-70.80078125,-83.984375,-179.19921875
273.28125,-256.34765625,-79.58984375,-46.875,-166.015625
273.28515625,-235.3515625,-75.68359375,-55.17578125,-166.015625
273.2890625,-242.67578125,-77.1484375,-48.828125,-171.875
273.29296875,-250.48828125,-69.82421875,-14.6484375,-192.3828125
273.296875,-224.12109375,-56.640625,10.7421875,-174.8046875
273.30078125,-171.38671875,-62.01171875,1.953125,-107.91015625
273.3046875,-143.5546875,-68.359375,-39.0625,-69.3359375
273.30859375,-114.2578125,-39.0625,-53.7109375,-106.4453125
273.3125,-90.33203125,-21.484375,-54.19921875,-128.41796875
273.31640625,-72.75390625,-23.4375,-51.26953125,-123.046875
273.3203125,-73.73046875,-41.50390625,-33.69140625,-89.35546875
273.32421875,-79.58984375,-49.8046875,-30.76171875,-32.71484375
273.328125,-36.1328125,-37.59765625,-45.8984375,-54.6875
273.33203125,-39.55078125,-53.22265625,-60.546875,-70.80078125
273.3359375,-73.73046875,-77.63671875,-52.24609375,-58.59375
273.33984375,-38.0859375,-71.2890625,-40.0390625,-46.38671875
273.34375,-69.3359375,-28.3203125,-55.17578125,-36.62109375
273.34765625,-83.0078125,-10.25390625,-52.24609375,-73.2421875
273.3515625,-26.85546875,-21.484375,-29.78515625,-31.73828125
273.35546875,19.04296875,-33.69140625,-25.390625,-25.87890625
273.359375,41.50390625,-37.59765625,-35.15625,-22.4609375
273.36328125,21.484375,-42.48046875,-39.55078125,-30.2734375
273.3671875,10.25390625,-42.96875,-26.85546875,-5.859375
273.37109375,-19.53125,-40.52734375,-22.4609375,23.92578125
273.375,8.7890625,-45.41015625,-39.0625,-30.76171875
273.37890625,47.8515625,-47.36328125,-47.36328125,-10.7421875
273.3828125,30.76171875,-31.73828125,-34.66796875,37.109375
273.38671875,45.8984375,-24.90234375,-5.37109375,42.48046875
273.390625,21.484375,-27.83203125,5.859375,2.44140625
273.39453125,7.8125,-29.78515625,-5.859375,-21.484375
273.3984375,21.97265625,-32.2265625,-14.6484375,23.4375
273.40234375,20.99609375,-39.55078125,-13.18359375,8.30078125
273.40625,19.04296875,-49.8046875,-20.01953125,-10.7421875
273.41015625,36.1328125,-38.0859375,-35.64453125,23.4375
273.4140625,62.98828125,-27.83203125,-41.9921875,18.06640625
273.41796875,60.546875,-26.85546875,-29.78515625,-10.25390625
273.421875,32.2265625,-37.59765625,-19.53125,-29.78515625
273.42578125,28.3203125,-43.9453125,-23.4375,0.9765625
273.4296875,32.71484375,-33.69140625,-30.76171875,38.57421875
273.43359375,43.45703125,-37.59765625,-24.90234375,16.6015625
273.4375,59.08203125,-37.59765625,-31.25,2.9296875
273.44140625,49.8046875,-23.4375,-49.31640625,34.1796875
273.4453125,39.0625,-21.97265625,-40.52734375,59.08203125
273.44921875,70.80078125,-27.34375,-35.15625,-26.3671875
273.453125,98.6328125,-21.97265625,-37.109375,-28.80859375
273.45703125,45.8984375,-24.90234375,-26.3671875,-7.8125
273.4609375,22.94921875,-37.109375,-6.8359375,-34.66796875
273.46484375,44.43359375,-38.57421875,-1.953125,-31.25
273.46875,37.109375,-32.71484375,-13.18359375,-6.34765625
273.47265625,34.66796875,-31.25,-17.08984375,13.18359375
273.4765625,52.24609375,-18.5546875,-21.484375,18.5546875
273.48046875,67.3828125,-20.5078125,-26.3671875,44.921875
273.484375,70.3125,-26.3671875,-18.5546875,15.13671875
273.48828125,75.68359375,-29.296875,-26.85546875,-38.57421875
273.4921875,84.47265625,-33.203125,-45.8984375,-18.5546875
273.49609375,48.828125,-27.83203125,-44.43359375,18.5546875
273.5,39.55078125,-29.78515625,-20.5078125,34.66796875
273.50390625,62.98828125,-40.0390625,-14.6484375,8.30078125
273.5078125,65.91796875,-37.59765625,1.953125,27.34375
273.51171875,40.0390625,-15.13671875,-1.953125,4.8828125
273.515625,0.48828125,-21.97265625,-19.53125,-31.73828125
273.51953125,-11.71875,-40.52734375,-23.92578125,-32.2265625
273.5234375,11.23046875,-40.0390625,-34.66796875,-27.83203125
273.52734375,31.73828125,-41.015625,-36.1328125,-19.04296875
273.53125,28.80859375,-37.109375,-39.55078125,-33.69140625
273.53515625,21.484375,-31.73828125,-50.29296875,-30.76171875
273.5390625,43.45703125,-35.15625,-53.7109375,-18.5546875
273.54296875,54.6875,-40.52734375,-33.203125,-33.203125
273.546875,26.85546875,-44.43359375,-18.06640625,9.27734375
273.55078125,18.06640625,-42.96875,-22.4609375,38.0859375
273.5546875,29.296875,-37.59765625,-39.0625,-76.66015625
273.55859375,39.55078125,-26.85546875,-51.7578125,-68.359375
273.5625,38.57421875,-25.390625,-56.640625,-19.04296875
273.56640625,32.71484375,-32.71484375,-41.9921875,-25.390625
273.5703125,35.15625,-26.85546875,-33.203125,-33.69140625
273.57421875,21.97265625,-22.94921875,-17.08984375,7.32421875
273.578125,30.2734375,-26.85546875,-11.71875,32.71484375
273.58203125,24.4140625,-31.25,-41.015625,-28.3203125
273.5859375,12.6953125,-42.48046875,-39.55078125,-57.12890625
273.58984375,28.3203125,-39.0625,-19.53125,-57.6171875
273.59375,9.27734375,-38.57421875,-15.13671875,-58.59375
273.59765625,19.53125,-45.41015625,-17.08984375,-60.546875
273.6015625,36.62109375,-47.8515625,-20.5078125,-41.9921875
273.60546875,49.8046875,-46.875,-22.94921875,-21.484375
273.609375,10.25390625,-45.8984375,-20.99609375,-67.87109375
273.61328125,-32.2265625,-43.45703125,-16.11328125,-87.40234375
273.6171875,-2.44140625,-36.1328125,-15.625,-51.7578125
273.62109375,10.25390625,-39.0625,-35.15625,-17.08984375
273.625,-10.25390625,-50.78125,-44.921875,1.953125
273.62890625,-7.32421875,-43.45703125,-23.92578125,11.71875
273.6328125,-12.6953125,-34.66796875,-19.04296875,-20.01953125
273.63671875,-32.71484375,-44.43359375,-17.08984375,-39.0625
273.640625,-28.80859375,-42.96875,-19.04296875,-9.765625
273.64453125,-36.62109375,-37.59765625,-15.13671875,-20.01953125
273.6484375,-45.41015625,-41.50390625,-11.23046875,-54.6875
273.65234375,-26.3671875,-49.8046875,-12.20703125,-74.70703125
273.65625,-20.5078125,-48.33984375,-14.16015625,-82.51953125
273.66015625,-34.66796875,-41.50390625,-28.3203125,-54.6875
273.6640625,-16.6015625,-50.29296875,-41.015625,-34.1796875
273.66796875,-5.859375,-65.4296875,-38.57421875,-20.5078125
273.671875,-7.32421875,-54.19921875,-21.97265625,-8.7890625
273.67578125,-17.08984375,-25.87890625,-18.06640625,-50.29296875
273.6796875,-55.6640625,-30.76171875,-10.7421875,-87.890625
273.68359375,-69.82421875,-33.69140625,-7.8125,-79.58984375
273.6875,-61.03515625,-29.296875,-11.23046875,-65.91796875
273.69140625,-40.0390625,-35.64453125,-14.6484375,-81.0546875
273.6953125,-43.45703125,-37.109375,-26.3671875,-59.08203125
273.69921875,-67.3828125,-39.55078125,-33.69140625,-43.45703125
273.703125,-45.8984375,-39.0625,-27.83203125,-102.05078125
273.70703125,-30.76171875,-41.9921875,-25.390625,-75.1953125
273.7109375,-10.7421875,-38.0859375,-27.34375,-57.12890625
273.71484375,4.39453125,-30.2734375,-24.90234375,-57.6171875
273.71875,0.9765625,-34.1796875,-24.90234375,-34.66796875
273.72265625,0.9765625,-35.15625,-25.390625,-47.36328125
273.7265625,-5.37109375,-35.15625,-20.99609375,-63.96484375
273.73046875,-22.94921875,-34.66796875,-13.671875,-65.91796875
273.734375,-11.71875,-34.66796875,-7.8125,-45.8984375
273.73828125,-14.6484375,-36.62109375,-7.32421875,-27.34375
273.7421875,-32.2265625,-35.15625,-7.32421875,-55.6640625
273.74609375,-22.4609375,-31.73828125,-4.8828125,-59.5703125
273.75,-20.5078125,-34.1796875,-3.41796875,-42.48046875
273.75390625,-21.97265625,-26.85546875,-15.625,-27.34375
273.7578125,-17.578125,-17.578125,-19.53125,-35.15625
273.76171875,-19.53125,-20.99609375,-3.90625,-61.03515625
273.765625,-18.06640625,-24.90234375,10.7421875,-42.96875
273.76953125,-0.48828125,-26.85546875,11.71875,-41.015625
273.7734375,6.8359375,-28.3203125,6.34765625,-20.5078125
273.77734375,-3.41796875,-22.4609375,5.859375,-5.859375
273.78125,2.9296875,-18.5546875,-2.44140625,-67.87109375
273.78515625,-3.90625,-20.5078125,-7.8125,-40.52734375
273.7890625,-18.06640625,-27.34375,-1.953125,-8.30078125
273.79296875,3.90625,-23.92578125,-18.06640625,-47.36328125
273.796875,-13.671875,-11.23046875,-21.97265625,-57.6171875
273.80078125,-33.203125,-13.671875,-5.37109375,-39.0625
273.8046875,-12.6953125,-19.53125,-1.46484375,-32.2265625
273.80859375,22.94921875,-23.92578125,-4.8828125,-39.55078125
273.8125,21.97265625,-19.04296875,-4.8828125,-48.828125
273.81640625,15.625,-7.8125,-3.90625,-22.4609375
273.8203125,2.44140625,-21.97265625,-10.7421875,-32.71484375
273.82421875,-17.08984375,-30.2734375,-5.859375,-45.8984375
273.828125,-18.06640625,-21.97265625,-8.7890625,-40.52734375
273.83203125,-13.18359375,-15.625,-13.18359375,-12.6953125
273.8359375,10.25390625,-20.5078125,-14.6484375,-8.30078125
273.83984375,20.99609375,-23.92578125,-24.4140625,-22.94921875
273.84375,7.8125,-20.01953125,-22.4609375,-29.296875
273.84765625,0.48828125,-22.4609375,-20.5078125,-19.53125
273.8515625,0.0,-26.85546875,-22.94921875,-20.99609375
273.85546875,3.41796875,-30.2734375,-19.04296875,-21.484375
273.859375,16.6015625,-33.203125,-14.6484375,-12.20703125
273.86328125,17.578125,-33.203125,-23.4375,-57.12890625
273.8671875,-0.48828125,-31.73828125,-34.66796875,-59.08203125
273.87109375,3.90625,-34.66796875,-31.73828125,-32.71484375
273.875,29.296875,-41.015625,-38.0859375,-35.64453125
273.87890625,15.625,-35.15625,-26.85546875,-15.13671875
273.8828125,-2.9296875,-37.109375,-16.6015625,0.0
273.88671875,18.5546875,-43.9453125,-25.390625,-33.69140625
273.890625,29.296875,-35.15625,-30.2734375,-47.36328125
273.89453125,12.20703125,-42.48046875,-31.73828125,-25.390625
273.8984375,14.16015625,-54.6875,-25.87890625,-22.94921875
273.90234375,3.90625,-42.96875,-28.3203125,-60.546875
273.90625,-21.484375,-21.484375,-20.01953125,-29.78515625
273.91015625,-11.71875,-13.18359375,-4.8828125,-13.671875
273.9140625,8.7890625,-15.625,-14.16015625,-55.17578125
273.91796875,30.76171875,-9.765625,-39.55078125,-30.76171875
273.921875,45.8984375,-15.13671875,-38.0859375,0.9765625
273.92578125,5.859375,-30.76171875,-12.6953125,-3.90625
273.9296875,-45.41015625,-39.55078125,-5.37109375,-41.9921875
273.93359375,-16.11328125,-37.109375,-4.39453125,-46.38671875
273.9375,21.484375,-28.3203125,0.0,-21.97265625
273.94140625,34.1796875,-32.2265625,0.0,-9.27734375
273.9453125,23.4375,-38.0859375,-9.765625,-14.6484375
273.94921875,9.27734375,-26.3671875,-40.52734375,-25.390625
273.953125,17.08984375,-11.23046875,-41.015625,-18.06640625
273.95703125,23.4375,-17.08984375,-16.11328125,-23.4375
273.9609375,27.83203125,-37.59765625,0.48828125,-20.01953125
273.96484375,54.19921875,-40.0390625,0.9765625,12.20703125
273.96875,42.96875,-31.73828125,-26.85546875,-16.6015625
273.97265625,16.6015625,-36.62109375,-32.71484375,-49.31640625
273.9765625,9.27734375,-45.41015625,-29.78515625,-14.16015625
273.98046875,10.7421875,-46.38671875,-36.1328125,-20.01953125
273.984375,2.44140625,-46.875,-41.50390625,-47.36328125
273.98828125,6.34765625,-49.31640625,-31.73828125,-22.94921875
273.9921875,25.87890625,-46.38671875,-19.53125,-13.671875
273.99609375,11.71875,-35.64453125,-20.99609375,-25.390625
274.0,2.9296875,-29.78515625,-27.83203125,-41.50390625
274.00390625,-8.7890625,-30.76171875,-30.2734375,-34.66796875
274.0078125,-5.37109375,-26.85546875,-21.484375,-32.71484375
274.01171875,39.0625,-28.3203125,-13.18359375,-14.16015625
274.015625,39.0625,-33.69140625,-3.41796875,3.90625
274.01953125,40.52734375,-34.1796875,-7.8125,9.27734375
274.0234375,55.17578125,-47.36328125,-18.5546875,16.11328125
274.02734375,8.7890625,-40.0390625,-18.5546875,21.97265625
274.03125,-4.39453125,-17.578125,-14.16015625,-20.5078125
274.03515625,4.39453125,-5.37109375,-8.30078125,-60.546875
274.0390625,21.484375,1.46484375,-18.5546875,-33.69140625
274.04296875,45.8984375,-6.8359375,-42.48046875,-5.37109375
274.046875,6.8359375,-25.87890625,-28.3203125,-25.87890625
274.05078125,-17.08984375,-26.3671875,-6.8359375,-19.04296875
274.0546875,-7.32421875,-24.90234375,-25.390625,-12.20703125
274.05859375,18.5546875,-34.1796875,-42.96875,-14.16015625
274.0625,39.0625,-42.96875,-23.92578125,0.48828125
274.06640625,7.8125,-37.109375,-17.578125,-35.64453125
274.0703125,-5.37109375,-28.80859375,-18.06640625,-49.31640625
274.07421875,5.37109375,-33.69140625,-20.5078125,-38.0859375
274.078125,26.85546875,-37.59765625,-32.71484375,-15.13671875
274.08203125,42.48046875,-30.76171875,-22.94921875,1.953125
274.0859375,0.9765625,-26.3671875,-16.11328125,-25.390625
274.08984375,-30.2734375,-25.390625,-16.11328125,-28.3203125
274.09375,-9.27734375,-26.3671875,-13.18359375,9.27734375
274.09765625,15.13671875,-17.08984375,-24.90234375,28.80859375
274.1015625,-2.9296875,-24.4140625,-35.15625,-11.23046875
274.10546875,-26.3671875,-34.1796875,-26.85546875,-71.77734375
274.109375,-30.76171875,-27.83203125,-15.625,-33.203125
274.11328125,-41.015625,-28.3203125,-17.578125,-32.2265625
274.1171875,-29.296875,-30.2734375,-25.87890625,-34.66796875
274.12109375,-8.7890625,-26.3671875,-31.73828125,-32.71484375
274.125,-7.8125,-33.203125,-50.29296875,-30.2734375
274.12890625,16.11328125,-35.64453125,-53.22265625,7.32421875
274.1328125,12.20703125,-16.11328125,-22.94921875,3.41796875
274.13671875,-5.37109375,-16.6015625,-8.7890625,-31.73828125
274.140625,-7.32421875,-25.390625,-12.20703125,-27.34375
274.14453125,-8.30078125,-17.08984375,-12.6953125,-1.953125
274.1484375,1.46484375,-17.08984375,-34.66796875,28.80859375
274.15234375,-5.37109375,-14.6484375,-49.31640625,23.4375
274.15625,-0.48828125,-6.8359375,-14.6484375,-23.4375
274.16015625,1.953125,-8.7890625,10.25390625,-14.16015625
274.1640625,-12.6953125,-18.06640625,-0.9765625,-25.390625
274.16796875,-17.578125,-20.5078125,-11.71875,-46.875
274.171875,-10.25390625,-18.5546875,-14.6484375,-30.76171875
274.17578125,-3.90625,-20.01953125,-18.5546875,-3.90625
274.1796875,5.37109375,-27.83203125,-14.16015625,-5.859375
274.18359375,-2.44140625,-21.97265625,-28.3203125,-15.625
274.1875,13.18359375,-13.18359375,-48.828125,-6.34765625
274.19140625,23.4375,-15.625,-34.1796875,21.484375
274.1953125,10.7421875,-26.3671875,-19.04296875,-3.41796875
274.19921875,8.30078125,-15.13671875,-6.8359375,1.46484375
274.203125,5.37109375,-9.765625,-10.7421875,32.2265625
274.20703125,-4.8828125,-33.203125,-28.80859375,-33.203125
274.2109375,-8.7890625,-25.87890625,-20.01953125,-57.6171875
274.21484375,-33.203125,-5.859375,-1.953125,-21.97265625
274.21875,-38.0859375,-6.8359375,-6.34765625,-28.3203125
274.22265625,-4.39453125,-9.27734375,-19.53125,-22.4609375
274.2265625,20.01953125,-6.8359375,-21.484375,-16.11328125
274.23046875,31.73828125,-9.27734375,-18.06640625,-16.6015625
274.234375,27.34375,-13.671875,-18.5546875,-1.46484375
274.23828125,6.8359375,-8.30078125,-17.578125,22.94921875
274.2421875,20.99609375,-10.7421875,-18.5546875,31.25
274.24609375,19.04296875,-18.06640625,-22.4609375,-11.23046875
274.25,11.71875,-17.578125,-17.08984375,-17.08984375
274.25390625,32.2265625,-14.6484375,-7.8125,-17.578125
274.2578125,37.109375,-17.578125,-16.11328125,-5.37109375
274.26171875,24.4140625,-20.5078125,-32.2265625,-7.8125
274.265625,34.1796875,-12.6953125,-45.8984375,-39.55078125
274.26953125,21.97265625,-15.13671875,-28.80859375,0.48828125
274.2734375,4.39453125,-25.87890625,-11.23046875,58.10546875
274.27734375,27.83203125,-21.484375,-25.390625,38.57421875
274.28125,41.015625,-24.90234375,-24.90234375,7.8125
274.28515625,3.90625,-35.15625,-11.71875,23.4375
274.2890625,9.765625,-29.296875,-18.06640625,3.90625
274.29296875,42.96875,-15.625,-17.08984375,21.484375
274.296875,48.828125,-14.16015625,-4.8828125,37.59765625
274.30078125,52.24609375,-18.06640625,-6.8359375,35.15625
274.3046875,67.3828125,-19.53125,-22.4609375,20.5078125
274.30859375,93.75,-21.97265625,-37.109375,39.55078125
274.3125,115.234375,-21.484375,-33.203125,68.359375
274.31640625,104.00390625,-16.11328125,-22.4609375,25.390625
274.3203125,89.84375,-2.44140625,-26.3671875,18.5546875
274.32421875,64.453125,-6.34765625,-30.2734375,30.76171875
274.328125,65.91796875,-29.296875,-20.5078125,4.39453125
274.33203125,64.453125,-44.921875,-16.11328125,36.1328125
274.3359375,41.9921875,-34.1796875,-18.06640625,39.0625
274.33984375,47.36328125,-19.53125,-17.08984375,32.2265625
274.34375,33.69140625,-20.99609375,-20.99609375,62.01171875
274.34765625,41.50390625,-16.11328125,-20.99609375,20.5078125
274.3515625,67.87109375,-7.8125,-22.4609375,-7.32421875
274.35546875,64.453125,-7.8125,-17.578125,4.8828125
274.359375,66.89453125,-9.27734375,0.0,17.578125
274.36328125,52.734375,-7.8125,1.46484375,18.5546875
274.3671875,37.59765625,-3.90625,-6.8359375,1.46484375
274.37109375,40.0390625,-5.859375,-13.18359375,8.7890625
274.375,30.2734375,-11.23046875,-18.06640625,13.671875
274.37890625,12.20703125,-13.671875,-9.27734375,15.625
274.3828125,3.90625,-14.6484375,-14.6484375,17.578125
274.38671875,30.76171875,-9.765625,-21.484375,-14.6484375
274.390625,22.94921875,-9.765625,-14.16015625,-19.04296875
274.39453125,0.9765625,-15.13671875,-25.390625,0.0
274.3984375,1.46484375,-13.18359375,-19.04296875,-12.6953125
274.40234375,7.32421875,-15.625,-3.41796875,-17.08984375
274.40625,-1.46484375,-19.04296875,-8.30078125,-31.25
274.41015625,8.30078125,-19.53125,-13.18359375,-39.0625
274.4140625,5.37109375,-18.5546875,-20.5078125,-11.71875
274.41796875,-10.25390625,-12.20703125,-37.109375,2.44140625
274.421875,-2.44140625,-20.01953125,-28.3203125,-27.34375
274.42578125,-9.27734375,-26.85546875,-10.25390625,-9.27734375
274.4296875,-18.06640625,-20.99609375,-14.16015625,5.37109375
274.43359375,-9.765625,-31.73828125,-17.578125,-8.7890625
274.4375,-15.625,-57.12890625,-14.16015625,-20.5078125
274.44140625,16.6015625,-46.875,-13.18359375,-20.01953125
274.4453125,19.04296875,-25.87890625,-29.78515625,-6.8359375
274.44921875,-16.11328125,-31.25,-41.9921875,-61.5234375
274.453125,-24.4140625,-30.76171875,-14.16015625,-83.49609375
274.45703125,-15.625,-33.203125,1.953125,-24.90234375
274.4609375,21.484375,-48.33984375,-11.23046875,-5.37109375
274.46484375,38.57421875,-39.0625,-19.04296875,-33.203125
274.46875,10.7421875,-3.90625,-22.94921875,-66.89453125
274.47265625,26.3671875,9.27734375,-40.0390625,-27.83203125
274.4765625,48.828125,-20.5078125,-28.3203125,7.32421875
274.48046875,82.51953125,-49.8046875,-1.953125,-9.765625
274.484375,80.078125,-42.48046875,-26.3671875,4.8828125
274.48828125,50.29296875,-15.13671875,-54.19921875,16.11328125
274.4921875,10.7421875,-16.11328125,-45.41015625,-6.34765625
274.49609375,5.859375,-30.2734375,-21.484375,-38.0859375
274.5,14.16015625,-24.4140625,30.2734375,-14.16015625
274.50390625,-11.71875,-22.94921875,71.2890625,-39.0625
274.5078125,-51.26953125,-25.390625,57.12890625,-83.49609375
274.51171875,-16.11328125,-30.76171875,40.52734375,-59.08203125
274.515625,10.25390625,-43.45703125,28.3203125,-30.2734375
274.51953125,4.8828125,-48.33984375,-4.39453125,-7.32421875
274.5234375,28.80859375,-44.921875,-0.9765625,-67.3828125
274.52734375,36.1328125,-45.8984375,-46.875,-42.48046875
274.53125,28.80859375,-53.7109375,-62.01171875,37.109375
274.53515625,-44.921875,-61.5234375,49.31640625,-44.921875
274.5390625,-90.8203125,-46.38671875,99.609375,-72.265625
274.54296875,-59.5703125,-31.25,78.125,-62.01171875
274.546875,-55.17578125,-35.64453125,48.828125,-106.93359375
274.55078125,-65.4296875,-36.1328125,39.0625,-87.890625
274.5546875,-86.9140625,-41.015625,36.62109375,-52.734375
274.55859375,-80.078125,-46.875,36.62109375,-76.66015625
274.5625,-35.64453125,-32.71484375,40.0390625,-62.5
274.56640625,-17.08984375,-23.4375,25.390625,-50.29296875
274.5703125,-16.6015625,-15.625,19.53125,-38.0859375
274.57421875,-10.7421875,-14.6484375,40.0390625,-59.5703125
274.578125,-9.27734375,-16.6015625,51.26953125,-116.69921875
274.58203125,-4.39453125,-7.8125,62.5,-84.9609375
274.5859375,-5.859375,-2.44140625,74.70703125,-81.0546875
274.58984375,-9.27734375,-11.71875,97.16796875,-83.0078125
274.59375,6.8359375,5.859375,80.56640625,-43.45703125
274.59765625,19.53125,23.92578125,72.75390625,-29.296875
274.6015625,11.71875,10.7421875,96.6796875,-47.8515625
274.60546875,21.484375,14.16015625,89.84375,-39.55078125
274.609375,-5.859375,15.625,77.1484375,-49.31640625
274.61328125,-12.20703125,6.34765625,80.56640625,-80.56640625
274.6171875,42.48046875,-9.765625,76.171875,-33.203125
274.62109375,68.359375,-7.8125,42.96875,9.765625
274.625,35.64453125,13.18359375,-29.78515625,10.7421875
274.62890625,-12.20703125,-4.39453125,-41.50390625,-15.13671875
274.6328125,-31.25,-25.87890625,32.71484375,-48.828125
274.63671875,-41.50390625,-11.23046875,44.43359375,-63.4765625
274.640625,-40.0390625,-4.39453125,16.11328125,-63.4765625
274.64453125,-19.04296875,-13.671875,9.27734375,-55.17578125
274.6484375,-3.41796875,-11.23046875,-20.99609375,-52.734375
274.65234375,-2.9296875,0.48828125,-39.0625,-49.31640625
274.65625,-43.9453125,-12.6953125,-16.11328125,-8.7890625
274.66015625,-41.50390625,-32.71484375,-15.625,8.30078125
274.6640625,-31.25,-38.57421875,-41.015625,-49.8046875
274.66796875,-18.06640625,-46.875,-46.875,-67.3828125
274.671875,-15.625,-45.41015625,-41.9921875,-36.62109375
274.67578125,-22.4609375,-21.97265625,-40.52734375,-58.10546875
274.6796875,3.41796875,-19.04296875,-34.1796875,-45.41015625
274.68359375,1.46484375,-28.3203125,-56.15234375,5.859375
274.6875,-15.13671875,-13.671875,-60.05859375,1.46484375
274.69140625,-12.6953125,-14.6484375,-46.38671875,-8.30078125
274.6953125,-9.765625,-13.671875,-46.875,-14.6484375
274.69921875,-3.90625,-14.16015625,-39.0625,-7.32421875
274.703125,-7.32421875,-25.390625,-39.55078125,40.52734375
274.70703125,-17.578125,0.0,-46.875,33.69140625
274.7109375,-0.48828125,20.5078125,-55.17578125,14.6484375
274.71484375,-3.41796875,13.671875,-52.734375,39.55078125
274.71875,-7.8125,-17.578125,-67.87109375,53.7109375
274.72265625,6.34765625,-31.25,-85.44921875,76.66015625
274.7265625,-18.5546875,-10.25390625,-63.4765625,33.69140625
274.73046875,-42.96875,-2.9296875,-43.45703125,-20.5078125
274.734375,-28.80859375,-9.765625,-47.8515625,4.8828125
274.73828125,-16.11328125,-21.97265625,-54.6875,32.2265625
274.7421875,8.30078125,-9.27734375,-65.4296875,1.46484375
274.74609375,8.7890625,4.39453125,-70.80078125,10.7421875
274.75,-7.32421875,5.859375,-94.23828125,44.43359375
274.75390625,30.2734375,25.390625,-82.51953125,49.8046875
274.7578125,27.34375,18.5546875,-67.87109375,69.3359375
274.76171875,8.7890625,2.44140625,-58.59375,31.73828125
274.765625,-2.44140625,9.27734375,-25.87890625,11.71875
274.76953125,-8.7890625,1.953125,-9.27734375,31.73828125
274.7734375,-0.9765625,-16.6015625,-23.4375,6.8359375
274.77734375,32.71484375,-14.6484375,-34.66796875,27.34375
274.78125,15.625,-2.9296875,-7.32421875,63.96484375
274.78515625,-38.0859375,0.0,30.76171875,40.0390625
274.7890625,-28.3203125,-5.859375,24.4140625,40.0390625
274.79296875,-5.859375,-12.6953125,23.92578125,104.4921875
274.796875,20.5078125,-19.04296875,32.2265625,117.67578125
274.80078125,58.10546875,-18.5546875,59.5703125,46.875
274.8046875,32.2265625,-20.99609375,66.40625,56.15234375
274.80859375,-2.9296875,-22.4609375,35.15625,87.890625
274.8125,10.7421875,-6.8359375,32.71484375,65.4296875
274.81640625,4.8828125,6.34765625,44.921875,51.26953125
274.8203125,-11.23046875,9.765625,48.828125,62.5
274.82421875,1.953125,15.13671875,40.0390625,39.55078125
274.828125,10.25390625,18.06640625,10.25390625,41.9921875
274.83203125,35.15625,6.34765625,-13.671875,99.609375
274.8359375,53.22265625,4.8828125,6.8359375,98.14453125
274.83984375,14.16015625,15.13671875,29.78515625,43.9453125
274.84375,10.25390625,26.3671875,4.8828125,89.84375
274.84765625,12.20703125,35.15625,-25.390625,126.953125
274.8515625,-5.859375,38.0859375,-21.97265625,56.15234375
274.85546875,7.32421875,28.80859375,-14.6484375,31.25
274.859375,35.64453125,9.765625,-0.48828125,47.36328125
274.86328125,49.31640625,13.671875,8.7890625,33.69140625
274.8671875,37.59765625,17.578125,23.4375,26.85546875
274.87109375,19.04296875,15.13671875,20.01953125,30.76171875
274.875,19.53125,25.87890625,-4.8828125,38.57421875
274.87890625,8.30078125,33.203125,-50.78125,71.77734375
274.8828125,8.30078125,33.203125,-72.75390625,81.54296875
274.88671875,7.32421875,30.76171875,-35.15625,92.7734375
274.890625,34.66796875,22.4609375,-26.85546875,80.078125
274.89453125,57.12890625,25.87890625,-41.9921875,35.15625
274.8984375,43.9453125,20.01953125,-34.66796875,26.85546875
274.90234375,15.625,13.18359375,-17.08984375,48.828125
274.90625,20.5078125,22.4609375,-7.8125,38.0859375
274.91015625,18.06640625,18.5546875,-41.50390625,2.44140625
274.9140625,7.8125,7.32421875,-51.7578125,43.9453125
274.91796875,-5.859375,6.34765625,-20.99609375,73.73046875
274.921875,-20.5078125,20.99609375,-56.15234375,32.71484375
274.92578125,22.4609375,32.2265625,-112.3046875,28.80859375
274.9296875,37.59765625,16.6015625,-71.2890625,78.61328125
274.93359375,-7.8125,15.13671875,-30.2734375,35.15625
274.9375,-17.578125,23.92578125,-11.23046875,-30.2734375
274.94140625,-27.34375,12.6953125,-7.8125,-32.71484375
274.9453125,-36.1328125,1.953125,-24.4140625,-14.6484375
274.94921875,-17.08984375,11.23046875,-32.71484375,-14.6484375
274.953125,-38.57421875,18.06640625,-41.50390625,1.953125
274.95703125,-33.203125,4.39453125,-40.0390625,18.5546875
274.9609375,-5.37109375,6.8359375,-48.33984375,13.671875
274.96484375,-14.6484375,9.765625,-61.5234375,0.48828125
274.96875,-4.8828125,-5.859375,-49.8046875,-21.484375
274.97265625,14.16015625,-16.11328125,-29.78515625,0.0
274.9765625,12.20703125,-20.01953125,-26.3671875,13.18359375
274.98046875,-29.296875,-14.16015625,-42.48046875,11.71875
274.984375,-70.3125,-5.37109375,-50.78125,23.4375
274.98828125,-45.41015625,-6.34765625,-48.33984375,24.90234375
274.9921875,-42.96875,-6.34765625,-43.45703125,-41.50390625
274.99609375,-62.5,-6.34765625,-37.59765625,-74.70703125
275.0,-62.01171875,-15.625,-47.36328125,-13.671875
275.00390625,-51.26953125,-18.06640625,-49.8046875,13.671875
275.0078125,-29.296875,-16.6015625,-54.19921875,-13.18359375
275.01171875,-49.31640625,-13.18359375,-54.19921875,-14.6484375
275.015625,-72.75390625,-18.06640625,-41.015625,-3.41796875
275.01953125,-60.05859375,-27.34375,-24.4140625,-53.22265625
275.0234375,-48.828125,-24.90234375,-11.23046875,-37.109375
275.02734375,-41.50390625,-31.25,-11.71875,7.8125
275.03125,-24.90234375,-36.1328125,-21.97265625,10.7421875
275.03515625,-9.27734375,-15.625,-59.5703125,-32.71484375
275.0390625,-25.390625,-4.8828125,-64.453125,-55.6640625
275.04296875,-42.96875,0.9765625,-32.71484375,-15.13671875
275.046875,-45.41015625,2.44140625,-36.62109375,-30.76171875
275.05078125,-40.52734375,1.953125,-40.0390625,-35.64453125
275.0546875,-37.59765625,5.37109375,-47.36328125,4.8828125
275.05859375,-36.62109375,-2.44140625,-67.3828125,13.671875
275.0625,-30.2734375,-10.25390625,-32.71484375,-0.9765625
275.06640625,-41.50390625,-10.25390625,0.48828125,-0.48828125
275.0703125,-35.64453125,-12.20703125,-15.625,-6.8359375
275.07421875,-5.37109375,-11.23046875,-37.109375,-4.39453125
275.078125,-7.8125,-0.9765625,-45.41015625,-4.8828125
275.08203125,-24.90234375,1.953125,-30.2734375,12.6953125
275.0859375,-27.83203125,-2.44140625,-27.34375,12.6953125
275.08984375,-23.4375,-1.46484375,-17.08984375,-9.27734375
275.09375,-28.80859375,-7.32421875,-7.8125,20.99609375
275.09765625,-13.18359375,-14.6484375,-37.109375,23.92578125
275.1015625,-20.5078125,-12.6953125,-43.9453125,41.9921875
275.10546875,-36.1328125,-5.37109375,-25.87890625,54.6875
275.109375,-22.4609375,0.9765625,-32.2265625,41.015625
275.11328125,-34.66796875,0.9765625,-46.38671875,-17.08984375
275.1171875,-44.921875,-5.859375,-28.80859375,-32.2265625
275.12109375,-10.7421875,-13.18359375,-6.8359375,-2.9296875
275.125,4.39453125,-17.578125,-14.16015625,-11.71875
275.12890625,-13.18359375,-15.625,-13.671875,-5.859375
275.1328125,-43.9453125,-5.37109375,-12.20703125,-29.78515625
275.13671875,-30.2734375,0.48828125,-18.5546875,-35.15625
275.140625,-13.671875,-9.765625,-32.71484375,-30.76171875
275.14453125,-0.48828125,-8.7890625,-57.6171875,-2.44140625
275.1484375,-12.20703125,0.0,-45.41015625,-4.39453125
275.15234375,-26.85546875,1.953125,-14.6484375,-5.37109375
275.15625,-6.8359375,4.39453125,-7.8125,0.48828125
275.16015625,24.90234375,11.71875,-20.5078125,-32.2265625
275.1640625,0.9765625,-2.9296875,-22.4609375,-22.4609375
275.16796875,-25.87890625,-21.97265625,-12.6953125,2.9296875
275.171875,-11.23046875,-19.04296875,-30.76171875,6.34765625
275.17578125,7.8125,-9.27734375,-46.875,0.9765625
275.1796875,14.6484375,-7.32421875,-32.2265625,-27.34375
275.18359375,-20.01953125,-9.765625,-39.0625,-48.828125
275.1875,-50.29296875,-13.18359375,-48.33984375,-51.26953125
275.19140625,-39.55078125,-14.6484375,-30.2734375,-35.64453125
275.1953125,-23.92578125,-18.5546875,-19.04296875,-38.57421875
275.19921875,-27.34375,-20.01953125,-22.4609375,-41.015625
275.203125,-1.953125,-14.6484375,-23.4375,-21.484375
275.20703125,17.578125,-18.06640625,-20.99609375,31.73828125
275.2109375,20.99609375,-21.97265625,-28.80859375,49.8046875
275.21484375,21.484375,-24.90234375,-52.734375,-13.18359375
275.21875,4.39453125,-33.203125,-43.9453125,-61.03515625
275.22265625,-37.109375,-25.390625,-1.953125,-46.875
275.2265625,-46.38671875,-20.01953125,17.578125,-74.70703125
275.23046875,-27.34375,-16.11328125,11.71875,-29.78515625
275.234375,-43.9453125,-12.20703125,-10.7421875,10.25390625
275.23828125,-33.203125,-11.71875,-44.43359375,-22.4609375
275.2421875,-0.9765625,-19.04296875,-28.80859375,-35.15625
275.24609375,-12.6953125,-36.62109375,6.34765625,-25.87890625
275.25,-39.55078125,-23.92578125,8.7890625,-11.23046875
275.25390625,-32.2265625,-12.6953125,-2.9296875,-18.06640625
275.2578125,-15.625,-22.4609375,-21.97265625,-36.62109375
275.26171875,-41.9921875,-20.01953125,-33.203125,-9.765625
275.265625,-48.33984375,-14.16015625,-19.04296875,-14.16015625
275.26953125,-37.109375,-10.25390625,-1.46484375,-43.45703125
275.2734375,-44.921875,-14.6484375,16.11328125,3.41796875
275.27734375,-47.8515625,-24.4140625,22.94921875,16.11328125
275.28125,-22.4609375,-27.34375,-4.39453125,-55.17578125
275.28515625,-23.4375,-19.53125,-17.578125,-38.0859375
275.2890625,-52.24609375,-24.4140625,0.0,-9.765625
275.29296875,-53.22265625,-32.2265625,-4.8828125,-18.06640625
275.296875,-31.73828125,-18.06640625,-30.76171875,-18.5546875
275.30078125,-20.5078125,-8.7890625,-35.15625,-24.4140625
275.3046875,-30.76171875,-25.390625,-8.30078125,-41.50390625
275.30859375,-21.484375,-29.78515625,8.7890625,-50.29296875
275.3125,-27.34375,-24.4140625,6.34765625,-38.0859375
275.31640625,-29.296875,-20.01953125,-4.8828125,0.0
275.3203125,-27.34375,-18.06640625,-31.25,1.953125
275.32421875,-48.828125,-20.01953125,-24.4140625,-30.76171875
275.328125,-39.0625,-18.06640625,1.953125,-45.8984375
275.33203125,-35.64453125,-23.4375,8.7890625,-15.13671875
275.3359375,-37.109375,-29.78515625,4.8828125,-35.64453125
275.33984375,-16.6015625,-26.3671875,0.9765625,-60.546875
275.34375,-25.390625,-17.578125,-8.7890625,-34.66796875
275.34765625,-55.6640625,-21.484375,-8.7890625,-23.92578125
275.3515625,-67.3828125,-29.78515625,4.39453125,1.46484375
275.35546875,-62.5,-23.4375,9.765625,-10.7421875
275.359375,-41.015625,-9.765625,-0.9765625,-33.69140625
275.36328125,-31.25,-18.06640625,-3.41796875,-34.66796875
275.3671875,-42.48046875,-39.0625,5.859375,-51.26953125
275.37109375,-46.875,-37.109375,0.48828125,-41.50390625
275.375,-40.0390625,-16.11328125,-0.48828125,-11.23046875
275.37890625,-36.62109375,-8.30078125,-8.7890625,-15.625
275.3828125,-28.80859375,-15.625,-13.671875,-5.859375
275.38671875,-14.6484375,-19.53125,-3.90625,-11.23046875
275.390625,-15.13671875,-20.5078125,-8.30078125,-44.43359375
275.39453125,-23.4375,-12.6953125,-31.73828125,-16.6015625
275.3984375,-29.78515625,-13.671875,-3.41796875,-4.8828125
275.40234375,-36.62109375,-20.99609375,28.80859375,-25.87890625
275.40625,-33.69140625,-26.85546875,14.16015625,-48.828125
275.41015625,-38.57421875,-15.625,-3.41796875,-5.859375
275.4140625,-44.43359375,-6.8359375,-11.71875,-6.34765625
275.41796875,-37.59765625,-14.16015625,-9.765625,-50.29296875
275.421875,-60.05859375,-17.08984375,4.39453125,-19.53125
275.42578125,-58.10546875,-18.5546875,5.37109375,20.99609375
275.4296875,-28.3203125,-7.32421875,-36.62109375,19.04296875
275.43359375,2.9296875,3.41796875,-28.80859375,-27.83203125
275.4375,-9.27734375,-10.7421875,21.97265625,-41.50390625
275.44140625,-27.83203125,-18.06640625,28.80859375,-59.5703125
275.4453125,-18.06640625,-7.32421875,22.94921875,-48.828125
275.44921875,-14.6484375,-0.48828125,11.23046875,-19.04296875
275.453125,-16.11328125,5.37109375,-5.37109375,-9.765625
275.45703125,-22.4609375,-0.48828125,-7.32421875,-31.73828125
275.4609375,-4.39453125,-9.765625,-12.20703125,7.32421875
275.46484375,-29.296875,-8.7890625,-22.4609375,4.39453125
275.46875,-35.15625,-9.27734375,-13.671875,-6.34765625
275.47265625,-31.73828125,-7.8125,-11.23046875,-24.90234375
275.4765625,-40.52734375,-2.9296875,-11.71875,-62.5
275.48046875,-23.4375,-5.37109375,3.90625,-40.52734375
275.484375,-5.37109375,-3.90625,-6.8359375,-18.5546875
275.48828125,-8.7890625,-1.46484375,-24.90234375,-7.32421875
275.4921875,-21.97265625,-8.30078125,-19.53125,-11.23046875
275.49609375,-10.7421875,-9.765625,-10.7421875,-19.04296875
275.5,-23.4375,-3.41796875,-8.7890625,-36.1328125
275.50390625,-48.33984375,-4.8828125,-15.13671875,6.34765625
275.5078125,-16.6015625,-10.7421875,-27.34375,27.34375
275.51171875,0.0,-7.8125,-41.50390625,-17.578125
275.515625,11.23046875,-9.765625,-71.2890625,-7.32421875
275.51953125,15.13671875,-10.25390625,-57.12890625,-18.06640625
275.5234375,-13.18359375,-16.11328125,-4.8828125,22.94921875
275.52734375,-43.45703125,-10.25390625,25.390625,44.921875
275.53125,-20.01953125,-0.48828125,9.27734375,-23.92578125
275.53515625,-1.953125,-14.16015625,-7.8125,-52.24609375
275.5390625,-10.7421875,-22.4609375,-10.7421875,14.6484375
275.54296875,7.32421875,-15.625,-7.8125,0.0
275.546875,-15.13671875,-0.48828125,-29.78515625,-47.8515625
275.55078125,-53.7109375,7.32421875,-63.96484375,-30.76171875
275.5546875,-49.8046875,2.9296875,-47.8515625,-9.27734375
275.55859375,-39.55078125,-6.8359375,-35.15625,-16.6015625
275.5625,-37.59765625,-4.39453125,-53.22265625,-6.34765625
275.56640625,-46.875,-0.9765625,-42.96875,8.7890625
275.5703125,-34.66796875,-2.44140625,-34.1796875,5.859375
275.57421875,-11.71875,-2.44140625,-34.66796875,1.953125
275.578125,-38.0859375,-4.8828125,-20.99609375,-61.5234375
275.58203125,-28.80859375,-11.23046875,-10.25390625,-54.19921875
275.5859375,-6.34765625,-12.6953125,-1.46484375,3.41796875
275.58984375,-16.11328125,-15.13671875,-8.7890625,-28.3203125
275.59375,-3.41796875,-21.484375,-25.87890625,-53.7109375
275.59765625,5.37109375,-18.06640625,-45.8984375,-39.55078125
275.6015625,15.13671875,-4.39453125,-43.9453125,-12.6953125
275.60546875,5.859375,-4.8828125,-35.64453125,-30.76171875
275.609375,-15.625,-12.20703125,-30.2734375,-39.55078125
275.61328125,5.37109375,-8.7890625,-34.1796875,-9.27734375
275.6171875,19.53125,-5.37109375,-45.41015625,1.953125
275.62109375,-2.9296875,-1.953125,-20.5078125,17.578125
275.625,3.90625,1.953125,-13.18359375,19.04296875
275.62890625,-20.01953125,0.0,-29.296875,-18.06640625
275.6328125,-28.80859375,-5.37109375,-27.34375,-41.015625
275.63671875,-6.8359375,-9.27734375,-27.83203125,-30.2734375
275.640625,20.5078125,-8.30078125,-28.3203125,8.30078125
275.64453125,29.78515625,-11.71875,-12.6953125,15.13671875
275.6484375,-6.8359375,-9.27734375,-6.8359375,-16.11328125
275.65234375,10.25390625,-4.8828125,-9.765625,-30.2734375
275.65625,22.94921875,-4.39453125,-12.6953125,-50.29296875
275.66015625,3.41796875,-7.8125,-20.5078125,-41.50390625
275.6640625,16.11328125,-12.20703125,-24.4140625,4.8828125
275.66796875,12.20703125,-6.34765625,-22.4609375,1.953125
275.671875,-1.46484375,-1.953125,-26.3671875,-38.0859375
275.67578125,0.48828125,3.41796875,-45.41015625,-45.8984375
275.6796875,-6.34765625,4.39453125,-51.26953125,3.90625
275.68359375,-7.8125,-6.8359375,-32.2265625,41.015625
275.6875,-9.27734375,-15.13671875,-18.06640625,-25.87890625
275.69140625,15.13671875,-6.8359375,-24.4140625,-37.59765625
275.6953125,8.7890625,-5.37109375,-33.203125,-6.8359375
275.69921875,-28.80859375,-15.625,-33.69140625,-48.828125
275.703125,6.8359375,-19.04296875,-18.5546875,-58.10546875
275.70703125,22.4609375,-16.11328125,-32.71484375,-51.7578125
275.7109375,3.41796875,-20.5078125,-54.19921875,-71.77734375
275.71484375,-22.94921875,-36.62109375,-38.0859375,-81.54296875
275.71875,-21.97265625,-39.55078125,-17.08984375,-64.453125
275.72265625,-22.94921875,-28.80859375,-10.25390625,-44.921875
275.7265625,-16.6015625,-27.83203125,-6.8359375,-21.484375
275.73046875,-1.46484375,-27.34375,-23.4375,-2.9296875
275.734375,1.46484375,-17.08984375,-46.875,-8.7890625
275.73828125,12.6953125,-13.18359375,-45.8984375,-18.5546875
275.7421875,4.8828125,-19.53125,-20.01953125,-19.04296875
275.74609375,-8.30078125,-25.390625,-9.765625,-18.06640625
275.75,-1.953125,-23.4375,-5.37109375,-14.6484375
275.75390625,0.9765625,-20.99609375,-4.39453125,-14.16015625
275.7578125,-0.9765625,-16.11328125,-22.4609375,-41.50390625
275.76171875,1.46484375,-12.6953125,-39.0625,-53.7109375
275.765625,-19.04296875,-16.11328125,-44.921875,-48.33984375
275.76953125,-51.26953125,-18.06640625,-25.390625,-10.25390625
275.7734375,-36.1328125,-12.6953125,-4.8828125,-38.0859375
275.77734375,9.27734375,-21.97265625,-11.71875,-54.6875
275.78125,-5.859375,-34.1796875,0.0,-39.0625
275.78515625,-29.78515625,-27.34375,12.6953125,-48.33984375
275.7890625,-12.20703125,-19.04296875,-2.44140625,-50.78125
275.79296875,0.9765625,-9.765625,-0.48828125,-7.8125
275.796875,-30.76171875,-13.671875,7.32421875,-38.0859375
275.80078125,-32.71484375,-15.625,-4.8828125,-86.42578125
275.8046875,-12.6953125,-19.04296875,0.0,-45.8984375
275.80859375,-10.7421875,-21.97265625,14.6484375,-26.85546875
275.8125,-3.41796875,-15.13671875,11.23046875,-14.6484375
275.81640625,-9.765625,-12.20703125,-2.44140625,-23.92578125
275.8203125,-25.390625,-14.16015625,-15.625,-19.04296875
275.82421875,-8.30078125,-12.20703125,-22.4609375,7.32421875
275.828125,-15.13671875,-16.11328125,5.859375,-26.85546875
275.83203125,13.18359375,-25.87890625,8.7890625,-15.625
275.8359375,25.87890625,-30.76171875,-18.06640625,-5.859375
275.83984375,-5.859375,-26.85546875,3.90625,-10.7421875
275.84375,-20.5078125,-21.97265625,24.4140625,-47.36328125
275.84765625,-20.01953125,-22.94921875,11.23046875,-56.640625
275.8515625,6.8359375,-13.18359375,-5.859375,-17.578125
275.85546875,18.5546875,-8.30078125,-12.20703125,-30.2734375
275.859375,22.94921875,-13.18359375,-12.20703125,-26.85546875
275.86328125,14.16015625,-15.625,-13.671875,0.0
275.8671875,-9.765625,-13.18359375,-10.25390625,0.9765625
275.87109375,3.41796875,-11.23046875,-5.37109375,1.953125
275.875,12.6953125,-14.6484375,-9.765625,-0.48828125
275.87890625,4.39453125,-12.6953125,-11.23046875,-24.4140625
275.8828125,4.8828125,-10.7421875,-9.27734375,-17.578125
275.88671875,0.0,-13.671875,-33.69140625,3.41796875
275.890625,-11.71875,-14.16015625,-32.2265625,-14.6484375
275.89453125,4.8828125,-13.671875,-9.765625,-25.390625
275.8984375,6.34765625,-4.39453125,-17.08984375,-24.4140625
275.90234375,3.90625,9.27734375,-39.55078125,-38.0859375
275.90625,25.390625,9.765625,-28.3203125,-13.671875
275.91015625,32.2265625,5.37109375,-5.37109375,6.34765625
275.9140625,13.18359375,-5.37109375,-1.46484375,-16.11328125
275.91796875,-25.87890625,-15.13671875,-1.953125,-23.4375
275.921875,-46.38671875,-32.71484375,-28.80859375,-11.71875
275.92578125,-81.0546875,-82.03125,-93.26171875,-58.59375
275.9296875,-128.41796875,-129.8828125,-131.8359375,-143.06640625
275.93359375,-146.97265625,-153.80859375,-135.25390625,-153.80859375
275.9375,-138.18359375,-160.64453125,-131.8359375,-117.1875
275.94140625,-101.5625,-154.78515625,-135.7421875,-114.74609375
275.9453125,-117.1875,-140.625,-140.625,-136.71875
275.94921875,-175.29296875,-134.765625,-130.859375,-174.8046875
275.953125,-163.57421875,-137.20703125,-125.9765625,-205.56640625
275.95703125,-144.04296875,-130.859375,-127.9296875,-203.61328125
275.9609375,-145.01953125,-117.1875,-123.046875,-209.9609375
275.96484375,-168.9453125,-109.86328125,-125.0,-200.1953125
275.96875,-176.26953125,-109.86328125,-123.53515625,-185.05859375
275.97265625,-166.9921875,-97.65625,-111.81640625,-210.44921875
275.9765625,-180.17578125,-90.8203125,-98.14453125,-234.375
275.98046875,-204.1015625,-83.49609375,-100.5859375,-244.62890625
275.984375,-203.61328125,-69.3359375,-109.86328125,-270.01953125
275.98828125,-184.5703125,-59.5703125,-113.28125,-298.828125
275.9921875,-214.35546875,-62.5,-107.421875,-310.05859375
275.99609375,-231.93359375,-69.3359375,-108.3984375,-324.21875
276.0,-227.05078125,-72.265625,-127.44140625,-283.69140625
276.00390625,-232.421875,-69.3359375,-137.20703125,-324.70703125
276.0078125,-232.91015625,-49.31640625,-138.671875,-361.328125
276.01171875,-212.890625,-34.1796875,-130.859375,-308.10546875
276.015625,-186.5234375,-41.9921875,-114.2578125,-277.83203125
276.01953125,-176.7578125,-35.15625,-125.9765625,-299.8046875
276.0234375,-171.875,-8.7890625,-136.23046875,-321.77734375
276.02734375,-175.78125,-0.48828125,-129.39453125,-316.40625
276.03125,-135.7421875,-14.6484375,-125.0,-281.73828125
276.03515625,-112.79296875,-24.4140625,-109.86328125,-249.51171875
276.0390625,-107.91015625,-17.08984375,-110.3515625,-249.0234375
276.04296875,-73.73046875,-27.83203125,-137.6953125,-256.8359375
276.046875,-70.3125,-29.296875,-131.8359375,-239.74609375
276.05078125,-74.21875,-20.5078125,-109.375,-231.93359375
276.0546875,-49.8046875,-12.20703125,-112.79296875,-210.44921875
276.05859375,-41.50390625,3.41796875,-112.79296875,-183.59375
276.0625,-37.109375,7.32421875,-113.76953125,-191.40625
276.06640625,-8.30078125,9.27734375,-119.62890625,-157.2265625
276.0703125,10.25390625,8.7890625,-131.34765625,-139.16015625
276.07421875,20.5078125,-3.90625,-131.8359375,-149.90234375
276.078125,26.85546875,-11.71875,-114.2578125,-126.953125
276.08203125,28.80859375,-3.90625,-104.4921875,-118.65234375
276.0859375,36.1328125,3.90625,-98.14453125,-97.65625
276.08984375,47.8515625,0.48828125,-100.5859375,-76.66015625
276.09375,86.42578125,-5.37109375,-110.3515625,-57.12890625
276.09765625,87.40234375,2.44140625,-104.4921875,-84.47265625
276.1015625,75.68359375,0.48828125,-96.19140625,-74.70703125
276.10546875,84.9609375,-8.7890625,-96.6796875,-44.43359375
276.109375,102.05078125,-21.97265625,-85.44921875,-45.41015625
276.11328125,89.84375,-22.4609375,-75.1953125,-29.296875
276.1171875,72.265625,-4.39453125,-89.35546875,-12.6953125
276.12109375,87.890625,2.9296875,-102.5390625,0.9765625
276.125,92.7734375,-7.8125,-86.42578125,-9.765625
276.12890625,99.12109375,-25.390625,-67.87109375,-17.08984375
276.1328125,99.12109375,-32.2265625,-56.15234375,5.37109375
276.13671875,88.8671875,-29.296875,-58.10546875,16.11328125
276.140625,96.6796875,-21.97265625,-51.26953125,17.08984375
276.14453125,89.35546875,-23.92578125,-46.38671875,24.90234375
276.1484375,60.05859375,-25.87890625,-52.734375,15.625
276.15234375,52.734375,-24.90234375,-46.875,18.06640625
276.15625,49.31640625,-28.80859375,-35.64453125,13.18359375
276.16015625,58.59375,-25.390625,-34.66796875,1.953125
276.1640625,63.4765625,-33.203125,-35.15625,-11.71875
276.16796875,50.78125,-34.1796875,-29.296875,3.41796875
276.171875,71.77734375,-17.08984375,-41.015625,41.015625
276.17578125,80.56640625,-16.6015625,-38.0859375,6.8359375
276.1796875,65.4296875,-33.69140625,-17.578125,6.8359375
276.18359375,43.45703125,-39.55078125,-21.484375,79.1015625
276.1875,52.734375,-33.203125,-25.87890625,99.609375
276.19140625,64.94140625,-33.203125,-24.90234375,86.42578125
276.1953125,56.15234375,-29.78515625,-37.109375,100.5859375
276.19921875,73.2421875,-20.5078125,-47.8515625,117.67578125
276.203125,46.875,-18.06640625,-44.43359375,103.02734375
276.20703125,3.90625,-18.06640625,-33.69140625,85.44921875
276.2109375,30.76171875,-25.87890625,-25.87890625,68.359375
276.21484375,41.50390625,-30.2734375,-27.83203125,73.2421875
276.21875,36.62109375,-34.1796875,-35.64453125,69.82421875
276.22265625,19.53125,-25.87890625,-55.6640625,41.015625
276.2265625,18.5546875,-8.7890625,-61.5234375,44.43359375
276.23046875,33.203125,-16.11328125,-47.36328125,45.8984375
276.234375,26.85546875,-36.62109375,-37.109375,62.5
276.23828125,18.06640625,-32.2265625,-25.390625,53.7109375
276.2421875,38.57421875,-12.20703125,-22.94921875,41.9921875
276.24609375,23.92578125,-36.62109375,-41.9921875,52.734375
276.25,6.8359375,-60.546875,-54.6875,45.8984375
276.25390625,35.15625,-39.0625,-32.71484375,24.4140625
276.2578125,33.69140625,-41.015625,-37.109375,42.96875
276.26171875,32.2265625,-58.10546875,-63.4765625,67.87109375
276.265625,16.11328125,-55.6640625,-57.6171875,58.59375
276.26953125,-12.20703125,-45.8984375,-54.19921875,45.8984375
276.2734375,-4.8828125,-36.62109375,-46.875,15.625
276.27734375,-4.8828125,-34.66796875,-44.921875,27.83203125
276.28125,-1.46484375,-38.57421875,-53.7109375,44.921875
276.28515625,10.25390625,-43.9453125,-50.29296875,28.80859375
276.2890625,-17.08984375,-29.78515625,-14.16015625,29.78515625
276.29296875,-11.71875,-23.92578125,14.16015625,24.4140625
276.296875,-1.46484375,-24.4140625,-13.18359375,7.32421875
276.30078125,-5.37109375,-28.80859375,-24.90234375,6.8359375
276.3046875,0.0,-37.59765625,1.46484375,-9.765625
276.30859375,-2.44140625,-35.15625,44.43359375,-10.7421875
276.3125,-15.13671875,-27.83203125,52.24609375,10.7421875
276.31640625,-51.7578125,-36.62109375,-10.25390625,-23.92578125
276.3203125,-70.80078125,-43.9453125,-45.8984375,-75.1953125
276.32421875,-100.5859375,-49.8046875,-34.66796875,-90.33203125
276.328125,-125.0,-61.5234375,-22.4609375,-89.84375
276.33203125,-131.34765625,-50.78125,-9.765625,-108.3984375
276.3359375,-122.55859375,-39.55078125,-6.34765625,-127.44140625
276.33984375,-112.3046875,-32.2265625,10.7421875,-117.1875
276.34375,-135.7421875,-22.4609375,15.625,-99.12109375
276.34765625,-110.3515625,-21.97265625,18.06640625,-90.33203125
276.3515625,-78.61328125,-27.34375,20.99609375,-76.66015625
276.35546875,-124.51171875,-30.76171875,10.25390625,-72.265625
276.359375,-122.55859375,-31.73828125,12.6953125,-99.609375
276.36328125,-95.703125,-47.8515625,32.2265625,-73.73046875
276.3671875,-72.265625,-66.89453125,48.33984375,-13.671875
276.37109375,-18.5546875,-62.5,71.77734375,-13.671875
276.375,-12.6953125,-37.109375,73.73046875,3.41796875
276.37890625,-39.55078125,-24.90234375,34.66796875,18.5546875
276.3828125,-47.36328125,-17.578125,48.828125,-13.18359375
276.38671875,-17.578125,-9.765625,80.078125,6.8359375
276.390625,-4.8828125,-16.6015625,62.5,56.15234375
276.39453125,20.01953125,-30.2734375,66.40625,58.59375
276.3984375,58.10546875,-37.59765625,76.171875,82.51953125
276.40234375,77.63671875,-37.59765625,70.80078125,103.02734375
276.40625,92.28515625,-40.0390625,66.40625,85.9375
276.41015625,93.75,-48.828125,55.6640625,106.4453125
276.4140625,103.515625,-42.96875,62.01171875,118.65234375
276.41796875,103.02734375,-34.1796875,67.3828125,84.9609375
276.421875,120.60546875,-40.0390625,60.05859375,59.5703125
276.42578125,149.90234375,-40.0390625,66.40625,78.61328125
276.4296875,151.3671875,-41.015625,76.66015625,62.98828125
276.43359375,155.76171875,-34.66796875,64.453125,88.37890625
276.4375,159.1796875,-36.62109375,48.828125,116.69921875
276.44140625,174.31640625,-45.8984375,59.5703125,101.07421875
276.4453125,165.52734375,-48.828125,62.01171875,95.21484375
276.44921875,194.82421875,-52.24609375,55.17578125,84.47265625
276.453125,195.80078125,-54.6875,46.38671875,54.19921875
276.45703125,179.19921875,-64.94140625,47.36328125,60.05859375
276.4609375,194.82421875,-62.5,54.6875,91.796875
276.46484375,204.1015625,-41.015625,30.2734375,91.796875
276.46875,178.22265625,-27.83203125,6.8359375,61.03515625
276.47265625,184.08203125,-27.34375,16.6015625,50.29296875
276.4765625,186.03515625,-42.48046875,20.5078125,52.24609375
276.48046875,154.78515625,-49.8046875,9.765625,47.36328125
276.484375,157.71484375,-39.0625,7.32421875,67.3828125
276.48828125,167.48046875,-33.69140625,16.6015625,13.18359375
276.4921875,148.92578125,-32.71484375,15.625,-15.625
276.49609375,148.4375,-29.296875,12.6953125,3.41796875
276.5,147.4609375,-31.73828125,10.25390625,-6.34765625
276.50390625,141.6015625,-33.203125,2.9296875,-18.5546875
276.5078125,159.66796875,-31.73828125,-26.85546875,-3.41796875
276.51171875,155.2734375,-31.73828125,-24.90234375,23.4375
276.515625,136.23046875,-33.69140625,-1.46484375,24.4140625
276.51953125,122.55859375,-43.45703125,3.41796875,-16.6015625
276.5234375,105.46875,-52.24609375,5.37109375,-34.66796875
276.52734375,108.3984375,-45.41015625,11.23046875,-0.48828125
276.53125,121.09375,-35.15625,7.32421875,29.78515625
276.53515625,105.95703125,-37.109375,-4.39453125,13.18359375
276.5390625,78.61328125,-38.57421875,-6.8359375,9.765625
276.54296875,75.68359375,-32.71484375,-4.39453125,20.01953125
276.546875,71.77734375,-27.83203125,-3.90625,-10.25390625
276.55078125,63.96484375,-19.04296875,-10.25390625,-35.15625
276.5546875,62.98828125,-14.6484375,-13.671875,-21.484375
276.55859375,51.26953125,-23.4375,-6.8359375,-10.25390625
276.5625,58.10546875,-28.80859375,-16.6015625,8.7890625
276.56640625,59.08203125,-24.90234375,-38.57421875,-4.39453125
276.5703125,66.40625,-23.4375,-24.4140625,-12.6953125
276.57421875,71.2890625,-25.390625,-12.6953125,30.2734375
276.578125,41.9921875,-21.484375,-5.37109375,14.6484375
276.58203125,21.97265625,-19.04296875,14.16015625,0.0
276.5859375,11.23046875,-21.97265625,13.18359375,22.4609375
276.58984375,39.0625,-17.08984375,2.44140625,-1.46484375
276.59375,44.921875,-14.16015625,9.27734375,-42.96875
276.59765625,6.8359375,-21.97265625,16.6015625,-67.3828125
276.6015625,-10.7421875,-26.85546875,20.99609375,-31.73828125
276.60546875,27.34375,-19.04296875,23.4375,15.625
276.609375,52.734375,-14.6484375,19.04296875,20.99609375
276.61328125,52.734375,-19.04296875,15.13671875,29.296875
276.6171875,59.5703125,-19.04296875,4.39453125,21.97265625
276.62109375,65.4296875,-14.16015625,-1.953125,8.30078125
276.625,49.8046875,-20.5078125,-3.90625,5.859375
276.62890625,28.80859375,-27.34375,-8.30078125,-3.41796875
276.6328125,7.8125,-30.2734375,-7.8125,-20.5078125
276.63671875,5.37109375,-35.15625,-28.80859375,-3.90625
276.640625,-12.6953125,-41.50390625,-38.57421875,2.9296875
276.64453125,-9.765625,-38.0859375,-28.80859375,-16.11328125
276.6484375,13.671875,-25.390625,-19.04296875,-10.25390625
276.65234375,-0.9765625,-20.01953125,-11.23046875,8.30078125
276.65625,-15.13671875,-19.04296875,-11.71875,-11.71875
276.66015625,-4.8828125,-18.06640625,-3.41796875,-32.71484375
276.6640625,8.7890625,-21.97265625,2.44140625,-11.23046875
276.66796875,1.953125,-20.01953125,-0.9765625,-21.97265625
276.671875,-9.765625,-18.5546875,-7.8125,-16.6015625
276.67578125,-10.7421875,-18.06640625,-6.34765625,-26.85546875
276.6796875,-26.3671875,-15.13671875,-5.37109375,-37.59765625
276.68359375,-30.76171875,-14.6484375,-11.23046875,-18.06640625
276.6875,-30.76171875,-17.08984375,-13.671875,-11.71875
276.69140625,-27.34375,-20.5078125,-22.4609375,-1.953125
276.6953125,-25.87890625,-20.5078125,-43.45703125,-16.11328125
276.69921875,-7.8125,-12.20703125,-38.57421875,-20.01953125
276.703125,-17.578125,-12.20703125,-25.87890625,-1.953125
276.70703125,-31.73828125,-15.13671875,-13.671875,-22.4609375
276.7109375,-7.32421875,-14.16015625,-7.8125,-28.3203125
276.71484375,-34.1796875,-16.11328125,-19.53125,-46.875
276.71875,-63.96484375,-15.625,-24.90234375,-66.89453125
276.72265625,-39.0625,-15.625,-27.34375,-36.1328125
276.7265625,-25.87890625,-15.13671875,-23.92578125,-23.92578125
276.73046875,-45.41015625,-19.53125,-18.06640625,-54.6875
276.734375,-24.90234375,-22.4609375,-24.4140625,-38.0859375
276.73828125,-22.4609375,-21.484375,-36.62109375,-23.4375
276.7421875,-32.2265625,-21.484375,-33.203125,-32.2265625
276.74609375,-48.33984375,-13.671875,-13.18359375,-25.87890625
276.75,-49.8046875,-12.6953125,-3.90625,-24.4140625
276.75390625,-43.45703125,-15.625,-8.7890625,-29.296875
276.7578125,-55.17578125,-19.53125,-11.23046875,-32.71484375
276.76171875,-59.08203125,-20.5078125,-9.765625,-32.71484375
276.765625,-65.91796875,-21.484375,-16.6015625,-63.4765625
276.76953125,-63.4765625,-29.78515625,-20.99609375,-71.2890625
276.7734375,-47.36328125,-38.57421875,-19.53125,-49.31640625
276.77734375,-69.82421875,-31.73828125,-27.83203125,-52.24609375
276.78125,-86.9140625,-20.01953125,-26.3671875,-30.76171875
276.78515625,-80.56640625,-17.578125,-22.94921875,-26.85546875
276.7890625,-68.84765625,-17.08984375,-28.80859375,-61.03515625
276.79296875,-67.3828125,-18.5546875,-28.80859375,-62.98828125
276.796875,-79.1015625,-17.08984375,-30.76171875,-60.546875
276.80078125,-62.98828125,-13.671875,-31.25,-52.24609375
276.8046875,-56.640625,-18.06640625,-20.99609375,-32.71484375
276.80859375,-51.26953125,-20.01953125,-18.5546875,-65.91796875
276.8125,-55.17578125,-15.13671875,-23.4375,-78.61328125
276.81640625,-59.08203125,-20.5078125,-24.90234375,-35.15625
276.8203125,-64.453125,-28.3203125,-24.90234375,-23.4375
276.82421875,-72.265625,-21.484375,-29.296875,-33.203125
276.828125,-70.3125,-19.04296875,-36.62109375,-27.83203125
276.83203125,-77.1484375,-19.04296875,-21.484375,-35.64453125
276.8359375,-76.171875,-27.34375,-5.859375,-39.55078125
276.83984375,-67.87109375,-32.71484375,-8.7890625,-51.26953125
276.84375,-69.82421875,-15.13671875,-10.25390625,-41.9921875
276.84765625,-83.984375,-3.41796875,-16.11328125,-28.3203125
276.8515625,-78.125,-8.7890625,-17.578125,-21.484375
276.85546875,-66.89453125,-14.16015625,-10.25390625,-13.671875
276.859375,-64.453125,-10.7421875,-14.6484375,-39.55078125
276.86328125,-53.7109375,-6.8359375,-21.484375,-47.8515625
276.8671875,-50.78125,-15.625,-24.4140625,-47.36328125
276.87109375,-52.734375,-20.5078125,-23.4375,-49.8046875
276.875,-61.03515625,-19.04296875,-24.4140625,-70.80078125
276.87890625,-42.96875,-22.4609375,-21.97265625,-67.3828125
276.8828125,-35.15625,-19.53125,-5.37109375,-33.69140625
276.88671875,-55.17578125,-17.578125,-0.48828125,-33.203125
276.890625,-76.171875,-28.80859375,0.0,-33.203125
276.89453125,-81.0546875,-31.25,2.44140625,-45.41015625
276.8984375,-79.1015625,-26.85546875,-4.8828125,-43.45703125
276.90234375,-67.87109375,-30.76171875,-11.23046875,-23.4375
276.90625,-64.94140625,-29.296875,-9.27734375,-14.16015625
276.91015625,-47.36328125,-25.390625,-11.71875,-32.2265625
276.9140625,-40.0390625,-28.3203125,-16.11328125,-47.8515625
276.91796875,-57.12890625,-23.4375,-20.5078125,-55.17578125
276.921875,-40.52734375,-20.01953125,-17.578125,-51.7578125
276.92578125,-26.85546875,-22.94921875,-15.13671875,-15.13671875
276.9296875,-32.71484375,-16.11328125,-27.34375,-8.7890625
276.93359375,-45.8984375,-19.53125,-28.3203125,-20.01953125
276.9375,-69.3359375,-26.85546875,-29.296875,0.48828125
276.94140625,-75.1953125,-27.34375,-23.4375,-34.1796875
276.9453125,-75.68359375,-34.1796875,-12.20703125,-96.6796875
276.94921875,-57.6171875,-34.1796875,-13.18359375,-57.12890625
276.953125,-35.64453125,-24.90234375,-21.484375,3.41796875
276.95703125,-29.78515625,-20.5078125,-15.13671875,2.9296875
276.9609375,-44.43359375,-27.83203125,-4.8828125,-36.62109375
276.96484375,-57.6171875,-30.2734375,-5.859375,-46.875
276.96875,-32.2265625,-27.34375,-10.25390625,-41.50390625
276.97265625,-36.62109375,-20.99609375,-16.6015625,-16.6015625
276.9765625,-68.359375,-18.5546875,-31.25,-5.37109375
276.98046875,-65.4296875,-19.53125,-42.96875,-35.15625
276.984375,-40.52734375,-16.11328125,-24.4140625,-17.578125
276.98828125,-70.80078125,-18.5546875,-13.671875,-33.203125
276.9921875,-93.26171875,-29.78515625,-22.94921875,-34.66796875
276.99609375,-72.265625,-29.78515625,-22.4609375,-30.76171875
277.0,-49.8046875,-25.390625,-16.11328125,-46.38671875
277.00390625,-12.6953125,-25.87890625,-44.43359375,-11.23046875
277.0078125,-20.99609375,-30.2734375,-54.19921875,-29.78515625
277.01171875,-45.8984375,-33.69140625,-16.6015625,-61.03515625
277.015625,-43.45703125,-28.80859375,-7.8125,4.39453125
277.01953125,-32.71484375,-29.296875,-17.578125,21.484375
277.0234375,-40.52734375,-43.45703125,-20.99609375,-58.59375
277.02734375,-59.5703125,-47.8515625,-25.87890625,-63.4765625
277.03125,-46.875,-39.55078125,-30.76171875,-36.62109375
277.03515625,-8.30078125,-35.15625,-33.203125,-44.43359375
277.0390625,-2.44140625,-27.34375,-41.9921875,-39.55078125
277.04296875,-13.18359375,-29.78515625,-54.6875,-20.5078125
277.046875,-21.97265625,-35.15625,-39.55078125,-22.94921875
277.05078125,-40.0390625,-29.296875,-21.484375,-47.36328125
277.0546875,-25.87890625,-26.3671875,-32.71484375,-33.69140625
277.05859375,-5.859375,-27.34375,-25.87890625,-9.765625
277.0625,-20.01953125,-29.296875,-18.5546875,-26.3671875
277.06640625,-40.0390625,-30.2734375,-20.5078125,-59.5703125
277.0703125,-33.69140625,-24.4140625,-10.7421875,-41.015625
277.07421875,-21.97265625,-20.01953125,-9.765625,-26.3671875
277.078125,-21.97265625,-26.3671875,-9.27734375,-34.66796875
277.08203125,-24.4140625,-37.109375,-8.30078125,-47.8515625
277.0859375,-39.55078125,-34.66796875,-12.6953125,-40.52734375
277.08984375,-57.6171875,-28.3203125,-21.484375,-36.62109375
277.09375,-47.36328125,-27.83203125,-23.92578125,-28.80859375
277.09765625,-43.9453125,-42.48046875,-33.203125,-19.04296875
277.1015625,-34.1796875,-40.0390625,-36.1328125,-26.85546875
277.10546875,-30.76171875,-25.87890625,-30.2734375,-29.78515625
277.109375,-46.38671875,-31.73828125,-22.4609375,-20.99609375
277.11328125,-35.15625,-28.80859375,-15.625,-15.625
277.1171875,-41.015625,-21.97265625,-14.16015625,-27.83203125
277.12109375,-58.10546875,-16.11328125,-34.1796875,-35.15625
277.125,-35.64453125,-18.06640625,-59.5703125,-42.48046875
277.12890625,-43.9453125,-23.4375,-38.57421875,-26.3671875
277.1328125,-37.59765625,-27.34375,-27.34375,-9.765625
277.13671875,-15.13671875,-41.015625,-30.2734375,-12.20703125
277.140625,-28.3203125,-35.15625,-25.87890625,-41.50390625
277.14453125,-24.90234375,-24.90234375,-12.20703125,-52.734375
277.1484375,-27.34375,-30.2734375,4.8828125,-43.45703125
277.15234375,-40.0390625,-30.2734375,-0.48828125,-55.6640625
277.15625,-34.66796875,-27.83203125,-13.671875,-64.453125
277.16015625,-25.390625,-24.90234375,-36.62109375,-29.296875
277.1640625,4.39453125,-22.94921875,-44.921875,-11.23046875
277.16796875,3.90625,-36.62109375,-22.4609375,-42.48046875
277.171875,-26.85546875,-37.109375,-14.6484375,-36.1328125
277.17578125,-19.53125,-24.4140625,-15.625,-11.71875
277.1796875,4.39453125,-24.90234375,-17.08984375,-52.734375
277.18359375,6.34765625,-32.2265625,-25.87890625,-51.26953125
277.1875,3.41796875,-41.50390625,-36.62109375,-41.50390625
277.19140625,6.34765625,-46.38671875,-39.55078125,-35.64453125
277.1953125,-16.6015625,-41.015625,-58.59375,-3.41796875
277.19921875,-27.83203125,-29.296875,-62.98828125,-11.23046875
277.203125,-5.859375,-15.625,-47.36328125,-22.94921875
277.20703125,1.953125,-17.08984375,-39.0625,-20.99609375
277.2109375,18.06640625,-19.04296875,-61.5234375,3.90625
277.21484375,30.2734375,-26.85546875,-68.84765625,5.859375
277.21875,20.99609375,-38.0859375,-33.69140625,-25.87890625
277.22265625,8.7890625,-29.296875,-16.6015625,-8.7890625
277.2265625,-8.30078125,-27.34375,-31.25,9.765625
277.23046875,-20.99609375,-27.83203125,-36.1328125,-41.015625
277.234375,9.27734375,-18.06640625,-24.4140625,-67.3828125
277.23828125,28.80859375,-18.5546875,-23.92578125,-41.015625
277.2421875,21.484375,-32.2265625,-17.578125,-0.48828125
277.24609375,13.671875,-23.92578125,-21.97265625,-12.6953125
277.25,35.15625,-6.8359375,-38.0859375,-32.2265625
277.25390625,44.921875,-5.859375,-41.50390625,-4.8828125
277.2578125,21.484375,-7.32421875,-37.59765625,-2.44140625
277.26171875,21.97265625,-12.6953125,-19.53125,8.30078125
277.265625,34.66796875,-6.34765625,-5.859375,22.4609375
277.26953125,54.6875,-7.8125,-13.671875,-6.8359375
277.2734375,43.9453125,-12.20703125,-45.41015625,27.34375
277.27734375,52.24609375,-23.4375,-47.36328125,4.39453125
277.28125,24.90234375,-46.38671875,-3.41796875,-50.29296875
277.28515625,-14.6484375,-34.1796875,-6.8359375,-14.16015625
277.2890625,39.0625,-22.4609375,-60.546875,38.57421875
277.29296875,94.23828125,-41.50390625,-71.2890625,-8.7890625
277.296875,83.0078125,-30.76171875,-43.45703125,-35.15625
277.30078125,53.7109375,5.37109375,-18.5546875,18.5546875
277.3046875,17.08984375,7.8125,4.39453125,-7.8125
277.30859375,-9.27734375,-37.109375,-13.671875,-27.83203125
277.3125,-11.23046875,-50.29296875,-45.41015625,-58.59375
277.31640625,-57.12890625,-6.34765625,-34.1796875,-162.109375
277.3203125,-93.26171875,14.16015625,-17.08984375,-174.8046875
277.32421875,-96.19140625,-6.8359375,-25.390625,-118.1640625
277.328125,-121.58203125,-7.32421875,-83.0078125,-139.6484375
277.33203125,-137.6953125,1.953125,-104.4921875,-166.9921875
277.3359375,-104.98046875,10.7421875,-79.1015625,-160.64453125
277.33984375,-134.765625,-12.20703125,-36.1328125,-181.640625
277.34375,-189.453125,-13.18359375,-27.83203125,-234.86328125
277.34765625,-202.1484375,23.92578125,-70.3125,-254.8828125
277.3515625,-161.62109375,29.78515625,-76.66015625,-213.37890625
277.35546875,-57.6171875,17.08984375,-69.82421875,-100.09765625
277.359375,-77.1484375,47.36328125,-62.01171875,-142.578125
277.36328125,-94.7265625,79.1015625,-55.6640625,-257.32421875
277.3671875,-41.015625,49.31640625,-50.78125,-237.79296875
277.37109375,-52.24609375,51.7578125,-56.640625,-180.6640625
277.375,-120.1171875,65.4296875,-77.63671875,-166.015625
277.37890625,-130.37109375,65.4296875,-81.54296875,-138.671875
277.3828125,-117.67578125,64.94140625,-74.21875,-106.93359375
277.38671875,-110.83984375,64.453125,-94.23828125,-154.296875
277.390625,-84.9609375,79.1015625,-105.46875,-189.453125
277.39453125,-62.01171875,85.44921875,-102.5390625,-159.1796875
277.3984375,-48.828125,77.63671875,-105.46875,-93.75
277.40234375,-47.36328125,66.89453125,-87.40234375,-90.33203125
277.40625,-59.08203125,64.453125,-78.61328125,-120.1171875
277.41015625,-68.84765625,69.82421875,-84.9609375,-61.5234375
277.4140625,-70.80078125,67.3828125,-72.265625,-51.7578125
277.41796875,-46.875,58.10546875,-59.5703125,-84.9609375
277.421875,-21.97265625,41.015625,-60.05859375,-62.98828125
277.42578125,6.34765625,34.66796875,-62.01171875,-27.83203125
277.4296875,61.5234375,45.41015625,-58.10546875,13.18359375
277.43359375,45.41015625,31.25,-49.31640625,-5.37109375
277.4375,40.52734375,16.11328125,-51.7578125,-25.390625
277.44140625,73.2421875,30.76171875,-48.828125,7.32421875
277.4453125,64.453125,36.62109375,-31.73828125,28.80859375
277.44921875,96.19140625,35.64453125,-27.83203125,8.7890625
277.453125,115.234375,42.96875,-41.9921875,-8.30078125
277.45703125,111.81640625,50.29296875,-38.57421875,22.94921875
277.4609375,127.9296875,49.8046875,-29.296875,69.3359375
277.46484375,120.1171875,46.38671875,-19.53125,64.453125
277.46875,117.1875,36.1328125,-13.18359375,35.64453125
277.47265625,121.09375,18.06640625,-18.06640625,42.48046875
277.4765625,150.390625,11.71875,-24.90234375,61.03515625
277.48046875,146.484375,7.32421875,-18.5546875,65.4296875
277.484375,124.0234375,6.8359375,-9.765625,55.17578125
277.48828125,114.74609375,6.8359375,-19.53125,73.2421875
277.4921875,114.2578125,12.20703125,-33.203125,73.73046875
277.49609375,116.2109375,25.87890625,-31.73828125,87.890625
277.5,111.328125,17.08984375,-31.73828125,111.81640625
277.50390625,61.03515625,-2.9296875,-19.04296875,67.3828125
277.5078125,32.71484375,0.0,-8.30078125,67.3828125
277.51171875,50.29296875,11.71875,-15.625,76.171875
277.515625,61.5234375,5.37109375,-24.90234375,85.9375
277.51953125,50.78125,-19.53125,-45.8984375,97.16796875
277.5234375,15.625,-24.90234375,-61.03515625,44.921875
277.52734375,11.71875,-20.99609375,-46.38671875,41.50390625
277.53125,20.5078125,-15.13671875,-30.2734375,52.734375
277.53515625,35.64453125,-9.27734375,-40.52734375,63.4765625
277.5390625,57.6171875,-7.8125,-60.05859375,73.73046875
277.54296875,65.91796875,-16.6015625,-52.734375,56.15234375
277.546875,26.3671875,-21.484375,-26.3671875,51.7578125
277.55078125,15.625,-17.578125,-18.06640625,52.24609375
277.5546875,40.52734375,-23.4375,-37.59765625,46.875
277.55859375,75.68359375,-41.9921875,-36.62109375,49.8046875
277.5625,78.125,-51.26953125,-35.15625,66.40625
277.56640625,58.10546875,-30.2734375,-45.8984375,72.265625
277.5703125,41.015625,-1.46484375,-53.7109375,37.109375
277.57421875,-0.9765625,4.39453125,-42.96875,29.78515625
277.578125,-12.20703125,-11.23046875,-9.27734375,25.390625
277.58203125,0.48828125,-11.71875,-4.39453125,19.04296875
277.5859375,6.34765625,-15.13671875,-24.4140625,21.484375
277.58984375,20.5078125,-20.5078125,-28.3203125,20.5078125
277.59375,26.85546875,-11.71875,-15.625,28.80859375
277.59765625,20.99609375,-27.83203125,-22.4609375,31.25
277.6015625,20.01953125,-42.48046875,-36.1328125,39.55078125
277.60546875,14.6484375,-30.2734375,-31.73828125,35.64453125
277.609375,32.2265625,-19.53125,-33.69140625,26.85546875
277.61328125,35.64453125,-4.8828125,-48.33984375,12.20703125
277.6171875,17.08984375,-15.13671875,-41.015625,20.99609375
277.62109375,9.27734375,-31.73828125,-27.83203125,35.64453125
277.625,19.04296875,-34.1796875,-27.83203125,17.08984375
277.62890625,18.06640625,-41.015625,-33.203125,3.90625
277.6328125,35.64453125,-41.015625,-42.48046875,33.203125
277.63671875,-2.44140625,-33.203125,-70.80078125,36.62109375
277.640625,-11.23046875,-26.3671875,-50.29296875,27.83203125
277.64453125,5.37109375,-16.6015625,-4.39453125,42.48046875
277.6484375,9.765625,-10.25390625,8.30078125,34.66796875
277.65234375,14.16015625,-19.04296875,-2.44140625,27.34375
277.65625,25.87890625,-28.3203125,-20.01953125,36.62109375
277.66015625,23.92578125,-33.203125,-13.18359375,40.52734375
277.6640625,27.83203125,-29.296875,-19.53125,29.296875
277.66796875,42.96875,-24.4140625,-47.8515625,30.76171875
277.671875,24.90234375,-29.296875,-38.57421875,42.48046875
277.67578125,23.4375,-28.80859375,-19.04296875,69.82421875
277.6796875,12.20703125,-37.59765625,-29.78515625,113.76953125
277.68359375,-16.6015625,-35.15625,-34.1796875,269.04296875
277.6875,-18.06640625,-24.4140625,-31.25,506.34765625
277.69140625,-2.9296875,-33.203125,-30.76171875,568.84765625
277.6953125,-9.27734375,-27.83203125,-27.83203125,551.26953125
277.69921875,-20.5078125,-24.90234375,-33.69140625,558.10546875
277.703125,-5.859375,-30.2734375,-43.9453125,520.5078125
277.70703125,-7.32421875,-45.41015625,-45.41015625,469.7265625
277.7109375,-13.671875,-67.87109375,-48.828125,428.7109375
277.71484375,-6.34765625,-71.2890625,-67.87109375,399.4140625
277.71875,-6.34765625,-82.51953125,-77.1484375,371.58203125
277.72265625,-39.55078125,-93.75,-82.51953125,328.61328125
277.7265625,-84.9609375,-76.66015625,-80.56640625,285.64453125
277.73046875,-76.171875,-70.80078125,-59.08203125,262.6953125
277.734375,-48.33984375,-83.0078125,-62.01171875,237.3046875
277.73828125,-36.62109375,-83.984375,-84.47265625,236.328125
277.7421875,-23.92578125,-84.47265625,-85.44921875,206.0546875
277.74609375,-41.50390625,-96.6796875,-83.984375,187.98828125
277.75,-25.390625,-92.28515625,-72.75390625,194.82421875
277.75390625,-25.390625,-77.1484375,-61.03515625,158.203125
277.7578125,-61.03515625,-80.078125,-69.82421875,159.66796875
277.76171875,-50.78125,-81.0546875,-69.82421875,143.06640625
277.765625,-24.4140625,-85.44921875,-57.12890625,99.609375
277.76953125,-39.55078125,-79.58984375,-57.12890625,115.72265625
277.7734375,-92.28515625,-63.96484375,-70.3125,125.48828125
277.77734375,-112.79296875,-60.546875,-65.91796875,96.6796875
277.78125,-96.6796875,-57.12890625,-54.19921875,103.02734375
277.78515625,-89.84375,-56.640625,-72.265625,122.55859375
277.7890625,-104.98046875,-66.89453125,-76.66015625,80.078125
277.79296875,-115.234375,-76.171875,-46.875,41.015625
277.796875,-117.67578125,-83.984375,-42.96875,40.0390625
277.80078125,-111.81640625,-71.2890625,-41.9921875,53.7109375
277.8046875,-99.12109375,-54.19921875,-39.55078125,43.45703125
277.80859375,-80.56640625,-49.31640625,-43.45703125,46.875
277.8125,-51.7578125,-51.26953125,-38.0859375,60.05859375
277.81640625,-51.26953125,-54.6875,-40.52734375,61.5234375
277.8203125,-56.15234375,-44.921875,-44.921875,43.45703125
277.82421875,-73.2421875,-34.66796875,-31.25,19.53125
277.828125,-90.8203125,-36.62109375,-26.85546875,7.32421875
277.83203125,-81.54296875,-33.203125,-35.15625,-8.7890625
277.8359375,-55.17578125,-27.83203125,-36.62109375,16.6015625
277.83984375,-53.7109375,-26.85546875,-45.8984375,-4.39453125
277.84375,-45.8984375,-24.90234375,-50.78125,-5.859375
277.84765625,-50.29296875,-19.53125,-50.29296875,-10.7421875
277.8515625,-58.59375,-25.390625,-47.8515625,-9.27734375
277.85546875,-50.78125,-33.69140625,-41.015625,-4.39453125
277.859375,-48.33984375,-35.64453125,-42.48046875,-18.06640625
277.86328125,-46.38671875,-36.62109375,-40.0390625,30.2734375
277.8671875,-45.41015625,-35.15625,-39.0625,25.390625
277.87109375,-37.109375,-27.83203125,-51.26953125,-23.92578125
277.875,-31.73828125,-23.92578125,-58.10546875,-32.71484375
277.87890625,-19.04296875,-20.99609375,-72.75390625,-8.7890625
277.8828125,3.41796875,-27.83203125,-60.546875,32.71484375
277.88671875,10.7421875,-39.0625,-43.9453125,21.97265625
277.890625,-2.9296875,-30.76171875,-51.26953125,-23.4375
277.89453125,-39.0625,-8.7890625,-36.1328125,-6.34765625
277.8984375,-53.7109375,-13.18359375,-13.18359375,7.8125
277.90234375,-36.1328125,-21.484375,-18.5546875,-20.01953125
277.90625,-44.43359375,-16.6015625,-20.99609375,-35.64453125
277.91015625,-42.48046875,-22.94921875,-25.87890625,-4.8828125
277.9140625,-5.37109375,-26.85546875,-47.36328125,12.6953125
277.91796875,0.9765625,-34.66796875,-51.7578125,5.37109375
277.921875,-12.20703125,-38.57421875,-37.109375,-14.6484375
277.92578125,-8.7890625,-30.76171875,-39.0625,-21.97265625
277.9296875,5.859375,-24.90234375,-59.08203125,-21.484375
277.93359375,1.953125,-24.90234375,-57.6171875,-24.90234375
277.9375,-3.41796875,-32.2265625,-36.1328125,-40.0390625
277.94140625,-1.953125,-41.015625,-22.4609375,-30.2734375
277.9453125,-2.44140625,-40.52734375,-25.390625,-17.08984375
277.94921875,15.13671875,-34.1796875,-26.3671875,-27.83203125
277.953125,13.671875,-33.69140625,-29.296875,-25.87890625
277.95703125,-28.3203125,-35.15625,-36.1328125,-27.34375
277.9609375,-21.484375,-33.203125,-37.109375,-28.3203125
277.96484375,-23.4375,-30.2734375,-30.2734375,-25.87890625
277.96875,-46.38671875,-29.296875,-37.109375,-42.48046875
277.97265625,-2.44140625,-28.80859375,-57.6171875,-24.90234375
277.9765625,5.859375,-39.55078125,-50.78125,-11.23046875
277.98046875,-27.83203125,-46.875,-36.1328125,-18.5546875
277.984375,-21.484375,-38.57421875,-43.9453125,-8.7890625
277.98828125,-2.9296875,-38.57421875,-59.08203125,-27.34375
277.9921875,-13.671875,-41.9921875,-62.01171875,-86.9140625
277.99609375,-21.97265625,-45.8984375,-36.62109375,-110.83984375
278.0,-31.73828125,-41.50390625,-10.7421875,-159.66796875
278.00390625,-31.73828125,-24.4140625,-5.37109375,-188.96484375
278.0078125,14.16015625,-15.13671875,-25.390625,-171.38671875
278.01171875,49.8046875,-12.6953125,-40.52734375,-156.25
278.015625,21.97265625,-26.85546875,-43.45703125,-174.8046875
278.01953125,-10.7421875,-38.0859375,-24.90234375,-225.09765625
278.0234375,-33.203125,-45.8984375,-5.859375,-224.609375
278.02734375,-32.71484375,-44.921875,-2.44140625,-193.359375
278.03125,-54.6875,-36.1328125,-5.37109375,-233.88671875
278.03515625,-79.58984375,-37.59765625,-13.671875,-241.69921875
278.0390625,-60.546875,-46.38671875,-12.20703125,-196.2890625
278.04296875,-48.33984375,-51.26953125,7.8125,-214.35546875
278.046875,-40.52734375,-57.6171875,15.625,-230.95703125
278.05078125,-55.17578125,-48.828125,-40.52734375,-172.36328125
278.0546875,-41.9921875,-36.62109375,-31.25,-138.671875
278.05859375,-73.2421875,-53.7109375,37.59765625,-200.1953125
278.0625,-111.81640625,-71.77734375,59.08203125,-231.4453125
278.06640625,-94.23828125,-67.3828125,31.73828125,-219.7265625
278.0703125,-101.5625,-60.546875,12.20703125,-202.63671875
278.07421875,-79.1015625,-66.40625,36.62109375,-193.84765625
278.078125,-66.40625,-60.546875,33.69140625,-206.0546875
278.08203125,-55.6640625,-49.8046875,16.6015625,-192.87109375
278.0859375,-30.2734375,-49.31640625,16.11328125,-151.85546875
278.08984375,-50.78125,-44.43359375,16.11328125,-147.94921875
278.09375,-64.453125,-39.0625,17.578125,-161.62109375
278.09765625,-72.75390625,-34.1796875,17.08984375,-167.96875
278.1015625,-59.5703125,-26.3671875,6.8359375,-177.24609375
278.10546875,-41.9921875,-22.4609375,-5.859375,-149.90234375
278.109375,-45.8984375,-37.109375,-1.46484375,-110.3515625
278.11328125,-49.31640625,-41.9921875,-2.44140625,-121.09375
278.1171875,-76.66015625,-31.25,-7.32421875,-122.0703125
278.12109375,-86.42578125,-15.625,-12.6953125,-90.33203125
278.125,-44.43359375,-13.18359375,-23.4375,-46.38671875
278.12890625,-25.390625,-9.765625,-16.6015625,-44.43359375
278.1328125,-35.64453125,-12.20703125,-14.6484375,-47.36328125
278.13671875,-27.83203125,-26.3671875,-34.1796875,-52.24609375
278.140625,-33.69140625,-23.92578125,-18.06640625,-67.87109375
278.14453125,-10.7421875,-21.484375,-10.25390625,-34.1796875
278.1484375,-10.25390625,-24.90234375,-27.83203125,-21.97265625
278.15234375,-36.1328125,-26.85546875,-17.578125,-59.08203125
278.15625,-28.80859375,-25.390625,-3.41796875,-84.47265625
278.16015625,-9.27734375,-38.0859375,-23.4375,-102.05078125
278.1640625,-2.44140625,-35.15625,-35.15625,-85.44921875
278.16796875,0.48828125,-32.71484375,-26.85546875,-84.47265625
278.171875,-5.859375,-41.015625,-23.92578125,-87.890625
278.17578125,-6.8359375,-26.3671875,-38.0859375,-83.0078125
278.1796875,-10.7421875,-15.625,-56.640625,-81.54296875
278.18359375,-34.66796875,-19.53125,-62.98828125,-62.01171875
278.1875,-44.43359375,-14.16015625,-46.38671875,-57.6171875
278.19140625,-34.1796875,-10.7421875,-40.52734375,-98.6328125
278.1953125,-22.94921875,-10.7421875,-39.55078125,-72.75390625
278.19921875,-33.203125,-10.7421875,-17.08984375,-63.4765625
278.203125,-50.78125,-16.11328125,-22.94921875,-104.4921875
278.20703125,-22.94921875,-20.01953125,-32.2265625,-64.453125
278.2109375,1.953125,-9.27734375,-52.734375,-23.92578125
278.21484375,-9.27734375,-1.46484375,-49.31640625,-51.26953125
278.21875,-19.53125,-14.16015625,-12.20703125,-60.05859375
278.22265625,-26.3671875,-22.4609375,-15.13671875,-41.9921875
278.2265625,6.8359375,-18.5546875,-42.48046875,-25.87890625
278.23046875,-23.92578125,-14.6484375,-33.203125,-4.8828125
278.234375,-75.1953125,-16.6015625,-28.3203125,-84.9609375
278.23828125,-59.08203125,-8.30078125,-46.875,-89.84375
278.2421875,-43.9453125,-7.32421875,-34.66796875,-36.1328125
278.24609375,-56.640625,-13.18359375,-30.76171875,-63.96484375
278.25,-69.82421875,-15.13671875,-40.0390625,-80.078125
278.25390625,-37.59765625,-23.4375,-29.78515625,-83.984375
278.2578125,-35.64453125,-29.78515625,-19.04296875,-67.87109375
278.26171875,-53.22265625,-22.4609375,-38.0859375,-77.63671875
278.265625,-69.82421875,-20.5078125,-49.31640625,-83.49609375
278.26953125,-53.22265625,-39.55078125,-29.78515625,-56.15234375
278.2734375,9.765625,-31.25,-28.80859375,-23.4375
278.27734375,-7.8125,-20.5078125,-18.5546875,-30.2734375
278.28125,-34.66796875,-11.71875,-17.578125,-101.07421875
278.28515625,-29.78515625,-6.34765625,-29.296875,-85.9375
278.2890625,-55.17578125,-13.18359375,-26.85546875,-45.41015625
278.29296875,-45.41015625,-12.20703125,-27.34375,-55.6640625
278.296875,3.41796875,-4.8828125,-37.109375,-27.34375
278.30078125,48.33984375,-2.9296875,-38.0859375,-8.7890625
278.3046875,30.2734375,-4.8828125,-24.4140625,-40.0390625
278.30859375,-40.0390625,0.48828125,-10.7421875,-70.3125
278.3125,-34.1796875,-9.765625,2.44140625,-63.4765625
278.31640625,-7.32421875,-19.53125,1.953125,-71.2890625
278.3203125,-19.04296875,-20.99609375,-3.90625,-59.08203125
278.32421875,-11.23046875,-25.87890625,2.44140625,-21.484375
278.328125,13.18359375,-21.97265625,-8.30078125,-46.38671875
278.33203125,1.46484375,-21.97265625,-20.01953125,-71.2890625
278.3359375,-23.4375,-20.5078125,-8.7890625,-61.5234375
278.33984375,18.06640625,-20.01953125,-0.48828125,-27.83203125
278.34375,26.3671875,-18.06640625,-0.48828125,-4.39453125
278.34765625,-9.27734375,-22.94921875,0.48828125,0.9765625
278.3515625,-7.32421875,-23.92578125,-4.39453125,20.01953125
278.35546875,3.41796875,-10.7421875,-12.6953125,-4.8828125
278.359375,15.13671875,-1.46484375,-14.16015625,8.30078125
278.36328125,25.87890625,-0.48828125,-28.80859375,-34.66796875
278.3671875,16.6015625,-8.30078125,-14.16015625,-73.2421875
278.37109375,19.53125,-15.625,18.5546875,-55.17578125
278.375,23.92578125,-17.578125,8.7890625,-53.7109375
278.37890625,22.4609375,-18.5546875,3.41796875,-55.6640625
278.3828125,48.828125,-10.25390625,4.8828125,-40.52734375
278.38671875,77.63671875,-4.39453125,-1.46484375,-43.9453125
278.390625,70.3125,-10.25390625,-1.953125,-28.3203125
278.39453125,43.45703125,-8.30078125,-9.765625,-35.64453125
278.3984375,38.0859375,-8.7890625,-16.6015625,-59.08203125
278.40234375,70.3125,-20.01953125,0.0,-25.390625
278.40625,85.44921875,-16.6015625,-1.46484375,-16.6015625
278.41015625,84.47265625,-8.7890625,-21.484375,-48.33984375
278.4140625,67.3828125,-17.578125,-18.06640625,-45.41015625
278.41796875,30.2734375,-22.94921875,-6.8359375,5.859375
278.421875,40.52734375,-14.6484375,-10.7421875,-16.6015625
278.42578125,38.57421875,-7.32421875,-13.18359375,-31.25
278.4296875,58.10546875,-3.90625,-21.97265625,-41.9921875
278.43359375,70.3125,-1.953125,-22.4609375,-75.1953125
278.4375,51.7578125,0.48828125,-23.92578125,-41.50390625
278.44140625,73.73046875,6.34765625,-36.62109375,-19.53125
278.4453125,60.546875,-9.765625,-19.53125,-43.45703125
278.44921875,38.0859375,-25.87890625,10.25390625,-47.8515625
278.453125,37.59765625,-21.97265625,9.765625,-41.015625
278.45703125,49.31640625,-11.23046875,-4.39453125,-45.41015625
278.4609375,46.38671875,-16.11328125,-11.71875,-48.33984375
278.46484375,25.87890625,-25.390625,-14.6484375,-25.87890625
278.46875,50.29296875,-24.4140625,-35.15625,-16.11328125
278.47265625,49.31640625,-24.90234375,-41.9921875,-52.734375
278.4765625,39.0625,-23.4375,-17.578125,-77.1484375
278.48046875,45.8984375,-19.04296875,-14.16015625,-28.80859375
278.484375,15.625,-14.6484375,-9.765625,32.2265625
278.48828125,-8.30078125,-15.625,-12.20703125,-6.8359375
278.4921875,22.4609375,-13.671875,-25.87890625,-57.12890625
278.49609375,49.8046875,-7.32421875,-20.5078125,-23.4375
278.5,22.4609375,-3.41796875,-9.27734375,-22.94921875
278.50390625,-24.90234375,-7.8125,5.37109375,-60.05859375
278.5078125,-11.71875,-15.13671875,9.27734375,-48.828125
278.51171875,-10.7421875,-15.13671875,-1.953125,-40.52734375
278.515625,-8.7890625,-4.39453125,-7.32421875,-26.3671875
278.51953125,13.18359375,-7.32421875,-4.39453125,-27.83203125
278.5234375,-31.73828125,-16.6015625,2.9296875,-20.99609375
278.52734375,-58.10546875,-25.87890625,-20.5078125,-36.62109375
278.53125,0.48828125,-29.78515625,-40.0390625,-91.30859375
278.53515625,-21.484375,-17.08984375,-20.01953125,-82.51953125
278.5390625,-57.12890625,-16.6015625,-5.37109375,-67.87109375
278.54296875,-24.90234375,-18.5546875,0.0,-39.55078125
278.546875,-15.13671875,-17.08984375,7.8125,-24.90234375
278.55078125,-15.13671875,-20.99609375,5.859375,-36.62109375
278.5546875,-29.296875,-31.73828125,6.34765625,-57.12890625
278.55859375,-39.55078125,-26.3671875,5.859375,-35.64453125
278.5625,-32.71484375,-18.06640625,12.6953125,-12.6953125
278.56640625,-38.57421875,-18.5546875,3.41796875,-60.546875
278.5703125,-32.2265625,-29.78515625,-3.41796875,-56.15234375
278.57421875,-23.92578125,-28.80859375,-5.859375,-24.90234375
278.578125,-45.8984375,-17.578125,-25.87890625,-58.59375
278.58203125,-44.921875,-24.4140625,-25.87890625,-64.453125
278.5859375,-9.765625,-36.1328125,-9.27734375,-23.92578125
278.58984375,-23.92578125,-38.57421875,2.9296875,-19.53125
278.59375,-39.0625,-25.390625,7.32421875,-26.85546875
278.59765625,-19.04296875,-26.3671875,-4.39453125,-28.3203125
278.6015625,-31.73828125,-38.57421875,-23.4375,-13.18359375
278.60546875,-53.22265625,-34.66796875,-12.6953125,-0.9765625
278.609375,-45.41015625,-22.94921875,9.27734375,-17.08984375
278.61328125,-50.78125,-15.625,14.16015625,-47.36328125
278.6171875,-44.43359375,-11.71875,11.71875,-41.015625
278.62109375,-27.83203125,-10.7421875,7.8125,-34.66796875
278.625,-34.66796875,-14.6484375,-15.625,-46.875
278.62890625,-33.69140625,-20.5078125,-29.296875,-43.45703125
278.6328125,-30.2734375,-26.85546875,-11.23046875,-16.6015625
278.63671875,-58.10546875,-36.1328125,-2.9296875,-19.04296875
278.640625,-51.7578125,-32.2265625,-9.765625,-8.30078125
278.64453125,-26.85546875,-21.97265625,0.0,-41.50390625
278.6484375,-38.57421875,-32.2265625,15.13671875,-57.6171875
278.65234375,-39.55078125,-39.55078125,16.6015625,5.859375
278.65625,-21.97265625,-24.4140625,4.39453125,0.9765625
278.66015625,-42.48046875,-13.18359375,-10.25390625,-44.921875
278.6640625,-42.96875,-23.92578125,-5.859375,-35.64453125
278.66796875,-18.5546875,-20.99609375,-27.34375,-41.015625
278.671875,-53.22265625,-3.41796875,-50.29296875,-52.734375
278.67578125,-68.359375,-10.25390625,-28.80859375,-42.48046875
278.6796875,-46.38671875,-23.4375,-6.8359375,-69.3359375
278.68359375,-63.96484375,-18.5546875,-21.97265625,-77.1484375
278.6875,-62.98828125,-4.39453125,-31.73828125,-64.94140625
278.69140625,-52.734375,4.39453125,-26.85546875,-75.68359375
278.6953125,-51.26953125,6.8359375,-30.2734375,-78.61328125
278.69921875,-85.9375,11.71875,-34.1796875,-83.984375
278.703125,-100.09765625,11.71875,-44.921875,-97.16796875
278.70703125,-52.734375,3.41796875,-71.2890625,-113.28125
278.7109375,-19.53125,-4.39453125,-74.21875,-88.37890625
278.71484375,-23.4375,-3.41796875,-57.6171875,-80.56640625
278.71875,-40.52734375,4.8828125,-47.36328125,-73.2421875
278.72265625,-31.73828125,8.30078125,-52.24609375,-24.90234375
278.7265625,-5.37109375,4.8828125,-76.171875,-22.4609375
278.73046875,-11.71875,1.46484375,-62.01171875,-43.45703125
278.734375,-27.34375,-1.953125,-38.57421875,-42.96875
278.73828125,-17.578125,2.9296875,-41.015625,-83.0078125
278.7421875,-17.578125,0.0,-34.1796875,-77.1484375
278.74609375,-25.87890625,-6.8359375,-35.64453125,-28.3203125
278.75,-28.80859375,-7.32421875,-37.59765625,-17.578125
278.75390625,-26.3671875,-6.34765625,-32.2265625,-10.7421875
278.7578125,-31.25,-7.32421875,-35.15625,-31.73828125
278.76171875,-16.11328125,-10.25390625,-35.15625,-51.7578125
278.765625,14.16015625,-4.39453125,-30.2734375,-44.921875
278.76953125,-6.8359375,0.9765625,-32.71484375,-23.92578125
278.7734375,-20.99609375,-6.34765625,-39.55078125,-39.55078125
278.77734375,-33.69140625,-16.11328125,-19.04296875,-19.53125
278.78125,-54.19921875,-16.6015625,6.34765625,-6.8359375
278.78515625,-38.0859375,-13.18359375,0.9765625,-103.02734375
278.7890625,-4.8828125,-10.7421875,-18.06640625,-86.9140625
278.79296875,-12.20703125,-1.46484375,-26.3671875,-5.859375
278.796875,-12.6953125,-2.44140625,-8.7890625,24.90234375
278.80078125,2.44140625,-10.7421875,-9.27734375,9.27734375
278.8046875,-7.32421875,-13.671875,-9.765625,10.7421875
278.80859375,-0.48828125,-12.20703125,-2.9296875,41.50390625
278.8125,3.90625,-6.34765625,-12.20703125,-2.44140625
278.81640625,3.41796875,-10.25390625,-16.11328125,-37.59765625
278.8203125,1.953125,-13.18359375,-21.97265625,-16.11328125
278.82421875,-12.20703125,-16.11328125,-21.484375,19.04296875
278.828125,-9.27734375,-25.390625,-23.4375,-22.4609375
278.83203125,-35.64453125,-31.25,-33.69140625,-48.33984375
278.8359375,-50.29296875,-28.80859375,-15.625,-4.8828125
278.83984375,14.6484375,-18.5546875,2.44140625,19.53125
278.84375,3.90625,-20.01953125,1.953125,11.23046875
278.84765625,-42.96875,-34.66796875,-8.30078125,-4.8828125
278.8515625,-38.57421875,-47.8515625,-17.08984375,-25.87890625
278.85546875,-26.85546875,-33.203125,-14.6484375,-15.625
278.859375,-29.78515625,-18.5546875,-18.06640625,-31.73828125
278.86328125,-37.59765625,-22.94921875,-36.62109375,-50.78125
278.8671875,-17.578125,-21.97265625,-33.69140625,-27.83203125
278.87109375,20.01953125,-19.53125,-3.90625,11.23046875
278.875,7.32421875,-24.90234375,-2.44140625,17.578125
278.87890625,-49.31640625,-21.97265625,-15.13671875,-40.52734375
278.8828125,-71.2890625,-18.5546875,-21.97265625,-56.15234375
278.88671875,-46.38671875,-18.5546875,-18.06640625,-20.01953125
278.890625,-18.06640625,-21.97265625,-9.765625,-7.32421875
278.89453125,-41.50390625,-25.87890625,-13.671875,8.30078125
278.8984375,-52.734375,-25.390625,-15.13671875,-1.953125
278.90234375,-61.5234375,-29.296875,-23.4375,-15.13671875
278.90625,-34.66796875,-31.73828125,-18.5546875,9.765625
278.91015625,17.08984375,-28.3203125,-4.8828125,-42.96875
278.9140625,10.7421875,-20.01953125,-20.99609375,-62.01171875
278.91796875,3.41796875,-18.06640625,-23.92578125,-4.39453125
278.921875,1.46484375,-16.11328125,-24.4140625,11.71875
278.92578125,-26.3671875,-16.11328125,-34.66796875,-22.94921875
278.9296875,-55.17578125,-37.59765625,-19.53125,-35.64453125
278.93359375,-36.62109375,-45.8984375,-11.71875,-18.06640625
278.9375,15.13671875,-30.76171875,-18.06640625,29.296875
278.94140625,2.9296875,-31.25,-23.92578125,0.0
278.9453125,-18.5546875,-32.2265625,-25.87890625,-63.96484375
278.94921875,-10.25390625,-21.97265625,-13.18359375,-33.69140625
278.953125,-14.16015625,-14.6484375,-3.90625,-23.92578125
278.95703125,-10.25390625,-22.94921875,-8.7890625,-18.06640625
278.9609375,-11.71875,-24.90234375,-16.6015625,-11.23046875
278.96484375,-9.27734375,-16.6015625,-15.13671875,-32.2265625
278.96875,-8.30078125,-24.4140625,-20.5078125,-38.57421875
278.97265625,-26.3671875,-32.71484375,-19.53125,20.5078125
278.9765625,25.87890625,-13.18359375,-21.484375,22.94921875
278.98046875,36.62109375,-12.20703125,-40.0390625,-5.37109375
278.984375,-17.578125,-25.87890625,-12.6953125,20.01953125
278.98828125,-25.390625,-18.06640625,13.671875,18.06640625
278.9921875,-1.46484375,-4.8828125,0.0,3.41796875
278.99609375,1.953125,3.41796875,-0.48828125,8.7890625
279.0,2.9296875,-0.48828125,5.37109375,5.37109375
279.00390625,17.578125,-1.953125,13.671875,-0.48828125
279.0078125,5.37109375,-1.46484375,-3.90625,-7.32421875
279.01171875,0.0,-13.18359375,-7.8125,-9.27734375
279.015625,-4.39453125,-15.13671875,-1.46484375,-17.578125
279.01953125,4.8828125,-12.6953125,-5.37109375,-21.97265625
279.0234375,38.57421875,-4.39453125,-17.578125,-3.90625
279.02734375,34.1796875,4.8828125,-11.71875,16.11328125
279.03125,12.20703125,1.953125,0.48828125,31.25
279.03515625,2.44140625,-0.48828125,-18.5546875,-6.34765625
279.0390625,3.90625,-1.46484375,-25.390625,2.9296875
279.04296875,7.8125,-4.39453125,-4.8828125,0.0
279.046875,20.5078125,-9.27734375,6.34765625,-12.20703125
279.05078125,21.97265625,0.0,3.41796875,13.18359375
279.0546875,21.97265625,0.0,14.6484375,30.2734375
279.05859375,20.01953125,-11.71875,18.06640625,19.04296875
279.0625,-21.484375,-22.94921875,0.0,-0.9765625
279.06640625,-9.27734375,-14.16015625,-12.20703125,-9.27734375
279.0703125,9.765625,-3.90625,-7.8125,-21.484375
279.07421875,-1.46484375,-8.7890625,-9.27734375,28.3203125
279.078125,-1.953125,-12.6953125,-12.20703125,42.48046875
279.08203125,-13.18359375,-18.06640625,-15.625,-21.484375
279.0859375,6.8359375,-13.671875,-16.11328125,-23.4375
279.08984375,43.9453125,-14.6484375,-18.5546875,21.484375
279.09375,38.57421875,-20.01953125,-19.53125,29.78515625
279.09765625,13.671875,-18.06640625,0.9765625,-22.4609375
279.1015625,-0.48828125,-18.5546875,8.7890625,-39.55078125
279.10546875,-5.37109375,-20.5078125,10.7421875,-49.8046875
279.109375,20.01953125,-14.16015625,-16.6015625,-19.53125
279.11328125,14.6484375,-6.34765625,-16.6015625,6.34765625
279.1171875,4.8828125,-4.8828125,12.20703125,-3.41796875
279.12109375,14.16015625,-5.859375,14.6484375,-8.7890625
279.125,8.7890625,-13.671875,6.34765625,3.90625
279.12890625,0.0,-16.6015625,1.46484375,4.8828125
279.1328125,10.25390625,-14.6484375,-2.44140625,5.37109375
279.13671875,6.34765625,-18.06640625,-1.953125,12.6953125
279.140625,1.953125,-21.484375,-7.8125,9.765625
279.14453125,-15.13671875,-20.01953125,-20.5078125,-5.37109375
279.1484375,-23.92578125,-20.5078125,-34.66796875,-28.80859375
279.15234375,-5.859375,-17.578125,-41.9921875,-28.3203125
279.15625,-8.30078125,-24.90234375,-21.97265625,-27.83203125
279.16015625,11.23046875,-20.5078125,-12.20703125,-0.9765625
279.1640625,15.625,-6.8359375,-25.390625,16.6015625
279.16796875,-4.39453125,-11.71875,-17.08984375,-0.48828125
279.171875,-1.953125,-22.4609375,4.8828125,9.765625
279.17578125,-0.48828125,-11.23046875,1.953125,12.20703125
279.1796875,8.7890625,-3.90625,-18.06640625,-28.3203125
279.18359375,21.97265625,-6.8359375,-20.01953125,-44.43359375
279.1875,9.27734375,-9.765625,-12.6953125,-20.01953125
279.19140625,-0.48828125,-16.6015625,-12.6953125,16.6015625
279.1953125,13.18359375,-11.23046875,-15.13671875,15.13671875
279.19921875,13.18359375,-5.859375,-20.99609375,-22.4609375
279.203125,11.23046875,-9.765625,-18.5546875,-22.4609375
279.20703125,3.41796875,-13.671875,-6.34765625,9.765625
279.2109375,-1.953125,-11.71875,-1.953125,42.48046875
279.21484375,-9.765625,-9.27734375,-23.92578125,41.50390625
279.21875,4.8828125,-14.16015625,-40.0390625,24.90234375
279.22265625,4.39453125,-17.578125,-16.6015625,0.48828125
279.2265625,-27.83203125,-20.01953125,-6.8359375,-7.32421875
279.23046875,-17.578125,-18.5546875,4.8828125,12.6953125
279.234375,-8.30078125,-16.11328125,9.765625,4.39453125
279.23828125,-0.48828125,-9.27734375,-5.37109375,7.8125
279.2421875,8.30078125,-7.8125,-1.46484375,24.90234375
279.24609375,2.44140625,-15.625,14.16015625,15.625
279.25,-12.20703125,-15.625,5.37109375,-25.87890625
279.25390625,-1.46484375,-9.27734375,-7.8125,-22.94921875
279.2578125,15.625,-4.8828125,-3.90625,13.671875
279.26171875,-11.71875,-10.7421875,-1.46484375,-5.37109375
279.265625,-41.50390625,-10.7421875,9.27734375,-4.39453125
279.26953125,-51.7578125,-3.41796875,8.30078125,38.57421875
279.2734375,-38.57421875,0.0,-1.953125,53.22265625
279.27734375,-12.6953125,-0.48828125,3.41796875,14.16015625
279.28125,-6.34765625,-6.34765625,20.5078125,32.71484375
279.28515625,3.90625,-0.48828125,15.13671875,57.12890625
279.2890625,-8.30078125,4.39453125,24.90234375,49.31640625
279.29296875,-16.6015625,11.71875,54.6875,67.87109375
279.296875,-9.27734375,25.87890625,55.17578125,82.51953125
279.30078125,-24.90234375,20.5078125,56.640625,87.890625
279.3046875,-21.484375,15.625,46.875,64.94140625
279.30859375,-21.97265625,19.53125,18.5546875,32.71484375
279.3125,-46.38671875,20.01953125,31.25,41.015625
279.31640625,-55.6640625,23.92578125,49.8046875,48.828125
279.3203125,-54.6875,24.4140625,42.48046875,46.38671875
279.32421875,-81.0546875,21.97265625,37.109375,58.59375
279.328125,-63.96484375,22.4609375,30.2734375,69.3359375
279.33203125,9.765625,25.390625,0.9765625,30.2734375
279.3359375,-2.44140625,22.4609375,-0.9765625,42.48046875
279.33984375,-30.76171875,9.765625,34.66796875,40.0390625
279.34375,-31.73828125,-2.44140625,39.0625,-9.27734375
279.34765625,-40.0390625,-2.44140625,37.59765625,27.34375
279.3515625,-23.4375,14.6484375,36.1328125,41.015625
279.35546875,33.203125,27.83203125,36.1328125,91.796875
279.359375,13.18359375,20.99609375,38.0859375,95.703125
279.36328125,-42.96875,10.25390625,34.66796875,47.8515625
279.3671875,-41.50390625,6.8359375,35.15625,86.42578125
279.37109375,-46.38671875,4.39453125,29.78515625,38.0859375
279.375,-25.87890625,0.48828125,24.90234375,7.8125
279.37890625,-41.50390625,-10.7421875,39.55078125,24.4140625
279.3828125,-70.3125,-17.08984375,56.640625,20.99609375
279.38671875,-71.2890625,-12.20703125,62.5,62.5
279.390625,-79.1015625,-18.06640625,65.4296875,37.59765625
279.39453125,-75.1953125,-25.390625,73.2421875,33.203125
279.3984375,-72.75390625,-29.296875,86.42578125,43.9453125
279.40234375,-81.0546875,-29.78515625,92.7734375,29.296875
279.40625,-68.84765625,-24.4140625,86.42578125,54.19921875
279.41015625,-54.6875,-20.01953125,67.87109375,26.85546875
279.4140625,-40.0390625,-17.578125,52.734375,-12.20703125
279.41796875,-24.90234375,-19.53125,43.9453125,9.27734375
279.421875,-53.22265625,-17.578125,22.94921875,41.50390625
279.42578125,-85.9375,-10.7421875,12.6953125,25.87890625
279.4296875,-83.984375,-23.92578125,28.80859375,25.390625
279.43359375,-49.31640625,-35.64453125,31.25,-21.484375
279.4375,-57.12890625,-27.34375,17.578125,-41.9921875
279.44140625,-85.44921875,-28.3203125,4.8828125,-29.78515625
279.4453125,-111.328125,-33.203125,2.44140625,-27.83203125
279.44921875,-73.2421875,-24.4140625,9.27734375,-12.6953125
279.453125,-62.01171875,-22.4609375,1.46484375,-21.97265625
279.45703125,-83.984375,-32.2265625,-9.765625,-39.55078125
279.4609375,-60.546875,-30.76171875,-9.27734375,-37.59765625
279.46484375,-48.828125,-24.90234375,-0.9765625,-17.578125
279.46875,-71.2890625,-19.04296875,-4.39453125,-38.0859375
279.47265625,-81.54296875,-19.53125,-11.23046875,-41.015625
279.4765625,-82.51953125,-25.87890625,-15.625,-8.7890625
279.48046875,-120.60546875,-38.0859375,-23.4375,-57.12890625
279.484375,-101.5625,-35.15625,-28.80859375,-80.56640625
279.48828125,-104.00390625,-33.203125,-34.66796875,-43.45703125
279.4921875,-121.09375,-28.80859375,-46.875,-27.34375
279.49609375,-97.65625,-32.71484375,-45.41015625,-46.875
279.5,-108.88671875,-47.8515625,-34.66796875,-53.7109375
279.50390625,-100.5859375,-41.50390625,-20.99609375,-29.78515625
279.5078125,-92.28515625,-28.80859375,-6.34765625,-28.80859375
279.51171875,-119.62890625,-27.34375,0.48828125,-74.70703125
279.515625,-121.09375,-30.76171875,-6.8359375,-54.6875
279.51953125,-108.88671875,-37.59765625,-18.5546875,4.39453125
279.5234375,-110.3515625,-29.78515625,-35.64453125,-13.18359375
279.52734375,-99.12109375,-19.04296875,-39.0625,-58.10546875
279.53125,-106.93359375,-23.4375,-35.15625,-40.0390625
279.53515625,-90.33203125,-25.87890625,-41.015625,-36.62109375
279.5390625,-73.2421875,-31.25,-41.50390625,-57.6171875
279.54296875,-75.1953125,-31.25,-38.0859375,-62.01171875
279.546875,-91.30859375,-35.64453125,-43.45703125,-44.921875
279.55078125,-107.91015625,-42.96875,-38.0859375,-59.5703125
279.5546875,-111.81640625,-42.96875,-12.6953125,-66.89453125
279.55859375,-102.5390625,-44.921875,-18.06640625,-55.6640625
279.5625,-83.984375,-33.69140625,-24.4140625,-50.29296875
279.56640625,-58.10546875,-18.06640625,-25.390625,-37.59765625
279.5703125,-76.66015625,-20.01953125,-36.62109375,-58.59375
279.57421875,-96.6796875,-27.34375,-32.71484375,-64.94140625
279.578125,-72.265625,-28.3203125,-25.87890625,-42.96875
279.58203125,-93.75,-24.4140625,-27.34375,-39.0625
279.5859375,-126.953125,-37.59765625,-24.90234375,-39.55078125
279.58984375,-95.21484375,-32.71484375,-24.4140625,-43.9453125
279.59375,-90.8203125,-16.11328125,-30.2734375,-43.45703125
279.59765625,-103.02734375,-19.04296875,-6.8359375,5.859375
279.6015625,-74.70703125,-24.4140625,6.34765625,-2.9296875
279.60546875,-66.40625,-20.5078125,-5.37109375,-58.10546875
279.609375,-57.12890625,-12.6953125,-10.7421875,-52.734375
279.61328125,-39.55078125,-7.8125,-20.5078125,-20.99609375
279.6171875,-70.80078125,-15.13671875,-6.34765625,-23.4375
279.62109375,-83.49609375,-22.4609375,9.27734375,-36.1328125
279.625,-80.078125,-27.83203125,7.32421875,-6.34765625
279.62890625,-79.1015625,-19.04296875,15.625,-31.73828125
279.6328125,-70.3125,-14.6484375,15.13671875,-56.15234375
279.63671875,-91.796875,-13.671875,9.765625,-77.1484375
279.640625,-96.6796875,-7.8125,-8.30078125,-79.1015625
279.64453125,-54.19921875,-8.7890625,-14.6484375,-14.16015625
279.6484375,-50.78125,-20.5078125,6.34765625,-18.5546875
279.65234375,-94.7265625,-22.4609375,16.11328125,-66.89453125
279.65625,-95.703125,-19.04296875,11.23046875,-61.5234375
279.66015625,-75.68359375,-26.85546875,8.30078125,-21.97265625
279.6640625,-98.6328125,-31.73828125,19.53125,-25.390625
279.66796875,-103.02734375,-28.80859375,16.6015625,-44.921875
279.671875,-78.61328125,-30.76171875,16.6015625,-21.97265625
279.67578125,-78.61328125,-35.64453125,26.85546875,-14.16015625
279.6796875,-84.9609375,-36.1328125,30.2734375,-10.25390625
279.68359375,-90.33203125,-38.57421875,31.25,20.5078125
279.6875,-106.4453125,-38.57421875,18.5546875,-5.859375
279.69140625,-94.23828125,-33.203125,15.625,-55.17578125
279.6953125,-79.58984375,-24.90234375,19.04296875,12.20703125
279.69921875,-75.68359375,-25.87890625,-7.32421875,70.80078125
279.703125,-103.515625,-41.50390625,-24.90234375,0.9765625
279.70703125,-126.46484375,-42.96875,-13.671875,-34.66796875
279.7109375,-105.46875,-42.96875,-3.41796875,-31.73828125
279.71484375,-118.65234375,-39.55078125,2.44140625,-8.7890625
279.71875,-121.09375,-34.66796875,17.578125,-33.203125
279.72265625,-111.81640625,-34.1796875,13.18359375,-48.828125
279.7265625,-83.0078125,-24.90234375,-22.4609375,-30.76171875
279.73046875,-65.91796875,-21.97265625,-26.85546875,-46.38671875
279.734375,-82.51953125,-22.4609375,-19.53125,-53.7109375
279.73828125,-52.24609375,-20.99609375,-37.59765625,-19.04296875
279.7421875,-57.12890625,-27.83203125,-33.69140625,-29.296875
279.74609375,-107.91015625,-31.73828125,-14.16015625,-40.0390625
279.75,-108.3984375,-32.2265625,-8.30078125,-33.203125
279.75390625,-103.515625,-35.15625,-11.71875,-53.22265625
279.7578125,-122.55859375,-37.59765625,-27.83203125,-65.91796875
279.76171875,-99.609375,-29.78515625,-16.6015625,-58.10546875
279.765625,-102.05078125,-27.34375,-1.46484375,-74.70703125
279.76953125,-95.703125,-23.92578125,-22.4609375,-61.03515625
279.7734375,-87.890625,-28.80859375,-31.73828125,-50.29296875
279.77734375,-75.1953125,-35.64453125,-11.71875,-40.0390625
279.78125,-68.359375,-35.15625,-2.44140625,-45.8984375
279.78515625,-84.47265625,-32.2265625,-10.25390625,-50.29296875
279.7890625,-80.56640625,-24.4140625,-9.765625,-47.8515625
279.79296875,-77.63671875,-17.08984375,-3.41796875,-59.08203125
279.796875,-69.3359375,-21.484375,-19.04296875,-37.59765625
279.80078125,-83.984375,-26.85546875,-28.3203125,-57.6171875
279.8046875,-62.01171875,-32.71484375,-25.87890625,-46.38671875
279.80859375,-48.828125,-26.85546875,-30.2734375,-25.390625
279.8125,-77.1484375,-24.90234375,-34.1796875,-24.4140625
279.81640625,-97.16796875,-23.4375,-33.203125,-41.50390625
279.8203125,-105.95703125,-21.97265625,-26.85546875,-38.0859375
279.82421875,-107.91015625,-18.06640625,-21.484375,-20.5078125
279.828125,-87.40234375,-10.25390625,-45.41015625,-63.4765625
279.83203125,-58.10546875,-12.20703125,-54.19921875,-70.80078125
279.8359375,-53.7109375,-22.94921875,-26.3671875,-56.640625
279.83984375,-72.75390625,-39.0625,0.0,-48.33984375
279.84375,-90.33203125,-37.109375,-9.765625,-42.48046875
279.84765625,-99.12109375,-28.3203125,-32.2265625,-52.734375
279.8515625,-64.453125,-38.57421875,-29.296875,-63.96484375
279.85546875,-64.453125,-55.17578125,-28.3203125,-54.6875
279.859375,-80.56640625,-38.57421875,-48.828125,-52.24609375
279.86328125,-83.49609375,-23.4375,-50.78125,-37.59765625
279.8671875,-67.3828125,-29.78515625,-44.43359375,-28.80859375
279.87109375,-61.03515625,-39.0625,-42.48046875,-83.984375
279.875,-76.171875,-42.48046875,-31.25,-58.10546875
279.87890625,-60.546875,-42.96875,-36.1328125,-18.06640625
279.8828125,-71.2890625,-37.59765625,-43.45703125,-34.66796875
279.88671875,-92.7734375,-23.4375,-35.15625,-58.10546875
279.890625,-85.9375,-15.625,-22.94921875,-79.58984375
279.89453125,-73.73046875,-20.01953125,-19.04296875,-83.984375
279.8984375,-75.68359375,-31.25,-23.4375,-79.1015625
279.90234375,-89.84375,-32.71484375,-10.25390625,-72.265625
279.90625,-104.00390625,-26.3671875,5.859375,-59.5703125
279.91015625,-78.61328125,-17.08984375,7.8125,-48.828125
279.9140625,-53.7109375,-19.53125,8.30078125,-47.36328125
279.91796875,-63.96484375,-23.4375,7.8125,-39.0625
279.921875,-66.89453125,-20.99609375,-17.578125,-34.66796875
279.92578125,-72.265625,-15.625,-20.5078125,-42.48046875
279.9296875,-82.51953125,-8.7890625,0.0,-35.15625
279.93359375,-81.54296875,-8.30078125,-7.32421875,-22.94921875
279.9375,-70.80078125,-6.8359375,-20.5078125,-32.71484375
279.94140625,-41.015625,-20.99609375,-25.390625,-37.109375
279.9453125,-56.640625,-33.203125,-29.296875,-41.9921875
279.94921875,-76.171875,-30.2734375,-16.6015625,-36.62109375
279.953125,-56.15234375,-21.97265625,-15.13671875,-59.5703125
279.95703125,-72.265625,-13.671875,-26.85546875,-78.125
279.9609375,-69.3359375,-17.578125,-23.92578125,-50.29296875
279.96484375,-80.078125,-34.1796875,-18.06640625,-50.78125
279.96875,-97.16796875,-30.76171875,-21.484375,-80.56640625
279.97265625,-58.10546875,-15.625,-41.50390625,-69.82421875
279.9765625,-51.26953125,-12.20703125,-55.6640625,-50.78125
279.98046875,-59.5703125,-12.6953125,-26.85546875,-56.15234375
279.984375,-62.98828125,-9.765625,-6.8359375,-46.875
279.98828125,-53.7109375,-13.18359375,-23.92578125,-22.4609375
279.9921875,-50.78125,-16.11328125,-34.66796875,-9.27734375
279.99609375,-56.640625,-19.53125,-18.5546875,-19.53125
280.0,-31.73828125,-18.5546875,-11.23046875,-21.484375
280.00390625,-29.296875,-11.71875,-19.04296875,-5.859375
280.0078125,-32.2265625,-33.203125,-8.7890625,-67.3828125
280.01171875,-25.390625,-39.0625,-9.27734375,-70.3125
280.015625,-56.640625,-22.4609375,-26.85546875,-37.109375
280.01953125,-69.3359375,-16.11328125,-43.9453125,-18.5546875
280.0234375,-62.5,-11.71875,-34.1796875,-50.29296875
280.02734375,-63.4765625,-10.7421875,-16.6015625,-83.0078125
280.03125,-57.12890625,-13.18359375,-19.04296875,-58.10546875
280.03515625,-44.43359375,-13.671875,-31.73828125,-45.8984375
280.0390625,-20.01953125,-26.3671875,-25.87890625,-26.85546875
280.04296875,-16.11328125,-33.203125,-18.5546875,-39.55078125
280.046875,-70.80078125,-34.1796875,-23.92578125,-83.49609375
280.05078125,-66.40625,-25.390625,-21.97265625,-69.3359375
280.0546875,-36.62109375,-12.20703125,-41.50390625,-45.41015625
280.05859375,-32.2265625,-17.578125,-47.8515625,-18.5546875
280.0625,-8.7890625,-33.203125,3.90625,20.01953125
280.06640625,17.578125,-45.8984375,14.16015625,-2.44140625
280.0703125,-25.390625,-31.73828125,-22.4609375,-59.5703125
280.07421875,-74.70703125,-17.578125,-26.3671875,-81.0546875
280.078125,-73.2421875,-24.90234375,-21.97265625,-74.21875
280.08203125,-67.3828125,-28.3203125,-43.45703125,-89.35546875
280.0859375,-62.5,-19.04296875,-57.12890625,-102.05078125
280.08984375,-62.98828125,-7.32421875,-55.17578125,-112.3046875
280.09375,-39.55078125,-11.71875,-56.15234375,-91.796875
280.09765625,-48.828125,-26.3671875,-52.734375,-98.14453125
280.1015625,-70.80078125,-24.90234375,-46.38671875,-96.6796875
280.10546875,-76.66015625,-2.9296875,-38.0859375,-94.7265625
280.109375,-82.03125,3.90625,-43.9453125,-140.625
280.11328125,-70.80078125,4.39453125,-54.6875,-107.91015625
280.1171875,-55.17578125,11.71875,-52.24609375,-103.515625
280.12109375,-37.59765625,16.11328125,-60.05859375,-99.12109375
280.125,-32.71484375,6.8359375,-65.91796875,-51.26953125
280.12890625,-36.62109375,-1.46484375,-71.77734375,-97.16796875
280.1328125,-23.4375,1.46484375,-75.1953125,-90.8203125
280.13671875,-16.11328125,0.0,-70.3125,-56.640625
280.140625,-26.3671875,-0.48828125,-66.89453125,-69.3359375
280.14453125,-21.97265625,-1.953125,-74.70703125,-35.64453125
280.1484375,-48.33984375,-12.6953125,-68.84765625,-48.828125
280.15234375,-68.84765625,-24.4140625,-56.15234375,-81.54296875
280.15625,-55.6640625,-28.80859375,-43.9453125,-64.453125
280.16015625,-40.52734375,-34.1796875,-34.1796875,-51.26953125
280.1640625,-18.5546875,-33.203125,-41.015625,-43.45703125
280.16796875,-26.85546875,-17.08984375,-42.96875,-62.01171875
280.171875,-34.66796875,-6.34765625,-41.50390625,-73.73046875
280.17578125,-17.578125,0.9765625,-62.5,-56.15234375
280.1796875,-16.6015625,-6.8359375,-71.77734375,-62.01171875
280.18359375,-29.78515625,-20.99609375,-53.22265625,-62.5
280.1875,-27.34375,-29.296875,-51.7578125,-62.98828125
280.19140625,-14.6484375,-26.85546875,-44.43359375,-59.5703125
280.1953125,-27.83203125,-22.94921875,-43.45703125,-42.96875
280.19921875,-31.73828125,-23.92578125,-57.6171875,-13.671875
280.203125,-32.2265625,-24.90234375,-49.8046875,6.34765625
280.20703125,-35.15625,-29.296875,-34.1796875,-38.0859375
280.2109375,-24.4140625,-43.9453125,-22.4609375,-63.96484375
280.21484375,-20.5078125,-38.57421875,-24.90234375,-41.50390625
280.21875,-18.06640625,-22.4609375,-29.78515625,-41.50390625
280.22265625,-6.8359375,-19.04296875,-27.34375,-31.25
280.2265625,-10.25390625,-18.5546875,-27.34375,-11.71875
280.23046875,-0.9765625,-24.4140625,-25.87890625,-13.671875
280.234375,-5.859375,-31.73828125,-23.92578125,-26.3671875
280.23828125,-14.6484375,-29.78515625,-37.59765625,-14.16015625
280.2421875,-10.25390625,-21.484375,-63.4765625,-18.5546875
280.24609375,-19.53125,-20.99609375,-53.7109375,-10.7421875
280.25,-26.3671875,-21.484375,-13.671875,-10.25390625
280.25390625,-21.97265625,-20.5078125,-3.41796875,-37.59765625
280.2578125,-19.04296875,-16.6015625,-19.04296875,-49.31640625
280.26171875,0.0,-19.04296875,-21.97265625,-32.2265625
280.265625,46.875,-32.2265625,-16.11328125,-3.90625
280.26953125,20.5078125,-35.64453125,-20.5078125,-20.5078125
280.2734375,-21.97265625,-23.4375,-35.64453125,-39.0625
280.27734375,-17.08984375,-20.99609375,-41.50390625,-26.85546875
280.28125,-2.9296875,-22.4609375,-38.57421875,-8.7890625
280.28515625,1.953125,-25.87890625,-36.62109375,-16.11328125
280.2890625,5.37109375,-32.2265625,-39.0625,-27.83203125
280.29296875,19.53125,-25.87890625,-41.50390625,-28.3203125
280.296875,29.296875,-14.6484375,-41.9921875,-29.296875
280.30078125,17.08984375,-23.92578125,-37.109375,-18.06640625
280.3046875,2.44140625,-40.52734375,-26.85546875,-21.484375
280.30859375,9.27734375,-41.50390625,-20.5078125,-39.55078125
280.3125,6.8359375,-41.9921875,-26.85546875,1.46484375
280.31640625,6.34765625,-42.48046875,-27.83203125,4.39453125
280.3203125,-3.41796875,-44.43359375,-17.08984375,-30.76171875
280.32421875,-2.9296875,-42.96875,-7.8125,-14.6484375
280.328125,19.53125,-35.64453125,-23.4375,-1.953125
280.33203125,31.25,-26.85546875,-12.20703125,1.953125
280.3359375,30.2734375,-26.3671875,15.625,-1.953125
280.33984375,39.0625,-36.1328125,13.671875,-5.37109375
280.34375,41.015625,-40.0390625,6.34765625,-24.4140625
280.34765625,42.48046875,-38.0859375,1.953125,-19.04296875
280.3515625,48.33984375,-34.1796875,-5.37109375,10.25390625
280.35546875,28.3203125,-32.2265625,-18.06640625,3.41796875
280.359375,25.390625,-35.64453125,-9.27734375,6.34765625
280.36328125,52.734375,-44.43359375,0.9765625,33.203125
280.3671875,43.9453125,-40.0390625,-0.9765625,17.578125
280.37109375,15.625,-26.85546875,0.0,-3.41796875
280.375,47.36328125,-13.18359375,-7.32421875,8.7890625
280.37890625,47.36328125,-7.8125,-14.16015625,-3.90625
280.3828125,34.1796875,-14.6484375,-0.48828125,-32.71484375
280.38671875,59.08203125,-20.01953125,17.08984375,-21.484375
280.390625,49.31640625,-16.6015625,18.06640625,-4.39453125
280.39453125,32.2265625,-14.6484375,12.6953125,-16.6015625
280.3984375,41.50390625,-26.85546875,-3.41796875,-26.3671875
280.40234375,45.41015625,-40.0390625,-14.6484375,-23.4375
280.40625,48.828125,-35.15625,-6.8359375,-15.13671875
280.41015625,46.38671875,-31.25,1.46484375,6.8359375
280.4140625,45.8984375,-22.94921875,-13.18359375,30.2734375
280.41796875,52.24609375,-25.87890625,-30.76171875,3.90625
280.421875,46.875,-32.71484375,-18.5546875,-7.32421875
280.42578125,51.26953125,-26.85546875,-11.71875,21.484375
280.4296875,36.62109375,-22.4609375,-12.20703125,11.71875
280.43359375,32.71484375,-18.5546875,-6.8359375,13.18359375
280.4375,44.43359375,-32.2265625,-5.37109375,24.4140625
280.44140625,44.43359375,-42.48046875,-5.859375,9.27734375
280.4453125,45.8984375,-33.69140625,-12.20703125,-6.8359375
280.44921875,30.76171875,-23.4375,-13.18359375,-19.04296875
280.453125,27.83203125,-26.85546875,-18.06640625,-9.27734375
280.45703125,37.59765625,-26.3671875,-26.85546875,-11.23046875
280.4609375,38.0859375,-21.484375,-22.94921875,-4.39453125
280.46484375,26.3671875,-26.85546875,-24.90234375,18.06640625
280.46875,24.90234375,-26.85546875,-24.90234375,4.39453125
280.47265625,41.50390625,-29.296875,-13.18359375,-11.23046875
280.4765625,52.734375,-33.69140625,-28.80859375,-14.16015625
280.48046875,40.52734375,-31.25,-51.26953125,1.953125
280.484375,45.8984375,-29.296875,-31.25,5.859375
280.48828125,42.48046875,-28.80859375,-6.34765625,2.44140625
280.4921875,34.1796875,-27.34375,2.9296875,29.296875
280.49609375,37.59765625,-21.484375,-4.8828125,14.6484375
280.5,32.2265625,-15.13671875,-28.80859375,-3.41796875
280.50390625,26.85546875,-17.08984375,-27.83203125,10.7421875
280.5078125,34.1796875,-19.53125,-8.30078125,18.5546875
280.51171875,29.296875,-16.11328125,-1.953125,16.6015625
280.515625,30.2734375,-11.71875,0.0,0.0
280.51953125,56.640625,-17.578125,-13.18359375,3.90625
280.5234375,59.5703125,-32.2265625,-20.5078125,10.25390625
280.52734375,36.62109375,-38.57421875,-9.27734375,-4.8828125
280.53125,11.23046875,-37.59765625,2.44140625,-1.953125
280.53515625,21.484375,-23.92578125,7.32421875,19.04296875
280.5390625,31.73828125,-11.71875,5.859375,13.671875
280.54296875,28.80859375,-16.11328125,-8.7890625,-12.6953125
280.546875,38.57421875,-23.4375,-14.6484375,-15.13671875
280.55078125,30.2734375,-14.16015625,-6.8359375,-8.7890625
280.5546875,28.80859375,-7.32421875,-2.9296875,-7.32421875
280.55859375,43.45703125,-20.01953125,3.90625,9.765625
280.5625,32.2265625,-20.99609375,-3.41796875,3.41796875
280.56640625,33.69140625,-11.71875,-11.23046875,7.8125
280.5703125,36.62109375,-16.11328125,-19.04296875,27.34375
280.57421875,31.73828125,-18.5546875,-25.87890625,21.484375
280.578125,31.73828125,-25.390625,-24.90234375,5.37109375
280.58203125,23.4375,-23.4375,-20.01953125,-0.9765625
280.5859375,33.203125,-19.04296875,-23.4375,-11.23046875
280.58984375,59.5703125,-20.01953125,-30.76171875,-8.30078125
280.59375,43.45703125,-21.484375,-38.57421875,-1.953125
280.59765625,32.2265625,-25.87890625,-24.90234375,1.953125
280.6015625,35.64453125,-35.15625,-13.671875,-15.13671875
280.60546875,31.73828125,-36.62109375,-17.578125,-36.1328125
280.609375,13.18359375,-30.76171875,-25.87890625,-24.90234375
280.61328125,-8.30078125,-23.92578125,-27.34375,-10.7421875
280.6171875,9.765625,-24.4140625,-28.3203125,-10.25390625
280.62109375,18.06640625,-26.85546875,-31.25,18.06640625
280.625,18.06640625,-26.3671875,-24.4140625,13.18359375
280.62890625,31.25,-22.94921875,-18.5546875,-34.1796875
280.6328125,33.203125,-24.4140625,-23.92578125,-19.04296875
280.63671875,39.0625,-17.08984375,-45.41015625,2.9296875
280.640625,37.59765625,-13.18359375,-44.43359375,-18.06640625
280.64453125,37.59765625,-22.94921875,-24.90234375,-19.04296875
280.6484375,57.12890625,-31.25,-24.4140625,-1.46484375
280.65234375,68.84765625,-30.2734375,-26.3671875,6.34765625
280.65625,35.15625,-33.69140625,-33.69140625,-8.30078125
280.66015625,11.71875,-27.34375,-41.015625,-21.97265625
280.6640625,15.625,-23.4375,-34.1796875,-2.44140625
280.66796875,18.5546875,-18.5546875,-30.2734375,5.37109375
280.671875,41.9921875,-14.6484375,-34.1796875,16.6015625
280.67578125,41.50390625,-13.671875,-43.45703125,25.87890625
280.6796875,18.5546875,-20.01953125,-34.66796875,20.01953125
280.68359375,12.20703125,-29.78515625,-19.04296875,0.48828125
280.6875,24.4140625,-34.1796875,-26.3671875,-37.109375
280.69140625,29.78515625,-30.2734375,-35.15625,-27.83203125
280.6953125,23.4375,-26.3671875,-28.3203125,-5.37109375
280.69921875,26.3671875,-23.4375,-22.4609375,1.46484375
280.703125,37.59765625,-17.578125,-28.80859375,-2.44140625
280.70703125,25.390625,-20.5078125,-31.73828125,3.90625
280.7109375,19.04296875,-27.34375,-27.83203125,-0.9765625
280.71484375,28.3203125,-25.87890625,-28.80859375,-1.953125
280.71875,23.4375,-15.13671875,-46.38671875,10.7421875
280.72265625,17.08984375,-18.06640625,-43.45703125,11.23046875
280.7265625,9.27734375,-21.97265625,-20.99609375,-30.76171875
280.73046875,15.625,-17.578125,-21.97265625,-25.390625
280.734375,27.34375,-16.11328125,-41.015625,5.37109375
280.73828125,32.71484375,-19.53125,-33.203125,3.41796875
280.7421875,27.34375,-22.94921875,-25.87890625,-6.8359375
280.74609375,6.34765625,-27.83203125,-32.2265625,-13.18359375
280.75,2.44140625,-21.484375,-27.83203125,-7.8125
280.75390625,4.8828125,-14.16015625,-26.3671875,-18.5546875
280.7578125,-3.90625,-25.390625,-31.25,-27.83203125
280.76171875,12.20703125,-34.1796875,-33.69140625,-15.625
280.765625,18.06640625,-29.78515625,-31.25,-18.5546875
280.76953125,16.11328125,-33.203125,-20.01953125,-43.45703125
280.7734375,18.06640625,-25.87890625,-11.23046875,-25.87890625
280.77734375,20.99609375,-11.71875,-7.8125,-9.27734375
280.78125,20.01953125,-8.30078125,-13.671875,-8.7890625
280.78515625,17.08984375,-8.30078125,-11.71875,-10.7421875
280.7890625,21.97265625,-13.18359375,-13.671875,-24.4140625
280.79296875,17.08984375,-17.08984375,-24.4140625,-41.015625
280.796875,37.59765625,-17.08984375,-22.94921875,-24.4140625
280.80078125,49.31640625,-18.5546875,-15.625,-22.94921875
280.8046875,39.0625,-21.97265625,-13.18359375,-22.4609375
280.80859375,38.57421875,-21.484375,-15.625,-8.7890625
280.8125,36.62109375,-27.83203125,-21.484375,-17.08984375
280.81640625,46.38671875,-31.73828125,-22.94921875,0.48828125
280.8203125,67.3828125,-14.16015625,-18.06640625,7.32421875
280.82421875,41.50390625,-4.39453125,-23.4375,0.9765625
280.828125,31.73828125,-10.25390625,-29.296875,-4.39453125
280.83203125,38.0859375,-21.97265625,-18.5546875,-9.27734375
280.8359375,43.9453125,-18.5546875,-9.27734375,-0.9765625
280.83984375,52.24609375,-8.7890625,6.34765625,-0.48828125
280.84375,57.6171875,-17.578125,4.8828125,-1.46484375
280.84765625,59.08203125,-22.4609375,-27.34375,0.48828125
280.8515625,42.48046875,-12.20703125,-24.4140625,-9.765625
280.85546875,46.875,-11.71875,4.8828125,-9.27734375
280.859375,38.57421875,-19.53125,4.8828125,-23.4375
280.86328125,32.2265625,-18.5546875,-5.859375,-13.671875
280.8671875,26.85546875,-14.16015625,-13.671875,2.9296875
280.87109375,21.484375,-13.671875,-16.6015625,-20.01953125
280.875,39.55078125,-18.06640625,-24.90234375,-20.01953125
280.87890625,47.36328125,-18.06640625,-17.578125,3.90625
280.8828125,62.5,-22.4609375,-6.8359375,1.953125
280.88671875,81.54296875,-32.2265625,-13.671875,-1.46484375
280.890625,59.5703125,-29.296875,-32.2265625,-5.859375
280.89453125,63.4765625,-19.53125,-36.1328125,-12.6953125
280.8984375,63.96484375,-21.484375,-26.3671875,2.44140625
280.90234375,23.92578125,-33.69140625,-20.5078125,-9.765625
280.90625,17.08984375,-36.62109375,-29.296875,-26.3671875
280.91015625,20.01953125,-34.1796875,-36.1328125,-27.83203125
280.9140625,11.71875,-35.15625,-39.0625,-28.80859375
280.91796875,16.6015625,-37.59765625,-54.19921875,-16.11328125
280.921875,-2.9296875,-40.0390625,-55.6640625,-12.20703125
280.92578125,-0.48828125,-40.52734375,-40.0390625,-8.30078125
280.9296875,8.7890625,-36.62109375,-29.296875,2.44140625
280.93359375,-4.39453125,-36.1328125,-28.80859375,-1.953125
280.9375,53.22265625,-37.59765625,-29.78515625,-1.46484375
280.94140625,45.41015625,-35.15625,-30.2734375,-10.7421875
280.9453125,1.953125,-30.2734375,-31.25,-31.73828125
280.94921875,4.8828125,-27.83203125,-33.69140625,-12.20703125
280.953125,14.6484375,-20.99609375,-29.296875,5.37109375
280.95703125,28.80859375,-15.13671875,-29.296875,14.16015625
280.9609375,33.69140625,-19.04296875,-54.6875,-0.9765625
280.96484375,38.57421875,-17.578125,-50.78125,-12.6953125
280.96875,35.64453125,-12.20703125,-26.85546875,-32.71484375
280.97265625,39.0625,-18.5546875,-19.04296875,-35.64453125
280.9765625,59.08203125,-21.97265625,-15.13671875,-0.48828125
280.98046875,74.21875,-16.6015625,-14.16015625,5.859375
280.984375,65.91796875,-22.4609375,-15.13671875,10.25390625
280.98828125,38.57421875,-19.04296875,-17.578125,6.34765625
280.9921875,23.4375,-15.13671875,-19.53125,16.11328125
280.99609375,41.50390625,-20.01953125,-28.3203125,16.11328125
281.0,58.59375,-34.1796875,-40.52734375,11.71875
281.00390625,41.50390625,-45.41015625,-42.96875,-15.13671875
281.0078125,39.55078125,-34.1796875,-45.41015625,-25.87890625
281.01171875,10.25390625,-28.3203125,-43.45703125,-23.4375
281.015625,-4.8828125,-30.2734375,-45.8984375,-34.1796875
281.01953125,9.27734375,-26.3671875,-48.33984375,-27.83203125
281.0234375,9.765625,-19.04296875,-51.7578125,-7.32421875
281.02734375,1.953125,-22.4609375,-51.26953125,-24.4140625
281.03125,-10.7421875,-25.87890625,-29.78515625,-23.92578125
281.03515625,-17.578125,-29.78515625,-26.85546875,-22.4609375
281.0390625,3.90625,-31.25,-43.45703125,-31.73828125
281.04296875,46.875,-28.3203125,-57.12890625,6.8359375
281.046875,22.94921875,-26.3671875,-48.33984375,-26.3671875
281.05078125,-17.08984375,-40.0390625,-45.8984375,-48.33984375
281.0546875,-17.08984375,-53.22265625,-55.17578125,-25.87890625
281.05859375,12.20703125,-45.41015625,-43.9453125,-26.3671875
281.0625,15.13671875,-33.203125,-28.3203125,-23.92578125
281.06640625,-9.765625,-15.625,-22.4609375,-20.01953125
281.0703125,-30.76171875,-13.671875,-28.80859375,-26.3671875
281.07421875,-16.6015625,-23.4375,-40.52734375,-27.83203125
281.078125,-4.39453125,-21.97265625,-29.78515625,-43.9453125
281.08203125,0.0,-18.5546875,-11.71875,-50.29296875
281.0859375,-4.39453125,-21.97265625,-13.671875,-28.3203125
281.08984375,-9.765625,-20.5078125,-13.18359375,-9.27734375
281.09375,2.44140625,-26.3671875,-7.8125,6.34765625
281.09765625,-1.46484375,-28.3203125,-25.390625,-12.20703125
281.1015625,2.9296875,-14.16015625,-34.66796875,-13.671875
281.10546875,18.5546875,-9.27734375,-34.1796875,-18.5546875
281.109375,24.4140625,-15.625,-36.1328125,-29.78515625
281.11328125,15.625,-20.5078125,-29.78515625,-19.53125
281.1171875,37.59765625,-19.53125,-32.2265625,7.8125
281.12109375,52.24609375,-6.8359375,-24.90234375,33.69140625
281.125,10.25390625,-3.41796875,-34.1796875,21.484375
281.12890625,-31.73828125,-12.6953125,-38.57421875,4.39453125
281.1328125,-43.45703125,-25.87890625,-14.6484375,-45.41015625
281.13671875,-18.5546875,-24.90234375,-0.48828125,-78.61328125
281.140625,-31.73828125,-27.34375,1.953125,-60.05859375
281.14453125,-53.22265625,-44.921875,-10.25390625,-28.80859375
281.1484375,-43.9453125,-51.26953125,-6.34765625,1.953125
281.15234375,-21.484375,-44.921875,3.90625,3.41796875
281.15625,-51.26953125,-40.0390625,0.9765625,-7.8125
281.16015625,-59.5703125,-47.8515625,8.7890625,-6.34765625
281.1640625,-60.546875,-54.19921875,17.578125,14.6484375
281.16796875,-58.10546875,-55.6640625,31.73828125,-16.11328125
281.171875,-35.64453125,-63.96484375,57.12890625,-43.45703125
281.17578125,-42.96875,-61.03515625,67.87109375,-40.52734375
281.1796875,-14.6484375,-51.26953125,43.45703125,1.953125
281.18359375,-4.39453125,-46.875,13.671875,14.6484375
281.1875,-60.05859375,-58.10546875,7.8125,-42.48046875
281.19140625,-85.9375,-83.49609375,16.11328125,-33.203125
281.1953125,-62.01171875,-90.33203125,9.27734375,-25.390625
281.19921875,-51.7578125,-86.9140625,-11.23046875,-58.10546875
281.203125,-66.89453125,-88.8671875,-24.4140625,-55.6640625
281.20703125,-80.56640625,-87.40234375,-33.203125,-39.55078125
281.2109375,-57.6171875,-79.1015625,-28.3203125,-47.8515625
281.21484375,-20.01953125,-58.10546875,-7.32421875,-40.0390625
281.21875,2.44140625,-48.828125,6.8359375,6.34765625
281.22265625,10.7421875,-42.96875,0.9765625,11.71875
281.2265625,13.18359375,-36.62109375,-8.30078125,-30.76171875
281.23046875,3.41796875,-29.78515625,-9.765625,-33.69140625
281.234375,-6.34765625,-32.2265625,-27.83203125,-23.92578125
281.23828125,-15.625,-35.15625,-22.4609375,-12.20703125
281.2421875,-23.92578125,-28.80859375,-1.953125,-23.92578125
281.24609375,0.0,-15.13671875,-15.13671875,-32.2265625
281.25,15.625,-10.25390625,-26.85546875,-11.71875
281.25390625,15.625,-18.5546875,-9.765625,-22.94921875
281.2578125,26.3671875,-22.4609375,3.90625,-22.94921875
281.26171875,8.7890625,-22.4609375,-7.32421875,-8.7890625
281.265625,11.23046875,-15.13671875,-18.06640625,-13.18359375
281.26953125,24.4140625,-8.7890625,-2.9296875,39.0625
281.2734375,15.625,-11.71875,3.41796875,25.390625
281.27734375,18.5546875,-14.16015625,-14.16015625,-29.296875
281.28125,17.08984375,-13.18359375,-31.73828125,-6.34765625
281.28515625,10.25390625,-18.5546875,-25.390625,4.39453125
281.2890625,12.20703125,-19.53125,-9.27734375,-8.30078125
281.29296875,26.3671875,-18.5546875,-4.39453125,-21.484375
281.296875,36.1328125,-14.6484375,-7.32421875,-26.85546875
281.30078125,14.6484375,-13.671875,-9.765625,-7.32421875
281.3046875,12.6953125,-18.06640625,-5.37109375,1.953125
281.30859375,18.5546875,-15.625,-14.16015625,11.71875
281.3125,11.71875,-14.16015625,-20.01953125,5.859375
281.31640625,6.34765625,-14.16015625,-21.97265625,-14.16015625
281.3203125,4.39453125,-14.6484375,-23.4375,-2.9296875
281.32421875,11.23046875,-12.20703125,-11.23046875,31.25
281.328125,28.3203125,-16.6015625,-19.04296875,5.37109375
281.33203125,-3.90625,-18.5546875,-49.31640625,-39.55078125
281.3359375,-18.5546875,-14.16015625,-40.0390625,-38.57421875
281.33984375,9.27734375,-18.06640625,-17.08984375,-10.7421875
281.34375,-9.27734375,-22.4609375,-16.11328125,-4.39453125
281.34765625,-0.9765625,-33.69140625,-20.99609375,-17.578125
281.3515625,9.27734375,-31.73828125,-33.69140625,-30.76171875
281.35546875,7.32421875,-19.04296875,-55.6640625,-27.83203125
281.359375,-5.37109375,-28.3203125,-57.6171875,-28.3203125
281.36328125,-37.109375,-30.2734375,-28.80859375,-32.71484375
281.3671875,-43.9453125,-20.01953125,-4.8828125,-33.69140625
281.37109375,-16.11328125,-19.53125,-9.765625,-57.6171875
281.375,-2.44140625,-17.08984375,-26.85546875,-50.78125
281.37890625,-15.625,-15.13671875,-22.94921875,-22.4609375
281.3828125,-3.41796875,-18.06640625,-21.97265625,-29.296875
281.38671875,5.859375,-16.11328125,-21.97265625,-31.73828125
281.390625,8.7890625,-18.06640625,-20.01953125,-34.66796875
281.39453125,15.13671875,-17.08984375,-24.4140625,-24.4140625
281.3984375,6.8359375,-21.484375,-23.4375,-6.8359375
281.40234375,-1.46484375,-29.78515625,-24.90234375,-23.92578125
281.40625,0.9765625,-23.4375,-30.76171875,-21.484375
281.41015625,11.71875,-12.6953125,-21.97265625,-7.32421875
281.4140625,1.46484375,-19.53125,-24.4140625,-18.5546875
281.41796875,-22.94921875,-26.3671875,-26.3671875,-28.3203125
281.421875,-15.625,-25.390625,-20.01953125,-39.55078125
281.42578125,-0.48828125,-23.92578125,-24.90234375,-25.87890625
281.4296875,2.44140625,-25.87890625,-26.85546875,0.48828125
281.43359375,-7.32421875,-25.390625,-32.71484375,-28.3203125
281.4375,-14.16015625,-25.87890625,-34.66796875,-34.66796875
281.44140625,-1.953125,-27.83203125,-26.85546875,-20.5078125
281.4453125,1.953125,-28.3203125,-23.92578125,-33.69140625
281.44921875,4.39453125,-23.92578125,-15.625,-16.6015625
281.453125,14.16015625,-16.11328125,-23.92578125,22.4609375
281.45703125,10.7421875,-17.578125,-28.80859375,15.625
281.4609375,0.48828125,-23.4375,-20.99609375,-20.99609375
281.46484375,7.8125,-21.97265625,-21.97265625,-36.1328125
281.46875,2.9296875,-21.97265625,-20.99609375,-41.015625
281.47265625,-9.765625,-28.80859375,-26.85546875,-60.546875
281.4765625,-11.71875,-35.15625,-56.15234375,-46.875
281.48046875,36.62109375,-25.87890625,-74.70703125,23.4375
281.484375,49.31640625,-24.4140625,-48.828125,10.7421875
281.48828125,3.41796875,-22.94921875,-23.92578125,-32.2265625
281.4921875,3.90625,-12.6953125,-22.94921875,-1.953125
281.49609375,18.5546875,-28.80859375,-14.6484375,7.32421875
281.5,-7.32421875,-42.96875,-2.44140625,-17.578125
281.50390625,-16.11328125,-36.62109375,4.8828125,-29.78515625
281.5078125,-4.39453125,-37.59765625,4.8828125,-36.1328125
281.51171875,21.484375,-40.0390625,3.41796875,16.6015625
281.515625,27.34375,-36.62109375,-7.8125,20.99609375
281.51953125,9.765625,-44.43359375,-23.4375,-20.99609375
281.5234375,-2.44140625,-49.8046875,-31.73828125,-1.953125
281.52734375,-16.11328125,-48.33984375,-37.59765625,19.04296875
281.53125,-24.4140625,-48.33984375,-37.59765625,-30.2734375
281.53515625,-13.18359375,-45.41015625,-36.1328125,-14.6484375
281.5390625,-10.7421875,-43.45703125,-31.73828125,-23.4375
281.54296875,-14.16015625,-45.8984375,-30.2734375,-54.6875
281.546875,-5.37109375,-46.38671875,-38.57421875,-11.71875
281.55078125,7.32421875,-30.76171875,-32.2265625,-5.859375
281.5546875,23.4375,-2.44140625,-23.92578125,-21.484375
281.55859375,12.6953125,1.46484375,-26.3671875,-12.6953125
281.5625,-5.37109375,-14.6484375,-13.18359375,-14.6484375
281.56640625,6.8359375,-21.484375,-15.625,-17.08984375
281.5703125,16.6015625,-26.85546875,-12.20703125,-17.578125
281.57421875,22.4609375,-32.2265625,-13.18359375,-8.7890625
281.578125,10.7421875,-22.94921875,-16.11328125,-25.390625
281.58203125,-13.671875,-20.99609375,-5.37109375,-38.57421875
281.5859375,-29.296875,-33.69140625,-6.34765625,-39.0625
281.58984375,-31.25,-29.296875,-4.8828125,-20.99609375
281.59375,-24.90234375,-18.5546875,-4.39453125,4.8828125
281.59765625,-12.20703125,-15.13671875,-21.484375,-0.9765625
281.6015625,-3.41796875,-14.6484375,-21.484375,-13.671875
281.60546875,-20.01953125,-23.92578125,-9.27734375,-30.2734375
281.609375,-15.13671875,-22.4609375,-5.37109375,-29.78515625
281.61328125,-10.7421875,-10.25390625,-0.9765625,-19.53125
281.6171875,-30.76171875,-20.5078125,-14.16015625,-26.85546875
281.62109375,-15.625,-26.85546875,-31.73828125,-10.25390625
281.625,8.30078125,-23.92578125,-26.3671875,0.48828125
281.62890625,-6.34765625,-19.53125,-21.484375,-6.8359375
281.6328125,-6.8359375,-15.13671875,-26.85546875,-14.16015625
281.63671875,-17.578125,-23.4375,-9.765625,-31.25
281.640625,-8.30078125,-37.109375,16.6015625,-14.16015625
281.64453125,-3.90625,-26.3671875,14.16015625,-1.953125
281.6484375,-12.6953125,-8.7890625,-1.953125,-3.90625
281.65234375,-16.11328125,-0.9765625,-4.39453125,-4.8828125
281.65625,-13.18359375,3.90625,-17.578125,-9.27734375
281.66015625,0.9765625,-3.90625,-39.0625,-11.23046875
281.6640625,34.66796875,-9.27734375,-33.69140625,7.8125
281.66796875,25.390625,2.44140625,-12.20703125,22.4609375
281.671875,-20.5078125,-4.8828125,1.46484375,-7.8125
281.67578125,-23.92578125,-17.08984375,4.39453125,-23.92578125
281.6796875,-1.46484375,-15.625,4.8828125,-10.7421875
281.68359375,3.41796875,-16.6015625,-10.25390625,-0.48828125
281.6875,19.04296875,-15.625,-18.06640625,-11.71875
281.69140625,19.53125,-16.11328125,-2.9296875,-20.99609375
281.6953125,29.78515625,-13.671875,-8.30078125,9.27734375
281.69921875,36.62109375,-11.71875,-13.671875,24.4140625
281.703125,23.92578125,-19.53125,-4.8828125,-16.11328125
281.70703125,22.4609375,-26.85546875,-1.953125,-26.3671875
281.7109375,15.625,-29.78515625,-14.16015625,-10.7421875
281.71484375,14.6484375,-24.4140625,-12.6953125,-5.37109375
281.71875,0.0,-16.6015625,-6.8359375,-29.78515625
281.72265625,15.625,-5.859375,-1.46484375,-26.85546875
281.7265625,34.1796875,-6.34765625,10.25390625,9.765625
281.73046875,24.90234375,-2.9296875,3.90625,2.44140625
281.734375,20.5078125,-2.44140625,-19.53125,0.48828125
281.73828125,13.671875,-16.6015625,3.41796875,-4.39453125
281.7421875,-2.44140625,-17.578125,26.85546875,-35.64453125
281.74609375,9.27734375,-12.6953125,14.6484375,-20.99609375
281.75,30.76171875,-5.859375,0.9765625,-23.4375
281.75390625,31.25,-8.30078125,-8.30078125,-57.6171875
281.7578125,-3.41796875,-32.2265625,-7.32421875,-60.546875
281.76171875,-15.13671875,-44.43359375,-1.46484375,-48.828125
281.765625,-29.78515625,-31.73828125,-1.953125,-89.84375
281.76953125,-47.36328125,-23.92578125,-21.484375,-98.14453125
281.7734375,-20.01953125,-23.92578125,-32.71484375,-59.5703125
281.77734375,9.27734375,-17.578125,-20.99609375,-69.3359375
281.78125,13.18359375,-20.99609375,-7.32421875,-71.2890625
281.78515625,15.13671875,-20.99609375,-1.953125,-68.359375
281.7890625,14.6484375,-13.18359375,-6.8359375,-40.52734375
281.79296875,26.3671875,-8.7890625,-11.71875,-37.109375
281.796875,30.2734375,-13.18359375,-13.671875,-56.15234375
281.80078125,32.71484375,-13.18359375,-18.06640625,-45.8984375
281.8046875,24.90234375,-6.8359375,-16.6015625,-39.55078125
281.80859375,15.625,-2.44140625,-23.92578125,-22.4609375
281.8125,17.578125,-7.32421875,-31.73828125,-14.6484375
281.81640625,6.34765625,-20.01953125,-9.27734375,-59.5703125
281.8203125,-1.46484375,-24.90234375,9.765625,-59.08203125
281.82421875,9.27734375,-22.94921875,10.7421875,-22.4609375
281.828125,16.11328125,-22.94921875,-9.765625,-8.30078125
281.83203125,2.9296875,-22.4609375,-26.3671875,13.18359375
281.8359375,-0.48828125,-25.87890625,-19.04296875,-23.4375
281.83984375,-5.859375,-34.66796875,-20.5078125,-71.2890625
281.84375,-25.390625,-31.73828125,-17.08984375,-73.2421875
281.84765625,-27.34375,-28.80859375,-28.3203125,-38.57421875
281.8515625,-3.41796875,-28.80859375,-41.50390625,-46.875
281.85546875,-18.06640625,-34.1796875,-22.4609375,-54.19921875
281.859375,-32.71484375,-37.109375,-6.34765625,-46.38671875
281.86328125,-31.73828125,-33.69140625,-21.97265625,-61.03515625
281.8671875,-29.78515625,-33.69140625,-37.59765625,-57.6171875
281.87109375,0.48828125,-38.57421875,-21.484375,-33.203125
281.875,0.48828125,-47.36328125,-14.6484375,-18.06640625
281.87890625,-13.18359375,-36.62109375,-22.94921875,-20.99609375
281.8828125,0.48828125,-21.97265625,-23.4375,-56.640625
281.88671875,19.53125,-22.4609375,-18.5546875,-63.4765625
281.890625,7.32421875,-17.08984375,-30.76171875,-23.4375
281.89453125,-21.484375,-7.8125,-37.109375,-29.78515625
281.8984375,-3.41796875,-0.9765625,-16.6015625,-39.0625
281.90234375,12.6953125,-5.37109375,-6.8359375,-35.15625
281.90625,12.6953125,-16.11328125,-6.34765625,-31.25
281.91015625,-4.39453125,-15.13671875,-8.7890625,-6.34765625
281.9140625,-45.41015625,-10.25390625,-10.25390625,-32.71484375
281.91796875,-35.15625,-5.37109375,-16.11328125,-40.0390625
281.921875,-18.5546875,-10.7421875,-35.64453125,-20.5078125
281.92578125,-28.3203125,-27.83203125,-34.66796875,-48.33984375
281.9296875,-37.109375,-40.0390625,-25.390625,-40.0390625
281.93359375,-59.5703125,-45.8984375,-22.94921875,-52.734375
281.9375,-50.29296875,-43.45703125,-18.06640625,-65.91796875
281.94140625,-34.1796875,-40.52734375,-19.53125,-56.640625
281.9453125,-44.921875,-34.66796875,-33.69140625,-61.5234375
281.94921875,-55.17578125,-33.203125,-47.36328125,-65.4296875
281.953125,-62.98828125,-32.71484375,-41.015625,-68.359375
281.95703125,-66.40625,-30.2734375,-33.69140625,-67.87109375
281.9609375,-44.43359375,-32.71484375,-34.1796875,-63.96484375
281.96484375,-27.34375,-35.15625,-29.78515625,-61.03515625
281.96875,-33.203125,-41.9921875,-23.4375,-53.22265625
281.97265625,-26.85546875,-27.34375,-25.390625,-28.80859375
281.9765625,-29.296875,-7.8125,-26.85546875,-19.04296875
281.98046875,-50.78125,-10.25390625,-25.390625,-52.24609375
281.984375,-66.40625,-13.18359375,-27.83203125,-100.09765625
281.98828125,-72.75390625,-12.6953125,-31.25,-111.328125
281.9921875,-89.84375,-12.6953125,-41.50390625,-134.27734375
281.99609375,-93.26171875,-23.4375,-47.8515625,-144.53125
282.0,-102.5390625,-28.80859375,-57.12890625,-149.90234375
282.00390625,-129.8828125,-23.4375,-65.91796875,-188.4765625
282.0078125,-139.16015625,-19.53125,-68.359375,-190.4296875
282.01171875,-153.80859375,-6.8359375,-76.66015625,-168.9453125
282.015625,-147.94921875,-15.13671875,-78.125,-169.921875
282.01953125,-125.48828125,-21.97265625,-89.84375,-181.15234375
282.0234375,-132.8125,-1.953125,-129.8828125,-169.43359375
282.02734375,-137.6953125,5.37109375,-107.91015625,-146.97265625
282.03125,-136.23046875,6.8359375,-78.61328125,-165.0390625
282.03515625,-114.2578125,15.625,-104.4921875,-163.0859375
282.0390625,-103.515625,24.4140625,-104.4921875,-157.2265625
282.04296875,-98.14453125,14.16015625,-85.44921875,-130.859375
282.046875,-67.87109375,0.9765625,-92.7734375,-142.578125
282.05078125,-46.875,15.13671875,-99.609375,-143.5546875
282.0546875,-51.7578125,23.4375,-102.05078125,-124.0234375
282.05859375,-27.34375,20.5078125,-105.95703125,-128.41796875
282.0625,-5.859375,20.99609375,-102.5390625,-99.609375
282.06640625,-29.78515625,18.06640625,-100.09765625,-87.40234375
282.0703125,-4.8828125,17.578125,-94.23828125,-62.98828125
282.07421875,18.5546875,9.765625,-82.51953125,11.23046875
282.078125,31.25,4.8828125,-86.42578125,-21.97265625
282.08203125,37.59765625,23.92578125,-110.83984375,-51.7578125
282.0859375,27.34375,25.390625,-108.88671875,-30.76171875
282.08984375,17.578125,17.08984375,-77.63671875,-46.38671875
282.09375,26.85546875,15.13671875,-55.6640625,-46.38671875
282.09765625,22.4609375,7.32421875,-51.26953125,-38.57421875
282.1015625,1.953125,3.90625,-54.19921875,-38.57421875
282.10546875,14.16015625,8.30078125,-48.33984375,-30.2734375
282.109375,30.76171875,-1.46484375,-46.38671875,-21.484375
282.11328125,29.78515625,-18.06640625,-53.22265625,-36.1328125
282.1171875,38.0859375,-8.7890625,-51.26953125,-30.76171875
282.12109375,45.41015625,-3.41796875,-50.78125,-4.8828125
282.125,41.50390625,-8.7890625,-48.828125,8.30078125
282.12890625,50.78125,-2.9296875,-50.78125,0.9765625
282.1328125,53.22265625,6.8359375,-66.40625,9.27734375
282.13671875,35.15625,8.7890625,-62.01171875,-9.27734375
282.140625,28.80859375,0.9765625,-36.1328125,-16.6015625
282.14453125,26.85546875,-9.765625,-26.85546875,-11.23046875
282.1484375,41.9921875,-13.18359375,-30.2734375,-8.7890625
282.15234375,53.7109375,-12.20703125,-32.71484375,-0.9765625
282.15625,30.76171875,-7.8125,-46.38671875,-7.32421875
282.16015625,40.0390625,-1.46484375,-49.8046875,0.48828125
282.1640625,41.50390625,-4.8828125,-38.57421875,24.90234375
282.16796875,11.71875,-11.23046875,-39.0625,2.44140625
282.171875,18.5546875,-16.11328125,-48.33984375,-5.859375
282.17578125,1.46484375,-18.06640625,-40.0390625,0.0
282.1796875,-21.97265625,-20.01953125,-38.0859375,-10.25390625
282.18359375,-7.32421875,-28.80859375,-41.015625,-32.71484375
282.1875,-1.46484375,-36.1328125,-37.59765625,-28.3203125
282.19140625,-4.39453125,-37.109375,-43.9453125,-20.01953125
282.1953125,9.765625,-25.87890625,-40.52734375,-10.25390625
282.19921875,8.30078125,-14.16015625,-43.9453125,-2.9296875
282.203125,-7.32421875,-8.30078125,-60.05859375,-12.20703125
282.20703125,4.39453125,-1.46484375,-40.52734375,-12.20703125
282.2109375,-9.27734375,-2.44140625,-20.5078125,-31.73828125
282.21484375,-0.9765625,-15.625,-25.390625,-31.25
282.21875,19.04296875,-21.97265625,-25.390625,11.71875
282.22265625,-0.48828125,-24.90234375,-17.08984375,10.25390625
282.2265625,-5.859375,-22.4609375,-16.11328125,-19.53125
282.23046875,-19.04296875,-24.90234375,-21.484375,-28.3203125
282.234375,-6.8359375,-22.94921875,-21.484375,-18.5546875
282.23828125,6.8359375,-19.04296875,-26.85546875,-21.484375
282.2421875,10.7421875,-17.578125,-36.1328125,-41.015625
282.24609375,-2.44140625,-12.6953125,-35.15625,-34.1796875
282.25,-20.5078125,-7.8125,-42.48046875,-21.484375
282.25390625,7.8125,-8.30078125,-42.96875,-32.71484375
282.2578125,34.1796875,-18.06640625,-29.78515625,-18.5546875
282.26171875,33.203125,-22.94921875,-33.203125,8.7890625
282.265625,-0.9765625,-26.85546875,-57.12890625,-15.13671875
282.26953125,-6.8359375,-28.3203125,-53.22265625,-36.1328125
282.2734375,-17.578125,-17.08984375,-27.34375,-46.875
282.27734375,-10.7421875,-16.6015625,-17.578125,-25.87890625
282.28125,12.20703125,-24.4140625,-17.578125,-21.97265625
282.28515625,2.44140625,-13.18359375,-28.80859375,-28.3203125
282.2890625,-8.30078125,-2.9296875,-39.0625,-14.6484375
282.29296875,-5.37109375,-3.90625,-34.1796875,-30.2734375
282.296875,17.08984375,-8.30078125,-22.4609375,-25.390625
282.30078125,-0.48828125,-23.92578125,-16.11328125,-26.3671875
282.3046875,-7.32421875,-23.92578125,-27.83203125,-28.80859375
282.30859375,5.859375,-16.11328125,-39.55078125,-18.5546875
282.3125,6.34765625,-27.83203125,-38.0859375,-33.69140625
282.31640625,-2.9296875,-24.90234375,-38.57421875,-39.55078125
282.3203125,17.578125,-18.5546875,-49.31640625,-21.484375
282.32421875,18.5546875,-28.3203125,-41.50390625,-28.3203125
282.328125,-2.44140625,-25.87890625,-16.11328125,-26.85546875
282.33203125,-6.8359375,-25.87890625,-6.8359375,-13.671875
282.3359375,-3.90625,-34.1796875,-7.32421875,-5.859375
282.33984375,0.48828125,-29.296875,-12.20703125,-10.7421875
282.34375,-8.7890625,-22.4609375,-8.7890625,-0.48828125
282.34765625,-6.34765625,-10.7421875,-15.13671875,-10.7421875
282.3515625,-2.44140625,-3.41796875,-30.76171875,-7.8125
282.35546875,-12.20703125,-10.7421875,-24.4140625,-11.71875
282.359375,12.6953125,-5.37109375,-8.30078125,-29.296875
282.36328125,17.578125,-6.8359375,-8.30078125,-34.66796875
282.3671875,23.92578125,-19.04296875,-9.27734375,-24.4140625
282.37109375,26.3671875,-15.625,-12.6953125,-12.6953125
282.375,-11.71875,-12.20703125,-20.5078125,-12.20703125
282.37890625,-10.7421875,-13.18359375,-14.6484375,0.48828125
282.3828125,-15.625,-13.671875,-31.25,0.0
282.38671875,-15.625,-16.6015625,-39.0625,14.16015625
282.390625,-16.6015625,-12.6953125,-14.6484375,2.44140625
282.39453125,-12.20703125,-7.32421875,-5.859375,-34.1796875
282.3984375,-3.41796875,-4.8828125,-6.8359375,-27.34375
282.40234375,8.30078125,-8.30078125,-9.27734375,-0.48828125
282.40625,9.27734375,-16.11328125,-20.5078125,1.953125
282.41015625,-10.25390625,-20.99609375,-28.3203125,-7.8125
282.4140625,-13.671875,-19.04296875,-26.85546875,-11.23046875
282.41796875,-25.390625,-20.5078125,-31.25,-24.4140625
282.421875,-6.8359375,-19.04296875,-40.52734375,8.7890625
282.42578125,-8.30078125,-27.34375,-39.0625,3.90625
282.4296875,-14.16015625,-34.1796875,-23.92578125,-36.62109375
282.43359375,2.44140625,-32.71484375,-20.99609375,-19.04296875
282.4375,-9.27734375,-21.484375,-16.6015625,-7.8125
282.44140625,-35.15625,-10.7421875,-16.6015625,-24.90234375
282.4453125,-39.0625,-23.4375,-25.390625,-17.08984375
282.44921875,-19.04296875,-23.92578125,-32.71484375,3.41796875
282.453125,-38.0859375,-18.06640625,-45.8984375,-24.90234375
282.45703125,-57.6171875,-18.06640625,-33.203125,-46.875
282.4609375,-44.921875,-32.71484375,-15.625,-40.0390625
282.46484375,-50.78125,-39.0625,-13.18359375,-36.1328125
282.46875,-40.52734375,-22.94921875,-12.6953125,-21.97265625
282.47265625,-20.5078125,-16.11328125,-10.7421875,16.6015625
282.4765625,-16.11328125,-17.578125,-25.390625,1.46484375
282.48046875,-18.5546875,-20.01953125,-25.87890625,-25.390625
282.484375,-20.5078125,-15.625,-19.53125,-22.94921875
282.48828125,-36.1328125,-11.71875,-14.6484375,-24.90234375
282.4921875,-28.3203125,-12.6953125,-11.71875,-30.2734375
282.49609375,-1.953125,-15.13671875,-17.08984375,-3.90625
282.5,-3.41796875,-14.16015625,-16.11328125,4.39453125
282.50390625,-28.3203125,-4.8828125,-12.6953125,-30.76171875
282.5078125,-31.73828125,-3.90625,-16.11328125,-39.55078125
282.51171875,-28.3203125,-18.06640625,-17.578125,-21.97265625
282.515625,-42.48046875,-30.2734375,-24.4140625,-24.4140625
282.51953125,-52.24609375,-28.80859375,-27.83203125,-49.8046875
282.5234375,-45.8984375,-18.06640625,-31.73828125,-43.9453125
282.52734375,-37.109375,-13.671875,-37.59765625,-4.8828125
282.53125,9.765625,-13.671875,-20.5078125,25.390625
282.53515625,33.69140625,-12.20703125,0.9765625,16.11328125
282.5390625,-25.390625,-12.6953125,-23.92578125,-28.80859375
282.54296875,-77.1484375,-11.23046875,-22.94921875,-36.1328125
282.546875,-96.6796875,-22.4609375,8.30078125,-54.6875
282.55078125,-125.0,-37.109375,8.7890625,-89.84375
282.5546875,-119.140625,-32.71484375,7.32421875,-71.2890625
282.55859375,-141.11328125,-37.109375,14.6484375,-109.86328125
282.5625,-166.50390625,-39.55078125,19.53125,-135.7421875
282.56640625,-180.6640625,-38.0859375,17.08984375,-115.72265625
282.5703125,-208.49609375,-43.9453125,22.4609375,-130.859375
282.57421875,-168.45703125,-54.19921875,20.99609375,-130.37109375
282.578125,-150.87890625,-60.546875,13.671875,-130.859375
282.58203125,-191.89453125,-54.6875,11.71875,-138.671875
282.5859375,-169.921875,-50.78125,12.6953125,-105.46875
282.58984375,-159.1796875,-67.3828125,10.7421875,-110.3515625
282.59375,-188.96484375,-72.75390625,-4.8828125,-125.0
282.59765625,-183.59375,-64.94140625,8.30078125,-132.32421875
282.6015625,-174.31640625,-57.6171875,36.62109375,-137.20703125
282.60546875,-182.12890625,-55.6640625,40.52734375,-131.34765625
282.609375,-175.29296875,-58.10546875,32.71484375,-118.1640625
282.61328125,-136.71875,-56.15234375,34.1796875,-98.14453125
282.6171875,-143.06640625,-51.26953125,31.73828125,-101.07421875
282.62109375,-129.8828125,-48.33984375,32.2265625,-83.984375
282.625,-84.47265625,-45.8984375,26.3671875,-46.38671875
282.62890625,-84.47265625,-39.0625,17.08984375,-52.24609375
282.6328125,-80.078125,-34.66796875,15.625,-51.7578125
282.63671875,-49.31640625,-43.9453125,10.7421875,-6.34765625
282.640625,-62.5,-50.78125,13.18359375,-19.53125
282.64453125,-60.546875,-48.33984375,18.5546875,-32.71484375
282.6484375,-42.48046875,-54.19921875,10.7421875,-15.13671875
282.65234375,-58.10546875,-49.8046875,-6.8359375,-34.66796875
282.65625,-45.41015625,-40.52734375,-10.7421875,-39.0625
282.66015625,-16.11328125,-27.83203125,-18.5546875,0.9765625
282.6640625,-16.11328125,-13.18359375,-15.625,26.3671875
282.66796875,-14.16015625,-15.13671875,15.625,14.16015625
282.671875,1.46484375,-22.4609375,26.85546875,-0.48828125
282.67578125,3.41796875,-26.3671875,20.01953125,-10.25390625
282.6796875,4.39453125,-16.11328125,13.18359375,4.39453125
282.68359375,0.9765625,-15.625,6.8359375,5.859375
282.6875,-7.8125,-29.296875,1.46484375,-4.39453125
282.69140625,9.27734375,-32.71484375,-2.44140625,19.53125
282.6953125,10.25390625,-30.76171875,-6.8359375,31.25
282.69921875,-4.8828125,-27.83203125,-16.11328125,7.8125
282.703125,4.8828125,-18.06640625,-28.80859375,11.71875
282.70703125,24.4140625,-16.6015625,-15.13671875,35.15625
282.7109375,39.0625,-23.4375,-12.20703125,23.4375
282.71484375,40.0390625,-19.53125,-18.06640625,4.39453125
282.71875,54.19921875,-15.13671875,-12.6953125,38.0859375
282.72265625,48.33984375,-21.97265625,-19.04296875,56.640625
282.7265625,43.45703125,-20.5078125,-17.08984375,31.25
282.73046875,40.52734375,-14.6484375,-11.23046875,40.52734375
282.734375,41.015625,-3.41796875,-20.5078125,58.59375
282.73828125,8.7890625,-10.7421875,-31.73828125,22.94921875
282.7421875,15.625,-32.71484375,-21.97265625,14.16015625
282.74609375,69.82421875,-13.671875,-26.85546875,36.62109375
282.75,56.640625,-2.44140625,-37.59765625,55.6640625
282.75390625,26.3671875,-25.390625,-13.671875,24.4140625
282.7578125,27.34375,-24.4140625,2.44140625,-65.4296875
282.76171875,21.97265625,-18.06640625,4.39453125,-48.33984375
282.765625,18.5546875,-28.80859375,-1.953125,22.94921875
282.76953125,48.828125,-17.578125,-11.71875,31.25
282.7734375,59.08203125,2.9296875,-10.7421875,62.5
282.77734375,62.5,9.27734375,-5.37109375,27.34375
282.78125,39.55078125,0.0,0.9765625,-19.53125
282.78515625,42.48046875,-9.765625,9.27734375,-10.7421875
282.7890625,62.01171875,-11.23046875,11.71875,-4.8828125
282.79296875,49.8046875,-11.71875,7.32421875,11.23046875
282.796875,36.1328125,-14.6484375,-5.859375,-10.7421875
282.80078125,25.390625,-4.39453125,1.953125,-37.109375
282.8046875,21.97265625,8.7890625,6.8359375,0.48828125
282.80859375,19.04296875,14.16015625,-21.484375,33.69140625
282.8125,55.6640625,21.484375,-61.5234375,62.5
282.81640625,56.15234375,6.34765625,-45.8984375,60.05859375
282.8203125,22.94921875,-15.13671875,-8.30078125,36.62109375
282.82421875,34.66796875,-15.625,5.859375,56.640625
282.828125,29.296875,-12.6953125,11.23046875,51.26953125
282.83203125,17.08984375,-13.18359375,3.90625,28.80859375
282.8359375,29.78515625,-9.27734375,-12.20703125,22.4609375
282.83984375,24.4140625,-9.765625,-22.94921875,17.578125
282.84375,8.7890625,-6.8359375,-24.90234375,41.9921875
282.84765625,-10.25390625,-2.44140625,-10.25390625,41.015625
282.8515625,8.30078125,-14.6484375,-5.37109375,45.41015625
282.85546875,19.04296875,-23.4375,-13.671875,31.73828125
282.859375,17.08984375,-14.16015625,-19.53125,6.8359375
282.86328125,23.92578125,-17.08984375,-11.71875,10.25390625
282.8671875,22.94921875,-10.25390625,-15.13671875,-27.83203125
282.87109375,4.8828125,4.39453125,-25.390625,-43.9453125
282.875,-0.48828125,0.48828125,-16.11328125,-35.15625
282.87890625,10.7421875,-9.27734375,-19.04296875,-1.46484375
282.8828125,7.8125,-10.7421875,-23.92578125,25.390625
282.88671875,23.4375,-8.7890625,-24.90234375,14.16015625
282.890625,12.6953125,-17.578125,-33.203125,8.30078125
282.89453125,19.04296875,-24.90234375,-31.25,4.8828125
282.8984375,37.59765625,-17.578125,-17.578125,24.90234375
282.90234375,-7.32421875,-5.37109375,-11.23046875,23.4375
282.90625,-17.578125,1.953125,-15.625,1.953125
282.91015625,1.46484375,4.8828125,-52.734375,-14.16015625
282.9140625,6.8359375,-6.34765625,-68.84765625,-11.23046875
282.91796875,-26.3671875,-13.18359375,-54.19921875,42.48046875
282.921875,-9.765625,-7.8125,-31.73828125,28.3203125
282.92578125,0.9765625,-16.6015625,-17.578125,-27.83203125
282.9296875,-16.6015625,-24.90234375,-20.5078125,-10.7421875
282.93359375,-15.13671875,-24.4140625,-21.484375,-7.8125
282.9375,-23.92578125,-21.97265625,-30.76171875,-28.80859375
282.94140625,-8.30078125,-21.484375,-37.59765625,-18.06640625
282.9453125,-0.48828125,-25.390625,-26.85546875,6.34765625
282.94921875,-10.7421875,-25.390625,-30.76171875,8.7890625
282.953125,6.34765625,-17.08984375,-54.19921875,-6.34765625
282.95703125,40.52734375,-14.16015625,-48.828125,2.9296875
282.9609375,7.8125,-23.92578125,-29.296875,1.953125
282.96484375,-46.875,-31.25,-31.25,-24.4140625
282.96875,-45.41015625,-31.73828125,-22.4609375,-34.66796875
282.97265625,-56.640625,-29.78515625,-19.53125,-26.85546875
282.9765625,-33.203125,-36.62109375,-22.4609375,-21.97265625
282.98046875,-23.92578125,-36.62109375,-0.9765625,-22.94921875
282.984375,-41.015625,-28.3203125,1.953125,-17.578125
282.98828125,-14.16015625,-15.625,-14.6484375,19.04296875
282.9921875,-11.23046875,-14.6484375,-30.2734375,38.57421875
282.99609375,-46.875,-29.78515625,-21.484375,2.44140625
283.0,-54.6875,-42.96875,13.671875,-4.39453125
283.00390625,-31.25,-37.109375,-1.953125,3.90625
283.0078125,-30.2734375,-21.97265625,-13.671875,-29.296875
283.01171875,-47.36328125,-36.1328125,-17.08984375,-22.94921875
283.015625,-41.015625,-43.9453125,-35.64453125,-6.8359375
283.01953125,-50.78125,-22.4609375,-27.34375,-22.4609375
283.0234375,-60.05859375,-13.18359375,-13.671875,-12.20703125
283.02734375,-48.828125,-14.16015625,-12.6953125,0.9765625
283.03125,-59.08203125,-21.97265625,-20.01953125,-17.578125
283.03515625,-68.359375,-28.80859375,-14.6484375,-33.69140625
283.0390625,-62.01171875,-22.94921875,-11.23046875,-32.2265625
283.04296875,-60.546875,-18.5546875,-5.37109375,-34.1796875
283.046875,-68.84765625,-19.04296875,-7.8125,-25.87890625
283.05078125,-90.8203125,-19.04296875,-5.859375,-61.03515625
283.0546875,-113.28125,-21.484375,-13.671875,-83.984375
283.05859375,-81.54296875,-25.390625,-22.94921875,-41.015625
283.0625,-45.41015625,-23.4375,-34.66796875,-12.6953125
283.06640625,-66.40625,-20.01953125,-36.62109375,0.9765625
283.0703125,-89.35546875,-19.53125,-15.13671875,-17.578125
283.07421875,-91.796875,-24.4140625,-5.37109375,-41.9921875
283.078125,-75.1953125,-24.90234375,-6.8359375,-48.33984375
283.08203125,-60.546875,-19.04296875,-4.39453125,-33.69140625
283.0859375,-74.21875,-23.4375,-9.765625,-28.3203125
283.08984375,-68.359375,-24.90234375,-15.13671875,-26.85546875
283.09375,-62.5,-23.4375,-17.578125,-22.94921875
283.09765625,-68.359375,-21.484375,-20.01953125,-15.13671875
283.1015625,-66.89453125,-17.578125,-47.36328125,-14.16015625
283.10546875,-60.546875,-15.625,-45.41015625,-32.2265625
283.109375,-50.29296875,-22.4609375,-14.16015625,-24.90234375
283.11328125,-65.4296875,-27.34375,-2.44140625,-2.44140625
283.1171875,-75.68359375,-33.203125,1.953125,1.46484375
283.12109375,-59.08203125,-34.66796875,-6.8359375,-11.71875
283.125,-41.9921875,-16.6015625,-20.99609375,-39.0625
283.12890625,-61.03515625,-9.765625,-27.34375,-46.38671875
283.1328125,-76.66015625,-16.6015625,-24.4140625,-42.96875
283.13671875,-70.3125,-22.94921875,-14.16015625,-36.62109375
283.140625,-62.5,-26.85546875,-11.71875,-17.578125
283.14453125,-78.125,-30.2734375,-16.11328125,-60.05859375
283.1484375,-93.75,-29.296875,-21.97265625,-63.96484375
283.15234375,-80.56640625,-36.1328125,-32.2265625,-19.53125
283.15625,-82.51953125,-39.55078125,-30.76171875,-34.66796875
283.16015625,-90.8203125,-28.80859375,-34.1796875,-38.57421875
283.1640625,-96.19140625,-18.5546875,-41.9921875,-21.484375
283.16796875,-93.75,-21.97265625,-29.78515625,-11.23046875
283.171875,-80.078125,-28.80859375,-19.04296875,-31.73828125
283.17578125,-83.984375,-30.76171875,-18.5546875,-44.921875
283.1796875,-73.73046875,-22.94921875,-14.16015625,-34.66796875
283.18359375,-50.29296875,-23.4375,-21.484375,-33.203125
283.1875,-44.43359375,-30.76171875,-33.69140625,-35.64453125
283.19140625,-44.921875,-21.97265625,-25.390625,-20.99609375
283.1953125,-53.7109375,-16.6015625,-26.85546875,-17.08984375
283.19921875,-50.29296875,-22.4609375,-36.1328125,-24.90234375
283.203125,-39.0625,-31.25,-29.296875,-27.34375
283.20703125,-36.62109375,-34.66796875,-34.1796875,-41.015625
283.2109375,-48.33984375,-24.4140625,-50.29296875,-29.296875
283.21484375,-18.06640625,-20.5078125,-32.2265625,7.8125
283.21875,8.7890625,-35.64453125,-9.765625,-1.953125
283.22265625,-34.66796875,-40.52734375,-3.41796875,-34.66796875
283.2265625,-76.171875,-24.90234375,-10.25390625,-57.12890625
283.23046875,-41.015625,-21.97265625,-26.3671875,-19.53125
283.234375,-34.1796875,-22.4609375,-42.48046875,-12.20703125
283.23828125,-44.921875,-23.4375,-30.2734375,-15.13671875
283.2421875,-33.203125,-27.34375,-13.671875,-16.6015625
283.24609375,-30.2734375,-30.2734375,-7.32421875,-17.08984375
283.25,-34.1796875,-29.78515625,-3.90625,-22.4609375
283.25390625,-36.62109375,-27.34375,-8.30078125,-20.5078125
283.2578125,-24.4140625,-27.34375,-10.25390625,-14.6484375
283.26171875,-28.3203125,-26.85546875,-17.08984375,-16.6015625
283.265625,-28.80859375,-27.34375,-32.71484375,-5.37109375
283.26953125,-19.53125,-29.78515625,-27.83203125,-10.7421875
283.2734375,-32.71484375,-32.71484375,-14.6484375,-7.32421875
283.27734375,-34.1796875,-29.296875,-20.5078125,7.8125
283.28125,-19.04296875,-20.99609375,-31.25,2.44140625
283.28515625,-14.16015625,-13.18359375,-35.15625,-12.20703125
283.2890625,-8.7890625,-23.92578125,-35.64453125,-17.08984375
283.29296875,-14.16015625,-32.71484375,-27.83203125,-12.6953125
283.296875,-29.296875,-20.5078125,-22.4609375,-2.44140625
283.30078125,-16.11328125,-12.6953125,-23.92578125,-7.32421875
283.3046875,-15.625,-12.6953125,-18.5546875,-13.18359375
283.30859375,-28.80859375,-12.20703125,-14.6484375,-10.7421875
283.3125,-5.37109375,-15.13671875,-18.5546875,-24.4140625
283.31640625,-2.9296875,-26.85546875,-10.7421875,-18.06640625
283.3203125,-25.87890625,-27.34375,-10.25390625,-7.32421875
283.32421875,-20.99609375,-19.53125,-14.16015625,-0.48828125
283.328125,7.32421875,-18.06640625,-19.53125,23.4375
283.33203125,18.06640625,-22.4609375,-26.85546875,35.64453125
283.3359375,-3.90625,-24.90234375,-17.08984375,16.11328125
283.33984375,-29.296875,-28.3203125,-25.390625,-13.671875
283.34375,-13.671875,-28.3203125,-42.48046875,19.53125
283.34765625,0.48828125,-35.15625,-23.4375,27.34375
283.3515625,-9.27734375,-40.52734375,-7.8125,3.41796875
283.35546875,-26.3671875,-29.296875,-10.7421875,10.7421875
283.359375,-2.44140625,-19.04296875,-16.6015625,34.1796875
283.36328125,6.8359375,-26.85546875,-14.6484375,41.9921875
283.3671875,-25.87890625,-27.83203125,-10.25390625,50.78125
283.37109375,-40.0390625,-29.78515625,-15.625,5.37109375
283.375,-33.203125,-36.62109375,-31.25,-20.99609375
283.37890625,-6.34765625,-42.48046875,-36.1328125,-16.11328125
283.3828125,4.39453125,-27.83203125,-21.97265625,-28.80859375
283.38671875,3.90625,-14.16015625,-20.01953125,-20.99609375
283.390625,9.27734375,-22.4609375,-41.015625,-18.06640625
283.39453125,-3.90625,-10.25390625,-19.04296875,-17.578125
283.3984375,-4.39453125,1.953125,16.11328125,-2.9296875
283.40234375,-2.9296875,3.90625,12.20703125,-6.34765625
283.40625,-6.8359375,6.8359375,2.44140625,-22.94921875
283.41015625,-6.8359375,5.37109375,-0.9765625,-12.20703125
283.4140625,-17.578125,3.41796875,-7.32421875,-12.20703125
283.41796875,-17.578125,9.27734375,-16.6015625,-3.90625
283.421875,-18.06640625,6.34765625,-27.83203125,14.16015625
283.42578125,-6.34765625,-6.34765625,-16.11328125,14.16015625
283.4296875,-28.3203125,-23.4375,-5.859375,-17.08984375
283.43359375,-31.25,-21.97265625,-4.8828125,-13.18359375
283.4375,-19.53125,-15.625,3.90625,-6.8359375
283.44140625,-50.78125,-12.6953125,3.41796875,-29.78515625
283.4453125,-49.31640625,-10.25390625,0.9765625,-27.83203125
283.44921875,-39.0625,-9.27734375,-0.9765625,-8.30078125
283.453125,-32.71484375,-7.8125,0.0,-8.7890625
283.45703125,-22.4609375,-12.20703125,-3.41796875,2.44140625
283.4609375,-22.4609375,-13.671875,-13.671875,22.4609375
283.46484375,-24.90234375,-16.11328125,-9.765625,7.32421875
283.46875,-19.04296875,-18.06640625,-7.8125,-6.34765625
283.47265625,-9.27734375,-13.671875,-15.625,-12.20703125
283.4765625,-19.53125,-16.6015625,-23.4375,-9.765625
283.48046875,-27.83203125,-15.13671875,-28.3203125,3.41796875
283.484375,-35.64453125,-13.671875,-19.53125,2.9296875
283.48828125,-33.69140625,-17.08984375,-18.5546875,-19.53125
283.4921875,-11.71875,-26.3671875,-22.94921875,-24.90234375
283.49609375,-0.9765625,-34.1796875,-20.01953125,-5.37109375
283.5,-38.57421875,-26.85546875,-16.11328125,-17.578125
283.50390625,-31.73828125,-8.7890625,-29.78515625,-20.01953125
283.5078125,11.23046875,2.9296875,-44.921875,9.27734375
283.51171875,-8.7890625,-5.37109375,-22.4609375,15.13671875
283.515625,-41.015625,-22.4609375,-18.5546875,2.44140625
283.51953125,-42.96875,-28.3203125,-22.4609375,-0.48828125
283.5234375,-27.34375,-27.83203125,-12.20703125,9.765625
283.52734375,-27.34375,-30.2734375,-29.296875,0.9765625
283.53125,-34.1796875,-28.80859375,-24.4140625,-18.06640625
283.53515625,-30.76171875,-20.5078125,-4.8828125,-20.5078125
283.5390625,-35.64453125,-16.6015625,-6.8359375,-3.90625
283.54296875,-41.50390625,-20.5078125,-5.37109375,-41.015625
283.546875,-25.87890625,-26.3671875,-13.18359375,-40.52734375
283.55078125,-21.97265625,-27.83203125,-22.4609375,4.8828125
283.5546875,-15.625,-21.97265625,-26.3671875,2.44140625
283.55859375,-3.90625,-20.01953125,-33.203125,-1.953125
283.5625,-16.6015625,-22.4609375,-27.34375,-13.18359375
283.56640625,-28.3203125,-20.5078125,-23.92578125,-33.69140625
283.5703125,-15.625,-26.3671875,-20.01953125,-20.99609375
283.57421875,-10.7421875,-35.15625,-13.18359375,-23.4375
283.578125,-31.73828125,-37.109375,-22.94921875,-27.34375
283.58203125,-46.875,-30.76171875,-29.78515625,-6.34765625
283.5859375,-36.1328125,-26.85546875,-20.99609375,-56.640625
283.58984375,-32.71484375,-21.484375,-27.34375,-56.15234375
283.59375,-20.01953125,-25.390625,-35.15625,-3.90625
283.59765625,-3.90625,-25.87890625,-25.87890625,-37.109375
283.6015625,-10.25390625,-21.97265625,-12.6953125,-63.4765625
283.60546875,-4.8828125,-23.4375,-10.7421875,-33.69140625
283.609375,-16.11328125,-22.4609375,-27.34375,-26.85546875
283.61328125,-33.203125,-22.4609375,-23.92578125,-38.0859375
283.6171875,-65.4296875,-22.94921875,-9.27734375,-50.78125
283.62109375,-67.87109375,-18.06640625,-18.06640625,-66.40625
283.625,-32.71484375,-20.99609375,-25.390625,-69.82421875
283.62890625,-38.57421875,-29.78515625,-23.4375,-62.5
283.6328125,-41.015625,-22.94921875,-24.4140625,-41.015625
283.63671875,-41.9921875,-15.625,-30.76171875,-19.53125
283.640625,-41.9921875,-24.90234375,-46.38671875,-22.94921875
283.64453125,-31.25,-21.97265625,-40.0390625,-8.7890625
283.6484375,-30.76171875,-23.4375,-20.01953125,4.39453125
283.65234375,-39.0625,-37.59765625,-9.27734375,3.41796875
283.65625,-37.59765625,-30.76171875,-22.94921875,2.44140625
283.66015625,-35.64453125,-25.87890625,-39.55078125,6.34765625
283.6640625,-60.546875,-27.34375,-25.87890625,-2.9296875
283.66796875,-74.70703125,-19.04296875,-12.6953125,-15.13671875
283.671875,-54.19921875,-16.11328125,-13.18359375,8.30078125
283.67578125,-35.15625,-20.99609375,-15.625,-2.44140625
283.6796875,-22.94921875,-30.76171875,-15.625,-2.44140625
283.68359375,-4.8828125,-32.2265625,-10.7421875,19.04296875
283.6875,5.37109375,-24.4140625,-21.97265625,26.85546875
283.69140625,-24.90234375,-15.625,-38.0859375,34.66796875
283.6953125,-51.26953125,-15.625,-36.1328125,0.9765625
283.69921875,-28.80859375,-22.4609375,-30.2734375,-15.625
283.703125,-30.76171875,-28.3203125,-37.109375,-7.32421875
283.70703125,-35.15625,-13.18359375,-48.33984375,-12.20703125
283.7109375,-33.69140625,-8.7890625,-49.8046875,-6.8359375
283.71484375,-57.12890625,-17.578125,-62.5,-10.7421875
283.71875,-63.4765625,-6.8359375,-76.66015625,-47.8515625
283.72265625,-64.453125,-5.859375,-72.75390625,-58.59375
283.7265625,-64.453125,-8.7890625,-72.75390625,-47.36328125
283.73046875,-55.17578125,-2.9296875,-75.1953125,-54.6875
283.734375,-36.62109375,4.39453125,-74.70703125,-52.734375
283.73828125,-6.8359375,-5.859375,-68.359375,-49.8046875
283.7421875,-27.34375,-11.23046875,-70.3125,-51.7578125
283.74609375,-41.50390625,-2.44140625,-80.56640625,-61.03515625
283.75,-30.76171875,-1.46484375,-89.35546875,-55.17578125
283.75390625,-50.78125,8.30078125,-87.890625,-54.19921875
283.7578125,-26.85546875,9.27734375,-83.984375,-41.015625
283.76171875,6.34765625,-2.9296875,-96.6796875,-7.32421875
283.765625,-18.06640625,-10.7421875,-88.8671875,-20.99609375
283.76953125,-17.08984375,-3.90625,-65.4296875,-42.96875
283.7734375,-21.97265625,9.765625,-62.5,-52.734375
283.77734375,-32.2265625,10.25390625,-64.453125,-63.4765625
283.78125,-35.64453125,7.32421875,-54.19921875,-44.43359375
283.78515625,-8.7890625,1.953125,-48.828125,-21.97265625
283.7890625,9.765625,-4.39453125,-49.31640625,-29.296875
283.79296875,-15.625,-2.44140625,-44.43359375,-20.5078125
283.796875,-50.29296875,4.8828125,-63.4765625,-31.25
283.80078125,-42.96875,2.9296875,-84.9609375,-53.7109375
283.8046875,-15.13671875,-14.16015625,-61.03515625,-25.87890625
283.80859375,-21.97265625,-24.4140625,-45.41015625,-9.765625
283.8125,-36.1328125,-19.53125,-43.9453125,-42.48046875
283.81640625,-20.01953125,-17.578125,-39.55078125,-44.921875
283.8203125,-8.7890625,-2.9296875,-50.29296875,-6.8359375
283.82421875,-26.3671875,1.953125,-44.43359375,-29.296875
283.828125,-33.69140625,-13.18359375,-40.0390625,-36.1328125
283.83203125,-15.625,-8.30078125,-47.36328125,-5.859375
283.8359375,-19.53125,-4.8828125,-45.8984375,-15.625
283.83984375,-24.90234375,-5.37109375,-34.1796875,-33.203125
283.84375,-35.15625,-10.7421875,-29.296875,-41.015625
283.84765625,-45.8984375,-23.4375,-40.52734375,-88.8671875
283.8515625,-29.296875,-21.97265625,-42.48046875,-101.5625
283.85546875,-16.6015625,-17.08984375,-42.96875,-67.87109375
283.859375,-7.32421875,-30.76171875,-38.57421875,-43.9453125
283.86328125,-25.390625,-33.69140625,-27.34375,-62.5
283.8671875,-66.89453125,-17.08984375,-36.1328125,-83.984375
283.87109375,-49.31640625,-10.25390625,-41.50390625,-66.40625
283.875,-29.296875,-21.97265625,-48.33984375,-59.5703125
283.87890625,-27.34375,-25.390625,-52.734375,-79.1015625
283.8828125,-29.296875,-18.5546875,-47.36328125,-81.0546875
283.88671875,-36.1328125,-15.625,-45.8984375,-50.78125
283.890625,-41.50390625,-25.390625,-46.875,-58.10546875
283.89453125,-32.71484375,-32.2265625,-43.45703125,-79.58984375
283.8984375,-22.94921875,-31.73828125,-40.52734375,-82.03125
283.90234375,-33.69140625,-25.87890625,-34.66796875,-49.31640625
283.90625,-43.45703125,-21.484375,-24.90234375,-36.1328125
283.91015625,-48.33984375,-22.4609375,-30.76171875,-64.94140625
283.9140625,-32.2265625,-32.2265625,-41.9921875,-56.640625
283.91796875,0.9765625,-32.2265625,-33.203125,-23.92578125
283.921875,3.41796875,-20.99609375,-21.484375,1.953125
283.92578125,-9.765625,-19.04296875,-26.3671875,-29.296875
283.9296875,-26.3671875,-14.16015625,-30.2734375,-63.96484375
283.93359375,-35.64453125,-8.30078125,-33.69140625,-61.5234375
283.9375,-22.94921875,-14.6484375,-38.57421875,-44.921875
283.94140625,-9.765625,-12.6953125,-42.96875,-51.7578125
283.9453125,-13.18359375,-10.25390625,-51.26953125,-56.640625
283.94921875,7.32421875,-3.90625,-53.7109375,-30.2734375
283.953125,30.2734375,2.9296875,-55.6640625,-14.16015625
283.95703125,31.25,-2.44140625,-58.10546875,-2.9296875
283.9609375,-1.953125,-13.18359375,-46.38671875,8.30078125
283.96484375,-2.9296875,-13.671875,-34.66796875,0.48828125
283.96875,-8.30078125,-12.6953125,-31.73828125,-5.859375
283.97265625,-29.78515625,-14.6484375,-34.66796875,-10.25390625
283.9765625,-26.85546875,-19.04296875,-38.0859375,-26.3671875
283.98046875,-18.5546875,-27.83203125,-34.66796875,-19.53125
283.984375,-21.97265625,-26.3671875,-39.0625,-12.20703125
283.98828125,-23.92578125,-21.484375,-41.015625,-24.4140625
283.9921875,-11.23046875,-12.6953125,-23.92578125,-23.4375
283.99609375,-24.90234375,-2.44140625,-13.671875,-2.9296875
284.0,-42.48046875,3.41796875,-25.87890625,-12.20703125
284.00390625,-45.8984375,0.48828125,-30.2734375,-25.390625
284.0078125,-51.26953125,-3.41796875,-21.484375,-18.06640625
284.01171875,-44.43359375,-4.8828125,-17.08984375,-26.3671875
284.015625,-29.296875,-11.71875,-9.27734375,-29.78515625
284.01953125,-12.6953125,-14.16015625,-9.765625,-20.99609375
284.0234375,-24.4140625,1.953125,-20.01953125,-24.90234375
284.02734375,-48.33984375,5.37109375,-19.04296875,-8.7890625
284.03125,-34.1796875,-2.9296875,-16.6015625,-29.296875
284.03515625,-56.15234375,-1.46484375,-9.27734375,-48.33984375
284.0390625,-50.29296875,-6.34765625,-6.34765625,-36.1328125
284.04296875,-35.64453125,-14.6484375,-13.18359375,-22.4609375
284.046875,-41.9921875,-11.71875,-17.578125,-21.484375
284.05078125,-39.0625,-9.27734375,-18.06640625,-41.50390625
284.0546875,-35.15625,-7.32421875,-17.08984375,-32.71484375
284.05859375,-25.390625,-4.8828125,-5.859375,-14.16015625
284.0625,-34.1796875,-11.71875,-0.48828125,-20.01953125
284.06640625,-41.015625,-13.671875,-4.8828125,-27.34375
284.0703125,-51.26953125,-17.08984375,-4.8828125,-33.203125
284.07421875,-60.05859375,-20.99609375,0.0,-19.53125
284.078125,-58.59375,-9.27734375,10.25390625,-9.27734375
284.08203125,-38.0859375,10.25390625,-1.953125,-5.37109375
284.0859375,-5.859375,20.5078125,-7.32421875,7.8125
284.08984375,-0.48828125,8.30078125,6.34765625,6.34765625
284.09375,-16.6015625,-8.7890625,3.90625,-25.87890625
284.09765625,-29.78515625,-13.18359375,5.37109375,-24.4140625
284.1015625,-20.99609375,-16.6015625,3.90625,0.9765625
284.10546875,-11.71875,-8.30078125,-8.30078125,-16.11328125
284.109375,-7.32421875,10.7421875,-10.25390625,-33.69140625
284.11328125,-2.44140625,14.16015625,-5.859375,-5.37109375
284.1171875,3.41796875,0.0,-12.6953125,-10.7421875
284.12109375,11.23046875,-9.27734375,-14.6484375,-10.7421875
284.125,-5.859375,-11.71875,-2.44140625,-3.90625
284.12890625,-15.13671875,-13.671875,-0.9765625,-21.484375
284.1328125,-16.6015625,-5.37109375,-3.90625,-12.6953125
284.13671875,-20.99609375,7.32421875,-8.7890625,-6.8359375
284.140625,-17.08984375,14.6484375,-6.34765625,6.34765625
284.14453125,-9.27734375,6.34765625,-1.46484375,9.27734375
284.1484375,-18.5546875,-20.01953125,-9.27734375,-19.04296875
284.15234375,-36.1328125,-25.390625,-11.71875,-29.296875
284.15625,-24.4140625,-8.30078125,-9.27734375,-21.97265625
284.16015625,-3.90625,6.34765625,-2.44140625,-25.390625
284.1640625,-2.44140625,12.6953125,-1.46484375,-22.94921875
284.16796875,-17.578125,11.23046875,0.0,-19.53125
284.171875,-0.9765625,12.20703125,-3.41796875,-10.7421875
284.17578125,6.8359375,4.8828125,-27.34375,-13.18359375
284.1796875,-7.8125,-15.625,-16.11328125,-23.4375
284.18359375,-18.06640625,-14.6484375,3.41796875,-20.99609375
284.1875,-21.484375,-11.71875,-1.953125,-31.73828125
284.19140625,-27.34375,-17.578125,-7.8125,-28.80859375
284.1953125,-31.25,-15.625,-9.765625,-19.04296875
284.19921875,-29.296875,-18.06640625,-17.578125,-28.3203125
284.203125,-33.203125,-20.99609375,-25.87890625,-30.2734375
284.20703125,-27.34375,-20.5078125,-24.90234375,-40.52734375
284.2109375,-33.203125,-25.87890625,-27.83203125,-58.10546875
284.21484375,-41.9921875,-26.85546875,-29.78515625,-54.6875
284.21875,-39.55078125,-21.97265625,-26.85546875,-41.015625
284.22265625,-27.34375,-22.4609375,-25.390625,-27.34375
284.2265625,-0.48828125,-33.69140625,-30.76171875,-41.9921875
284.23046875,-28.80859375,-36.62109375,-34.66796875,-54.19921875
284.234375,-43.45703125,-33.203125,-21.97265625,-32.2265625
284.23828125,-7.8125,-26.85546875,-29.296875,-27.83203125
284.2421875,21.484375,-17.08984375,-36.62109375,-34.66796875
284.24609375,27.83203125,-16.11328125,-22.94921875,-26.3671875
284.25,35.15625,-30.2734375,-12.6953125,-2.9296875
284.25390625,30.76171875,-20.99609375,-11.71875,4.8828125
284.2578125,9.765625,0.9765625,-14.6484375,-37.109375
284.26171875,16.6015625,3.41796875,-24.90234375,-40.0390625
284.265625,14.6484375,-0.9765625,-24.90234375,-33.203125
284.26953125,-9.27734375,-5.859375,-3.90625,-35.15625
284.2734375,-30.76171875,-15.625,-6.8359375,-22.4609375
284.27734375,-26.85546875,-29.78515625,-21.97265625,-29.78515625
284.28125,-31.25,-21.97265625,-12.20703125,-33.203125
284.28515625,-37.59765625,-5.37109375,-7.8125,-54.6875
284.2890625,-23.92578125,-0.9765625,-15.13671875,-44.921875
284.29296875,-18.06640625,-0.9765625,-12.6953125,10.25390625
284.296875,10.7421875,-3.41796875,-9.27734375,3.41796875
284.30078125,10.7421875,-9.765625,-11.23046875,-23.92578125
284.3046875,-15.13671875,-15.13671875,-15.625,-29.296875
284.30859375,-35.15625,-16.6015625,-18.5546875,-48.828125
284.3125,-45.8984375,-16.6015625,-25.87890625,-59.08203125
284.31640625,-50.78125,-12.20703125,-27.34375,-41.015625
284.3203125,-36.62109375,-2.9296875,-26.85546875,-43.45703125
284.32421875,-20.01953125,0.9765625,-22.4609375,-25.390625
284.328125,-37.109375,-9.765625,-22.4609375,-23.4375
284.33203125,-34.66796875,-14.16015625,-26.3671875,-42.48046875
284.3359375,-46.38671875,-24.90234375,-36.62109375,-20.01953125
284.33984375,-54.6875,-31.25,-39.0625,-20.01953125
284.34375,-27.34375,-20.99609375,-29.296875,-11.71875
284.34765625,-32.71484375,-14.6484375,-38.0859375,-4.39453125
284.3515625,-36.1328125,-14.16015625,-45.41015625,-19.53125
284.35546875,-34.1796875,-15.13671875,-24.90234375,-40.0390625
284.359375,-38.0859375,-12.20703125,-14.16015625,-40.0390625
284.36328125,-34.1796875,-11.71875,-17.08984375,-23.92578125
284.3671875,-47.8515625,-13.18359375,-26.3671875,-25.390625
284.37109375,-55.6640625,-18.06640625,-29.296875,-49.8046875
284.375,-44.921875,-20.99609375,-27.83203125,-55.17578125
284.37890625,-56.640625,-20.01953125,-33.203125,-53.7109375
284.3828125,-77.1484375,-18.06640625,-41.50390625,-42.48046875
284.38671875,-73.73046875,-14.16015625,-40.52734375,-27.34375
284.390625,-65.91796875,-13.671875,-29.78515625,-37.59765625
284.39453125,-55.17578125,-18.5546875,-13.671875,-33.69140625
284.3984375,-43.9453125,-16.6015625,-18.06640625,-37.109375
284.40234375,-20.99609375,-6.8359375,-37.109375,-24.4140625
284.40625,-23.4375,-2.44140625,-31.25,-24.90234375
284.41015625,-64.94140625,-6.8359375,-24.90234375,-49.31640625
284.4140625,-54.6875,-3.41796875,-27.83203125,-18.06640625
284.41796875,-49.31640625,-11.71875,-41.9921875,-8.7890625
284.421875,-80.078125,-31.25,-50.29296875,-46.875
284.42578125,-84.9609375,-31.73828125,-43.9453125,-46.38671875
284.4296875,-73.73046875,-32.71484375,-33.203125,-52.24609375
284.43359375,-76.171875,-34.66796875,-20.99609375,-54.19921875
284.4375,-83.49609375,-26.85546875,-22.4609375,-42.48046875
284.44140625,-87.40234375,-20.5078125,-50.29296875,-41.015625
284.4453125,-61.03515625,-20.01953125,-46.875,-30.2734375
284.44921875,-58.59375,-19.04296875,-14.6484375,-14.6484375
284.453125,-74.21875,-11.71875,-4.39453125,-28.3203125
284.45703125,-79.1015625,-17.08984375,-17.08984375,-38.57421875
284.4609375,-88.37890625,-24.90234375,-18.06640625,-37.109375
284.46484375,-99.12109375,-29.296875,-7.32421875,-37.109375
284.46875,-102.5390625,-28.3203125,-11.71875,-28.80859375
284.47265625,-81.0546875,-24.90234375,-18.5546875,-20.5078125
284.4765625,-75.1953125,-27.34375,-24.90234375,-23.4375
284.48046875,-77.63671875,-10.7421875,-26.3671875,-40.0390625
284.484375,-70.80078125,4.39453125,-25.390625,-38.0859375
284.48828125,-83.0078125,-2.9296875,-30.76171875,-41.015625
284.4921875,-93.26171875,-14.16015625,-34.1796875,-21.97265625
284.49609375,-83.0078125,-14.6484375,-35.64453125,-9.765625
284.5,-99.609375,-10.7421875,-50.78125,-29.296875
284.50390625,-99.12109375,-8.7890625,-39.0625,-35.15625
284.5078125,-74.21875,-16.6015625,-14.16015625,-31.73828125
284.51171875,-69.82421875,-24.4140625,-14.16015625,-39.0625
284.515625,-90.33203125,-19.04296875,-13.671875,-38.0859375
284.51953125,-80.078125,-15.13671875,-7.8125,-30.76171875
284.5234375,-62.5,-10.25390625,-18.06640625,-20.5078125
284.52734375,-82.51953125,-8.7890625,-27.34375,-28.3203125
284.53125,-86.9140625,-0.48828125,-25.87890625,-34.66796875
284.53515625,-71.77734375,2.9296875,-21.97265625,-30.76171875
284.5390625,-57.6171875,-10.7421875,-21.484375,-13.18359375
284.54296875,-57.6171875,1.46484375,-25.390625,-25.390625
284.546875,-49.8046875,20.01953125,-23.92578125,-20.5078125
284.55078125,-57.6171875,19.53125,-25.87890625,-4.39453125
284.5546875,-106.93359375,8.30078125,-34.66796875,-48.33984375
284.55859375,-138.18359375,-9.27734375,-19.53125,-88.8671875
284.5625,-164.55078125,-16.11328125,-1.46484375,-88.8671875
284.56640625,-165.0390625,-13.671875,3.41796875,-94.7265625
284.5703125,-174.31640625,-16.11328125,9.27734375,-120.60546875
284.57421875,-201.171875,-26.3671875,26.85546875,-125.9765625
284.578125,-193.84765625,-38.57421875,21.97265625,-117.1875
284.58203125,-213.8671875,-51.7578125,7.8125,-132.32421875
284.5859375,-221.19140625,-42.96875,19.04296875,-117.67578125
284.58984375,-233.88671875,-36.62109375,22.4609375,-121.58203125
284.59375,-250.0,-48.828125,16.11328125,-138.18359375
284.59765625,-232.91015625,-43.9453125,31.73828125,-127.44140625
284.6015625,-228.02734375,-48.33984375,41.50390625,-145.5078125
284.60546875,-223.6328125,-51.7578125,30.76171875,-137.6953125
284.609375,-220.703125,-43.45703125,33.69140625,-122.0703125
284.61328125,-188.96484375,-47.36328125,39.0625,-117.67578125
284.6171875,-184.5703125,-50.29296875,41.9921875,-90.33203125
284.62109375,-182.6171875,-45.41015625,35.64453125,-65.91796875
284.625,-162.109375,-51.7578125,31.73828125,-72.265625
284.62890625,-158.203125,-61.03515625,43.9453125,-73.73046875
284.6328125,-150.390625,-56.15234375,44.921875,-53.7109375
284.63671875,-134.27734375,-46.875,41.9921875,-43.9453125
284.640625,-117.67578125,-45.41015625,39.55078125,-43.45703125
284.64453125,-110.83984375,-52.734375,31.73828125,-39.0625
284.6484375,-100.5859375,-52.734375,21.484375,-24.4140625
284.65234375,-75.68359375,-51.26953125,17.578125,-16.6015625
284.65625,-63.4765625,-47.8515625,14.16015625,-2.9296875
284.66015625,-87.890625,-35.64453125,5.37109375,-9.765625
284.6640625,-89.84375,-30.2734375,-2.9296875,-16.11328125
284.66796875,-46.875,-31.73828125,-14.16015625,1.46484375
284.671875,-49.31640625,-35.15625,-18.5546875,0.48828125
284.67578125,-77.63671875,-37.109375,-11.71875,-18.06640625
284.6796875,-75.1953125,-36.1328125,-11.23046875,-23.92578125
284.68359375,-57.12890625,-38.57421875,-5.37109375,-4.8828125
284.6875,-81.0546875,-40.52734375,5.37109375,2.9296875
284.69140625,-78.61328125,-35.15625,-5.859375,-4.39453125
284.6953125,-28.3203125,-31.73828125,-36.1328125,0.48828125
284.69921875,-21.97265625,-26.85546875,-31.25,10.25390625
284.703125,-46.875,-28.80859375,-8.7890625,0.0
284.70703125,-42.48046875,-41.015625,3.90625,-21.97265625
284.7109375,-28.3203125,-45.8984375,4.39453125,-10.25390625
284.71484375,-35.64453125,-34.66796875,-5.37109375,6.34765625
284.71875,-37.59765625,-24.4140625,-5.859375,7.8125
284.72265625,-20.5078125,-15.13671875,-5.859375,1.46484375
284.7265625,-19.53125,-9.27734375,-8.7890625,6.34765625
284.73046875,-23.92578125,-14.16015625,-10.25390625,9.27734375
284.734375,-25.87890625,-23.4375,-16.6015625,15.13671875
284.73828125,-31.73828125,-30.76171875,-24.4140625,22.4609375
284.7421875,-35.15625,-35.64453125,-25.390625,13.18359375
284.74609375,-30.76171875,-33.203125,-32.71484375,2.44140625
284.75,-44.43359375,-33.69140625,-32.71484375,-25.87890625
284.75390625,-67.87109375,-30.2734375,-35.64453125,-5.37109375
284.7578125,-34.1796875,-24.90234375,-52.734375,4.8828125
284.76171875,9.27734375,-26.3671875,-41.015625,-2.9296875
284.765625,-20.5078125,-26.3671875,-20.99609375,1.46484375
284.76953125,-45.8984375,-21.97265625,-18.06640625,-17.08984375
284.7734375,-51.26953125,-26.3671875,-23.4375,-15.625
284.77734375,-37.59765625,-37.59765625,-25.390625,1.46484375
284.78125,-16.11328125,-30.2734375,-31.73828125,9.27734375
284.78515625,-14.6484375,-13.671875,-36.62109375,9.765625
284.7890625,-25.390625,-6.34765625,-27.34375,17.578125
284.79296875,-41.50390625,-19.04296875,-16.11328125,-0.48828125
284.796875,-67.3828125,-44.921875,-21.97265625,-61.03515625
284.80078125,-89.35546875,-41.50390625,-34.66796875,-54.6875
284.8046875,-53.22265625,-22.94921875,-30.2734375,2.9296875
284.80859375,-23.4375,-12.20703125,-15.625,-0.48828125
284.8125,-44.43359375,-9.765625,-15.13671875,-26.85546875
284.81640625,-46.875,-18.06640625,-17.08984375,-2.44140625
284.8203125,-48.828125,-22.94921875,-21.97265625,-6.8359375
284.82421875,-70.80078125,-21.97265625,-39.55078125,-39.55078125
284.828125,-80.56640625,-18.5546875,-43.45703125,-15.13671875
284.83203125,-79.58984375,-23.4375,-30.2734375,-10.25390625
284.8359375,-80.56640625,-33.203125,-18.06640625,-26.85546875
284.83984375,-82.03125,-39.0625,-18.5546875,-14.6484375
284.84375,-79.1015625,-37.59765625,-32.71484375,-0.9765625
284.84765625,-72.265625,-22.94921875,-33.203125,16.6015625
284.8515625,-41.50390625,-17.578125,-21.97265625,4.8828125
284.85546875,-64.94140625,-21.97265625,-21.484375,-25.390625
284.859375,-81.54296875,-21.97265625,-18.06640625,23.92578125
284.86328125,-56.640625,-23.4375,-20.01953125,21.484375
284.8671875,-61.03515625,-20.01953125,-24.4140625,-20.99609375
284.87109375,-57.6171875,-21.484375,-25.87890625,-6.34765625
284.875,-44.43359375,-22.94921875,-31.25,-9.27734375
284.87890625,-70.3125,-21.484375,-29.296875,-18.5546875
284.8828125,-70.3125,-21.97265625,-22.94921875,1.46484375
284.88671875,-62.98828125,-23.92578125,-28.3203125,-13.671875
284.890625,-85.9375,-24.4140625,-40.52734375,-42.96875
284.89453125,-70.80078125,-14.16015625,-44.43359375,-10.7421875
284.8984375,-63.96484375,-23.4375,-39.0625,-22.94921875
284.90234375,-72.75390625,-35.64453125,-31.25,-41.9921875
284.90625,-57.12890625,-28.80859375,-20.5078125,-8.30078125
284.91015625,-53.22265625,-16.11328125,-10.25390625,7.32421875
284.9140625,-42.48046875,-15.625,-16.11328125,3.41796875
284.91796875,-33.69140625,-16.11328125,-20.99609375,34.1796875
284.921875,-41.9921875,-16.6015625,-32.2265625,30.2734375
284.92578125,-45.8984375,-16.11328125,-26.3671875,-34.1796875
284.9296875,-72.75390625,-18.06640625,-23.4375,-24.4140625
284.93359375,-101.5625,-27.34375,-34.66796875,-20.01953125
284.9375,-78.61328125,-30.2734375,-33.203125,-30.2734375
284.94140625,-43.9453125,-34.1796875,-36.1328125,-40.52734375
284.9453125,-52.24609375,-33.69140625,-38.57421875,-40.52734375
284.94921875,-63.4765625,-21.97265625,-29.78515625,-9.27734375
284.953125,-49.8046875,-19.04296875,-31.73828125,-8.7890625
284.95703125,-44.921875,-24.90234375,-25.390625,-5.37109375
284.9609375,-36.1328125,-26.85546875,-18.5546875,-0.9765625
284.96484375,-23.92578125,-30.2734375,-23.4375,-21.484375
284.96875,-49.8046875,-27.34375,-13.18359375,-6.34765625
284.97265625,-57.12890625,-13.18359375,-9.27734375,5.37109375
284.9765625,-30.2734375,-17.08984375,-16.11328125,-19.04296875
284.98046875,-48.33984375,-28.3203125,-22.94921875,-1.46484375
284.984375,-65.4296875,-19.04296875,-36.1328125,7.32421875
284.98828125,-43.45703125,-17.578125,-38.57421875,-32.71484375
284.9921875,-32.2265625,-34.1796875,-26.85546875,-24.4140625
284.99609375,-39.55078125,-47.8515625,-22.4609375,-21.97265625
285.0,-48.33984375,-44.921875,-18.5546875,-57.6171875
285.00390625,-27.83203125,-35.64453125,-11.23046875,-30.76171875
285.0078125,11.23046875,-32.71484375,-20.01953125,-12.20703125
285.01171875,-1.953125,-29.78515625,-33.203125,-4.39453125
285.015625,-47.36328125,-11.23046875,-20.99609375,-4.39453125
285.01953125,-76.171875,1.953125,-22.94921875,-62.01171875
285.0234375,-56.640625,-1.46484375,-28.80859375,-90.8203125
285.02734375,-59.5703125,2.44140625,-23.4375,-62.01171875
285.03125,-58.10546875,8.30078125,-34.66796875,-35.15625
285.03515625,-10.25390625,17.578125,-50.78125,-39.0625
285.0390625,-1.953125,9.27734375,-50.78125,-66.40625
285.04296875,-36.1328125,-4.8828125,-42.96875,-74.70703125
285.046875,-40.0390625,-0.48828125,-49.8046875,-55.17578125
285.05078125,-39.0625,-1.46484375,-69.3359375,-70.3125
285.0546875,-60.546875,-8.7890625,-81.54296875,-96.19140625
285.05859375,-81.0546875,-24.90234375,-45.8984375,-64.94140625
285.0625,-95.21484375,-42.48046875,-36.1328125,-65.4296875
285.06640625,-72.265625,-43.9453125,-71.2890625,-129.39453125
285.0703125,-61.5234375,-46.875,-64.453125,-133.7890625
285.07421875,-46.38671875,-46.38671875,-45.41015625,-42.96875
285.078125,-30.76171875,-36.62109375,-47.36328125,-15.625
285.08203125,-40.52734375,-24.4140625,-44.43359375,-39.0625
285.0859375,-67.87109375,-14.6484375,-59.5703125,-61.03515625
285.08984375,-86.9140625,-23.92578125,-69.82421875,-68.359375
285.09375,-83.984375,-37.109375,-59.5703125,-64.453125
285.09765625,-85.9375,-35.15625,-47.8515625,-75.1953125
285.1015625,-92.7734375,-8.7890625,-44.43359375,-88.8671875
285.10546875,-78.125,-4.8828125,-36.62109375,-119.140625
285.109375,-41.9921875,-25.390625,-19.53125,-62.98828125
285.11328125,-48.828125,-21.97265625,-17.08984375,-25.87890625
285.1171875,-59.5703125,-24.90234375,-26.85546875,-57.12890625
285.12109375,-41.50390625,-22.4609375,-33.203125,-62.98828125
285.125,-27.34375,-5.37109375,-32.71484375,-37.109375
285.12890625,-34.1796875,13.18359375,-35.64453125,-28.80859375
285.1328125,-61.03515625,10.25390625,-29.78515625,-17.578125
285.13671875,-15.13671875,-13.18359375,-31.73828125,-3.90625
285.140625,17.578125,-21.484375,-21.97265625,-7.8125
285.14453125,10.7421875,-28.80859375,-1.46484375,-0.9765625
285.1484375,16.6015625,-35.15625,3.41796875,-20.99609375
285.15234375,18.5546875,-29.296875,-2.44140625,-22.4609375
285.15625,24.90234375,-11.71875,-2.44140625,1.46484375
285.16015625,-14.16015625,-6.8359375,2.44140625,-47.8515625
285.1640625,-66.40625,-3.90625,-9.27734375,-128.90625
285.16796875,-43.9453125,8.7890625,-15.625,-91.796875
285.171875,71.2890625,-15.625,15.13671875,8.30078125
285.17578125,103.515625,-11.23046875,44.921875,12.6953125
285.1796875,19.04296875,28.80859375,23.92578125,-12.6953125
285.18359375,48.828125,1.953125,33.69140625,15.13671875
285.1875,77.1484375,0.48828125,35.15625,5.37109375
285.19140625,43.9453125,9.27734375,8.7890625,-17.578125
285.1953125,61.03515625,-15.13671875,21.484375,-35.64453125
285.19921875,94.7265625,-10.25390625,37.109375,-62.98828125
285.203125,85.9375,5.859375,25.87890625,-63.96484375
285.20703125,95.703125,-8.30078125,8.30078125,-72.75390625
285.2109375,196.2890625,-9.27734375,16.6015625,-48.828125
285.21484375,247.0703125,5.37109375,9.765625,-4.39453125
285.21875,215.8203125,-1.46484375,12.6953125,1.953125
285.22265625,194.3359375,-16.6015625,16.6015625,-12.6953125
285.2265625,212.40234375,-19.53125,-14.16015625,-28.3203125
285.23046875,203.125,-23.4375,-17.578125,-14.6484375
285.234375,207.51953125,-16.11328125,-15.625,-5.859375
285.23828125,246.58203125,-11.71875,-8.7890625,-36.1328125
285.2421875,228.515625,0.48828125,-22.94921875,-82.51953125
285.24609375,199.70703125,-1.953125,-27.34375,-69.82421875
285.25,262.6953125,-19.53125,0.48828125,-2.44140625
285.25390625,257.8125,-8.7890625,-18.5546875,14.16015625
285.2578125,151.3671875,-17.08984375,-9.27734375,-35.15625
285.26171875,189.94140625,-37.109375,15.625,-42.48046875
285.265625,221.6796875,-22.4609375,11.71875,-27.34375
285.26953125,233.3984375,-11.71875,12.6953125,23.4375
285.2734375,245.1171875,-11.71875,1.953125,11.71875
285.27734375,218.75,-9.27734375,-3.90625,1.953125
285.28125,201.66015625,-7.8125,1.953125,4.8828125
285.28515625,201.171875,-3.41796875,0.0,3.41796875
285.2890625,201.171875,-6.8359375,-1.953125,14.16015625
285.29296875,199.21875,-7.32421875,-10.7421875,-0.9765625
285.296875,169.921875,-10.7421875,14.16015625,-22.94921875
285.30078125,159.1796875,-24.4140625,32.71484375,6.34765625
285.3046875,164.0625,-5.859375,15.13671875,29.78515625
285.30859375,183.10546875,-8.7890625,9.765625,29.296875
285.3125,177.734375,-9.765625,3.90625,28.3203125
285.31640625,148.4375,7.32421875,-1.953125,-7.8125
285.3203125,176.7578125,-9.765625,-10.25390625,3.90625
285.32421875,184.08203125,-5.859375,-23.4375,8.30078125
285.328125,125.48828125,-17.578125,12.6953125,1.46484375
285.33203125,97.16796875,-17.08984375,-27.34375,-13.671875
285.3359375,134.765625,-4.8828125,-37.59765625,-8.7890625
285.33984375,152.34375,-17.08984375,-12.6953125,2.9296875
285.34375,108.3984375,-0.9765625,-26.85546875,19.53125
285.34765625,90.33203125,-1.46484375,-12.20703125,26.3671875
285.3515625,121.09375,-15.625,1.46484375,-6.34765625
285.35546875,135.25390625,-3.90625,-5.37109375,7.8125
285.359375,137.6953125,-11.23046875,-19.04296875,51.7578125
285.36328125,95.21484375,-25.87890625,6.8359375,-22.4609375
285.3671875,76.66015625,-10.25390625,-0.48828125,-14.6484375
285.37109375,120.1171875,3.90625,-16.11328125,59.08203125
285.375,126.953125,-8.7890625,26.85546875,-1.953125
285.37890625,95.703125,-1.953125,19.04296875,-3.90625
285.3828125,98.14453125,-11.71875,-1.953125,-9.27734375
285.38671875,100.09765625,-27.83203125,-22.4609375,-5.859375
285.390625,64.94140625,-11.23046875,-40.52734375,35.15625
285.39453125,67.3828125,0.48828125,-20.99609375,58.10546875
285.3984375,128.41796875,7.8125,-55.6640625,52.24609375
285.40234375,125.9765625,-0.48828125,-57.12890625,26.85546875
285.40625,99.12109375,-18.06640625,-39.55078125,24.90234375
285.41015625,65.4296875,-32.2265625,-10.7421875,-5.37109375
285.4140625,77.63671875,-28.3203125,-5.37109375,-4.39453125
285.41796875,98.14453125,-23.4375,-30.2734375,-21.97265625
285.421875,56.640625,-9.765625,-35.64453125,-61.03515625
285.42578125,56.15234375,-12.20703125,-23.92578125,41.015625
285.4296875,73.73046875,-24.90234375,-27.34375,37.59765625
285.43359375,72.265625,-13.671875,-33.203125,-30.2734375
285.4375,63.4765625,-17.08984375,-23.92578125,-11.23046875
285.44140625,85.9375,-18.06640625,-51.26953125,-18.5546875
285.4453125,62.01171875,-3.41796875,-67.87109375,-26.85546875
285.44921875,45.41015625,-2.44140625,-24.90234375,1.46484375
285.453125,62.01171875,-15.625,7.32421875,35.64453125
285.45703125,56.15234375,-14.16015625,-0.48828125,5.37109375
285.4609375,67.3828125,-14.6484375,-18.06640625,-2.9296875
285.46484375,67.3828125,-14.6484375,-27.83203125,-21.97265625
285.46875,75.68359375,-9.27734375,-26.85546875,-35.15625
285.47265625,94.23828125,-10.7421875,-21.484375,19.04296875
285.4765625,120.60546875,-16.6015625,-18.5546875,7.32421875
285.48046875,61.03515625,-14.6484375,-24.4140625,5.859375
285.484375,-20.01953125,-21.97265625,-23.4375,7.8125
285.48828125,32.71484375,-30.2734375,-3.90625,-16.11328125
285.4921875,36.1328125,-19.04296875,-11.23046875,-1.953125
285.49609375,0.9765625,-29.78515625,-12.6953125,-17.08984375
285.5,15.13671875,-17.578125,-0.9765625,-0.9765625
285.50390625,82.03125,-21.484375,14.6484375,52.24609375
285.5078125,77.1484375,-27.83203125,13.671875,8.30078125
285.51171875,55.17578125,-22.94921875,-4.39453125,-16.11328125
285.515625,64.453125,-12.20703125,-6.34765625,-0.48828125
285.51953125,55.17578125,-7.8125,5.859375,15.625
285.5234375,48.828125,-12.20703125,16.6015625,14.6484375
285.52734375,65.4296875,-15.625,6.8359375,2.9296875
285.53125,62.98828125,-12.20703125,-22.94921875,4.39453125
285.53515625,43.45703125,-12.20703125,-21.97265625,27.34375
285.5390625,26.3671875,-33.69140625,-4.8828125,0.0
285.54296875,31.25,-31.73828125,-7.8125,-12.20703125
285.546875,16.6015625,-16.11328125,-18.06640625,-9.27734375
285.55078125,2.44140625,0.48828125,-2.44140625,-24.4140625
285.5546875,39.0625,-6.34765625,-2.44140625,17.578125
285.55859375,62.01171875,-11.71875,-5.859375,21.484375
285.5625,47.8515625,-3.41796875,-16.11328125,13.671875
285.56640625,22.94921875,-25.390625,-1.46484375,-2.9296875
285.5703125,16.11328125,-36.1328125,13.671875,-23.4375
285.57421875,16.11328125,-22.94921875,-1.953125,-13.671875
285.578125,35.64453125,-18.5546875,-3.90625,20.99609375
285.58203125,48.33984375,-19.53125,4.39453125,25.87890625
285.5859375,44.43359375,-25.87890625,16.6015625,6.34765625
285.58984375,31.73828125,-24.90234375,11.71875,23.92578125
285.59375,13.671875,-23.4375,-2.9296875,18.5546875
285.59765625,33.203125,-12.6953125,-12.6953125,-15.625
285.6015625,33.203125,-20.01953125,-7.8125,-18.06640625
285.60546875,24.90234375,-26.3671875,0.9765625,20.99609375
285.609375,14.16015625,-16.11328125,6.8359375,23.4375
285.61328125,4.8828125,-10.7421875,10.7421875,-15.625
285.6171875,-4.8828125,-12.20703125,-1.46484375,-16.6015625
285.62109375,-2.44140625,-21.97265625,-20.01953125,-24.90234375
285.625,0.0,-29.296875,-10.7421875,5.37109375
285.62890625,4.8828125,-33.203125,14.6484375,41.015625
285.6328125,18.5546875,-29.296875,-10.25390625,0.48828125
285.63671875,23.92578125,-24.4140625,-2.44140625,-5.37109375
285.640625,-3.41796875,-22.4609375,1.953125,-13.18359375
285.64453125,-43.45703125,-15.13671875,-19.04296875,-27.83203125
285.6484375,-3.90625,-11.23046875,-26.3671875,-25.87890625
285.65234375,21.484375,-22.4609375,-28.3203125,0.0
285.65625,-10.25390625,-25.87890625,-15.13671875,9.27734375
285.66015625,-14.16015625,-24.90234375,-1.46484375,-14.16015625
285.6640625,-15.13671875,-32.2265625,2.9296875,-23.4375
285.66796875,-20.5078125,-36.1328125,-12.6953125,-18.06640625
285.671875,-26.85546875,-38.57421875,-18.06640625,-30.76171875
285.67578125,-35.15625,-30.2734375,-5.859375,-18.5546875
285.6796875,-57.6171875,-24.4140625,-8.7890625,-17.578125
285.68359375,-76.171875,-26.3671875,-14.6484375,-41.50390625
285.6875,-44.43359375,-38.0859375,0.0,-25.390625
285.69140625,-13.18359375,-39.0625,-5.37109375,-14.6484375
285.6953125,-25.87890625,-20.5078125,-21.484375,-8.30078125
285.69921875,-37.109375,-13.18359375,-20.99609375,-39.55078125
285.703125,-34.1796875,-16.6015625,-17.578125,-42.48046875
285.70703125,-67.3828125,-22.4609375,-17.08984375,-10.25390625
285.7109375,-43.45703125,-28.3203125,-16.6015625,-2.9296875
285.71484375,-14.6484375,-28.3203125,-35.64453125,1.46484375
285.71875,-51.26953125,-31.25,-39.55078125,3.90625
285.72265625,-52.24609375,-36.1328125,-33.203125,-42.48046875
285.7265625,-65.91796875,-36.1328125,-47.36328125,-61.03515625
285.73046875,-84.9609375,-43.45703125,-47.8515625,-49.8046875
285.734375,-68.359375,-51.7578125,-40.52734375,-66.40625
285.73828125,-77.63671875,-45.41015625,-34.66796875,-50.78125
285.7421875,-81.54296875,-46.38671875,-31.73828125,-29.296875
285.74609375,-69.82421875,-50.29296875,-43.9453125,-48.828125
285.75,-69.82421875,-53.22265625,-36.62109375,-58.59375
285.75390625,-70.80078125,-47.8515625,-28.80859375,-53.22265625
285.7578125,-66.40625,-46.38671875,-28.80859375,-48.33984375
285.76171875,-57.6171875,-53.22265625,-23.92578125,-40.52734375
285.765625,-52.734375,-64.453125,-18.5546875,-46.875
285.76953125,-58.10546875,-61.03515625,-13.671875,-39.55078125
285.7734375,-67.87109375,-45.8984375,-17.578125,-31.73828125
285.77734375,-62.98828125,-45.41015625,-16.6015625,-35.15625
285.78125,-51.26953125,-47.8515625,-2.9296875,-8.7890625
285.78515625,-68.359375,-37.59765625,-2.44140625,-21.484375
285.7890625,-70.80078125,-36.1328125,-8.7890625,-44.43359375
285.79296875,-41.015625,-45.41015625,3.90625,10.7421875
285.796875,-70.80078125,-40.0390625,-6.8359375,-7.32421875
285.80078125,-97.65625,-28.3203125,-32.2265625,-58.10546875
285.8046875,-69.82421875,-20.01953125,-26.3671875,-41.9921875
285.80859375,-51.26953125,-19.04296875,-13.671875,-49.8046875
285.8125,-39.55078125,-19.53125,-13.671875,-35.64453125
285.81640625,-55.17578125,-20.01953125,-18.5546875,-49.31640625
285.8203125,-80.56640625,-20.5078125,-30.76171875,-77.1484375
285.82421875,-76.171875,-15.625,-19.04296875,-67.87109375
285.828125,-67.3828125,-18.06640625,-11.71875,-59.08203125
285.83203125,-53.22265625,-9.27734375,-36.62109375,-46.38671875
285.8359375,-47.8515625,2.9296875,-48.33984375,-70.80078125
285.83984375,-67.87109375,0.9765625,-45.8984375,-71.77734375
285.84375,-66.40625,8.30078125,-59.08203125,-55.17578125
285.84765625,-65.91796875,10.25390625,-86.42578125,-77.1484375
285.8515625,-43.45703125,-3.90625,-77.63671875,-37.109375
285.85546875,-17.08984375,-0.9765625,-53.22265625,-22.4609375
285.859375,-21.484375,-0.9765625,-42.96875,-53.7109375
285.86328125,-28.3203125,-7.8125,-19.53125,-68.359375
285.8671875,-25.87890625,-1.46484375,-41.015625,-26.3671875
285.87109375,-48.33984375,3.90625,-57.6171875,15.625
285.875,-28.80859375,0.9765625,-42.96875,-3.41796875
285.87890625,-4.8828125,-1.46484375,-50.78125,2.9296875
285.8828125,-19.53125,-0.9765625,-48.828125,-7.32421875
285.88671875,-33.69140625,-2.9296875,-45.41015625,-40.52734375
285.890625,-26.85546875,3.41796875,-52.734375,-46.875
285.89453125,-28.80859375,10.25390625,-50.29296875,-36.1328125
285.8984375,-58.10546875,7.32421875,-35.64453125,-40.0390625
285.90234375,-64.94140625,4.39453125,-19.04296875,-20.99609375
285.90625,-30.2734375,6.34765625,-17.08984375,-10.7421875
285.91015625,-0.48828125,9.27734375,-25.390625,-46.38671875
285.9140625,-12.6953125,-7.8125,-22.94921875,-34.66796875
285.91796875,-28.80859375,-15.625,-29.296875,-19.53125
285.921875,-40.52734375,-5.37109375,-35.64453125,-29.78515625
285.92578125,-36.1328125,0.0,-29.296875,-36.1328125
285.9296875,-44.43359375,17.578125,-32.71484375,-32.71484375
285.93359375,-47.36328125,6.34765625,-45.41015625,-14.6484375
285.9375,-55.6640625,-11.71875,-28.3203125,-25.390625
285.94140625,-74.21875,-9.765625,-6.34765625,-36.1328125
285.9453125,-44.43359375,-6.34765625,-18.5546875,-32.2265625
285.94921875,-38.57421875,-9.765625,-22.4609375,-36.1328125
285.953125,-46.875,-11.71875,-24.4140625,-27.34375
285.95703125,-41.015625,-5.859375,-26.85546875,-13.671875
285.9609375,-36.1328125,-5.859375,-18.06640625,-18.5546875
285.96484375,-33.69140625,-16.11328125,-20.5078125,-32.2265625
285.96875,-6.8359375,-24.4140625,-30.76171875,-17.578125
285.97265625,-29.296875,-26.85546875,-27.34375,-13.18359375
285.9765625,-64.453125,-24.4140625,-32.2265625,-28.3203125
285.98046875,-71.77734375,-24.4140625,-23.92578125,-19.53125
285.984375,-71.77734375,-22.94921875,-15.625,-23.4375
285.98828125,-48.828125,-7.32421875,-24.4140625,-8.30078125
285.9921875,-58.59375,-2.44140625,-25.87890625,-21.484375
285.99609375,-65.91796875,-4.8828125,-13.671875,-46.875
286.0,-45.41015625,-23.4375,2.44140625,-31.25
286.00390625,-39.55078125,-41.015625,2.9296875,-10.25390625
286.0078125,-57.12890625,-41.015625,-6.34765625,-25.390625
286.01171875,-50.78125,-37.59765625,-11.23046875,-16.11328125
286.015625,-41.50390625,-35.64453125,-14.16015625,9.765625
286.01953125,-60.546875,-46.38671875,-14.6484375,-20.01953125
286.0234375,-81.0546875,-35.15625,-18.06640625,-15.625
286.02734375,-86.9140625,-24.90234375,-21.97265625,1.46484375
286.03125,-58.10546875,-24.4140625,-38.57421875,-5.859375
286.03515625,-12.20703125,-13.671875,-35.64453125,14.16015625
286.0390625,9.27734375,-20.01953125,-17.08984375,29.78515625
286.04296875,-33.203125,-36.62109375,-17.08984375,18.06640625
286.046875,-64.94140625,-43.45703125,-12.6953125,12.20703125
286.05078125,-74.70703125,-46.38671875,-5.859375,1.953125
286.0546875,-71.2890625,-62.5,-2.9296875,-7.8125
286.05859375,-77.1484375,-62.5,-1.46484375,-31.25
286.0625,-109.86328125,-55.6640625,-1.46484375,-32.71484375
286.06640625,-160.64453125,-56.640625,0.48828125,-62.98828125
286.0703125,-156.73828125,-58.59375,-8.30078125,-94.23828125
286.07421875,-133.7890625,-72.75390625,5.859375,-49.8046875
286.078125,-145.01953125,-73.73046875,20.01953125,-50.29296875
286.08203125,-148.4375,-57.12890625,16.11328125,-54.6875
286.0859375,-148.92578125,-59.08203125,11.71875,-31.73828125
286.08984375,-145.99609375,-60.546875,0.48828125,-43.45703125
286.09375,-104.4921875,-59.08203125,-2.44140625,-36.62109375
286.09765625,-76.66015625,-67.87109375,2.44140625,-46.875
286.1015625,-96.6796875,-64.453125,5.37109375,-41.50390625
286.10546875,-96.6796875,-61.03515625,1.46484375,-33.203125
286.109375,-80.56640625,-58.59375,-4.39453125,-40.0390625
286.11328125,-82.51953125,-44.921875,1.46484375,-28.3203125
286.1171875,-96.6796875,-48.33984375,7.8125,-34.66796875
286.12109375,-78.125,-53.7109375,6.8359375,-19.53125
286.125,-53.7109375,-46.38671875,5.859375,17.578125
286.12890625,-57.12890625,-41.015625,3.41796875,1.46484375
286.1328125,-59.5703125,-48.828125,6.8359375,7.32421875
286.13671875,-43.9453125,-47.36328125,1.953125,3.90625
286.140625,-23.92578125,-50.78125,9.27734375,-12.20703125
286.14453125,-14.16015625,-49.31640625,19.04296875,7.32421875
286.1484375,-34.66796875,-41.50390625,-3.41796875,-28.3203125
286.15234375,-37.109375,-43.9453125,0.9765625,-16.6015625
286.15625,-21.484375,-47.8515625,24.90234375,-8.7890625
286.16015625,-32.2265625,-57.6171875,17.578125,-41.50390625
286.1640625,-50.29296875,-58.59375,-1.46484375,-25.87890625
286.16796875,-51.26953125,-54.19921875,2.44140625,-26.85546875
286.171875,-39.0625,-43.9453125,-13.671875,-41.015625
286.17578125,-9.765625,-39.0625,-24.4140625,-38.57421875
286.1796875,-2.9296875,-43.45703125,-7.8125,-13.671875
286.18359375,-20.5078125,-49.31640625,-8.30078125,-1.953125
286.1875,-22.4609375,-54.6875,-5.37109375,13.18359375
286.19140625,-31.25,-53.22265625,-7.8125,8.30078125
286.1953125,-41.015625,-44.921875,-10.25390625,5.37109375
286.19921875,-11.23046875,-40.52734375,-10.25390625,-10.7421875
286.203125,-14.6484375,-37.59765625,-17.578125,-25.87890625
286.20703125,-58.59375,-43.45703125,-22.94921875,-29.296875
286.2109375,-43.45703125,-48.33984375,-13.18359375,-56.640625
286.21484375,-47.36328125,-51.26953125,-10.25390625,-69.3359375
286.21875,-53.22265625,-50.29296875,-35.15625,-62.01171875
286.22265625,-19.04296875,-44.43359375,-52.24609375,-57.6171875
286.2265625,-15.625,-50.29296875,-40.0390625,-55.6640625
286.23046875,-11.23046875,-53.22265625,-20.01953125,-40.0390625
286.234375,-26.3671875,-50.29296875,0.9765625,-54.19921875
286.23828125,-62.5,-60.546875,4.39453125,-69.3359375
286.2421875,-58.10546875,-60.05859375,-1.953125,-50.78125
286.24609375,-51.26953125,-48.828125,-8.7890625,-57.6171875
286.25,-41.50390625,-50.29296875,-17.08984375,-60.05859375
286.25390625,-68.84765625,-64.453125,-14.6484375,-62.5
286.2578125,-83.0078125,-52.24609375,-28.3203125,-80.56640625
286.26171875,-50.29296875,-47.36328125,-41.50390625,-54.6875
286.265625,-46.38671875,-56.640625,-31.73828125,-58.59375
286.26953125,-60.546875,-61.5234375,-25.390625,-78.125
286.2734375,-56.640625,-73.73046875,-18.5546875,-63.4765625
286.27734375,-61.5234375,-64.94140625,-9.765625,-34.1796875
286.28125,-49.31640625,-44.921875,-14.6484375,-54.19921875
286.28515625,-35.15625,-36.62109375,-20.01953125,-43.45703125
286.2890625,-51.7578125,-34.66796875,-15.13671875,-20.01953125
286.29296875,-62.01171875,-37.59765625,-16.11328125,-42.96875
286.296875,-67.3828125,-35.64453125,-21.97265625,-49.8046875
286.30078125,-53.22265625,-33.69140625,-26.3671875,-24.90234375
286.3046875,-41.015625,-39.55078125,-24.4140625,-22.4609375
286.30859375,-42.96875,-40.52734375,-26.85546875,-31.25
286.3125,-51.26953125,-37.59765625,-35.15625,-30.2734375
286.31640625,-48.33984375,-43.45703125,-39.0625,-56.15234375
286.3203125,-27.83203125,-59.08203125,-30.2734375,-55.17578125
286.32421875,-23.4375,-60.05859375,-46.875,-36.1328125
286.328125,-29.296875,-48.33984375,-69.82421875,-32.2265625
286.33203125,-34.1796875,-39.55078125,-41.50390625,-42.48046875
286.3359375,-47.36328125,-33.203125,-19.53125,-28.3203125
286.33984375,-25.87890625,-30.2734375,-18.5546875,-2.9296875
286.34375,-4.8828125,-36.1328125,-23.4375,-16.6015625
286.34765625,-6.34765625,-35.64453125,-25.87890625,-35.64453125
286.3515625,14.6484375,-29.78515625,-23.92578125,-30.76171875
286.35546875,-5.37109375,-33.69140625,-29.296875,-18.06640625
286.359375,-24.90234375,-34.66796875,-50.29296875,-31.73828125
286.36328125,-28.80859375,-33.69140625,-45.8984375,-31.25
286.3671875,-35.15625,-33.69140625,-27.34375,-36.62109375
286.37109375,-23.92578125,-27.34375,-30.2734375,-36.1328125
286.375,-11.23046875,-25.390625,-31.25,-3.41796875
286.37890625,-27.34375,-22.94921875,-27.34375,-2.9296875
286.3828125,-27.83203125,-29.78515625,-42.48046875,-19.53125
286.38671875,-12.6953125,-32.2265625,-41.015625,-6.8359375
286.390625,-9.27734375,-31.25,-22.94921875,-11.71875
286.39453125,-32.71484375,-41.50390625,-22.94921875,-32.71484375
286.3984375,-59.08203125,-41.9921875,-21.484375,-34.1796875
286.40234375,-33.69140625,-35.15625,-19.53125,-40.52734375
286.40625,-25.390625,-37.109375,-17.08984375,-33.69140625
286.41015625,-20.5078125,-42.48046875,-12.6953125,-15.13671875
286.4140625,-26.85546875,-42.48046875,-26.3671875,-31.73828125
286.41796875,-57.6171875,-44.921875,-29.296875,-48.33984375
286.421875,-55.6640625,-48.33984375,-20.01953125,-46.875
286.42578125,-42.96875,-41.50390625,-29.296875,-50.29296875
286.4296875,-47.36328125,-36.62109375,-25.87890625,-34.66796875
286.43359375,-46.38671875,-38.57421875,-26.3671875,-48.33984375
286.4375,-7.8125,-37.109375,-31.73828125,-43.9453125
286.44140625,12.6953125,-30.76171875,-20.99609375,-19.53125
286.4453125,-12.6953125,-22.4609375,-20.99609375,-31.25
286.44921875,-16.11328125,-22.94921875,-15.625,-19.04296875
286.453125,2.9296875,-33.203125,-17.578125,-4.8828125
286.45703125,-5.859375,-40.0390625,-23.4375,-33.69140625
286.4609375,-42.48046875,-47.36328125,-21.484375,-44.43359375
286.46484375,-25.87890625,-48.828125,-10.7421875,-19.53125
286.46875,-18.06640625,-47.36328125,0.48828125,-19.53125
286.47265625,-28.3203125,-43.45703125,-3.90625,-41.9921875
286.4765625,-41.015625,-48.33984375,-5.859375,-41.9921875
286.48046875,-34.66796875,-44.43359375,-12.6953125,-20.5078125
286.484375,-22.4609375,-37.109375,-22.94921875,-3.90625
286.48828125,-18.5546875,-40.52734375,-29.296875,-10.25390625
286.4921875,-14.16015625,-39.0625,-30.2734375,-15.625
286.49609375,-15.625,-35.15625,-26.85546875,-18.06640625
286.5,-28.3203125,-32.71484375,-27.34375,-37.109375
286.50390625,4.8828125,-29.78515625,-30.2734375,-34.66796875
286.5078125,-2.9296875,-29.78515625,-33.203125,-37.59765625
286.51171875,-15.625,-33.69140625,-31.25,-65.91796875
286.515625,33.203125,-28.3203125,-36.1328125,-29.78515625
286.51953125,-5.37109375,-25.390625,-36.62109375,-21.97265625
286.5234375,-34.1796875,-27.83203125,-21.484375,-39.55078125
286.52734375,-15.625,-25.390625,-8.7890625,-47.36328125
286.53125,-16.11328125,-28.3203125,-3.90625,-31.25
286.53515625,-40.0390625,-29.296875,-6.34765625,-25.390625
286.5390625,-41.9921875,-26.3671875,-12.6953125,-22.94921875
286.54296875,-60.05859375,-29.78515625,-21.97265625,-8.7890625
286.546875,-35.64453125,-23.4375,-20.99609375,-2.44140625
286.55078125,-6.34765625,-13.671875,-9.765625,-6.34765625
286.5546875,-12.6953125,-12.20703125,-1.46484375,20.99609375
286.55859375,-10.7421875,-5.859375,6.34765625,21.484375
286.5625,7.32421875,-1.953125,-8.7890625,3.90625
286.56640625,43.9453125,-4.8828125,-21.97265625,37.109375
286.5703125,28.80859375,-8.30078125,-9.765625,28.80859375
286.57421875,13.671875,-25.390625,1.953125,24.90234375
286.578125,4.39453125,-27.83203125,-4.39453125,11.23046875
286.58203125,-30.76171875,-15.625,-1.953125,-13.671875
286.5859375,-23.92578125,-17.578125,3.41796875,-3.41796875
286.58984375,-5.37109375,-21.484375,-14.16015625,26.3671875
286.59375,-4.39453125,-20.01953125,-20.99609375,22.4609375
286.59765625,4.8828125,-21.484375,-26.85546875,8.30078125
286.6015625,-6.8359375,-22.94921875,-37.109375,22.4609375
286.60546875,-17.578125,-26.3671875,-27.83203125,4.39453125
286.609375,9.765625,-33.69140625,-22.94921875,-22.4609375
286.61328125,-0.9765625,-26.85546875,-27.83203125,8.30078125
286.6171875,-7.8125,-25.390625,-24.90234375,3.41796875
286.62109375,5.859375,-28.3203125,-18.06640625,10.7421875
286.625,16.6015625,-30.76171875,-15.13671875,29.78515625
286.62890625,3.41796875,-21.484375,-22.4609375,38.57421875
286.6328125,-18.06640625,-17.08984375,-20.01953125,70.3125
286.63671875,-1.46484375,-20.01953125,3.90625,35.15625
286.640625,4.39453125,-12.20703125,13.671875,5.859375
286.64453125,6.34765625,-6.8359375,22.4609375,30.2734375
286.6484375,25.87890625,-4.8828125,17.08984375,41.015625
286.65234375,4.8828125,-5.859375,1.46484375,42.96875
286.65625,11.23046875,-6.8359375,1.953125,30.76171875
286.66015625,12.6953125,-12.6953125,10.7421875,25.390625
286.6640625,-30.2734375,-19.53125,15.625,5.37109375
286.66796875,-37.59765625,-14.6484375,3.90625,-13.671875
286.671875,-9.27734375,-6.34765625,-6.34765625,35.64453125
286.67578125,11.71875,-6.34765625,1.953125,50.29296875
286.6796875,38.0859375,-6.8359375,1.953125,38.57421875
286.68359375,45.8984375,-5.859375,-6.34765625,46.38671875
286.6875,23.4375,-10.25390625,-7.8125,50.78125
286.69140625,29.78515625,-8.30078125,-11.23046875,58.59375
286.6953125,32.2265625,-6.8359375,-17.578125,81.0546875
286.69921875,22.94921875,-8.30078125,-34.1796875,40.52734375
286.703125,18.5546875,-6.34765625,-61.5234375,-13.18359375
286.70703125,66.89453125,-16.6015625,-40.52734375,-5.37109375
286.7109375,77.1484375,-23.4375,-23.92578125,20.01953125
286.71484375,37.109375,-25.87890625,-29.78515625,26.3671875
286.71875,37.109375,-22.4609375,-28.80859375,38.0859375
286.72265625,4.39453125,-17.08984375,-30.2734375,39.55078125
286.7265625,-17.578125,-22.4609375,-28.3203125,27.34375
286.73046875,3.41796875,-25.87890625,-26.85546875,45.8984375
286.734375,-3.41796875,-30.2734375,-34.66796875,41.015625
286.73828125,-14.6484375,-33.203125,-32.2265625,19.53125
286.7421875,-14.6484375,-26.85546875,-29.78515625,43.45703125
286.74609375,-2.9296875,-24.90234375,-28.3203125,103.515625
286.75,-6.8359375,-24.90234375,-27.34375,95.703125
286.75390625,-5.859375,-18.06640625,-40.52734375,81.54296875
286.7578125,24.4140625,-8.7890625,-64.94140625,85.9375
286.76171875,7.8125,-23.92578125,-55.6640625,45.8984375
286.765625,-31.73828125,-37.109375,-28.3203125,29.296875
286.76953125,14.16015625,-26.3671875,-28.3203125,47.8515625
286.7734375,100.5859375,-18.06640625,-38.57421875,29.78515625
286.77734375,181.640625,-5.859375,-47.36328125,36.62109375
286.78125,189.453125,-6.34765625,-49.31640625,22.4609375
286.78515625,97.16796875,-10.25390625,-40.52734375,28.3203125
286.7890625,17.578125,-8.7890625,-32.71484375,51.26953125
286.79296875,-10.25390625,-16.6015625,-36.1328125,21.484375
286.796875,-17.578125,-30.2734375,-39.0625,34.1796875
286.80078125,-32.2265625,-38.57421875,-46.38671875,68.84765625
286.8046875,2.9296875,-31.73828125,-58.10546875,71.2890625
286.80859375,9.27734375,-25.390625,-63.96484375,71.77734375
286.8125,-31.25,-36.62109375,-69.82421875,111.81640625
286.81640625,-20.01953125,-41.50390625,-75.68359375,65.4296875
286.8203125,-22.4609375,-28.80859375,-61.5234375,44.921875
286.82421875,-14.6484375,-30.2734375,-37.59765625,43.45703125
286.828125,-2.9296875,-33.69140625,-50.29296875,20.99609375
286.83203125,-23.4375,-29.78515625,-56.15234375,93.75
286.8359375,2.44140625,-25.390625,-67.3828125,96.19140625
286.83984375,-0.48828125,-19.53125,-72.75390625,42.96875
286.84375,-0.9765625,-20.99609375,-34.66796875,45.8984375
286.84765625,51.7578125,-20.99609375,-26.3671875,53.22265625
286.8515625,130.859375,-25.87890625,-41.015625,49.8046875
286.85546875,108.88671875,-32.2265625,-36.1328125,28.80859375
286.859375,-22.4609375,-29.296875,-33.69140625,44.43359375
286.86328125,-67.3828125,-24.90234375,-46.875,71.2890625
286.8671875,-66.89453125,-26.3671875,-37.59765625,74.21875
286.87109375,-40.52734375,-13.671875,-38.0859375,73.73046875
286.875,-21.97265625,-15.625,-45.8984375,28.3203125
286.87890625,-18.06640625,-31.73828125,-22.94921875,-33.69140625
286.8828125,-25.390625,-15.13671875,-43.9453125,41.50390625
286.88671875,-12.20703125,-24.90234375,-43.45703125,94.7265625
286.890625,20.5078125,-31.73828125,-28.80859375,71.2890625
286.89453125,19.04296875,-15.13671875,-21.484375,83.0078125
286.8984375,14.16015625,-7.8125,-22.4609375,46.875
286.90234375,30.2734375,-6.34765625,-29.296875,44.43359375
286.90625,64.94140625,-9.765625,-34.1796875,95.21484375
286.91015625,28.80859375,-10.25390625,-22.94921875,75.1953125
286.9140625,-19.53125,-1.46484375,4.39453125,95.21484375
286.91796875,14.16015625,4.39453125,13.671875,112.3046875
286.921875,39.0625,-3.41796875,18.06640625,106.93359375
286.92578125,18.5546875,-10.25390625,19.04296875,76.171875
286.9296875,-22.94921875,-8.7890625,-0.48828125,12.20703125
286.93359375,-2.9296875,-15.13671875,-11.23046875,13.671875
286.9375,-3.41796875,-15.13671875,8.30078125,38.0859375
286.94140625,-31.25,-20.01953125,-5.37109375,53.22265625
286.9453125,-8.7890625,-30.76171875,-21.484375,54.19921875
286.94921875,-13.671875,-24.90234375,-38.0859375,30.76171875
286.953125,-20.5078125,-12.6953125,-33.69140625,26.3671875
286.95703125,0.9765625,-18.06640625,-18.5546875,15.13671875
286.9609375,-2.44140625,-21.97265625,-22.4609375,35.15625
286.96484375,-12.6953125,-16.11328125,-10.7421875,69.82421875
286.96875,32.2265625,-5.37109375,-22.4609375,75.68359375
286.97265625,-13.18359375,-0.9765625,-29.296875,29.78515625
286.9765625,-82.03125,-35.64453125,-0.48828125,-2.9296875
286.98046875,-16.11328125,-31.25,0.9765625,47.36328125
286.984375,28.3203125,-7.8125,4.8828125,79.58984375
286.98828125,46.875,-7.8125,2.44140625,65.91796875
286.9921875,25.87890625,-12.20703125,-17.08984375,54.19921875
286.99609375,0.0,-11.71875,-18.06640625,32.2265625
287.0,12.20703125,-18.06640625,-18.06640625,13.18359375
287.00390625,8.30078125,-14.16015625,-14.6484375,19.04296875
287.0078125,-9.765625,-19.53125,-8.7890625,25.87890625
287.01171875,-36.62109375,-30.2734375,-22.4609375,45.8984375
287.015625,-29.78515625,-18.06640625,-31.73828125,53.22265625
287.01953125,9.27734375,-30.76171875,-14.6484375,34.1796875
287.0234375,11.23046875,-42.48046875,-18.5546875,22.4609375
287.02734375,-26.3671875,-47.36328125,-22.94921875,23.92578125
287.03125,-37.59765625,-52.734375,-19.04296875,48.828125
287.03515625,-22.94921875,-45.41015625,-19.04296875,39.55078125
287.0390625,-27.83203125,-38.57421875,-29.296875,-3.41796875
287.04296875,-55.6640625,-37.59765625,-24.4140625,-5.37109375
287.046875,-74.21875,-41.50390625,-26.3671875,21.484375
287.05078125,-53.22265625,-37.109375,-20.99609375,45.41015625
287.0546875,-35.15625,-31.73828125,-1.953125,65.91796875
287.05859375,-59.5703125,-37.59765625,-8.7890625,36.62109375
287.0625,-83.984375,-38.0859375,-19.04296875,3.90625
287.06640625,-50.78125,-30.76171875,-12.20703125,45.8984375
287.0703125,-19.04296875,-27.34375,-5.859375,61.5234375
287.07421875,2.44140625,-24.90234375,-10.25390625,37.109375
287.078125,-1.46484375,-12.6953125,-8.7890625,46.875
287.08203125,-41.9921875,-9.27734375,-0.9765625,39.0625
287.0859375,-58.59375,-23.92578125,2.9296875,-0.48828125
287.08984375,-48.828125,-8.7890625,-16.11328125,0.9765625
287.09375,-20.99609375,-1.953125,-19.04296875,21.484375
287.09765625,-7.8125,-14.6484375,-10.25390625,41.50390625
287.1015625,-4.8828125,-13.671875,-20.99609375,13.18359375
287.10546875,-27.34375,-23.92578125,-20.99609375,14.16015625
287.109375,-46.875,-28.3203125,-32.2265625,39.0625
287.11328125,-41.015625,-21.484375,-44.43359375,29.296875
287.1171875,-48.828125,-30.2734375,-27.83203125,24.90234375
287.12109375,-55.6640625,-26.85546875,-20.01953125,51.26953125
287.125,-60.05859375,-29.296875,-18.06640625,55.17578125
287.12890625,-45.41015625,-21.97265625,-20.01953125,50.78125
287.1328125,-30.76171875,-15.625,-34.1796875,42.48046875
287.13671875,-35.64453125,-37.109375,-18.5546875,15.625
287.140625,2.9296875,-35.15625,-18.5546875,9.765625
287.14453125,14.16015625,-23.4375,-35.64453125,31.73828125
287.1484375,2.44140625,-22.4609375,-40.0390625,16.11328125
287.15234375,10.25390625,-30.2734375,-45.8984375,12.20703125
287.15625,6.34765625,-25.87890625,-36.1328125,20.01953125
287.16015625,40.52734375,-16.6015625,-18.06640625,3.90625
287.1640625,29.296875,-23.4375,-18.06640625,13.671875
287.16796875,8.30078125,-21.97265625,-16.6015625,8.30078125
287.171875,45.8984375,-10.25390625,-8.30078125,18.5546875
287.17578125,50.29296875,-9.765625,-8.7890625,58.10546875
287.1796875,13.671875,-3.90625,-21.484375,26.85546875
287.18359375,-2.44140625,-14.16015625,-20.99609375,0.9765625
287.1875,1.46484375,-34.1796875,-16.11328125,-2.9296875
287.19140625,13.18359375,-27.83203125,-18.5546875,19.53125
287.1953125,16.11328125,-24.4140625,-22.4609375,41.50390625
287.19921875,42.96875,-15.625,-31.73828125,50.29296875
287.203125,62.01171875,-10.7421875,-25.87890625,31.25
287.20703125,31.73828125,-17.08984375,-20.5078125,-5.37109375
287.2109375,-9.27734375,-17.578125,-20.01953125,24.90234375
287.21484375,-22.94921875,-18.5546875,-9.27734375,20.99609375
287.21875,-19.04296875,-8.30078125,-23.4375,15.625
287.22265625,14.16015625,-6.8359375,-25.87890625,41.50390625
287.2265625,5.859375,-11.23046875,-23.92578125,20.5078125
287.23046875,-6.8359375,-13.18359375,-32.2265625,-10.25390625
287.234375,14.16015625,-9.27734375,-48.33984375,0.9765625
287.23828125,-8.30078125,-0.48828125,-66.40625,-12.20703125
287.2421875,14.6484375,-9.27734375,-53.7109375,10.7421875
287.24609375,18.06640625,-4.39453125,-52.24609375,4.39453125
287.25,-18.5546875,-2.44140625,-49.8046875,-9.765625
287.25390625,-12.6953125,-1.953125,-45.41015625,9.27734375
287.2578125,26.3671875,-8.7890625,-47.36328125,26.85546875
287.26171875,28.3203125,-12.6953125,-46.38671875,-5.859375
287.265625,13.18359375,0.0,-39.55078125,-7.8125
287.26953125,24.90234375,8.7890625,-41.50390625,-6.8359375
287.2734375,9.765625,-9.27734375,-38.0859375,-15.625
287.27734375,-7.8125,-14.6484375,-19.04296875,-4.8828125
287.28125,28.80859375,-3.41796875,-26.3671875,33.203125
287.28515625,33.69140625,-16.6015625,-30.2734375,41.50390625
287.2890625,22.94921875,-19.04296875,-35.15625,8.7890625
287.29296875,40.52734375,-6.34765625,-31.25,-29.78515625
287.296875,-0.48828125,0.0,-25.390625,-46.875
287.30078125,-85.44921875,-1.46484375,-27.83203125,-14.16015625
287.3046875,-111.81640625,-3.41796875,-21.97265625,0.48828125
287.30859375,-101.5625,-5.37109375,-25.87890625,-6.34765625
287.3125,-109.86328125,-7.32421875,-57.6171875,-14.6484375
287.31640625,-119.62890625,-18.06640625,-58.10546875,-17.08984375
287.3203125,-99.12109375,-24.90234375,-35.15625,-17.578125
287.32421875,-93.75,-24.4140625,-30.2734375,-29.78515625
287.328125,-89.35546875,-24.90234375,-20.01953125,-12.6953125
287.33203125,-83.0078125,-24.4140625,-19.53125,3.41796875
287.3359375,-86.9140625,-15.625,-20.01953125,-4.39453125
287.33984375,-90.8203125,-7.32421875,-22.94921875,3.90625
287.34375,-97.65625,-15.625,-24.90234375,29.296875
287.34765625,-91.30859375,-22.94921875,-26.85546875,3.90625
287.3515625,-74.70703125,-22.94921875,-24.90234375,-16.11328125
287.35546875,-75.1953125,-20.5078125,-12.20703125,4.8828125
287.359375,-67.87109375,-19.53125,-14.6484375,-2.9296875
287.36328125,-70.3125,-16.11328125,-17.08984375,-19.53125
287.3671875,-74.21875,-10.25390625,-10.25390625,4.39453125
287.37109375,-43.9453125,-10.25390625,-1.953125,33.69140625
287.375,-51.26953125,-7.32421875,-1.46484375,32.71484375
287.37890625,-69.3359375,-2.9296875,-4.8828125,6.34765625
287.3828125,-49.8046875,-12.20703125,-0.48828125,-7.8125
287.38671875,-62.98828125,-7.8125,0.0,-23.92578125
287.390625,-64.453125,7.32421875,2.44140625,0.0
287.39453125,-76.171875,4.8828125,-13.671875,6.8359375
287.3984375,-72.265625,0.48828125,-42.48046875,-55.17578125
287.40234375,-55.17578125,1.46484375,-40.52734375,-49.8046875
287.40625,-59.5703125,-11.23046875,-51.7578125,-44.43359375
287.41015625,-82.03125,-29.296875,-85.44921875,-60.05859375
287.4140625,-134.27734375,-35.15625,-88.8671875,-54.6875
287.41796875,-134.27734375,-40.52734375,-82.03125,-62.01171875
287.421875,-121.09375,-49.31640625,-84.47265625,-62.5
287.42578125,-144.04296875,-62.01171875,-81.0546875,-62.98828125
287.4296875,-127.44140625,-66.40625,-94.23828125,-73.73046875
287.43359375,-97.16796875,-63.4765625,-102.05078125,-91.796875
287.4375,-84.47265625,-59.08203125,-106.4453125,-66.40625
287.44140625,-79.58984375,-44.921875,-117.67578125,-65.91796875
287.4453125,-69.82421875,-34.1796875,-104.00390625,-53.7109375
287.44921875,-88.8671875,-40.0390625,-70.80078125,-42.48046875
287.453125,-125.48828125,-53.22265625,-54.19921875,-41.015625
287.45703125,-134.27734375,-51.26953125,-61.5234375,11.71875
287.4609375,-97.65625,-43.9453125,-71.77734375,-41.9921875
287.46484375,-98.6328125,-58.59375,-59.08203125,-63.96484375
287.46875,-144.04296875,-71.77734375,-62.98828125,-54.6875
287.47265625,-137.20703125,-72.265625,-63.4765625,-59.5703125
287.4765625,-106.4453125,-76.171875,-42.96875,-43.45703125
287.48046875,-125.48828125,-87.40234375,-38.57421875,-56.640625
287.484375,-138.671875,-86.9140625,-43.45703125,-90.8203125
287.48828125,-104.98046875,-71.77734375,-48.33984375,-86.42578125
287.4921875,-127.44140625,-68.84765625,-53.22265625,-82.03125
287.49609375,-124.0234375,-81.54296875,-56.15234375,-74.21875
287.5,-106.93359375,-79.58984375,-55.17578125,-59.5703125
287.50390625,-130.37109375,-68.359375,-49.8046875,-35.64453125
287.5078125,-109.86328125,-71.77734375,-46.38671875,-31.73828125
287.51171875,-90.8203125,-83.984375,-61.5234375,-75.1953125
287.515625,-99.609375,-83.49609375,-74.70703125,-74.21875
287.51953125,-88.37890625,-67.3828125,-63.96484375,-66.89453125
287.5234375,-86.42578125,-62.5,-52.734375,-60.546875
287.52734375,-105.95703125,-65.91796875,-48.828125,-61.5234375
287.53125,-114.74609375,-56.640625,-52.24609375,-69.82421875
287.53515625,-109.86328125,-51.7578125,-46.38671875,-58.10546875
287.5390625,-93.75,-57.12890625,-39.55078125,-53.22265625
287.54296875,-98.6328125,-50.78125,-52.734375,-64.94140625
287.546875,-117.1875,-50.29296875,-56.640625,-61.03515625
287.55078125,-100.5859375,-53.7109375,-48.33984375,-31.25
287.5546875,-92.7734375,-48.33984375,-57.6171875,-49.8046875
287.55859375,-110.3515625,-44.43359375,-57.6171875,-62.5
287.5625,-114.2578125,-41.015625,-53.22265625,-40.0390625
287.56640625,-79.1015625,-28.3203125,-62.01171875,-29.296875
287.5703125,-62.01171875,-21.97265625,-64.453125,-35.64453125
287.57421875,-80.56640625,-27.83203125,-46.38671875,-54.6875
287.578125,-75.1953125,-31.25,-30.76171875,-36.62109375
287.58203125,-73.73046875,-30.2734375,-41.50390625,-29.78515625
287.5859375,-71.77734375,-36.62109375,-48.828125,-40.52734375
287.58984375,-66.40625,-39.0625,-48.828125,-34.1796875
287.59375,-76.171875,-45.8984375,-44.43359375,-38.57421875
287.59765625,-38.0859375,-48.828125,-41.015625,-12.20703125
287.6015625,-29.78515625,-42.48046875,-39.0625,-13.671875
287.60546875,-53.7109375,-37.59765625,-38.0859375,-56.15234375
287.609375,-26.3671875,-34.66796875,-39.0625,-64.94140625
287.61328125,-46.38671875,-41.015625,-37.109375,-65.91796875
287.6171875,-68.359375,-51.7578125,-39.55078125,-70.80078125
287.62109375,-39.55078125,-50.29296875,-46.875,-47.8515625
287.625,-32.71484375,-38.0859375,-58.10546875,-20.01953125
287.62890625,-62.98828125,-39.0625,-64.453125,-17.578125
287.6328125,-91.796875,-33.69140625,-48.828125,-38.0859375
287.63671875,-85.44921875,-30.2734375,-39.55078125,-46.38671875
287.640625,-64.94140625,-46.875,-27.83203125,-29.296875
287.64453125,-48.33984375,-56.640625,-26.85546875,-32.71484375
287.6484375,-43.9453125,-46.875,-37.59765625,-50.29296875
287.65234375,-45.8984375,-32.71484375,-30.2734375,-37.59765625
287.65625,-44.43359375,-34.1796875,-26.85546875,-38.0859375
287.66015625,-44.43359375,-32.71484375,-30.2734375,-31.73828125
287.6640625,-35.64453125,-28.80859375,-31.73828125,-40.52734375
287.66796875,-48.33984375,-38.57421875,-42.48046875,-60.546875
287.671875,-43.9453125,-33.69140625,-58.10546875,-20.5078125
287.67578125,-38.0859375,-20.99609375,-44.921875,-0.9765625
287.6796875,-43.9453125,-25.390625,-27.83203125,-29.296875
287.68359375,-36.62109375,-31.73828125,-28.80859375,-39.55078125
287.6875,-30.76171875,-28.3203125,-36.1328125,-11.71875
287.69140625,-29.296875,-30.76171875,-30.2734375,-14.16015625
287.6953125,-49.8046875,-29.296875,-27.83203125,-50.78125
287.69921875,-42.96875,-20.01953125,-36.1328125,-18.5546875
287.703125,-38.0859375,-22.94921875,-29.296875,11.23046875
287.70703125,-29.78515625,-21.97265625,-13.671875,-18.06640625
287.7109375,-33.69140625,-22.94921875,-21.484375,-45.41015625
287.71484375,-38.0859375,-27.34375,-30.76171875,-26.85546875
287.71875,-27.83203125,-23.4375,-26.85546875,-6.34765625
287.72265625,-30.2734375,-19.04296875,-22.4609375,12.20703125
287.7265625,-31.73828125,-23.92578125,-25.390625,8.30078125
287.73046875,-24.90234375,-23.4375,-33.69140625,0.48828125
287.734375,-38.0859375,-20.99609375,-39.55078125,15.625
287.73828125,-43.45703125,-22.4609375,-31.73828125,23.4375
287.7421875,-53.7109375,-26.3671875,-34.66796875,-11.23046875
287.74609375,-30.2734375,-32.2265625,-51.7578125,-15.13671875
287.75,-27.34375,-24.4140625,-48.33984375,7.8125
287.75390625,-70.3125,-21.97265625,-35.15625,-3.41796875
287.7578125,-102.05078125,-32.2265625,-37.109375,-14.6484375
287.76171875,-121.09375,-23.92578125,-52.24609375,-23.4375
287.765625,-107.421875,-12.6953125,-55.17578125,-14.6484375
287.76953125,-75.1953125,-10.25390625,-44.43359375,14.16015625
287.7734375,-83.984375,-10.25390625,-35.15625,1.953125
287.77734375,-100.09765625,-13.671875,-23.92578125,-27.83203125
287.78125,-79.58984375,-13.18359375,-19.53125,-26.3671875
287.78515625,-60.05859375,-12.20703125,-24.90234375,-15.13671875
287.7890625,-45.8984375,-20.01953125,-33.203125,-13.671875
287.79296875,-48.33984375,-21.484375,-32.2265625,-11.71875
287.796875,-48.828125,-17.578125,-30.76171875,-9.27734375
287.80078125,-52.24609375,-18.5546875,-33.203125,-15.13671875
287.8046875,-69.3359375,-16.6015625,-33.203125,-21.484375
287.80859375,-54.19921875,-12.6953125,-31.25,-43.9453125
287.8125,-26.85546875,-13.671875,-29.296875,-37.109375
287.81640625,-27.34375,-17.08984375,-35.64453125,-7.8125
287.8203125,-42.48046875,-20.99609375,-50.29296875,4.39453125
287.82421875,-45.8984375,-20.5078125,-43.45703125,-5.37109375
287.828125,-52.734375,-25.87890625,-33.203125,-31.73828125
287.83203125,-51.7578125,-24.90234375,-29.296875,-36.62109375
287.8359375,-51.7578125,-20.99609375,-29.296875,-22.94921875
287.83984375,-47.36328125,-19.04296875,-28.80859375,-37.59765625
287.84375,-33.69140625,-15.625,-30.2734375,-42.48046875
287.84765625,-28.80859375,-14.6484375,-30.76171875,-32.2265625
287.8515625,-22.94921875,-15.13671875,-22.94921875,-13.671875
287.85546875,-28.80859375,-9.765625,-19.53125,-13.18359375
287.859375,-23.4375,-9.27734375,-24.90234375,-46.38671875
287.86328125,1.46484375,-7.32421875,-22.4609375,-20.5078125
287.8671875,-26.3671875,-10.7421875,-20.5078125,0.9765625
287.87109375,-41.50390625,-22.4609375,-24.4140625,-11.23046875
287.875,-11.23046875,-24.90234375,-44.43359375,-30.76171875
287.87890625,-11.23046875,-16.6015625,-58.59375,-28.3203125
287.8828125,-12.20703125,-19.53125,-31.25,-33.203125
287.88671875,-9.765625,-25.87890625,-10.25390625,-27.83203125
287.890625,-16.11328125,-18.5546875,-6.8359375,-20.01953125
287.89453125,-23.4375,-19.53125,-8.30078125,-10.25390625
287.8984375,-13.671875,-19.04296875,-12.20703125,3.41796875
287.90234375,-3.41796875,-10.25390625,-18.5546875,0.48828125
287.90625,-50.29296875,-18.5546875,-31.73828125,-27.83203125
287.91015625,-39.55078125,-18.5546875,-32.2265625,-31.25
287.9140625,-16.11328125,-10.25390625,-23.4375,-1.46484375
287.91796875,-20.99609375,-6.8359375,-14.16015625,-2.44140625
287.921875,-6.34765625,0.48828125,-7.32421875,-9.765625
287.92578125,-15.625,-1.46484375,-13.671875,-22.94921875
287.9296875,-39.55078125,-10.25390625,-11.23046875,-21.97265625
287.93359375,-37.109375,-9.765625,-9.27734375,7.32421875
287.9375,8.30078125,-5.37109375,-32.71484375,-9.765625
287.94140625,16.11328125,-13.18359375,-46.38671875,-22.94921875
287.9453125,-7.8125,-23.4375,-33.69140625,-8.7890625
287.94921875,-13.18359375,-20.5078125,-21.484375,-20.5078125
287.953125,-21.97265625,-18.06640625,-21.97265625,-38.57421875
287.95703125,-19.53125,-18.06640625,-24.4140625,-41.015625
287.9609375,-3.90625,-9.765625,-26.3671875,-47.8515625
287.96484375,-2.9296875,-10.7421875,-18.06640625,-33.69140625
287.96875,-39.0625,-17.578125,-10.7421875,-16.6015625
287.97265625,-51.26953125,-5.37109375,-16.6015625,-21.97265625
287.9765625,-27.34375,-1.953125,-25.390625,-21.97265625
287.98046875,-14.16015625,-10.25390625,-27.83203125,-25.390625
287.984375,-13.18359375,-9.765625,-30.2734375,-15.625
287.98828125,-31.73828125,-10.7421875,-43.9453125,-23.92578125
287.9921875,-41.015625,-20.5078125,-42.96875,-47.36328125
287.99609375,-15.625,-16.6015625,-40.52734375,-20.01953125
288.0,-13.18359375,-22.4609375,-42.48046875,-0.48828125
288.00390625,-19.53125,-43.9453125,-41.015625,-36.1328125
288.0078125,-22.4609375,-35.64453125,-29.78515625,-36.1328125
288.01171875,-24.4140625,-15.13671875,-16.6015625,-29.78515625
288.015625,-18.06640625,-15.13671875,-35.64453125,-30.2734375
288.01953125,-22.4609375,-14.6484375,-50.29296875,-20.5078125
288.0234375,-35.15625,-8.7890625,-34.1796875,-16.11328125
288.02734375,-35.64453125,-15.13671875,-18.06640625,-31.25
288.03125,-41.50390625,-26.3671875,-15.625,-36.62109375
288.03515625,-41.015625,-20.5078125,-16.6015625,-18.5546875
288.0390625,-25.390625,-11.71875,-13.18359375,-15.13671875
288.04296875,-4.8828125,-13.671875,-20.5078125,-9.765625
288.046875,6.34765625,-1.46484375,-32.71484375,21.484375
288.05078125,-7.8125,-0.9765625,-28.3203125,7.32421875
288.0546875,-18.5546875,-8.30078125,-12.6953125,-10.25390625
288.05859375,-24.4140625,-9.27734375,0.0,-7.32421875
288.0625,-21.484375,-10.25390625,-0.9765625,-20.01953125
288.06640625,-9.765625,-5.859375,-7.32421875,-32.71484375
288.0703125,-2.44140625,0.0,-20.01953125,-34.66796875
288.07421875,9.765625,2.44140625,-17.578125,-40.52734375
288.078125,25.87890625,-4.8828125,-17.08984375,-38.57421875
288.08203125,3.90625,-9.27734375,-20.01953125,-16.6015625
288.0859375,-14.6484375,-2.44140625,-16.6015625,-20.5078125
288.08984375,0.9765625,-5.859375,-6.8359375,15.13671875
288.09375,3.90625,-8.7890625,-21.484375,30.76171875
288.09765625,-15.13671875,-6.34765625,-37.59765625,-15.13671875
288.1015625,-30.2734375,-14.6484375,-18.5546875,-18.06640625
288.10546875,-19.53125,-13.671875,-7.8125,1.46484375
288.109375,-7.32421875,-11.71875,-14.6484375,-19.04296875
288.11328125,4.8828125,-11.71875,-18.06640625,-21.97265625
288.1171875,8.30078125,-6.8359375,-20.99609375,1.953125
288.12109375,-20.01953125,-12.20703125,-16.11328125,-0.48828125
288.125,-18.5546875,-20.5078125,-9.765625,-16.11328125
288.12890625,9.765625,-20.99609375,-29.296875,-27.83203125
288.1328125,2.44140625,-13.18359375,-36.1328125,-13.18359375
288.13671875,-1.46484375,-15.625,-22.94921875,-7.8125
288.140625,14.16015625,-14.16015625,-18.5546875,6.34765625
288.14453125,28.3203125,-3.90625,-27.34375,-4.39453125
288.1484375,36.1328125,-10.25390625,-44.43359375,-22.94921875
288.15234375,-0.48828125,-23.4375,-46.875,-9.27734375
288.15625,-9.27734375,-29.296875,-21.484375,-14.6484375
288.16015625,12.6953125,-17.08984375,-7.8125,-18.5546875
288.1640625,-16.11328125,-10.7421875,-11.71875,-17.578125
288.16796875,-24.4140625,-21.97265625,-3.90625,-16.11328125
288.171875,14.6484375,-23.4375,-5.859375,-22.94921875
288.17578125,27.34375,-6.34765625,-15.13671875,-6.34765625
288.1796875,47.36328125,4.8828125,-8.30078125,-0.48828125
288.18359375,52.734375,0.48828125,-19.04296875,7.8125
288.1875,41.9921875,0.48828125,-46.38671875,17.578125
288.19140625,45.8984375,-1.46484375,-37.109375,-7.32421875
288.1953125,27.83203125,-19.53125,-19.53125,3.41796875
288.19921875,24.4140625,-23.4375,-23.4375,26.3671875
288.203125,23.92578125,-20.5078125,-28.80859375,6.8359375
288.20703125,15.13671875,-17.578125,-28.3203125,-35.64453125
288.2109375,25.390625,-7.32421875,-26.85546875,-32.2265625
288.21484375,28.80859375,-5.859375,-18.5546875,0.48828125
288.21875,47.36328125,0.9765625,-8.7890625,14.16015625
288.22265625,45.41015625,1.46484375,-18.06640625,26.85546875
288.2265625,22.4609375,-11.23046875,-20.5078125,16.11328125
288.23046875,18.06640625,-14.6484375,-8.30078125,-6.8359375
288.234375,17.578125,-19.04296875,-14.6484375,18.06640625
288.23828125,22.94921875,-20.99609375,-22.94921875,5.37109375
288.2421875,22.4609375,-10.7421875,-20.99609375,-0.9765625
288.24609375,26.3671875,-12.20703125,-32.2265625,16.6015625
288.25,31.73828125,-16.6015625,-41.50390625,-13.18359375
288.25390625,18.06640625,-16.6015625,-38.57421875,-11.71875
288.2578125,5.37109375,-22.4609375,-25.87890625,10.25390625
288.26171875,-1.46484375,-20.5078125,-17.08984375,11.71875
288.265625,-28.80859375,-17.578125,-17.08984375,-20.01953125
288.26953125,0.9765625,-28.3203125,-29.78515625,-32.2265625
288.2734375,30.76171875,-25.390625,-45.41015625,5.37109375
288.27734375,37.109375,-20.01953125,-40.52734375,8.7890625
288.28125,41.50390625,-30.76171875,-26.85546875,0.9765625
288.28515625,31.25,-36.62109375,-30.76171875,-10.7421875
288.2890625,32.71484375,-37.109375,-36.1328125,-22.4609375
288.29296875,41.9921875,-35.64453125,-28.80859375,-10.25390625
288.296875,5.859375,-32.71484375,-27.34375,2.44140625
288.30078125,-7.8125,-24.90234375,-33.203125,-12.6953125
288.3046875,47.36328125,-22.94921875,-33.69140625,-20.01953125
288.30859375,53.7109375,-32.71484375,-27.83203125,-11.71875
288.3125,20.5078125,-31.25,-37.59765625,-9.765625
288.31640625,34.1796875,-26.85546875,-62.98828125,8.7890625
288.3203125,41.9921875,-35.64453125,-60.05859375,-2.9296875
288.32421875,36.62109375,-41.015625,-41.50390625,-21.97265625
288.328125,22.4609375,-36.1328125,-27.83203125,-23.92578125
288.33203125,27.34375,-26.3671875,-30.76171875,-2.9296875
288.3359375,41.9921875,-23.4375,-27.83203125,7.32421875
288.33984375,46.38671875,-33.69140625,-23.92578125,-2.44140625
288.34375,35.15625,-37.109375,-37.59765625,-4.39453125
288.34765625,23.4375,-34.1796875,-33.69140625,-9.765625
288.3515625,32.71484375,-35.64453125,-22.94921875,-4.8828125
288.35546875,19.53125,-43.9453125,-33.203125,-1.953125
288.359375,16.11328125,-37.109375,-56.15234375,-12.20703125
288.36328125,35.15625,-22.94921875,-62.98828125,-23.92578125
288.3671875,39.55078125,-21.97265625,-43.45703125,-11.23046875
288.37109375,35.64453125,-29.78515625,-34.1796875,0.48828125
288.375,40.0390625,-29.78515625,-41.50390625,0.9765625
288.37890625,47.8515625,-27.34375,-34.1796875,-3.90625
288.3828125,60.05859375,-34.66796875,-37.59765625,-6.34765625
288.38671875,59.08203125,-33.203125,-36.1328125,-6.34765625
288.390625,59.08203125,-29.296875,-37.59765625,-8.7890625
288.39453125,66.89453125,-46.38671875,-54.19921875,1.46484375
288.3984375,53.22265625,-56.15234375,-24.90234375,15.625
288.40234375,59.5703125,-42.48046875,-19.53125,29.296875
288.40625,62.5,-26.3671875,-55.6640625,16.6015625
288.41015625,45.41015625,-21.97265625,-71.77734375,4.8828125
288.4140625,19.04296875,-29.78515625,-54.6875,-25.87890625
288.41796875,0.0,-36.1328125,-25.87890625,-50.78125
288.421875,18.06640625,-36.1328125,-3.41796875,-38.57421875
288.42578125,22.4609375,-29.78515625,0.9765625,-6.8359375
288.4296875,32.71484375,-26.85546875,-19.53125,-16.11328125
288.43359375,51.7578125,-30.2734375,-28.3203125,-45.8984375
288.4375,32.71484375,-34.1796875,-26.85546875,-22.4609375
288.44140625,28.3203125,-26.85546875,-29.78515625,-0.48828125
288.4453125,55.6640625,-21.97265625,-42.96875,1.953125
288.44921875,65.4296875,-30.2734375,-48.33984375,-2.44140625
288.453125,57.6171875,-27.83203125,-37.59765625,-2.44140625
288.45703125,54.19921875,-30.76171875,-23.92578125,-17.08984375
288.4609375,55.6640625,-38.57421875,-35.64453125,-4.8828125
288.46484375,71.77734375,-38.57421875,-45.8984375,9.27734375
288.46875,40.52734375,-40.0390625,-39.55078125,-16.6015625
288.47265625,2.44140625,-27.34375,-50.29296875,-6.34765625
288.4765625,5.37109375,-25.390625,-41.50390625,14.6484375
288.48046875,-6.8359375,-43.9453125,-41.015625,-18.5546875
288.484375,-30.76171875,-53.22265625,-47.8515625,-54.19921875
288.48828125,-7.32421875,-37.59765625,-43.45703125,4.8828125
288.4921875,33.203125,-19.04296875,-63.96484375,42.96875
288.49609375,29.78515625,-20.5078125,-70.80078125,14.16015625
288.5,-8.30078125,-37.109375,-46.875,-49.8046875
288.50390625,6.34765625,-40.52734375,-43.45703125,-58.10546875
288.5078125,62.98828125,-30.76171875,-49.31640625,-7.8125
288.51171875,37.109375,-36.1328125,-35.64453125,-25.87890625
288.515625,9.27734375,-42.96875,-31.25,-62.5
288.51953125,16.6015625,-46.875,-35.15625,-38.0859375
288.5234375,1.953125,-39.0625,-32.2265625,-10.25390625
288.52734375,13.671875,-28.3203125,-37.59765625,-13.18359375
288.53125,30.2734375,-30.76171875,-37.109375,-31.25
288.53515625,25.87890625,-33.203125,-37.109375,-49.31640625
288.5390625,20.01953125,-30.76171875,-41.015625,-28.3203125
288.54296875,19.53125,-29.296875,-37.59765625,2.44140625
288.546875,16.11328125,-36.1328125,-48.33984375,4.39453125
288.55078125,24.90234375,-34.66796875,-56.640625,-13.671875
288.5546875,25.87890625,-42.48046875,-59.5703125,-32.71484375
288.55859375,10.7421875,-48.828125,-55.6640625,-19.04296875
288.5625,18.5546875,-41.015625,-43.9453125,-64.94140625
288.56640625,0.0,-35.15625,-33.69140625,-43.45703125
288.5703125,-29.296875,-38.0859375,-42.48046875,-16.6015625
288.57421875,-20.99609375,-44.43359375,-51.7578125,-20.5078125
288.578125,-14.16015625,-42.96875,-40.52734375,-21.97265625
288.58203125,-13.671875,-46.38671875,-48.33984375,-42.96875
288.5859375,-0.9765625,-46.38671875,-67.87109375,-31.25
288.58984375,5.37109375,-45.41015625,-49.8046875,-40.52734375
288.59375,7.8125,-39.55078125,-34.66796875,-61.03515625
288.59765625,-1.953125,-36.62109375,-41.50390625,-33.203125
288.6015625,-4.8828125,-38.57421875,-45.41015625,-6.8359375
288.60546875,12.6953125,-41.9921875,-49.31640625,-3.41796875
288.609375,26.85546875,-37.59765625,-41.9921875,1.953125
288.61328125,17.578125,-34.1796875,-34.66796875,-4.8828125
288.6171875,18.06640625,-35.64453125,-24.90234375,-17.578125
288.62109375,20.01953125,-34.1796875,-19.53125,-41.50390625
288.625,24.4140625,-32.2265625,-36.62109375,-63.4765625
288.62890625,23.92578125,-28.3203125,-43.45703125,-44.921875
288.6328125,24.4140625,-13.671875,-30.76171875,-17.08984375
288.63671875,26.85546875,-15.13671875,-21.484375,-17.578125
288.640625,29.296875,-17.578125,-19.04296875,-3.41796875
288.64453125,37.59765625,-15.625,-11.71875,13.18359375
288.6484375,29.296875,-22.4609375,-13.18359375,1.46484375
288.65234375,29.296875,-14.6484375,-26.85546875,17.578125
288.65625,51.26953125,-2.9296875,-21.484375,30.2734375
288.66015625,46.875,-2.9296875,-0.48828125,-8.7890625
288.6640625,31.25,-6.34765625,2.9296875,-10.7421875
288.66796875,53.22265625,-14.6484375,-8.30078125,14.16015625
288.671875,74.21875,-14.6484375,-2.9296875,26.85546875
288.67578125,63.96484375,-11.23046875,-4.39453125,30.76171875
288.6796875,41.50390625,-13.671875,-13.18359375,30.2734375
288.68359375,37.109375,-7.8125,-9.765625,34.66796875
288.6875,44.921875,3.41796875,-15.625,33.69140625
288.69140625,33.203125,2.44140625,-3.41796875,14.16015625
288.6953125,20.01953125,-4.39453125,13.671875,10.7421875
288.69921875,4.8828125,-4.39453125,8.30078125,9.765625
288.703125,7.8125,-4.39453125,-1.953125,-8.7890625
288.70703125,37.59765625,-11.23046875,-7.32421875,-21.484375
288.7109375,31.25,-7.8125,-3.90625,-20.5078125
288.71484375,8.7890625,2.44140625,-6.8359375,-16.11328125
288.71875,14.6484375,-10.25390625,-18.5546875,-8.7890625
288.72265625,44.43359375,-8.30078125,-22.4609375,5.37109375
288.7265625,29.296875,-1.46484375,-20.5078125,36.1328125
288.73046875,-20.99609375,-17.08984375,-2.44140625,50.78125
288.734375,-11.23046875,-21.484375,9.27734375,-4.8828125
288.73828125,5.859375,-13.18359375,-2.9296875,-0.48828125
288.7421875,6.34765625,-17.08984375,-15.625,8.7890625
288.74609375,14.6484375,-21.484375,-9.765625,-31.25
288.75,2.44140625,-15.13671875,-8.7890625,-15.625
288.75390625,2.44140625,-8.7890625,-14.6484375,4.39453125
288.7578125,16.6015625,-0.48828125,-13.671875,10.7421875
288.76171875,14.6484375,-2.44140625,-4.39453125,22.4609375
288.765625,28.80859375,-17.578125,0.48828125,40.0390625
288.76953125,56.15234375,-14.6484375,-2.44140625,51.26953125
288.7734375,42.96875,-2.9296875,-13.671875,16.6015625
288.77734375,23.92578125,0.9765625,-19.04296875,0.48828125
288.78125,0.48828125,-0.48828125,-19.04296875,-8.7890625
288.78515625,-24.4140625,-11.23046875,-27.34375,-31.73828125
288.7890625,-49.8046875,-13.671875,-37.59765625,-36.1328125
288.79296875,-71.77734375,-5.37109375,-50.78125,-52.734375
288.796875,-46.38671875,1.46484375,-62.5,-58.59375
288.80078125,-29.78515625,-6.34765625,-64.453125,-54.19921875
288.8046875,-59.5703125,-18.06640625,-69.82421875,-69.3359375
288.80859375,-53.7109375,-12.20703125,-71.2890625,-74.70703125
288.8125,-34.1796875,-4.8828125,-67.87109375,-58.59375
288.81640625,-44.43359375,-1.953125,-78.61328125,-68.359375
288.8203125,-47.36328125,-4.39453125,-85.44921875,-52.24609375
288.82421875,-17.08984375,-1.953125,-66.40625,-47.8515625
288.828125,-20.99609375,0.0,-63.4765625,-70.80078125
288.83203125,-30.76171875,-5.859375,-71.77734375,-55.17578125
288.8359375,-27.83203125,-6.8359375,-62.98828125,-69.3359375
288.83984375,-44.921875,1.46484375,-79.1015625,-71.77734375
288.84375,-41.015625,-5.37109375,-86.9140625,-61.5234375
288.84765625,-25.87890625,-18.5546875,-67.87109375,-67.87109375
288.8515625,-22.94921875,-18.06640625,-68.84765625,-60.546875
288.85546875,-48.33984375,-22.94921875,-65.91796875,-47.8515625
288.859375,-54.19921875,-24.4140625,-58.59375,-49.31640625
288.86328125,-41.015625,-20.01953125,-58.10546875,-72.265625
288.8671875,-35.15625,-22.4609375,-66.40625,-58.10546875
288.87109375,-18.5546875,-18.06640625,-73.2421875,-38.0859375
288.875,10.7421875,-8.7890625,-61.03515625,-60.05859375
288.87890625,3.41796875,-7.32421875,-47.36328125,-54.19921875
288.8828125,-2.44140625,-2.9296875,-39.55078125,-31.25
288.88671875,17.578125,-0.48828125,-37.109375,-29.78515625
288.890625,18.5546875,-1.46484375,-45.41015625,-23.4375
288.89453125,5.37109375,-3.90625,-56.15234375,-0.9765625
288.8984375,-10.25390625,-9.765625,-51.26953125,-9.27734375
288.90234375,-13.18359375,-8.30078125,-27.83203125,-12.6953125
288.90625,-5.859375,-4.8828125,-24.4140625,4.39453125
288.91015625,7.8125,0.48828125,-50.29296875,-8.30078125
288.9140625,6.34765625,0.9765625,-47.36328125,-20.5078125
288.91796875,6.8359375,-4.8828125,-22.94921875,-6.8359375
288.921875,6.8359375,-7.8125,-18.5546875,-12.20703125
288.92578125,-18.5546875,-10.7421875,-22.4609375,-14.16015625
288.9296875,2.44140625,-17.08984375,-23.92578125,-2.44140625
288.93359375,13.18359375,-15.625,-25.390625,-15.13671875
288.9375,-0.9765625,-12.20703125,-28.80859375,1.46484375
288.94140625,-4.39453125,-14.16015625,-24.4140625,18.06640625
288.9453125,-22.4609375,-21.484375,-20.5078125,-17.08984375
288.94921875,-22.94921875,-20.5078125,-35.15625,-33.69140625
288.953125,-9.27734375,-17.08984375,-44.43359375,-35.64453125
288.95703125,10.7421875,-13.671875,-34.66796875,-4.39453125
288.9609375,-4.8828125,-12.6953125,-20.99609375,10.7421875
288.96484375,-4.8828125,-22.4609375,-16.11328125,3.41796875
288.96875,5.859375,-23.4375,-26.85546875,-3.90625
288.97265625,1.953125,-19.53125,-29.78515625,-4.39453125
288.9765625,-11.71875,-20.5078125,-27.83203125,-20.99609375
288.98046875,-13.671875,-18.5546875,-23.92578125,-15.13671875
288.984375,20.5078125,-18.5546875,-26.85546875,10.7421875
288.98828125,27.34375,-23.92578125,-42.48046875,22.4609375
288.9921875,-3.41796875,-24.90234375,-34.66796875,8.30078125
288.99609375,-9.27734375,-34.1796875,-17.08984375,-39.55078125
289.0,-5.37109375,-38.57421875,-20.99609375,-48.33984375
289.00390625,-4.8828125,-25.390625,-18.06640625,-24.90234375
289.0078125,17.578125,-11.71875,-17.578125,-12.6953125
289.01171875,14.6484375,-15.625,-28.80859375,-23.4375
289.015625,-11.71875,-23.92578125,-34.66796875,-28.3203125
289.01953125,-3.90625,-28.3203125,-35.15625,-26.3671875
289.0234375,10.25390625,-27.34375,-31.73828125,-15.13671875
289.02734375,-16.11328125,-19.04296875,-33.69140625,-20.99609375
289.03125,-19.53125,-18.5546875,-41.50390625,-18.5546875
289.03515625,5.859375,-18.5546875,-41.015625,-8.7890625
289.0390625,5.859375,-14.6484375,-26.85546875,3.90625
289.04296875,-0.48828125,-12.6953125,-17.08984375,-4.39453125
289.046875,-0.48828125,-14.6484375,-11.23046875,-34.66796875
289.05078125,3.90625,-14.16015625,-18.06640625,-41.9921875
289.0546875,19.04296875,-15.13671875,-24.90234375,-37.109375
289.05859375,1.46484375,-18.06640625,-18.06640625,-17.08984375
289.0625,-20.5078125,-16.11328125,-13.671875,11.71875
289.06640625,9.27734375,-12.6953125,-16.11328125,-1.953125
289.0703125,-0.9765625,-12.20703125,-21.484375,-22.4609375
289.07421875,-6.34765625,-18.5546875,-21.484375,-4.8828125
289.078125,0.0,-12.6953125,-46.875,-33.69140625
289.08203125,-3.90625,-9.27734375,-62.5,-31.25
289.0859375,15.625,-23.92578125,-46.38671875,-15.13671875
289.08984375,2.44140625,-36.1328125,-31.25,-18.06640625
289.09375,-23.4375,-28.80859375,-22.94921875,-9.27734375
289.09765625,-2.9296875,-24.4140625,-7.32421875,-27.83203125
289.1015625,0.48828125,-27.83203125,4.8828125,-29.296875
289.10546875,-20.5078125,-23.92578125,-1.953125,-8.30078125
289.109375,-3.41796875,-12.20703125,-34.1796875,-7.8125
289.11328125,27.34375,-7.32421875,-44.43359375,7.8125
289.1171875,23.4375,-17.578125,-11.23046875,5.859375
289.12109375,-18.5546875,-24.4140625,8.7890625,-14.6484375
289.125,-38.0859375,-24.90234375,13.671875,-29.296875
289.12890625,-11.23046875,-28.80859375,8.30078125,-25.390625
289.1328125,4.8828125,-35.64453125,1.953125,-5.37109375
289.13671875,8.7890625,-33.203125,10.7421875,19.04296875
289.140625,-11.71875,-30.76171875,23.4375,16.11328125
289.14453125,-22.94921875,-36.1328125,24.4140625,-18.06640625
289.1484375,-33.203125,-41.015625,13.18359375,-5.37109375
289.15234375,-40.52734375,-42.96875,10.25390625,16.11328125
289.15625,-31.73828125,-43.45703125,20.01953125,9.765625
289.16015625,-41.9921875,-49.31640625,30.2734375,25.87890625
289.1640625,-45.41015625,-50.78125,37.109375,35.15625
289.16796875,-39.55078125,-46.38671875,31.25,3.90625
289.171875,-37.109375,-47.8515625,17.08984375,-2.9296875
289.17578125,-45.8984375,-48.828125,8.7890625,2.44140625
289.1796875,-43.9453125,-53.22265625,-3.41796875,12.20703125
289.18359375,-19.04296875,-46.38671875,-20.01953125,22.94921875
289.1875,-7.32421875,-38.0859375,-11.71875,14.6484375
289.19140625,-11.71875,-35.64453125,4.39453125,5.859375
289.1953125,-26.85546875,-35.64453125,7.32421875,16.6015625
289.19921875,-37.109375,-44.921875,8.7890625,40.52734375
289.203125,-49.31640625,-51.26953125,4.39453125,32.71484375
289.20703125,-24.90234375,-46.875,-7.8125,-8.30078125
289.2109375,-6.34765625,-42.48046875,-5.37109375,-18.5546875
289.21484375,-20.99609375,-34.66796875,-5.37109375,11.71875
289.21875,-6.34765625,-27.34375,-8.30078125,15.625
289.22265625,16.6015625,-29.78515625,-2.44140625,3.90625
289.2265625,14.6484375,-32.2265625,3.41796875,2.44140625
289.23046875,6.34765625,-32.71484375,4.39453125,10.25390625
289.234375,3.41796875,-30.76171875,-20.01953125,-13.18359375
289.23828125,2.44140625,-34.1796875,-18.06640625,1.953125
289.2421875,5.37109375,-41.50390625,-0.9765625,36.1328125
289.24609375,-0.9765625,-41.015625,-2.44140625,0.9765625
289.25,-18.5546875,-38.57421875,-9.27734375,-7.8125
289.25390625,-27.34375,-32.2265625,-19.53125,14.16015625
289.2578125,-23.4375,-23.92578125,-23.92578125,0.0
289.26171875,-6.8359375,-24.4140625,-15.13671875,-0.48828125
289.265625,0.0,-31.25,-4.39453125,11.23046875
289.26953125,-2.9296875,-31.73828125,-15.13671875,-1.46484375
289.2734375,2.44140625,-27.34375,-30.76171875,1.953125
289.27734375,5.37109375,-25.87890625,-16.6015625,14.16015625
289.28125,-12.20703125,-24.4140625,-10.7421875,2.9296875
289.28515625,-43.45703125,-21.97265625,-12.20703125,-19.53125
289.2890625,-15.625,-26.3671875,-5.859375,15.13671875
289.29296875,-3.90625,-24.4140625,-9.27734375,14.16015625
289.296875,-21.97265625,-21.97265625,-21.484375,-34.66796875
289.30078125,-12.6953125,-20.5078125,-26.3671875,-34.66796875
289.3046875,4.39453125,-19.53125,-31.25,-14.6484375
289.30859375,-3.41796875,-25.87890625,-35.15625,-19.04296875
289.3125,-26.85546875,-25.390625,-29.296875,-11.23046875
289.31640625,-9.27734375,-17.578125,-24.90234375,18.06640625
289.3203125,-8.7890625,-23.92578125,-30.2734375,19.04296875
289.32421875,-25.390625,-28.3203125,-33.69140625,-16.11328125
289.328125,-12.6953125,-23.92578125,-33.203125,-37.59765625
289.33203125,-22.4609375,-28.3203125,-30.76171875,-40.52734375
289.3359375,-36.1328125,-35.64453125,-29.78515625,-32.2265625
289.33984375,-23.92578125,-30.2734375,-36.62109375,-34.1796875
289.34375,-9.765625,-19.53125,-44.43359375,-21.484375
289.34765625,-23.92578125,-21.484375,-40.0390625,-30.2734375
289.3515625,-25.390625,-22.4609375,-32.71484375,-21.484375
289.35546875,-32.71484375,-20.5078125,-29.78515625,5.37109375
289.359375,-62.01171875,-21.97265625,-17.08984375,-25.87890625
289.36328125,-41.50390625,-20.01953125,-16.11328125,-31.25
289.3671875,-27.83203125,-20.5078125,-26.3671875,-13.671875
289.37109375,-32.2265625,-22.4609375,-24.4140625,-9.765625
289.375,-32.71484375,-17.578125,-15.13671875,-14.6484375
289.37890625,-29.296875,-21.97265625,-27.34375,-26.85546875
289.3828125,-42.96875,-26.3671875,-40.0390625,-13.671875
289.38671875,-40.0390625,-29.296875,-38.0859375,-13.671875
289.390625,-26.3671875,-25.390625,-41.9921875,-34.1796875
289.39453125,-38.57421875,-23.4375,-41.50390625,-23.92578125
289.3984375,-34.66796875,-29.296875,-39.55078125,-28.80859375
289.40234375,-38.0859375,-25.390625,-31.25,-51.26953125
289.40625,-37.59765625,-22.4609375,-20.01953125,-22.4609375
289.41015625,-12.6953125,-28.80859375,-42.96875,-6.34765625
289.4140625,-28.80859375,-35.15625,-46.38671875,3.41796875
289.41796875,-27.83203125,-30.2734375,-30.2734375,11.23046875
289.421875,-11.23046875,-26.3671875,-31.73828125,-7.8125
289.42578125,-46.875,-22.94921875,-31.73828125,-36.1328125
289.4296875,-48.828125,-25.87890625,-23.92578125,-52.24609375
289.43359375,-33.203125,-24.90234375,-28.3203125,-59.08203125
289.4375,-37.59765625,-23.4375,-30.76171875,-29.296875
289.44140625,-50.29296875,-26.3671875,-26.85546875,-15.625
289.4453125,-56.15234375,-23.4375,-30.2734375,-22.94921875
289.44921875,-69.82421875,-21.484375,-31.73828125,-33.203125
289.453125,-70.80078125,-29.78515625,-29.296875,-39.0625
289.45703125,-62.01171875,-29.296875,-28.3203125,-47.36328125
289.4609375,-46.38671875,-22.4609375,-29.78515625,-31.73828125
289.46484375,-36.1328125,-22.94921875,-35.15625,-26.3671875
289.46875,-47.36328125,-26.85546875,-37.59765625,-49.8046875
289.47265625,-55.6640625,-29.78515625,-31.73828125,-26.3671875
289.4765625,-53.7109375,-34.66796875,-30.76171875,-9.765625
289.48046875,-58.59375,-37.59765625,-35.15625,-45.8984375
289.484375,-67.3828125,-33.203125,-39.0625,-40.52734375
289.48828125,-66.40625,-33.69140625,-36.1328125,-37.109375
289.4921875,-70.80078125,-38.57421875,-33.203125,-56.15234375
289.49609375,-51.7578125,-31.73828125,-30.2734375,-48.828125
289.5,-41.9921875,-29.296875,-30.2734375,-45.8984375
289.50390625,-49.8046875,-38.0859375,-28.80859375,-46.875
289.5078125,-50.29296875,-43.45703125,-41.015625,-45.8984375
289.51171875,-65.91796875,-40.52734375,-64.94140625,-49.8046875
289.515625,-60.546875,-31.25,-47.8515625,-46.875
289.51953125,-43.9453125,-25.390625,-19.53125,-49.8046875
289.5234375,-71.2890625,-28.3203125,-25.87890625,-45.8984375
289.52734375,-63.4765625,-28.3203125,-28.80859375,-45.41015625
289.53125,-38.0859375,-30.76171875,-27.34375,-51.26953125
289.53515625,-48.828125,-36.62109375,-27.83203125,-50.78125
289.5390625,-68.359375,-35.64453125,-22.94921875,-54.6875
289.54296875,-83.984375,-33.203125,-20.5078125,-54.19921875
289.546875,-71.77734375,-30.2734375,-23.92578125,-49.31640625
289.55078125,-55.6640625,-32.2265625,-20.01953125,-46.875
289.5546875,-80.078125,-30.76171875,-18.5546875,-42.48046875
289.55859375,-89.35546875,-28.3203125,-22.94921875,-61.03515625
289.5625,-69.82421875,-33.69140625,-29.296875,-71.77734375
289.56640625,-62.5,-30.2734375,-29.296875,-55.6640625
289.5703125,-62.01171875,-32.2265625,-30.2734375,-44.921875
289.57421875,-50.29296875,-38.0859375,-32.71484375,-50.78125
289.578125,-48.828125,-31.73828125,-38.0859375,-57.6171875
289.58203125,-67.87109375,-33.203125,-47.36328125,-48.33984375
289.5859375,-70.3125,-33.69140625,-42.96875,-35.64453125
289.58984375,-62.01171875,-22.94921875,-33.203125,-42.48046875
289.59375,-62.98828125,-24.90234375,-28.80859375,-58.10546875
289.59765625,-60.05859375,-25.87890625,-26.3671875,-43.9453125
289.6015625,-57.6171875,-21.97265625,-27.83203125,-40.0390625
289.60546875,-43.45703125,-23.92578125,-24.4140625,-51.26953125
289.609375,-57.6171875,-31.25,-23.4375,-35.15625
289.61328125,-45.41015625,-26.3671875,-23.92578125,-23.92578125
289.6171875,-5.37109375,-14.16015625,-27.83203125,-39.55078125
289.62109375,-2.9296875,-16.6015625,-40.0390625,-32.2265625
289.625,-15.625,-23.4375,-35.64453125,-15.13671875
289.62890625,-33.203125,-29.78515625,-25.390625,-34.66796875
289.6328125,-57.6171875,-31.25,-21.484375,-51.26953125
289.63671875,-60.546875,-36.1328125,-32.2265625,-44.43359375
289.640625,-41.9921875,-30.76171875,-45.8984375,-41.015625
289.64453125,-48.33984375,-36.62109375,-53.22265625,-31.73828125
289.6484375,-43.45703125,-45.8984375,-48.828125,-27.34375
289.65234375,-41.9921875,-39.55078125,-20.5078125,-36.1328125
289.65625,-42.96875,-37.109375,-7.8125,-49.31640625
289.66015625,-27.34375,-29.296875,-12.20703125,-31.25
289.6640625,-26.3671875,-26.3671875,-14.6484375,-0.9765625
289.66796875,-49.31640625,-21.484375,-31.73828125,-15.625
289.671875,-82.51953125,-22.4609375,-32.71484375,-46.875
289.67578125,-61.03515625,-26.85546875,-24.4140625,-43.9453125
289.6796875,-37.109375,-19.53125,-31.73828125,-25.87890625
289.68359375,-67.87109375,-22.94921875,-37.59765625,-14.16015625
289.6875,-80.56640625,-34.1796875,-29.296875,-5.859375
289.69140625,-68.84765625,-28.80859375,-23.4375,-40.52734375
289.6953125,-75.68359375,-24.90234375,-23.4375,-61.5234375
289.69921875,-59.5703125,-32.71484375,-26.3671875,-42.96875
289.703125,-50.29296875,-32.2265625,-28.3203125,-33.69140625
289.70703125,-73.2421875,-29.78515625,-28.3203125,-45.8984375
289.7109375,-65.91796875,-25.390625,-29.78515625,-11.71875
289.71484375,-47.8515625,-24.90234375,-23.92578125,9.765625
289.71875,-48.33984375,-26.3671875,-16.11328125,-12.20703125
289.72265625,-46.875,-25.87890625,-17.08984375,-13.671875
289.7265625,-38.57421875,-28.3203125,-24.90234375,-14.6484375
289.73046875,-56.15234375,-28.3203125,-26.85546875,-17.578125
289.734375,-75.68359375,-19.04296875,-37.109375,-18.06640625
289.73828125,-73.73046875,-18.06640625,-43.45703125,-31.25
289.7421875,-78.125,-29.78515625,-20.01953125,-57.12890625
289.74609375,-78.125,-38.0859375,-0.48828125,-49.8046875
289.75,-77.63671875,-41.015625,-5.859375,-34.66796875
289.75390625,-58.59375,-35.15625,-16.6015625,-51.7578125
289.7578125,-48.828125,-28.3203125,-27.34375,-35.64453125
289.76171875,-47.36328125,-31.73828125,-38.0859375,-20.99609375
289.765625,-48.33984375,-32.2265625,-33.69140625,-28.3203125
289.76953125,-63.96484375,-30.2734375,-26.85546875,-33.203125
289.7734375,-105.95703125,-29.296875,-22.4609375,-39.55078125
289.77734375,-126.953125,-27.83203125,-30.76171875,-40.0390625
289.78125,-121.58203125,-29.78515625,-33.69140625,-30.76171875
289.78515625,-106.93359375,-27.83203125,-18.06640625,-26.3671875
289.7890625,-105.46875,-29.78515625,-14.6484375,-43.45703125
289.79296875,-123.046875,-40.0390625,-25.390625,-66.40625
289.796875,-99.12109375,-35.64453125,-38.0859375,-38.0859375
289.80078125,-94.7265625,-36.1328125,-31.73828125,-37.109375
289.8046875,-94.7265625,-35.15625,-20.01953125,-48.828125
289.80859375,-79.58984375,-27.83203125,-22.94921875,-23.4375
289.8125,-60.05859375,-31.73828125,-32.71484375,-21.484375
289.81640625,-55.17578125,-33.203125,-35.64453125,-17.578125
289.8203125,-77.1484375,-31.73828125,-32.2265625,-16.6015625
289.82421875,-62.01171875,-25.87890625,-22.4609375,-26.85546875
289.828125,-63.96484375,-21.97265625,-19.53125,-32.71484375
289.83203125,-74.70703125,-24.4140625,-22.94921875,-32.71484375
289.8359375,-65.4296875,-20.01953125,-26.3671875,-55.6640625
289.83984375,-78.125,-23.4375,-33.69140625,-42.96875
289.84375,-67.87109375,-28.3203125,-30.2734375,-18.06640625
289.84765625,-35.15625,-24.90234375,-22.4609375,-7.32421875
289.8515625,-34.66796875,-17.578125,-27.34375,-8.7890625
289.85546875,-49.31640625,-19.04296875,-24.4140625,-17.08984375
289.859375,-43.9453125,-20.5078125,-16.6015625,-7.32421875
289.86328125,-41.9921875,-23.92578125,-19.53125,-22.4609375
289.8671875,-62.5,-34.66796875,-22.94921875,-47.8515625
289.87109375,-76.66015625,-35.15625,-21.97265625,-54.19921875
289.875,-51.26953125,-26.85546875,-26.85546875,-57.6171875
289.87890625,-45.41015625,-27.83203125,-26.85546875,-67.87109375
289.8828125,-50.78125,-33.69140625,-23.4375,-65.4296875
289.88671875,-33.69140625,-27.83203125,-31.73828125,-44.43359375
289.890625,-16.6015625,-17.578125,-23.92578125,-47.8515625
289.89453125,-20.5078125,-18.5546875,-12.6953125,-9.765625
289.8984375,-44.921875,-24.90234375,-20.5078125,24.90234375
289.90234375,-33.203125,-25.390625,-34.66796875,-7.8125
289.90625,-28.3203125,-22.4609375,-35.15625,-42.48046875
289.91015625,-40.0390625,-28.80859375,-27.83203125,-52.24609375
289.9140625,-41.015625,-36.1328125,-24.90234375,-49.8046875
289.91796875,-51.26953125,-30.76171875,-25.390625,-41.9921875
289.921875,-41.9921875,-22.94921875,-35.64453125,-48.33984375
289.92578125,-21.484375,-22.4609375,-38.0859375,-23.92578125
289.9296875,-20.01953125,-25.390625,-43.9453125,15.13671875
289.93359375,-42.96875,-23.4375,-48.33984375,-13.18359375
289.9375,-28.3203125,-26.85546875,-28.3203125,-53.22265625
289.94140625,-12.6953125,-31.25,-15.13671875,-54.19921875
289.9453125,-16.11328125,-29.78515625,-13.18359375,-38.0859375
289.94921875,-19.04296875,-27.83203125,-15.13671875,-20.5078125
289.953125,-17.08984375,-27.83203125,-32.71484375,-23.92578125
289.95703125,-28.3203125,-25.390625,-23.4375,-11.23046875
289.9609375,-32.71484375,-22.94921875,-20.99609375,-13.18359375
289.96484375,5.37109375,-15.625,-34.66796875,-16.11328125
289.96875,10.7421875,-19.04296875,-35.64453125,-12.20703125
289.97265625,-11.23046875,-30.76171875,-28.3203125,-27.83203125
289.9765625,-19.04296875,-35.15625,-26.3671875,-30.76171875
289.98046875,-33.69140625,-31.25,-25.87890625,-43.9453125
289.984375,-20.01953125,-21.484375,-13.671875,-7.8125
289.98828125,-10.7421875,-23.4375,-3.90625,2.9296875
289.9921875,-19.04296875,-24.90234375,-15.625,-29.78515625
289.99609375,-8.7890625,-22.94921875,-23.4375,-23.4375
290.0,-3.41796875,-26.85546875,-19.04296875,-1.46484375
290.00390625,-18.5546875,-34.66796875,-16.6015625,9.765625
290.0078125,-19.04296875,-33.203125,-19.04296875,-17.08984375
290.01171875,3.90625,-30.76171875,-24.90234375,-24.90234375
290.015625,19.04296875,-32.71484375,-43.45703125,-19.04296875
290.01953125,-4.8828125,-26.85546875,-56.640625,-16.11328125
290.0234375,-39.55078125,-20.5078125,-28.80859375,-17.08984375
290.02734375,-68.359375,-26.3671875,-6.34765625,-29.296875
290.03125,-41.9921875,-28.3203125,-5.859375,0.48828125
290.03515625,-7.8125,-24.4140625,-18.06640625,-12.6953125
290.0390625,6.8359375,-24.4140625,-33.69140625,-38.0859375
290.04296875,-3.90625,-24.4140625,-24.90234375,-5.859375
290.046875,-26.85546875,-31.25,-16.11328125,-0.9765625
290.05078125,-29.78515625,-26.85546875,-32.2265625,-3.90625
290.0546875,-39.0625,-30.76171875,-33.203125,-21.484375
290.05859375,-9.27734375,-41.015625,-20.01953125,-21.97265625
290.0625,16.11328125,-31.25,-13.18359375,7.32421875
290.06640625,-14.16015625,-22.4609375,-19.53125,-12.20703125
290.0703125,-40.0390625,-27.83203125,-21.97265625,-41.50390625
290.07421875,-17.08984375,-24.90234375,-14.16015625,-23.92578125
290.078125,-21.97265625,-17.578125,-22.94921875,-37.59765625
290.08203125,-31.25,-9.765625,-52.734375,-63.4765625
290.0859375,-26.85546875,-10.7421875,-64.453125,-43.9453125
290.08984375,-34.66796875,-17.578125,-52.24609375,-83.49609375
290.09375,-4.39453125,-16.6015625,-43.45703125,-81.54296875
290.09765625,-13.18359375,-5.859375,-45.8984375,-57.12890625
290.1015625,-31.25,-0.9765625,-46.38671875,-68.84765625
290.10546875,-22.4609375,-0.9765625,-46.875,-80.078125
290.109375,-42.48046875,-1.46484375,-53.22265625,-79.1015625
290.11328125,-36.62109375,0.48828125,-57.6171875,-44.921875
290.1171875,-35.15625,1.953125,-68.359375,-39.0625
290.12109375,-28.80859375,1.46484375,-76.66015625,-37.109375
290.125,1.46484375,-7.8125,-70.80078125,-50.29296875
290.12890625,-9.765625,-13.18359375,-58.59375,-82.03125
290.1328125,-14.16015625,-11.23046875,-57.12890625,-56.640625
290.13671875,-22.4609375,-14.16015625,-52.734375,-43.9453125
290.140625,-26.85546875,-17.578125,-44.921875,-76.66015625
290.14453125,-5.37109375,-9.765625,-51.7578125,-89.84375
290.1484375,-2.9296875,0.0,-55.6640625,-60.05859375
290.15234375,-9.765625,-4.8828125,-44.921875,-24.90234375
290.15625,-3.90625,-16.11328125,-38.57421875,-21.97265625
290.16015625,10.25390625,-14.6484375,-65.91796875,-35.64453125
290.1640625,-3.41796875,-9.27734375,-78.61328125,-22.4609375
290.16796875,-8.7890625,-9.765625,-51.7578125,-52.734375
290.171875,-8.30078125,-5.859375,-38.0859375,-57.12890625
290.17578125,-28.80859375,-11.71875,-42.48046875,-43.9453125
290.1796875,-23.4375,-26.85546875,-43.9453125,-62.01171875
290.18359375,-21.484375,-30.2734375,-44.43359375,-53.7109375
290.1875,-18.5546875,-39.55078125,-46.875,-31.73828125
290.19140625,-4.39453125,-38.57421875,-44.921875,-29.296875
290.1953125,-4.39453125,-25.390625,-48.33984375,-41.015625
290.19921875,6.8359375,-13.18359375,-52.24609375,-47.36328125
290.203125,6.8359375,-12.20703125,-38.57421875,-46.38671875
290.20703125,7.8125,-12.20703125,-30.76171875,-28.3203125
290.2109375,18.5546875,-13.671875,-28.80859375,-20.5078125
290.21484375,21.484375,-18.06640625,-23.4375,-3.90625
290.21875,24.4140625,-13.18359375,-35.15625,-20.5078125
290.22265625,26.85546875,-16.11328125,-50.29296875,-5.37109375
290.2265625,10.25390625,-20.5078125,-38.0859375,-5.37109375
290.23046875,-28.80859375,-23.92578125,-22.4609375,-49.8046875
290.234375,-17.08984375,-21.97265625,-29.78515625,-45.8984375
290.23828125,9.765625,-18.5546875,-46.875,-36.1328125
290.2421875,17.578125,-15.13671875,-47.8515625,-44.921875
290.24609375,17.08984375,-11.71875,-42.48046875,-29.296875
290.25,-5.859375,-12.20703125,-29.296875,-13.671875
290.25390625,-11.71875,-20.01953125,-18.5546875,-37.59765625
290.2578125,-10.7421875,-26.3671875,-21.97265625,-64.94140625
290.26171875,2.44140625,-23.92578125,-20.5078125,-33.203125
290.265625,-14.6484375,-29.78515625,-24.90234375,-21.97265625
290.26953125,-20.01953125,-28.3203125,-33.69140625,-34.66796875
290.2734375,10.7421875,-27.83203125,-38.0859375,-19.53125
290.27734375,17.08984375,-25.87890625,-38.0859375,-2.9296875
290.28125,4.39453125,-21.97265625,-22.4609375,-18.06640625
290.28515625,-25.87890625,-22.4609375,-28.3203125,-34.1796875
290.2890625,-28.3203125,-23.4375,-34.1796875,-54.6875
290.29296875,19.04296875,-34.1796875,-16.6015625,-28.3203125
290.296875,20.99609375,-38.0859375,-24.90234375,-21.97265625
290.30078125,-0.48828125,-37.59765625,-43.9453125,-22.94921875
290.3046875,-0.9765625,-39.55078125,-43.9453125,6.34765625
290.30859375,3.41796875,-31.25,-29.78515625,6.34765625
290.3125,1.953125,-16.6015625,-26.85546875,20.01953125
290.31640625,-19.53125,-8.7890625,-31.73828125,13.671875
290.3203125,10.7421875,-19.04296875,-40.52734375,36.62109375
290.32421875,10.25390625,-17.08984375,-64.94140625,25.390625
290.328125,-39.0625,-23.92578125,-59.08203125,-17.578125
290.33203125,-57.12890625,-39.0625,-32.2265625,-23.92578125
290.3359375,-23.92578125,-30.2734375,-14.6484375,0.48828125
290.33984375,6.8359375,-20.99609375,9.765625,29.78515625
290.34375,18.5546875,-14.16015625,19.04296875,26.85546875
290.34765625,20.99609375,-19.53125,4.39453125,1.46484375
290.3515625,20.99609375,-23.92578125,-26.85546875,5.37109375
290.35546875,3.41796875,-26.3671875,-26.85546875,4.8828125
290.359375,-1.46484375,-28.80859375,-14.6484375,-11.71875
290.36328125,0.9765625,-29.78515625,-12.20703125,12.20703125
290.3671875,-11.71875,-32.71484375,-21.484375,-2.44140625
290.37109375,-17.578125,-26.85546875,-25.390625,-48.828125
290.375,-10.25390625,-25.87890625,-8.7890625,-41.9921875
290.37890625,-0.9765625,-35.64453125,1.46484375,-30.76171875
290.3828125,25.390625,-36.62109375,-9.765625,13.18359375
290.38671875,40.52734375,-41.015625,-8.30078125,30.76171875
290.390625,47.8515625,-39.0625,-7.32421875,-5.37109375
290.39453125,53.7109375,-32.71484375,-13.18359375,-18.06640625
290.3984375,29.78515625,-34.66796875,1.46484375,-16.6015625
290.40234375,1.953125,-37.59765625,-0.9765625,-21.484375
290.40625,3.41796875,-34.1796875,-22.94921875,-17.578125
290.41015625,26.3671875,-35.64453125,-4.39453125,7.8125
290.4140625,29.78515625,-27.83203125,25.390625,22.4609375
290.41796875,29.296875,-6.8359375,26.3671875,0.9765625
290.421875,58.59375,-3.41796875,9.27734375,-22.4609375
290.42578125,52.734375,-11.23046875,23.4375,-32.2265625
290.4296875,36.62109375,-13.671875,26.3671875,-0.9765625
290.43359375,37.109375,-19.04296875,17.08984375,-11.23046875
290.4375,3.90625,-24.4140625,18.5546875,-7.32421875
290.44140625,-16.11328125,-13.671875,6.8359375,11.71875
290.4453125,-0.48828125,-13.18359375,5.859375,-23.4375
290.44921875,7.8125,-12.20703125,7.32421875,-33.69140625
290.453125,15.13671875,-11.23046875,-0.48828125,-20.99609375
290.45703125,45.8984375,-19.04296875,0.9765625,20.5078125
290.4609375,25.390625,-12.6953125,6.8359375,4.8828125
290.46484375,-5.859375,-10.25390625,7.32421875,-57.12890625
290.46875,11.71875,-5.859375,-12.6953125,-57.6171875
290.47265625,40.0390625,-1.953125,-24.4140625,-13.671875
290.4765625,23.4375,7.32421875,-24.4140625,-26.85546875
290.48046875,6.34765625,-8.7890625,-24.90234375,-66.40625
290.484375,9.27734375,-11.23046875,-37.59765625,-81.54296875
290.48828125,26.3671875,-2.9296875,-29.78515625,-67.87109375
290.4921875,28.3203125,2.9296875,-3.41796875,-42.96875
290.49609375,-11.71875,6.34765625,-5.37109375,-60.546875
290.5,-11.23046875,-11.23046875,-13.18359375,-42.48046875
290.50390625,25.390625,-21.484375,2.44140625,-21.484375
290.5078125,35.64453125,-20.01953125,-0.9765625,-32.71484375
290.51171875,30.2734375,-12.6953125,-20.99609375,-42.48046875
290.515625,20.01953125,-14.16015625,-24.4140625,-30.76171875
290.51953125,21.484375,-16.6015625,-32.71484375,-53.7109375
290.5234375,21.97265625,-16.6015625,-39.0625,-55.6640625
290.52734375,-5.37109375,-13.18359375,-48.33984375,-5.37109375
290.53125,-18.06640625,-19.04296875,-53.7109375,-30.2734375
290.53515625,-8.7890625,-20.5078125,-33.69140625,-60.05859375
290.5390625,12.6953125,-0.9765625,-4.39453125,-62.98828125
290.54296875,26.3671875,6.8359375,11.23046875,-58.59375
290.546875,28.3203125,9.765625,3.90625,-46.875
290.55078125,23.4375,11.71875,9.765625,-46.38671875
290.5546875,17.578125,13.18359375,-2.9296875,-15.625
290.55859375,36.62109375,4.8828125,-15.13671875,-15.625
290.5625,33.69140625,2.9296875,3.90625,-60.05859375
290.56640625,8.30078125,15.13671875,-0.48828125,-58.59375
290.5703125,11.23046875,5.37109375,-2.44140625,-27.34375
290.57421875,33.69140625,-2.9296875,2.44140625,-12.20703125
290.578125,36.1328125,-4.8828125,-6.34765625,-33.203125
290.58203125,15.13671875,-15.13671875,-12.20703125,-22.4609375
290.5859375,4.8828125,-16.11328125,-9.765625,14.16015625
290.58984375,22.4609375,-12.6953125,-7.8125,-25.87890625
290.59375,13.671875,-16.11328125,-6.8359375,-37.59765625
290.59765625,1.46484375,-11.23046875,-17.578125,-17.578125
290.6015625,9.27734375,-12.20703125,-17.578125,-28.3203125
290.60546875,8.7890625,-12.6953125,-7.8125,-26.3671875
290.609375,25.390625,-3.41796875,-0.9765625,5.859375
290.61328125,33.203125,-4.39453125,5.859375,12.20703125
290.6171875,12.6953125,-4.39453125,4.39453125,-17.578125
290.62109375,3.90625,-4.39453125,9.27734375,-46.38671875
290.625,1.46484375,-11.23046875,12.20703125,-46.38671875
290.62890625,12.6953125,-1.46484375,0.9765625,-22.4609375
290.6328125,43.9453125,13.18359375,-6.34765625,-22.4609375
290.63671875,48.33984375,5.37109375,16.6015625,-3.41796875
290.640625,58.59375,7.8125,8.7890625,-1.46484375
290.64453125,70.3125,9.765625,-6.34765625,-6.34765625
290.6484375,33.203125,0.9765625,21.484375,-8.7890625
290.65234375,-4.39453125,-6.8359375,30.2734375,-4.39453125
290.65625,25.390625,-0.48828125,17.08984375,5.37109375
290.66015625,40.52734375,0.48828125,8.7890625,-18.06640625
290.6640625,19.53125,-4.8828125,8.7890625,-18.5546875
290.66796875,25.390625,-2.44140625,12.20703125,-17.578125
290.671875,24.90234375,-3.90625,17.08984375,-20.99609375
290.67578125,6.8359375,-1.46484375,13.18359375,0.0
290.6796875,-2.44140625,0.0,11.71875,-12.20703125
290.68359375,15.625,-1.46484375,28.3203125,-25.390625
290.6875,19.04296875,-5.37109375,31.73828125,-29.296875
290.69140625,4.39453125,-8.30078125,20.5078125,-19.04296875
290.6953125,7.8125,-13.18359375,28.3203125,-7.8125
290.69921875,25.390625,-13.671875,32.2265625,-35.64453125
290.703125,16.11328125,-15.625,10.25390625,-27.34375
290.70703125,6.34765625,-11.23046875,0.0,2.9296875
290.7109375,7.32421875,-3.41796875,-3.41796875,-2.44140625
290.71484375,-10.7421875,-4.39453125,3.41796875,1.46484375
290.71875,3.41796875,-3.90625,8.7890625,-24.90234375
290.72265625,6.8359375,-5.37109375,7.32421875,-31.25
290.7265625,-1.46484375,-13.18359375,18.5546875,1.953125
290.73046875,-31.73828125,-13.671875,14.6484375,-15.625
290.734375,-45.41015625,-19.04296875,-2.44140625,-19.53125
290.73828125,-9.27734375,-21.97265625,-9.765625,-29.78515625
290.7421875,21.97265625,-19.53125,-8.7890625,-37.109375
290.74609375,25.390625,-19.53125,11.23046875,-31.73828125
290.75,7.32421875,-17.578125,15.625,-40.52734375
290.75390625,-5.859375,-16.11328125,7.8125,-44.921875
290.7578125,-4.8828125,-24.4140625,10.25390625,-44.43359375
290.76171875,-7.8125,-35.64453125,17.08984375,-33.203125
290.765625,-10.7421875,-41.015625,17.08984375,-16.6015625
290.76953125,-22.94921875,-31.73828125,5.859375,-34.66796875
290.7734375,1.953125,-31.25,7.8125,-17.08984375
290.77734375,27.83203125,-31.25,11.23046875,-16.6015625
290.78125,13.671875,-22.94921875,13.18359375,-21.97265625
290.78515625,7.8125,-13.18359375,25.390625,8.7890625
290.7890625,-5.859375,-9.27734375,31.73828125,6.8359375
290.79296875,-20.01953125,-13.671875,27.34375,-10.7421875
290.796875,-8.7890625,-13.671875,8.7890625,-11.71875
290.80078125,0.9765625,-7.8125,5.37109375,-2.9296875
290.8046875,-4.39453125,-7.32421875,7.8125,-15.13671875
290.80859375,-5.37109375,-19.04296875,7.32421875,-24.4140625
290.8125,19.04296875,-13.671875,10.25390625,-48.33984375
290.81640625,26.85546875,-10.25390625,12.20703125,-50.29296875
290.8203125,36.1328125,-15.625,6.34765625,-18.06640625
290.82421875,32.2265625,-19.53125,3.41796875,1.953125
290.828125,9.27734375,-21.97265625,-2.44140625,0.48828125
290.83203125,-2.44140625,-16.6015625,-17.08984375,-31.73828125
290.8359375,-31.73828125,-21.484375,-10.7421875,-55.6640625
290.83984375,-28.80859375,-22.94921875,7.32421875,-58.59375
290.84375,-15.625,-20.5078125,23.4375,-41.9921875
290.84765625,-20.5078125,-20.5078125,19.04296875,-24.4140625
290.8515625,-8.30078125,-20.01953125,7.32421875,-41.015625
290.85546875,2.44140625,-21.484375,12.20703125,-37.109375
290.859375,11.71875,-17.08984375,13.671875,-31.25
290.86328125,24.4140625,-19.53125,5.37109375,-30.76171875
290.8671875,32.71484375,-30.2734375,-5.37109375,-12.6953125
290.87109375,9.27734375,-32.71484375,-15.13671875,-38.0859375
290.875,-25.87890625,-24.90234375,-17.578125,-72.265625
290.87890625,-27.83203125,-24.4140625,-0.48828125,-37.59765625
290.8828125,-14.16015625,-29.78515625,0.9765625,-19.53125
290.88671875,-18.5546875,-30.76171875,-1.953125,-41.50390625
290.890625,-14.16015625,-23.4375,8.30078125,-31.25
290.89453125,-3.90625,-17.08984375,10.25390625,-18.5546875
290.8984375,7.8125,-25.87890625,3.41796875,-30.2734375
290.90234375,15.13671875,-26.85546875,8.30078125,-2.9296875
290.90625,18.06640625,-19.53125,12.20703125,12.6953125
290.91015625,21.97265625,-9.765625,10.25390625,-21.97265625
290.9140625,19.53125,1.46484375,9.765625,-34.66796875
290.91796875,2.9296875,1.953125,1.46484375,-33.203125
290.921875,-10.7421875,-2.9296875,-18.06640625,-21.97265625
290.92578125,-5.37109375,-1.46484375,2.44140625,-20.01953125
290.9296875,-0.48828125,2.9296875,15.625,-14.16015625
290.93359375,2.9296875,-4.8828125,4.8828125,-17.08984375
290.9375,5.859375,-2.9296875,-3.41796875,-16.6015625
290.94140625,16.11328125,-10.25390625,-3.41796875,-11.23046875
290.9453125,-23.92578125,-34.66796875,-17.578125,-53.7109375
290.94921875,-50.29296875,-37.59765625,-20.99609375,-52.24609375
290.953125,-29.78515625,-23.4375,-10.7421875,-29.78515625
290.95703125,-35.64453125,-18.06640625,-20.01953125,-60.05859375
290.9609375,-33.203125,-8.7890625,-18.06640625,-64.94140625
290.96484375,-22.4609375,-2.9296875,-4.8828125,-43.45703125
290.96875,-51.26953125,-15.13671875,-7.8125,-46.875
290.97265625,-66.40625,-21.484375,-16.6015625,-41.9921875
290.9765625,-39.0625,-11.71875,-17.08984375,-34.66796875
290.98046875,-32.71484375,4.39453125,-10.7421875,-25.390625
290.984375,-36.1328125,5.37109375,-1.953125,-34.66796875
290.98828125,-3.90625,-3.41796875,1.953125,-24.90234375
290.9921875,-7.8125,3.90625,2.44140625,-11.71875
290.99609375,-24.90234375,-1.953125,-12.20703125,-25.390625
291.0,-17.08984375,-12.20703125,-20.5078125,1.46484375
291.00390625,-16.11328125,-3.90625,-14.6484375,13.671875
291.0078125,-16.6015625,-4.39453125,-2.44140625,0.9765625
291.01171875,-15.625,-8.30078125,6.8359375,12.20703125
291.015625,-11.71875,-10.7421875,7.8125,1.953125
291.01953125,5.37109375,-14.16015625,12.6953125,-8.7890625
291.0234375,-20.01953125,-16.11328125,4.8828125,-15.625
291.02734375,-46.38671875,-17.578125,-7.32421875,-4.39453125
291.03125,-22.94921875,-18.5546875,-20.5078125,-8.30078125
291.03515625,-12.20703125,-13.18359375,-14.16015625,-51.7578125
291.0390625,-20.5078125,-1.953125,5.859375,-44.921875
291.04296875,5.37109375,-1.953125,22.94921875,-26.3671875
291.046875,-3.41796875,-3.90625,32.2265625,-29.78515625
291.05078125,-13.18359375,-3.41796875,32.71484375,-28.3203125
291.0546875,-1.46484375,-16.11328125,18.06640625,-13.18359375
291.05859375,20.5078125,-20.5078125,7.8125,-7.32421875
291.0625,39.55078125,-14.6484375,18.06640625,-21.484375
291.06640625,16.11328125,-11.71875,17.08984375,-30.76171875
291.0703125,23.92578125,-12.6953125,17.578125,-19.04296875
291.07421875,43.9453125,-21.97265625,20.5078125,-4.39453125
291.078125,25.390625,-20.99609375,10.25390625,-12.6953125
291.08203125,45.8984375,-12.20703125,3.41796875,-38.0859375
291.0859375,41.015625,-16.11328125,4.39453125,-38.0859375
291.08984375,0.0,-29.296875,-1.46484375,-38.0859375
291.09375,2.9296875,-32.2265625,-15.625,-37.109375
291.09765625,-5.37109375,-16.11328125,-16.11328125,-24.4140625
291.1015625,-25.390625,-25.390625,0.0,-6.34765625
291.10546875,-2.9296875,-36.1328125,4.39453125,-14.16015625
291.109375,19.53125,-29.78515625,-6.8359375,-38.0859375
291.11328125,-12.6953125,-25.87890625,-14.16015625,-48.33984375
291.1171875,-4.39453125,-20.5078125,-8.7890625,-22.94921875
291.12109375,27.34375,-16.6015625,-17.578125,-3.90625
291.125,31.25,-17.08984375,-18.5546875,-20.99609375
291.12890625,21.484375,-11.71875,-2.44140625,-20.99609375
291.1328125,26.85546875,-17.08984375,-0.48828125,0.48828125
291.13671875,40.52734375,-20.01953125,2.9296875,3.41796875
291.140625,11.23046875,-14.16015625,0.9765625,-6.8359375
291.14453125,-22.94921875,-15.625,-4.8828125,-3.90625
291.1484375,13.18359375,-9.765625,4.8828125,14.16015625
291.15234375,20.5078125,-5.859375,-9.765625,18.06640625
291.15625,31.73828125,-17.578125,-17.578125,-18.06640625
291.16015625,8.7890625,-21.97265625,7.32421875,-16.11328125
291.1640625,-31.25,-20.5078125,4.39453125,-11.23046875
291.16796875,6.34765625,-25.87890625,-10.25390625,-41.015625
291.171875,1.953125,-33.69140625,-1.953125,-10.25390625
291.17578125,-21.484375,-38.0859375,0.0,-3.41796875
291.1796875,-41.9921875,-34.1796875,-8.7890625,-43.45703125
291.18359375,-49.8046875,-22.4609375,-17.578125,-51.26953125
291.1875,-37.109375,-22.94921875,-20.99609375,-56.15234375
291.19140625,-19.53125,-19.53125,-26.3671875,-46.38671875
291.1953125,-22.4609375,-5.37109375,-21.97265625,-35.15625
291.19921875,-1.46484375,-8.7890625,0.48828125,-29.296875
291.203125,12.20703125,-5.37109375,0.0,-32.2265625
291.20703125,5.859375,-13.671875,-20.5078125,-28.3203125
291.2109375,22.94921875,-15.13671875,-21.97265625,2.9296875
291.21484375,8.7890625,0.0,-26.85546875,-24.90234375
291.21875,-26.85546875,0.0,-29.78515625,-71.77734375
291.22265625,-36.1328125,-16.6015625,-17.08984375,-35.64453125
291.2265625,-14.6484375,-19.04296875,-25.87890625,-41.50390625
291.23046875,-14.16015625,-5.37109375,-30.2734375,-82.51953125
291.234375,-29.296875,-7.32421875,-13.671875,-53.22265625
291.23828125,-32.2265625,-17.578125,-9.765625,-24.90234375
291.2421875,-32.2265625,-26.85546875,-21.97265625,-7.8125
291.24609375,-20.99609375,-32.71484375,-46.38671875,-48.33984375
291.25,5.37109375,-32.71484375,-53.22265625,-59.08203125
291.25390625,-22.4609375,-43.45703125,-60.05859375,-34.1796875
291.2578125,-30.2734375,-50.29296875,-63.4765625,-23.4375
291.26171875,-33.203125,-33.69140625,-60.05859375,-19.53125
291.265625,-35.64453125,-30.2734375,-62.5,-11.71875
291.26953125,-12.20703125,-28.3203125,-57.12890625,-8.7890625
291.2734375,-13.671875,-26.3671875,-59.5703125,-20.99609375
291.27734375,-19.04296875,-29.78515625,-65.4296875,-18.06640625
291.28125,-6.34765625,-25.390625,-67.87109375,-22.4609375
291.28515625,6.8359375,-25.390625,-56.15234375,-46.38671875
291.2890625,17.578125,-27.83203125,-67.87109375,-39.0625
291.29296875,22.94921875,-20.5078125,-84.9609375,-6.34765625
291.296875,28.3203125,-19.53125,-67.87109375,28.3203125
291.30078125,-13.671875,-38.0859375,-54.19921875,-2.44140625
291.3046875,-59.08203125,-43.9453125,-62.98828125,-28.80859375
291.30859375,-36.1328125,-39.55078125,-64.94140625,-8.30078125
291.3125,-21.484375,-39.0625,-54.6875,-21.97265625
291.31640625,-40.52734375,-27.83203125,-48.828125,-36.1328125
291.3203125,-53.7109375,-29.78515625,-45.41015625,-22.4609375
291.32421875,-40.52734375,-38.57421875,-42.48046875,-26.3671875
291.328125,-50.29296875,-44.921875,-57.12890625,-36.1328125
291.33203125,-74.21875,-47.8515625,-58.59375,-54.19921875
291.3359375,-55.17578125,-41.9921875,-40.0390625,-84.47265625
291.33984375,-48.828125,-49.8046875,-39.0625,-63.96484375
291.34375,-21.484375,-44.921875,-36.1328125,-18.06640625
291.34765625,-19.04296875,-46.875,-30.76171875,-18.5546875
291.3515625,-54.6875,-49.8046875,-25.87890625,-1.46484375
291.35546875,-43.45703125,-43.9453125,-33.203125,5.859375
291.359375,-22.4609375,-49.8046875,-41.9921875,-10.7421875
291.36328125,-32.71484375,-40.0390625,-41.50390625,14.6484375
291.3671875,-51.26953125,-29.78515625,-28.3203125,10.7421875
291.37109375,-26.3671875,-7.32421875,3.41796875,23.92578125
291.375,-9.765625,8.7890625,20.01953125,33.69140625
291.37890625,-25.87890625,5.37109375,15.625,3.41796875
291.3828125,-28.3203125,9.765625,14.6484375,0.0
291.38671875,-15.625,14.6484375,13.671875,-4.39453125
291.390625,1.953125,19.04296875,8.30078125,-12.20703125
291.39453125,26.3671875,22.94921875,15.13671875,-7.8125
291.3984375,3.90625,20.5078125,16.11328125,-41.9921875
291.40234375,-47.36328125,16.6015625,8.7890625,-59.5703125
291.40625,-45.8984375,6.8359375,0.9765625,-32.2265625
291.41015625,-46.875,-3.41796875,-16.6015625,-48.828125
291.4140625,-86.9140625,-6.8359375,-29.296875,-96.19140625
291.41796875,-76.66015625,-4.8828125,-2.9296875,-92.7734375
291.421875,-79.58984375,-5.859375,21.97265625,-68.359375
291.42578125,-87.40234375,-20.01953125,16.11328125,-45.41015625
291.4296875,-103.02734375,-40.52734375,-5.37109375,-74.70703125
291.43359375,-132.32421875,-39.55078125,-38.57421875,-104.98046875
291.4375,-128.41796875,-36.1328125,-62.98828125,-99.609375
291.44140625,-115.234375,-37.109375,-61.5234375,-96.19140625
291.4453125,-111.81640625,-43.9453125,-50.29296875,-104.98046875
291.44921875,-110.83984375,-67.3828125,-36.62109375,-70.3125
291.453125,-95.21484375,-65.91796875,-32.71484375,-59.08203125
291.45703125,-81.54296875,-53.22265625,-34.66796875,-89.84375
291.4609375,-97.65625,-44.43359375,-48.828125,-62.5
291.46484375,-72.75390625,-33.203125,-68.84765625,-31.25
291.46875,-63.96484375,-40.0390625,-70.80078125,-48.33984375
291.47265625,-94.7265625,-41.015625,-47.8515625,-57.6171875
291.4765625,-54.6875,-25.390625,-26.85546875,-32.71484375
291.48046875,-55.17578125,-20.5078125,-20.99609375,-28.3203125
291.484375,-66.89453125,-24.90234375,-8.7890625,-12.20703125
291.48828125,-61.5234375,-30.76171875,-12.6953125,1.46484375
291.4921875,-76.171875,-36.1328125,-36.62109375,-39.55078125
291.49609375,-62.5,-39.55078125,-33.203125,-54.6875
291.5,-29.296875,-38.57421875,-9.27734375,-34.1796875
291.50390625,-8.7890625,-40.52734375,-11.71875,-8.7890625
291.5078125,-7.32421875,-39.0625,-17.578125,9.765625
291.51171875,-0.48828125,-42.48046875,-16.6015625,62.01171875
291.515625,-10.7421875,-43.9453125,-22.4609375,53.22265625
291.51953125,-24.4140625,-44.921875,-19.53125,-32.71484375
291.5234375,-12.20703125,-44.43359375,-14.6484375,-41.015625
291.52734375,-14.16015625,-41.9921875,-22.4609375,35.15625
291.53125,-21.97265625,-40.0390625,-32.71484375,26.3671875
291.53515625,0.0,-34.1796875,-32.2265625,8.30078125
291.5390625,-21.484375,-38.0859375,-44.43359375,25.87890625
291.54296875,-20.99609375,-39.55078125,-55.6640625,-17.08984375
291.546875,-15.625,-33.69140625,-44.921875,-20.99609375
291.55078125,-44.921875,-41.015625,-31.25,-1.953125
291.5546875,-40.0390625,-44.43359375,-17.08984375,-17.578125
291.55859375,-38.0859375,-42.48046875,-24.90234375,-32.71484375
291.5625,-39.55078125,-47.36328125,-44.43359375,-41.9921875
291.56640625,-29.78515625,-52.734375,-56.15234375,-26.85546875
291.5703125,-40.0390625,-50.78125,-47.36328125,-25.390625
291.57421875,-40.52734375,-43.9453125,-34.66796875,-30.2734375
291.578125,-26.85546875,-41.9921875,-35.15625,-15.625
291.58203125,-8.7890625,-40.52734375,-25.390625,-15.625
291.5859375,-5.859375,-35.15625,-26.85546875,2.44140625
291.58984375,-13.18359375,-29.296875,-38.0859375,9.765625
291.59375,-15.13671875,-19.04296875,-26.3671875,-16.11328125
291.59765625,-0.9765625,-20.5078125,-10.25390625,-4.8828125
291.6015625,3.41796875,-31.25,-2.9296875,-3.41796875
291.60546875,18.5546875,-23.4375,-0.9765625,-10.25390625
291.609375,15.625,-24.90234375,-5.859375,-18.5546875
291.61328125,-16.11328125,-41.015625,-19.04296875,-29.296875
291.6171875,-21.484375,-39.0625,-23.92578125,-15.13671875
291.62109375,-22.4609375,-33.203125,-17.578125,-31.25
291.625,-56.640625,-42.96875,-32.71484375,-51.7578125
291.62890625,-58.10546875,-48.33984375,-41.015625,-54.19921875
291.6328125,-62.98828125,-41.9921875,-27.83203125,-83.49609375
291.63671875,-105.95703125,-35.64453125,-21.97265625,-79.1015625
291.640625,-108.3984375,-44.43359375,-15.625,-48.828125
291.64453125,-93.75,-42.48046875,-15.13671875,-69.82421875
291.6484375,-108.88671875,-28.3203125,-32.71484375,-124.51171875
291.65234375,-116.69921875,-32.2265625,-43.45703125,-155.76171875
291.65625,-113.28125,-36.1328125,-35.64453125,-146.97265625
291.66015625,-129.8828125,-33.69140625,-29.78515625,-127.9296875
291.6640625,-134.27734375,-35.64453125,-32.71484375,-117.67578125
291.66796875,-131.34765625,-34.1796875,-26.85546875,-121.09375
291.671875,-119.62890625,-26.85546875,-16.6015625,-127.9296875
291.67578125,-89.84375,-32.2265625,-15.625,-121.58203125
291.6796875,-79.58984375,-45.41015625,-28.3203125,-100.5859375
291.68359375,-99.609375,-37.109375,-37.59765625,-83.984375
291.6875,-81.54296875,-20.01953125,-43.45703125,-74.70703125
291.69140625,-75.1953125,-21.484375,-39.0625,-59.08203125
291.6953125,-78.125,-24.90234375,-34.1796875,-41.9921875
291.69921875,-71.77734375,-14.6484375,-59.08203125,-62.5
291.703125,-38.0859375,-13.18359375,-52.734375,-67.3828125
291.70703125,-18.5546875,-21.484375,-26.85546875,-6.8359375
291.7109375,-49.31640625,-20.5078125,-25.390625,-1.46484375
291.71484375,-47.36328125,-16.6015625,-20.99609375,-45.41015625
291.71875,-9.765625,-17.578125,-20.01953125,-8.7890625
291.72265625,-4.39453125,-17.578125,-27.83203125,-2.9296875
291.7265625,-10.25390625,-15.625,-39.0625,-0.9765625
291.73046875,-2.44140625,-9.27734375,-43.9453125,0.9765625
291.734375,23.92578125,-7.8125,-32.2265625,5.37109375
291.73828125,42.48046875,-17.08984375,-27.34375,25.390625
291.7421875,13.18359375,-22.4609375,-45.8984375,28.3203125
291.74609375,8.7890625,-22.94921875,-51.7578125,16.6015625
291.75,-5.37109375,-20.5078125,-41.015625,12.6953125
291.75390625,-13.18359375,-17.08984375,-56.15234375,57.6171875
291.7578125,28.3203125,-17.578125,-56.640625,48.828125
291.76171875,18.5546875,-18.5546875,-27.83203125,5.37109375
291.765625,-7.8125,-19.04296875,-14.6484375,5.859375
291.76953125,2.9296875,-14.16015625,-10.25390625,23.92578125
291.7734375,5.37109375,-17.08984375,-10.7421875,51.26953125
291.77734375,1.953125,-20.01953125,-24.4140625,55.17578125
291.78125,11.71875,-16.6015625,-31.25,39.55078125
291.78515625,30.76171875,-18.5546875,-28.3203125,28.3203125
291.7890625,42.48046875,-27.34375,-29.296875,25.390625
291.79296875,22.94921875,-18.5546875,-28.3203125,47.8515625
291.796875,3.41796875,-14.6484375,-39.0625,33.203125
291.80078125,0.9765625,-25.87890625,-39.55078125,27.83203125
291.8046875,-0.9765625,-29.296875,-23.92578125,18.5546875
291.80859375,-0.9765625,-23.4375,-26.85546875,13.18359375
291.8125,12.20703125,-19.04296875,-29.78515625,31.73828125
291.81640625,9.765625,-10.7421875,-17.578125,31.73828125
291.8203125,-2.9296875,-13.18359375,-10.7421875,38.0859375
291.82421875,4.8828125,-15.13671875,-22.94921875,26.3671875
291.828125,10.25390625,-9.765625,-46.38671875,19.04296875
291.83203125,-16.11328125,-20.01953125,-36.62109375,14.6484375
291.8359375,-22.94921875,-27.34375,-17.578125,-7.8125
291.83984375,17.08984375,-28.80859375,-20.99609375,1.953125
291.84375,28.3203125,-29.78515625,-32.2265625,9.765625
291.84765625,-1.953125,-28.80859375,-30.2734375,20.5078125
291.8515625,-2.9296875,-29.296875,-26.3671875,14.6484375
291.85546875,19.04296875,-18.5546875,-24.4140625,24.4140625
291.859375,10.25390625,-11.71875,-23.4375,42.48046875
291.86328125,-8.30078125,-13.18359375,-28.3203125,38.57421875
291.8671875,-39.0625,-11.71875,-33.69140625,-7.32421875
291.87109375,-35.15625,-13.671875,-35.64453125,4.39453125
291.875,-14.16015625,-15.625,-44.921875,14.16015625
291.87890625,-36.1328125,-20.5078125,-62.01171875,-5.37109375
291.8828125,-54.19921875,-28.80859375,-51.7578125,-0.9765625
291.88671875,-41.50390625,-38.57421875,-28.80859375,-11.71875
291.890625,-45.8984375,-46.875,-24.4140625,-38.0859375
291.89453125,-39.55078125,-31.73828125,-24.90234375,-36.1328125
291.8984375,-34.1796875,-29.296875,-32.2265625,0.9765625
291.90234375,-51.26953125,-36.1328125,-45.41015625,-19.53125
291.90625,-80.56640625,-33.203125,-43.45703125,-65.4296875
291.91015625,-80.078125,-30.76171875,-44.921875,-57.12890625
291.9140625,-45.41015625,-32.71484375,-66.89453125,-5.37109375
291.91796875,-82.51953125,-27.83203125,-50.29296875,-14.16015625
291.921875,-94.7265625,-17.08984375,-21.484375,-45.41015625
291.92578125,-68.84765625,-14.6484375,-14.16015625,-36.62109375
291.9296875,-35.64453125,-17.578125,-9.765625,-16.11328125
291.93359375,-7.32421875,-8.7890625,-16.11328125,-27.83203125
291.9375,-39.0625,-2.9296875,-27.83203125,-34.66796875
291.94140625,-69.82421875,-3.41796875,-14.6484375,-18.06640625
291.9453125,-54.6875,-10.25390625,-5.859375,-15.625
291.94921875,-60.05859375,-9.765625,-12.20703125,-33.203125
291.953125,-64.94140625,0.0,-17.578125,-8.7890625
291.95703125,-69.3359375,-9.765625,-27.34375,-7.32421875
291.9609375,-83.0078125,-19.04296875,-35.64453125,-41.9921875
291.96484375,-84.47265625,-24.4140625,-39.55078125,-54.19921875
291.96875,-55.6640625,-25.390625,-48.33984375,-56.640625
291.97265625,-47.8515625,-32.2265625,-57.12890625,-38.57421875
291.9765625,-78.61328125,-36.1328125,-42.96875,-34.1796875
291.98046875,-67.87109375,-33.203125,-19.53125,-24.4140625
291.984375,-45.8984375,-31.25,-14.6484375,-15.625
291.98828125,-48.33984375,-18.5546875,-12.20703125,-58.10546875
291.9921875,-63.96484375,-18.5546875,-29.296875,-49.8046875
291.99609375,-58.59375,-25.87890625,-39.55078125,-35.64453125
292.0,-51.7578125,-33.203125,-21.97265625,-29.296875
292.00390625,-60.05859375,-30.76171875,-12.6953125,-15.13671875
292.0078125,-52.734375,-26.85546875,-15.13671875,-34.66796875
292.01171875,-73.73046875,-38.0859375,-25.87890625,-50.29296875
292.015625,-91.796875,-42.96875,-41.9921875,-49.31640625
292.01953125,-88.37890625,-37.109375,-60.546875,-35.64453125
292.0234375,-92.7734375,-32.2265625,-49.31640625,-39.0625
292.02734375,-96.6796875,-31.25,-23.4375,-54.6875
292.03125,-100.09765625,-28.3203125,-21.484375,-34.1796875
292.03515625,-67.87109375,-30.2734375,-18.5546875,-46.38671875
292.0390625,-54.6875,-31.25,-17.08984375,-71.77734375
292.04296875,-62.98828125,-23.92578125,-30.2734375,-66.40625
292.046875,-62.01171875,-28.80859375,-32.71484375,-32.2265625
292.05078125,-55.17578125,-25.87890625,-26.85546875,-12.6953125
292.0546875,-41.50390625,-2.9296875,-35.15625,-17.578125
292.05859375,-59.5703125,-9.765625,-35.15625,-34.1796875
292.0625,-71.2890625,-19.04296875,-22.94921875,-34.66796875
292.06640625,-65.4296875,-15.13671875,-11.23046875,5.859375
292.0703125,-60.546875,-16.6015625,-8.7890625,15.13671875
292.07421875,-54.6875,-28.80859375,-16.11328125,-58.10546875
292.078125,-48.828125,-28.3203125,-34.66796875,-54.19921875
292.08203125,-53.7109375,-26.3671875,-40.0390625,-15.13671875
292.0859375,-53.22265625,-20.01953125,-11.23046875,-4.8828125
292.08984375,-35.64453125,-5.37109375,9.765625,38.57421875
292.09375,-25.87890625,-8.30078125,-2.9296875,21.97265625
292.09765625,-62.98828125,-9.27734375,-18.5546875,-44.43359375
292.1015625,-71.77734375,-9.765625,-11.23046875,-51.7578125
292.10546875,-56.15234375,-9.27734375,-12.20703125,-25.390625
292.109375,-58.10546875,-1.953125,-26.85546875,9.765625
292.11328125,-34.66796875,16.6015625,-5.859375,35.64453125
292.1171875,-0.9765625,30.76171875,24.4140625,28.3203125
292.12109375,17.578125,26.85546875,22.4609375,11.23046875
292.125,0.0,29.296875,6.8359375,-14.6484375
292.12890625,-42.48046875,32.2265625,13.671875,10.7421875
292.1328125,-29.78515625,24.4140625,17.08984375,24.90234375
292.13671875,0.0,18.06640625,9.765625,20.99609375
292.140625,-0.9765625,20.5078125,20.99609375,17.08984375
292.14453125,-22.94921875,24.4140625,18.5546875,34.1796875
292.1484375,-36.62109375,16.6015625,2.44140625,69.82421875
292.15234375,-11.23046875,2.9296875,5.37109375,32.71484375
292.15625,-0.9765625,15.13671875,19.04296875,8.7890625
292.16015625,-7.8125,30.76171875,9.27734375,18.5546875
292.1640625,-31.73828125,22.94921875,-4.8828125,-31.73828125
292.16796875,-30.2734375,16.6015625,9.765625,-41.015625
292.171875,-9.27734375,10.7421875,26.3671875,14.16015625
292.17578125,-11.71875,6.34765625,17.578125,-6.34765625
292.1796875,-39.0625,4.39453125,6.34765625,-12.6953125
292.18359375,-63.4765625,13.671875,0.0,-17.578125
292.1875,-66.40625,19.04296875,-4.39453125,-29.78515625
292.19140625,-75.68359375,6.8359375,-3.41796875,-30.2734375
292.1953125,-90.33203125,-3.90625,1.46484375,-59.08203125
292.19921875,-108.3984375,-5.859375,7.8125,-48.828125
292.203125,-137.6953125,1.46484375,-6.34765625,-1.46484375
292.20703125,-129.8828125,9.27734375,-19.04296875,7.32421875
292.2109375,-143.06640625,1.46484375,-25.390625,-24.4140625
292.21484375,-165.0390625,0.9765625,-27.83203125,-67.87109375
292.21875,-156.73828125,13.18359375,-27.83203125,-69.3359375
292.22265625,-161.1328125,6.8359375,-19.53125,-52.24609375
292.2265625,-147.94921875,-0.9765625,1.953125,-17.578125
292.23046875,-132.8125,-5.37109375,2.44140625,-30.2734375
292.234375,-130.859375,-1.46484375,-7.8125,-59.5703125
292.23828125,-121.09375,6.34765625,-5.859375,-32.71484375
292.2421875,-120.1171875,-1.953125,-8.30078125,-9.27734375
292.24609375,-139.6484375,-2.44140625,-16.11328125,-14.16015625
292.25,-139.16015625,0.0,-20.01953125,-40.0390625
292.25390625,-115.234375,-6.34765625,-16.6015625,-11.23046875
292.2578125,-95.703125,-9.27734375,-18.5546875,41.015625
292.26171875,-99.12109375,-2.44140625,-29.296875,39.0625
292.265625,-106.4453125,-2.9296875,-22.94921875,-2.9296875
292.26953125,-122.0703125,-5.37109375,-12.20703125,-22.94921875
292.2734375,-135.25390625,-4.39453125,-7.8125,7.32421875
292.27734375,-104.98046875,0.48828125,-21.484375,-12.20703125
292.28125,-65.91796875,-1.46484375,-16.6015625,-51.26953125
292.28515625,-70.3125,-7.8125,-3.41796875,-21.97265625
292.2890625,-74.70703125,-4.8828125,-26.85546875,0.9765625
292.29296875,-99.609375,-13.671875,-35.64453125,6.34765625
292.296875,-131.34765625,-17.578125,-22.4609375,-0.48828125
292.30078125,-114.74609375,-7.8125,-25.390625,-14.16015625
292.3046875,-83.49609375,-13.671875,-22.4609375,-13.18359375
292.30859375,-79.58984375,-13.671875,-16.6015625,-32.2265625
292.3125,-75.68359375,-6.8359375,-13.671875,19.04296875
292.31640625,-84.47265625,-7.32421875,-19.53125,19.04296875
292.3203125,-83.49609375,-14.16015625,-20.01953125,-5.37109375
292.32421875,-57.6171875,-17.578125,-6.8359375,7.8125
292.328125,-67.3828125,-21.97265625,-27.34375,-35.15625
292.33203125,-101.5625,-25.87890625,-35.64453125,-49.31640625
292.3359375,-105.95703125,-17.578125,-23.92578125,-2.9296875
292.33984375,-81.54296875,-16.11328125,-23.92578125,-25.390625
292.34375,-71.77734375,-12.20703125,-28.3203125,-59.5703125
292.34765625,-64.453125,-4.8828125,-34.66796875,-30.76171875
292.3515625,-61.03515625,1.953125,-45.41015625,-14.6484375
292.35546875,-73.2421875,-3.41796875,-43.9453125,23.4375
292.359375,-43.9453125,-18.06640625,-42.96875,46.38671875
292.36328125,-39.0625,-25.390625,-48.828125,3.90625
292.3671875,-114.74609375,-18.5546875,-43.45703125,19.53125
292.37109375,-133.7890625,-11.23046875,-41.9921875,12.20703125
292.375,-91.30859375,-18.06640625,-44.43359375,-45.41015625
292.37890625,-63.4765625,-14.6484375,-32.2265625,-42.96875
292.3828125,-101.5625,-17.08984375,-20.01953125,-50.29296875
292.38671875,-98.6328125,-22.4609375,-18.5546875,-41.015625
292.390625,-72.265625,-13.671875,-20.01953125,14.6484375
292.39453125,-67.87109375,-8.7890625,-28.80859375,-13.671875
292.3984375,-69.3359375,-13.671875,-33.203125,-53.22265625
292.40234375,-77.63671875,-19.53125,-28.80859375,-33.69140625
292.40625,-66.40625,-24.90234375,-29.78515625,-19.53125
292.41015625,-77.63671875,-24.90234375,-28.80859375,-28.3203125
292.4140625,-58.10546875,-16.11328125,-21.97265625,-17.08984375
292.41796875,-36.1328125,-21.97265625,-18.5546875,-27.83203125
292.421875,-67.87109375,-33.203125,-20.99609375,-46.38671875
292.42578125,-87.40234375,-30.76171875,-7.8125,-36.62109375
292.4296875,-42.96875,-25.87890625,-1.953125,-46.38671875
292.43359375,-32.2265625,-25.87890625,-5.37109375,-41.015625
292.4375,-46.875,-21.484375,-1.46484375,-20.01953125
292.44140625,-37.59765625,-14.6484375,-6.8359375,-13.671875
292.4453125,-31.25,-14.6484375,-12.20703125,-52.24609375
292.44921875,-59.08203125,-23.92578125,-19.04296875,-45.8984375
292.453125,-70.3125,-35.15625,-17.578125,9.765625
292.45703125,-62.01171875,-31.25,-16.11328125,-22.94921875
292.4609375,-62.98828125,-29.78515625,-20.5078125,-46.38671875
292.46484375,-59.5703125,-25.390625,-15.625,-29.296875
292.46875,-59.08203125,-25.87890625,3.90625,-13.671875
292.47265625,-55.17578125,-31.25,12.6953125,-26.3671875
292.4765625,-40.52734375,-22.4609375,-2.44140625,-52.734375
292.48046875,-44.43359375,-24.90234375,-5.859375,-68.84765625
292.484375,-40.52734375,-26.3671875,-9.27734375,-63.96484375
292.48828125,-32.2265625,-20.5078125,-16.6015625,-25.87890625
292.4921875,-35.15625,-20.5078125,-18.06640625,-25.87890625
292.49609375,-43.9453125,-16.6015625,-13.671875,-11.71875
292.5,-49.8046875,-10.25390625,-2.44140625,-8.7890625
292.50390625,-44.921875,-14.16015625,0.0,-23.4375
292.5078125,-40.0390625,-33.203125,0.48828125,-16.6015625
292.51171875,-59.5703125,-28.3203125,-0.9765625,-0.48828125
292.515625,-60.05859375,-32.2265625,1.953125,-0.48828125
292.51953125,-38.57421875,-33.69140625,-7.8125,-20.99609375
292.5234375,-34.1796875,-16.6015625,-22.4609375,-19.53125
292.52734375,-34.66796875,-10.7421875,-7.32421875,-31.73828125
292.53125,-34.1796875,-9.27734375,-3.41796875,-42.48046875
292.53515625,-37.109375,-11.23046875,-2.9296875,-8.30078125
292.5390625,-42.96875,-19.53125,5.37109375,-6.8359375
292.54296875,-41.015625,-20.99609375,-7.8125,-25.87890625
292.546875,-37.59765625,-21.484375,-18.5546875,-23.4375
292.55078125,-61.5234375,-21.484375,-24.4140625,-29.296875
292.5546875,-62.01171875,-17.578125,-21.97265625,-51.26953125
292.55859375,-38.0859375,-19.53125,-7.32421875,-69.3359375
292.5625,-48.828125,-24.90234375,0.48828125,-54.6875
292.56640625,-48.33984375,-26.3671875,-1.953125,-54.6875
292.5703125,-69.82421875,-25.87890625,-10.25390625,-59.5703125
292.57421875,-78.61328125,-19.04296875,-30.2734375,-72.75390625
292.578125,-68.84765625,-20.01953125,-34.1796875,-70.80078125
292.58203125,-83.49609375,-22.94921875,-14.16015625,-67.87109375
292.5859375,-83.0078125,-20.5078125,-18.06640625,-72.265625
292.58984375,-91.796875,-23.4375,-5.37109375,-47.36328125
292.59375,-110.3515625,-26.3671875,12.6953125,-49.31640625
292.59765625,-104.4921875,-18.5546875,4.8828125,-48.828125
292.6015625,-96.19140625,-19.04296875,-9.765625,-49.31640625
292.60546875,-91.796875,-31.25,-15.13671875,-68.359375
292.609375,-92.28515625,-24.4140625,-6.8359375,-48.828125
292.61328125,-86.42578125,-29.78515625,-11.71875,-26.3671875
292.6171875,-83.49609375,-39.55078125,-13.18359375,-21.97265625
292.62109375,-94.7265625,-31.25,-13.671875,-20.99609375
292.625,-71.2890625,-27.83203125,-19.04296875,-27.83203125
292.62890625,-55.17578125,-27.83203125,-23.4375,-54.6875
292.6328125,-60.546875,-30.76171875,-24.4140625,-67.87109375
292.63671875,-58.10546875,-29.296875,-31.25,-67.3828125
292.640625,-60.05859375,-32.71484375,-31.73828125,-56.640625
292.64453125,-50.78125,-35.15625,-26.85546875,-61.5234375
292.6484375,-37.109375,-30.76171875,-39.55078125,-40.0390625
292.65234375,-35.15625,-30.2734375,-41.50390625,-8.7890625
292.65625,-31.25,-38.57421875,-28.3203125,10.7421875
292.66015625,-14.16015625,-42.96875,-30.2734375,-19.53125
292.6640625,-9.765625,-30.2734375,-28.3203125,-70.80078125
292.66796875,3.90625,-24.4140625,-26.3671875,-35.64453125
292.671875,6.8359375,-33.203125,-26.3671875,-27.34375
292.67578125,-1.46484375,-33.69140625,-13.18359375,-29.296875
292.6796875,-16.6015625,-32.71484375,-7.32421875,-25.390625
292.68359375,-21.484375,-37.59765625,-16.6015625,-40.0390625
292.6875,-20.01953125,-38.57421875,-15.625,-17.578125
292.69140625,-24.90234375,-38.57421875,-10.7421875,-7.32421875
292.6953125,18.06640625,-38.57421875,-8.7890625,-23.92578125
292.69921875,28.80859375,-41.50390625,5.37109375,-19.53125
292.703125,-1.46484375,-52.24609375,25.390625,-34.1796875
292.70703125,0.0,-46.875,24.90234375,-30.2734375
292.7109375,21.484375,-29.296875,-3.90625,-13.18359375
292.71484375,31.25,-28.3203125,-4.8828125,-13.18359375
292.71875,28.80859375,-34.1796875,14.6484375,-8.7890625
292.72265625,30.76171875,-35.64453125,20.99609375,-18.06640625
292.7265625,27.34375,-37.109375,25.390625,-18.5546875
292.73046875,30.2734375,-28.80859375,2.44140625,1.46484375
292.734375,39.0625,-26.85546875,-3.90625,15.625
292.73828125,35.15625,-29.78515625,21.97265625,20.99609375
292.7421875,40.0390625,-26.3671875,33.203125,22.4609375
292.74609375,42.96875,-18.5546875,23.92578125,-23.92578125
292.75,31.73828125,-19.04296875,1.953125,-18.5546875
292.75390625,24.4140625,-29.78515625,-5.859375,24.4140625
292.7578125,22.4609375,-39.55078125,-5.859375,-4.8828125
292.76171875,22.4609375,-41.9921875,-11.71875,-39.55078125
292.765625,26.85546875,-35.64453125,-15.625,-23.4375
292.76953125,52.734375,-36.1328125,-14.6484375,-22.4609375
292.7734375,49.8046875,-39.0625,-23.4375,-38.0859375
292.77734375,34.1796875,-31.25,-23.4375,-27.83203125
292.78125,35.15625,-26.3671875,-20.99609375,-43.45703125
292.78515625,28.3203125,-33.203125,-26.3671875,-30.2734375
292.7890625,20.99609375,-43.45703125,-44.43359375,-11.23046875
292.79296875,44.43359375,-31.73828125,-34.1796875,6.34765625
292.796875,53.7109375,-23.4375,-14.6484375,-17.578125
292.80078125,39.0625,-26.85546875,-16.6015625,-62.98828125
292.8046875,40.0390625,-27.83203125,-12.6953125,-26.85546875
292.80859375,31.25,-36.62109375,-7.8125,-22.94921875
292.8125,30.2734375,-40.52734375,-6.34765625,-21.97265625
292.81640625,23.4375,-18.06640625,-3.41796875,-7.8125
292.8203125,11.23046875,-10.25390625,7.8125,-0.48828125
292.82421875,44.921875,-28.3203125,20.5078125,-39.0625
292.828125,41.9921875,-24.4140625,-5.859375,-33.203125
292.83203125,19.04296875,-6.8359375,-21.97265625,-14.6484375
292.8359375,20.99609375,1.953125,-4.8828125,-20.01953125
292.83984375,33.69140625,-0.9765625,-3.41796875,-22.4609375
292.84375,44.43359375,-18.06640625,-1.46484375,-36.62109375
292.84765625,32.71484375,-27.34375,-4.39453125,-46.875
292.8515625,32.71484375,-12.6953125,-2.9296875,-54.19921875
292.85546875,30.2734375,-9.27734375,-9.27734375,-29.78515625
292.859375,39.55078125,-14.6484375,-23.4375,-36.62109375
292.86328125,39.55078125,-16.11328125,-29.78515625,-15.13671875
292.8671875,28.80859375,-20.5078125,-6.8359375,19.04296875
292.87109375,40.0390625,-15.13671875,13.671875,-10.25390625
292.875,33.203125,-14.16015625,11.23046875,-55.17578125
292.87890625,34.1796875,-14.6484375,8.7890625,-40.0390625
292.8828125,33.69140625,-25.390625,-3.41796875,-12.6953125
292.88671875,38.0859375,-33.69140625,-11.23046875,5.37109375
292.890625,57.6171875,-20.01953125,-10.7421875,-14.16015625
292.89453125,52.734375,-12.20703125,-15.13671875,-62.01171875
292.8984375,52.24609375,-19.04296875,-10.25390625,-28.3203125
292.90234375,65.4296875,-13.671875,-6.8359375,-2.9296875
292.90625,104.98046875,-20.99609375,-28.3203125,-15.625
292.91015625,128.90625,-41.50390625,-26.85546875,-3.41796875
292.9140625,111.328125,-35.64453125,-15.625,-17.08984375
292.91796875,103.515625,-24.4140625,-16.11328125,-31.25
292.921875,118.1640625,-24.90234375,-10.25390625,-10.25390625
292.92578125,125.0,-18.06640625,-1.46484375,-13.18359375
292.9296875,111.81640625,-5.37109375,-9.27734375,-11.23046875
292.93359375,121.58203125,-11.71875,-1.953125,-12.6953125
292.9375,130.859375,-33.69140625,3.90625,-71.77734375
292.94140625,117.67578125,-31.73828125,4.39453125,-50.29296875
292.9453125,116.2109375,-24.4140625,2.9296875,-9.27734375
292.94921875,113.28125,-22.4609375,-13.18359375,-35.64453125
292.953125,101.5625,-17.08984375,-12.20703125,-48.33984375
292.95703125,93.75,-17.08984375,-7.8125,-27.34375
292.9609375,89.84375,-16.11328125,-20.99609375,-23.4375
292.96484375,90.8203125,-13.18359375,-7.8125,-14.16015625
292.96875,87.40234375,-13.18359375,3.90625,6.34765625
292.97265625,104.98046875,-6.8359375,-3.90625,13.18359375
292.9765625,107.91015625,-9.27734375,5.859375,-17.578125
292.98046875,92.28515625,-18.5546875,10.7421875,-44.43359375
292.984375,96.6796875,-18.5546875,10.25390625,-37.109375
292.98828125,105.46875,-16.6015625,15.13671875,-28.3203125
292.9921875,102.5390625,-14.6484375,6.8359375,13.18359375
292.99609375,83.0078125,-8.7890625,-10.25390625,9.765625
293.0,72.265625,-13.18359375,-18.06640625,-60.546875
293.00390625,76.171875,-10.7421875,-22.4609375,-55.17578125
293.0078125,90.33203125,0.0,-33.203125,-16.6015625
293.01171875,83.49609375,-4.39453125,-25.390625,-31.73828125
293.015625,65.4296875,-12.20703125,-9.27734375,-38.0859375
293.01953125,67.87109375,-18.5546875,-9.765625,-18.5546875
293.0234375,87.40234375,-20.99609375,-7.32421875,-24.4140625
293.02734375,83.984375,-18.06640625,-6.34765625,-19.04296875
293.03125,62.98828125,-14.6484375,-11.23046875,-14.6484375
293.03515625,71.2890625,-15.625,-2.44140625,-24.4140625
293.0390625,92.28515625,-14.6484375,-6.34765625,-2.9296875
293.04296875,94.7265625,-19.04296875,-14.6484375,-18.06640625
293.046875,82.51953125,-15.13671875,-7.8125,-25.87890625
293.05078125,81.54296875,-11.71875,-2.44140625,10.25390625
293.0546875,105.95703125,-9.27734375,-0.48828125,-10.25390625
293.05859375,85.9375,-3.41796875,-8.30078125,-32.2265625
293.0625,60.05859375,-9.765625,-7.32421875,-20.01953125
293.06640625,61.03515625,-6.34765625,3.90625,-5.37109375
293.0703125,58.10546875,0.9765625,-11.71875,-12.6953125
293.07421875,66.89453125,-1.953125,-10.25390625,-12.20703125
293.078125,76.66015625,-5.37109375,-7.32421875,-14.16015625
293.08203125,74.21875,-5.859375,-5.859375,-20.5078125
293.0859375,81.54296875,-5.37109375,9.765625,-0.9765625
293.08984375,82.51953125,-9.27734375,8.30078125,22.94921875
293.09375,73.2421875,-20.99609375,-7.8125,-6.34765625
293.09765625,65.91796875,-18.5546875,-11.71875,-30.76171875
293.1015625,41.015625,-14.6484375,-14.16015625,-21.484375
293.10546875,45.8984375,-24.90234375,-13.18359375,-34.1796875
293.109375,43.9453125,-30.2734375,-11.23046875,-41.50390625
293.11328125,22.4609375,-20.01953125,-15.13671875,-26.85546875
293.1171875,24.4140625,-17.578125,-25.87890625,-15.13671875
293.12109375,15.625,-29.296875,-35.64453125,-18.5546875
293.125,21.484375,-25.390625,-29.78515625,-19.04296875
293.12890625,46.875,-12.20703125,-18.06640625,-14.16015625
293.1328125,64.453125,-13.671875,-34.66796875,3.41796875
293.13671875,54.6875,-18.5546875,-48.33984375,34.1796875
293.140625,42.96875,-20.01953125,-19.53125,33.203125
293.14453125,26.85546875,-15.625,-9.765625,-10.25390625
293.1484375,23.92578125,-15.13671875,-18.5546875,-28.3203125
293.15234375,30.2734375,-28.3203125,-12.6953125,-2.44140625
293.15625,73.73046875,-22.94921875,-18.5546875,33.69140625
293.16015625,77.1484375,-19.04296875,-30.76171875,3.41796875
293.1640625,16.11328125,-20.01953125,-22.94921875,-35.64453125
293.16796875,31.25,-13.18359375,-13.18359375,-47.36328125
293.171875,55.17578125,-13.671875,-15.625,-24.90234375
293.17578125,45.41015625,-15.13671875,-18.06640625,-18.06640625
293.1796875,49.31640625,-10.25390625,-31.73828125,-12.6953125
293.18359375,50.78125,-2.44140625,-36.62109375,17.578125
293.1875,50.78125,-0.9765625,-40.0390625,-16.11328125
293.19140625,51.7578125,2.9296875,-55.17578125,-36.62109375
293.1953125,46.875,5.859375,-59.08203125,-35.64453125
293.19921875,47.36328125,-0.48828125,-56.640625,-33.69140625
293.203125,41.015625,-3.90625,-53.7109375,-38.57421875
293.20703125,77.63671875,-6.34765625,-39.0625,-13.18359375
293.2109375,90.8203125,-8.30078125,-36.62109375,1.953125
293.21484375,45.41015625,-4.8828125,-37.59765625,-27.34375
293.21875,26.85546875,-7.32421875,-39.0625,-32.2265625
293.22265625,25.390625,-7.32421875,-45.41015625,-31.73828125
293.2265625,53.22265625,1.46484375,-51.7578125,-24.4140625
293.23046875,64.94140625,6.34765625,-59.08203125,19.04296875
293.234375,40.0390625,-2.44140625,-51.7578125,2.44140625
293.23828125,38.57421875,-6.8359375,-40.52734375,-14.16015625
293.2421875,55.17578125,-4.8828125,-34.66796875,-20.99609375
293.24609375,58.10546875,-5.37109375,-28.80859375,-32.71484375
293.25,64.94140625,-9.27734375,-26.3671875,-13.18359375
293.25390625,74.21875,-12.6953125,-21.484375,17.08984375
293.2578125,73.2421875,-5.37109375,-16.6015625,12.6953125
293.26171875,68.84765625,8.30078125,-20.99609375,-21.484375
293.265625,64.453125,11.71875,-28.80859375,-40.52734375
293.26953125,60.546875,9.765625,-32.71484375,3.90625
293.2734375,48.828125,2.9296875,-37.59765625,9.27734375
293.27734375,30.76171875,1.953125,-24.4140625,-14.16015625
293.28125,23.4375,0.0,-12.20703125,-11.71875
293.28515625,7.8125,0.48828125,-16.6015625,3.41796875
293.2890625,15.625,3.90625,-21.484375,-16.6015625
293.29296875,36.62109375,2.9296875,-11.71875,-13.671875
293.296875,35.15625,-1.46484375,-6.8359375,-1.46484375
293.30078125,23.4375,1.46484375,-18.5546875,-11.71875
293.3046875,19.53125,0.0,-14.6484375,-8.30078125
293.30859375,42.96875,-3.41796875,-1.953125,8.7890625
293.3125,56.640625,-8.7890625,-17.578125,10.7421875
293.31640625,32.71484375,-23.4375,-23.92578125,-16.11328125
293.3203125,33.203125,-26.85546875,-20.01953125,-12.6953125
293.32421875,44.921875,-22.94921875,-21.484375,-7.8125
293.328125,31.73828125,-23.92578125,-14.6484375,-33.203125
293.33203125,12.20703125,-30.2734375,-10.25390625,-29.78515625
293.3359375,-0.48828125,-33.69140625,-18.5546875,-17.08984375
293.33984375,-10.25390625,-33.69140625,-24.90234375,-41.50390625
293.34375,4.39453125,-36.1328125,-17.578125,-54.19921875
293.34765625,-5.37109375,-34.1796875,-14.6484375,-56.15234375
293.3515625,3.90625,-31.73828125,-15.625,-20.99609375
293.35546875,45.8984375,-27.83203125,-18.5546875,36.1328125
293.359375,63.4765625,-30.76171875,-12.6953125,12.6953125
293.36328125,45.41015625,-34.1796875,8.7890625,-35.15625
293.3671875,35.15625,-22.4609375,5.859375,-21.97265625
293.37109375,40.52734375,-12.6953125,5.37109375,-7.32421875
293.375,37.109375,-8.30078125,13.18359375,-7.32421875
293.37890625,23.4375,-8.30078125,8.7890625,-12.20703125
293.3828125,29.78515625,-12.20703125,1.46484375,-24.90234375
293.38671875,35.64453125,-22.94921875,-7.32421875,-29.78515625
293.390625,33.203125,-33.203125,-15.13671875,-31.73828125
293.39453125,30.76171875,-34.66796875,-21.97265625,-26.3671875
293.3984375,37.59765625,-35.64453125,-16.6015625,-21.97265625
293.40234375,25.390625,-36.62109375,-14.16015625,-15.625
293.40625,14.6484375,-29.78515625,-26.3671875,-17.578125
293.41015625,13.18359375,-26.3671875,-25.390625,-32.2265625
293.4140625,13.671875,-32.2265625,-13.671875,-15.625
293.41796875,23.92578125,-33.69140625,-8.7890625,-0.9765625
293.421875,27.83203125,-43.45703125,-6.8359375,-31.25
293.42578125,38.0859375,-39.0625,-12.6953125,-31.25
293.4296875,24.4140625,-24.4140625,-31.73828125,-37.109375
293.43359375,4.8828125,-24.90234375,-20.01953125,-39.55078125
293.4375,1.953125,-35.64453125,-5.859375,-32.71484375
293.44140625,-3.90625,-43.45703125,-16.6015625,-58.59375
293.4453125,-4.39453125,-37.59765625,-16.6015625,-57.12890625
293.44921875,4.8828125,-22.94921875,-26.3671875,-32.2265625
293.453125,22.4609375,-21.484375,-44.921875,-11.23046875
293.45703125,16.6015625,-24.90234375,-30.76171875,-6.8359375
293.4609375,-10.25390625,-18.06640625,-15.625,-10.25390625
293.46484375,15.625,-14.16015625,-17.578125,-24.90234375
293.46875,17.578125,-12.20703125,-19.04296875,-43.45703125
293.47265625,17.578125,-4.39453125,-16.11328125,-32.2265625
293.4765625,20.5078125,-0.48828125,-9.765625,-37.59765625
293.48046875,0.9765625,-4.39453125,-21.97265625,-37.109375
293.484375,24.4140625,0.9765625,-32.2265625,-9.765625
293.48828125,25.390625,9.27734375,-29.78515625,-11.71875
293.4921875,-9.765625,2.44140625,-21.97265625,-18.06640625
293.49609375,14.6484375,0.48828125,-32.71484375,-14.6484375
293.5,33.203125,-7.8125,-42.96875,-16.6015625
293.50390625,4.39453125,-18.06640625,-37.59765625,-13.671875
293.5078125,-10.7421875,-15.625,-33.203125,-18.5546875
293.51171875,7.8125,-7.8125,-30.2734375,-26.85546875
293.515625,22.4609375,-10.25390625,-33.203125,-17.08984375
293.51953125,23.92578125,-28.3203125,-32.2265625,-18.5546875
293.5234375,15.13671875,-22.4609375,-34.66796875,-23.92578125
293.52734375,12.6953125,-11.23046875,-40.52734375,-19.04296875
293.53125,9.765625,-16.11328125,-51.26953125,-18.06640625
293.53515625,-3.90625,-17.08984375,-61.03515625,-42.48046875
293.5390625,4.39453125,-20.99609375,-41.015625,-31.73828125
293.54296875,-5.859375,-22.4609375,-23.92578125,-34.66796875
293.546875,-2.9296875,-20.5078125,-25.87890625,-52.734375
293.55078125,-0.48828125,-24.90234375,-35.15625,-44.921875
293.5546875,-9.765625,-24.90234375,-44.921875,-20.5078125
293.55859375,7.8125,-15.625,-47.36328125,-30.2734375
293.5625,13.18359375,-11.71875,-41.50390625,-42.96875
293.56640625,31.25,-12.20703125,-38.0859375,-23.4375
293.5703125,32.71484375,-18.06640625,-46.875,-15.13671875
293.57421875,32.2265625,-17.578125,-42.48046875,-10.25390625
293.578125,47.36328125,-14.16015625,-25.87890625,1.46484375
293.58203125,26.85546875,-25.87890625,-10.7421875,8.30078125
293.5859375,33.203125,-28.80859375,-10.7421875,4.8828125
293.58984375,31.73828125,-20.5078125,-12.6953125,-1.953125
293.59375,15.625,-19.04296875,-12.6953125,-5.37109375
293.59765625,23.92578125,-19.04296875,-13.671875,-8.7890625
293.6015625,16.11328125,-20.5078125,-11.71875,-22.4609375
293.60546875,14.16015625,-19.04296875,-10.7421875,-41.50390625
293.609375,18.5546875,-11.23046875,-9.27734375,-39.55078125
293.61328125,5.859375,-3.90625,-11.23046875,-41.9921875
293.6171875,-4.39453125,-1.953125,-27.34375,-61.03515625
293.62109375,-1.46484375,-9.27734375,-35.64453125,-45.41015625
293.625,14.6484375,-8.7890625,-36.1328125,-12.6953125
293.62890625,-11.71875,-14.16015625,-33.69140625,-61.03515625
293.6328125,-42.48046875,-27.34375,-16.11328125,-71.77734375
293.63671875,-54.19921875,-34.66796875,-13.671875,-55.6640625
293.640625,-85.44921875,-39.55078125,-30.76171875,-95.21484375
293.64453125,-93.26171875,-39.55078125,-35.64453125,-105.46875
293.6484375,-116.69921875,-36.62109375,-29.78515625,-139.16015625
293.65234375,-142.578125,-40.0390625,-8.7890625,-180.6640625
293.65625,-142.578125,-43.45703125,7.32421875,-160.15625
293.66015625,-137.6953125,-59.5703125,6.8359375,-137.20703125
293.6640625,-96.19140625,-70.3125,4.39453125,-111.81640625
293.66796875,-123.046875,-60.05859375,3.90625,-122.0703125
293.671875,-123.53515625,-58.10546875,5.859375,-131.34765625
293.67578125,-83.0078125,-66.40625,9.27734375,-99.12109375
293.6796875,-106.4453125,-56.640625,30.76171875,-116.69921875
293.68359375,-91.30859375,-43.9453125,58.59375,-94.23828125
293.6875,-73.2421875,-36.1328125,57.6171875,-72.75390625
293.69140625,-90.8203125,-32.2265625,44.43359375,-103.515625
293.6953125,-63.4765625,-36.1328125,31.73828125,-66.40625
293.69921875,-45.41015625,-44.43359375,19.04296875,-24.90234375
293.703125,-56.640625,-44.921875,4.8828125,-21.484375
293.70703125,-23.92578125,-39.0625,0.48828125,-21.484375
293.7109375,5.37109375,-40.52734375,3.41796875,-24.90234375
293.71484375,-6.8359375,-55.17578125,7.32421875,-4.39453125
293.71875,-0.9765625,-47.8515625,2.44140625,28.3203125
293.72265625,4.8828125,-40.52734375,-7.32421875,12.20703125
293.7265625,-3.41796875,-48.33984375,-4.8828125,-5.859375
293.73046875,-5.859375,-40.52734375,6.34765625,-0.9765625
293.734375,4.39453125,-36.1328125,-0.9765625,6.34765625
293.73828125,32.71484375,-27.83203125,-5.859375,8.30078125
293.7421875,20.99609375,-23.4375,3.90625,-9.27734375
293.74609375,15.625,-21.97265625,0.0,8.30078125
293.75,24.4140625,-20.01953125,-8.30078125,36.1328125
293.75390625,11.23046875,-39.0625,-16.11328125,32.71484375
293.7578125,19.53125,-42.48046875,-35.64453125,7.8125
293.76171875,28.3203125,-32.71484375,-37.109375,-5.37109375
293.765625,23.4375,-29.296875,-16.6015625,12.20703125
293.76953125,27.83203125,-25.87890625,-7.8125,20.01953125
293.7734375,41.015625,-23.4375,-14.16015625,0.9765625
293.77734375,41.015625,-21.484375,-17.08984375,4.39453125
293.78125,25.87890625,-20.5078125,-16.6015625,9.765625
293.78515625,30.76171875,-18.06640625,-46.38671875,21.97265625
293.7890625,51.7578125,-9.765625,-57.12890625,36.62109375
293.79296875,44.43359375,-17.08984375,-33.69140625,26.85546875
293.796875,32.2265625,-31.25,-25.390625,29.78515625
293.80078125,34.66796875,-31.73828125,-30.2734375,28.3203125
293.8046875,43.9453125,-29.296875,-35.64453125,8.30078125
293.80859375,52.734375,-33.69140625,-20.99609375,16.11328125
293.8125,51.7578125,-31.73828125,-20.99609375,14.6484375
293.81640625,42.48046875,-24.90234375,-39.0625,2.44140625
293.8203125,39.55078125,-18.06640625,-28.3203125,9.765625
293.82421875,41.9921875,-23.4375,-16.11328125,26.85546875
293.828125,17.578125,-30.76171875,-25.390625,14.16015625
293.83203125,10.25390625,-26.85546875,-27.34375,-0.9765625
293.8359375,25.87890625,-18.5546875,-31.73828125,7.32421875
293.83984375,44.43359375,-21.484375,-29.296875,35.64453125
293.84375,40.52734375,-30.2734375,-18.5546875,9.765625
293.84765625,41.9921875,-17.08984375,-31.73828125,-8.30078125
293.8515625,54.6875,-5.859375,-41.9921875,10.7421875
293.85546875,42.96875,-14.6484375,-26.3671875,12.6953125
293.859375,22.94921875,-20.5078125,-26.85546875,-9.27734375
293.86328125,22.4609375,-25.87890625,-36.62109375,-12.20703125
293.8671875,25.390625,-29.296875,-38.0859375,10.25390625
293.87109375,24.90234375,-19.04296875,-28.80859375,20.5078125
293.875,19.53125,-9.765625,-31.25,25.87890625
293.87890625,17.578125,-8.30078125,-45.8984375,14.6484375
293.8828125,34.1796875,-19.04296875,-41.50390625,-17.578125
293.88671875,46.875,-21.97265625,-38.57421875,-15.625
293.890625,39.55078125,-17.08984375,-37.109375,-10.25390625
293.89453125,31.73828125,-11.71875,-30.76171875,-26.3671875
293.8984375,30.76171875,-8.30078125,-30.76171875,-11.71875
293.90234375,38.0859375,-9.27734375,-24.90234375,7.8125
293.90625,59.5703125,-15.625,-27.34375,23.92578125
293.91015625,70.80078125,-14.16015625,-30.76171875,35.15625
293.9140625,57.6171875,-10.7421875,-32.2265625,5.37109375
293.91796875,46.38671875,-9.27734375,-33.203125,-9.765625
293.921875,56.640625,-5.37109375,-34.1796875,14.16015625
293.92578125,60.05859375,-10.25390625,-26.85546875,16.6015625
293.9296875,50.78125,-14.6484375,-9.765625,9.765625
293.93359375,61.03515625,-22.4609375,-5.37109375,22.94921875
293.9375,57.12890625,-30.76171875,-15.13671875,17.578125
293.94140625,31.73828125,-22.4609375,-22.94921875,8.7890625
293.9453125,47.8515625,-18.5546875,-24.4140625,27.34375
293.94921875,50.78125,-14.6484375,-29.78515625,8.30078125
293.953125,62.5,-5.859375,-38.57421875,9.27734375
293.95703125,71.2890625,-7.8125,-57.6171875,34.66796875
293.9609375,49.31640625,-15.625,-56.15234375,10.25390625
293.96484375,51.26953125,-19.53125,-26.85546875,-11.71875
293.96875,56.15234375,-11.71875,-22.4609375,8.7890625
293.97265625,58.10546875,-0.48828125,-37.109375,5.37109375
293.9765625,46.38671875,-2.9296875,-28.3203125,-5.37109375
293.98046875,31.25,-10.7421875,-18.06640625,-1.46484375
293.984375,26.3671875,-18.06640625,-25.390625,-9.765625
293.98828125,30.76171875,-19.53125,-33.203125,13.18359375
293.9921875,44.43359375,-10.7421875,-30.76171875,15.625
293.99609375,50.29296875,-4.8828125,-28.80859375,13.18359375
294.0,36.62109375,-7.8125,-42.48046875,9.27734375
294.00390625,24.90234375,-5.37109375,-54.19921875,0.0
294.0078125,26.85546875,-5.859375,-39.0625,5.859375
294.01171875,13.18359375,-15.625,-16.11328125,9.765625
294.015625,8.7890625,-23.4375,-3.41796875,6.8359375
294.01953125,21.484375,-31.25,-10.25390625,-14.16015625
294.0234375,23.92578125,-29.78515625,-25.390625,-2.44140625
294.02734375,20.01953125,-11.71875,-33.203125,21.97265625
294.03125,24.4140625,1.953125,-26.85546875,-9.27734375
294.03515625,10.7421875,-10.7421875,-23.4375,-31.73828125
294.0390625,4.39453125,-29.296875,-21.484375,-3.90625
294.04296875,54.6875,-25.390625,-8.30078125,30.2734375
294.046875,63.4765625,-0.9765625,-23.4375,31.25
294.05078125,0.48828125,10.7421875,-39.0625,8.30078125
294.0546875,-3.41796875,9.765625,-20.5078125,-10.25390625
294.05859375,4.8828125,7.8125,-19.53125,-16.6015625
294.0625,-3.90625,-1.953125,-23.4375,-16.11328125
294.06640625,-6.34765625,-10.7421875,-18.5546875,-13.18359375
294.0703125,12.20703125,-17.08984375,-19.53125,-17.578125
294.07421875,51.26953125,-25.87890625,-19.53125,-4.39453125
294.078125,42.96875,-11.23046875,-12.20703125,-1.46484375
294.08203125,21.484375,2.44140625,-10.25390625,5.37109375
294.0859375,35.15625,-5.859375,-15.13671875,23.92578125
294.08984375,17.578125,-6.34765625,-15.625,-5.859375
294.09375,3.90625,-4.39453125,-10.25390625,-13.18359375
294.09765625,22.94921875,-7.32421875,-3.90625,7.8125
294.1015625,17.578125,-12.20703125,0.0,-4.39453125
294.10546875,6.34765625,-8.7890625,-3.41796875,-2.44140625
294.109375,16.6015625,-7.8125,-8.7890625,17.578125
294.11328125,14.6484375,-14.16015625,-21.97265625,-4.39453125
294.1171875,21.484375,-27.83203125,-24.4140625,-41.015625
294.12109375,25.390625,-12.20703125,-7.8125,-21.484375
294.125,12.20703125,14.6484375,-11.23046875,34.66796875
294.12890625,8.30078125,9.765625,-17.08984375,12.20703125
294.1328125,9.765625,-1.953125,-0.9765625,-41.9921875
294.13671875,12.20703125,-8.7890625,7.32421875,-36.1328125
294.140625,35.64453125,-9.765625,2.9296875,1.953125
294.14453125,38.57421875,-7.8125,-9.27734375,0.9765625
294.1484375,37.109375,-7.8125,-26.3671875,-1.953125
294.15234375,44.43359375,-9.765625,-17.578125,11.23046875
294.15625,30.76171875,-9.765625,-11.71875,-6.34765625
294.16015625,25.87890625,-12.6953125,-8.30078125,-10.7421875
294.1640625,25.390625,-21.484375,-4.39453125,7.8125
294.16796875,33.69140625,-31.25,-10.25390625,-7.8125
294.171875,60.05859375,-41.015625,-11.71875,-1.953125
294.17578125,23.4375,-32.71484375,-20.99609375,6.8359375
294.1796875,-5.37109375,-20.01953125,-42.48046875,-14.6484375
294.18359375,3.41796875,-12.6953125,-40.52734375,-35.64453125
294.1875,6.34765625,-9.765625,-34.66796875,-55.6640625
294.19140625,7.32421875,-7.32421875,-33.69140625,-22.94921875
294.1953125,11.71875,-1.953125,-35.15625,-2.9296875
294.19921875,6.34765625,2.44140625,-43.45703125,-31.25
294.203125,-2.9296875,5.37109375,-53.7109375,-41.015625
294.20703125,3.90625,0.9765625,-64.94140625,-41.9921875
294.2109375,-0.9765625,-6.8359375,-57.6171875,-23.92578125
294.21484375,-2.9296875,-2.44140625,-52.24609375,-38.0859375
294.21875,-17.578125,-1.953125,-55.17578125,-67.87109375
294.22265625,-28.3203125,-5.37109375,-55.17578125,-56.640625
294.2265625,-1.953125,-2.44140625,-61.5234375,-56.640625
294.23046875,10.25390625,0.9765625,-64.453125,-41.015625
294.234375,11.23046875,0.48828125,-53.22265625,-36.62109375
294.23828125,27.34375,4.39453125,-55.6640625,-51.26953125
294.2421875,14.16015625,3.90625,-55.17578125,-55.17578125
294.24609375,-7.32421875,2.44140625,-50.29296875,-59.5703125
294.25,0.0,0.9765625,-56.640625,-43.9453125
294.25390625,13.18359375,-13.18359375,-57.6171875,-32.71484375
294.2578125,12.20703125,-16.6015625,-53.7109375,-48.828125
294.26171875,6.8359375,-9.27734375,-50.78125,-45.41015625
294.265625,14.6484375,-13.18359375,-53.7109375,-36.62109375
294.26953125,16.11328125,-18.06640625,-51.26953125,-38.57421875
294.2734375,6.34765625,-20.99609375,-47.36328125,-10.7421875
294.27734375,-2.44140625,-10.25390625,-40.0390625,-19.04296875
294.28125,2.9296875,2.44140625,-36.1328125,-24.4140625
294.28515625,-7.32421875,10.7421875,-22.4609375,-1.953125
294.2890625,-18.06640625,8.30078125,-26.85546875,0.0
294.29296875,1.953125,-4.39453125,-50.78125,-23.92578125
294.296875,1.46484375,-6.34765625,-38.0859375,-42.48046875
294.30078125,-5.37109375,-4.39453125,-13.671875,-49.31640625
294.3046875,13.671875,-9.27734375,-8.30078125,-19.53125
294.30859375,9.765625,-19.04296875,-20.99609375,9.27734375
294.3125,-18.5546875,-23.92578125,-30.76171875,-29.78515625
294.31640625,-10.25390625,-18.06640625,-17.578125,-22.94921875
294.3203125,-2.9296875,-11.71875,-6.34765625,-1.46484375
294.32421875,16.11328125,-10.7421875,-0.48828125,5.859375
294.328125,26.85546875,-4.39453125,1.46484375,14.6484375
294.33203125,-6.34765625,1.953125,-6.8359375,-18.06640625
294.3359375,-13.18359375,0.0,-9.765625,-19.53125
294.33984375,-1.46484375,-2.9296875,-9.765625,0.48828125
294.34375,4.8828125,-7.8125,-26.85546875,-3.41796875
294.34765625,-12.20703125,-13.671875,-15.625,-31.73828125
294.3515625,-23.4375,-14.6484375,-6.8359375,-31.73828125
294.35546875,-27.83203125,-14.16015625,-16.11328125,-7.8125
294.359375,-29.296875,-12.6953125,-21.97265625,-14.16015625
294.36328125,-24.90234375,-17.08984375,-24.90234375,-25.87890625
294.3671875,-28.3203125,-28.80859375,-29.78515625,-32.2265625
294.37109375,-39.0625,-34.1796875,-38.57421875,-35.15625
294.375,-37.59765625,-31.25,-43.9453125,-34.1796875
294.37890625,-30.76171875,-32.71484375,-48.828125,-34.1796875
294.3828125,-41.9921875,-25.87890625,-44.921875,-41.015625
294.38671875,-57.12890625,-24.4140625,-37.109375,-19.04296875
294.390625,-55.6640625,-36.62109375,-37.59765625,-50.29296875
294.39453125,-51.7578125,-28.3203125,-46.38671875,-80.56640625
294.3984375,-55.17578125,-11.71875,-43.9453125,-65.91796875
294.40234375,-50.29296875,-12.6953125,-49.8046875,-59.5703125
294.40625,-46.875,-22.4609375,-51.26953125,-64.94140625
294.41015625,-48.828125,-33.203125,-35.64453125,-70.3125
294.4140625,-55.6640625,-43.45703125,-27.83203125,-77.1484375
294.41796875,-59.08203125,-39.55078125,-15.13671875,-65.4296875
294.421875,-44.43359375,-23.4375,-15.625,-42.48046875
294.42578125,-49.8046875,-21.97265625,-18.5546875,-58.59375
294.4296875,-75.1953125,-26.3671875,-25.390625,-81.54296875
294.43359375,-94.7265625,-28.80859375,-35.15625,-75.68359375
294.4375,-92.7734375,-34.66796875,-19.04296875,-83.0078125
294.44140625,-87.890625,-31.25,-23.92578125,-100.09765625
294.4453125,-105.95703125,-22.4609375,-40.0390625,-85.44921875
294.44921875,-94.7265625,-22.4609375,-20.5078125,-90.8203125
294.453125,-129.39453125,-30.76171875,1.953125,-130.37109375
294.45703125,-166.015625,-37.109375,2.44140625,-146.97265625
294.4609375,-156.73828125,-40.0390625,-6.34765625,-150.390625
294.46484375,-161.1328125,-47.8515625,-5.859375,-154.78515625
294.46875,-185.05859375,-54.19921875,0.9765625,-177.24609375
294.47265625,-176.7578125,-56.640625,15.625,-147.4609375
294.4765625,-162.59765625,-58.10546875,24.4140625,-134.27734375
294.48046875,-180.6640625,-57.12890625,31.25,-148.4375
294.484375,-174.8046875,-64.94140625,19.04296875,-128.41796875
294.48828125,-154.78515625,-54.6875,11.23046875,-116.69921875
294.4921875,-140.625,-47.8515625,39.55078125,-96.19140625
294.49609375,-132.8125,-68.359375,48.828125,-82.51953125
294.5,-122.0703125,-64.94140625,18.5546875,-92.7734375
294.50390625,-120.1171875,-50.29296875,11.71875,-88.8671875
294.5078125,-114.2578125,-51.7578125,40.52734375,-82.51953125
294.51171875,-101.5625,-54.19921875,58.10546875,-79.1015625
294.515625,-85.9375,-49.8046875,28.3203125,-79.1015625
294.51953125,-65.4296875,-44.921875,9.27734375,-52.734375
294.5234375,-53.22265625,-45.8984375,21.484375,-29.296875
294.52734375,-52.734375,-45.41015625,17.08984375,-24.4140625
294.53125,-38.57421875,-46.38671875,15.625,-27.34375
294.53515625,-12.6953125,-46.38671875,18.5546875,-8.7890625
294.5390625,-13.18359375,-51.26953125,5.859375,16.11328125
294.54296875,-22.94921875,-52.24609375,-4.39453125,0.48828125
294.546875,-31.25,-53.7109375,-15.625,-9.765625
294.55078125,-28.3203125,-64.94140625,-17.578125,3.41796875
294.5546875,-0.48828125,-58.10546875,-8.7890625,11.23046875
294.55859375,4.8828125,-49.8046875,-19.53125,-3.41796875
294.5625,-27.34375,-54.6875,-24.90234375,-33.203125
294.56640625,-40.52734375,-53.7109375,-31.25,-31.73828125
294.5703125,-34.1796875,-41.9921875,-44.43359375,-8.30078125
294.57421875,-18.5546875,-29.78515625,-24.90234375,-3.90625
294.578125,-12.20703125,-34.1796875,-10.25390625,3.90625
294.58203125,-6.8359375,-41.50390625,-12.20703125,0.9765625
294.5859375,-14.16015625,-40.0390625,-11.23046875,-31.25
294.58984375,-22.4609375,-40.52734375,-15.13671875,-1.953125
294.59375,-15.625,-42.48046875,-18.06640625,26.85546875
294.59765625,1.953125,-40.0390625,-20.99609375,27.83203125
294.6015625,14.6484375,-37.109375,-23.4375,34.66796875
294.60546875,12.6953125,-27.83203125,-18.06640625,48.828125
294.609375,1.46484375,-21.484375,-38.57421875,45.41015625
294.61328125,-26.3671875,-36.1328125,-45.41015625,0.48828125
294.6171875,-17.578125,-43.45703125,-21.97265625,-16.11328125
294.62109375,-1.953125,-31.73828125,-16.6015625,-10.7421875
294.625,-13.671875,-40.52734375,-28.80859375,-21.484375
294.62890625,-38.57421875,-47.36328125,-33.203125,-14.16015625
294.6328125,-40.52734375,-45.41015625,-32.71484375,-7.32421875
294.63671875,-37.109375,-44.921875,-38.0859375,12.6953125
294.640625,-5.859375,-30.2734375,-30.2734375,20.99609375
294.64453125,15.625,-15.625,-36.1328125,1.953125
294.6484375,2.44140625,-21.484375,-34.66796875,-15.13671875
294.65234375,-9.27734375,-23.92578125,-10.25390625,-16.11328125
294.65625,-14.16015625,-28.3203125,-10.25390625,-8.30078125
294.66015625,-12.20703125,-29.296875,-20.99609375,-7.8125
294.6640625,-20.99609375,-23.4375,-31.73828125,-20.99609375
294.66796875,-11.71875,-28.80859375,-27.34375,-26.3671875
294.671875,3.41796875,-30.76171875,-20.01953125,-1.46484375
294.67578125,2.44140625,-33.203125,-24.90234375,10.7421875
294.6796875,-6.34765625,-30.76171875,-29.78515625,17.578125
294.68359375,-4.39453125,-15.13671875,-44.921875,17.08984375
294.6875,-17.578125,-14.16015625,-41.015625,-18.06640625
294.69140625,-38.57421875,-22.4609375,-20.99609375,-41.9921875
294.6953125,-46.38671875,-31.25,-23.4375,-38.0859375
294.69921875,-39.0625,-25.390625,-18.06640625,-17.578125
294.703125,-22.4609375,-21.484375,-15.13671875,-24.4140625
294.70703125,-18.5546875,-29.296875,-13.18359375,-9.765625
294.7109375,5.859375,-25.87890625,-17.08984375,20.5078125
294.71484375,16.6015625,-21.97265625,-36.62109375,2.9296875
294.71875,-17.578125,-18.06640625,-39.0625,-14.16015625
294.72265625,-20.5078125,-7.8125,-24.90234375,-13.18359375
294.7265625,-26.85546875,-9.27734375,-24.90234375,-15.625
294.73046875,-37.59765625,-13.671875,-41.50390625,-26.3671875
294.734375,-32.2265625,-17.08984375,-37.59765625,-33.69140625
294.73828125,-25.87890625,-16.11328125,-28.3203125,-19.53125
294.7421875,-28.80859375,-13.18359375,-32.71484375,-21.484375
294.74609375,-27.34375,-22.4609375,-21.97265625,-26.3671875
294.75,-21.97265625,-35.64453125,-18.06640625,-34.1796875
294.75390625,-19.04296875,-41.50390625,-25.390625,-44.921875
294.7578125,-7.32421875,-36.1328125,-26.3671875,-38.0859375
294.76171875,-22.94921875,-35.15625,-20.5078125,-46.38671875
294.765625,-26.85546875,-30.76171875,-26.3671875,-36.62109375
294.76953125,-19.04296875,-31.73828125,-28.80859375,-18.06640625
294.7734375,-39.55078125,-40.0390625,-29.78515625,-32.71484375
294.77734375,-37.59765625,-37.109375,-33.69140625,-36.1328125
294.78125,-48.33984375,-37.59765625,-33.69140625,-28.80859375
294.78515625,-37.109375,-42.48046875,-26.3671875,-38.57421875
294.7890625,-23.4375,-35.64453125,-29.296875,-21.97265625
294.79296875,-24.4140625,-31.25,-46.38671875,-3.41796875
294.796875,-27.83203125,-25.87890625,-37.59765625,-26.85546875
294.80078125,-40.52734375,-20.99609375,-19.53125,-35.64453125
294.8046875,-48.828125,-29.296875,-16.11328125,-19.53125
294.80859375,-39.0625,-21.484375,-14.6484375,0.0
294.8125,-38.57421875,-21.484375,-29.78515625,-38.0859375
294.81640625,-37.109375,-34.66796875,-28.3203125,-61.5234375
294.8203125,-28.80859375,-38.57421875,-9.27734375,-39.0625
294.82421875,-22.94921875,-42.48046875,-18.06640625,-37.59765625
294.828125,-11.23046875,-39.55078125,-27.34375,-31.25
294.83203125,-41.015625,-30.2734375,-17.08984375,-38.0859375
294.8359375,-51.26953125,-29.296875,-10.25390625,-43.9453125
294.83984375,-21.484375,-31.25,-9.27734375,-27.34375
294.84375,-7.8125,-23.92578125,-3.90625,-21.97265625
294.84765625,-8.7890625,-15.13671875,1.46484375,-25.390625
294.8515625,-5.859375,-19.04296875,1.953125,-17.08984375
294.85546875,2.44140625,-20.5078125,-1.953125,-18.5546875
294.859375,3.41796875,-15.13671875,-13.671875,-27.83203125
294.86328125,-5.859375,-20.5078125,-11.71875,-15.13671875
294.8671875,-4.39453125,-25.87890625,-12.6953125,-5.37109375
294.87109375,-14.6484375,-22.4609375,-20.5078125,-18.5546875
294.875,-15.13671875,-33.203125,-11.23046875,-31.73828125
294.87890625,2.9296875,-34.66796875,-11.23046875,-16.11328125
294.8828125,8.30078125,-20.01953125,-6.8359375,-5.37109375
294.88671875,-7.8125,-21.97265625,-1.953125,-14.6484375
294.890625,-15.13671875,-20.01953125,-10.7421875,-37.109375
294.89453125,-3.90625,-16.6015625,-6.8359375,-50.78125
294.8984375,-26.3671875,-22.4609375,-5.37109375,-28.80859375
294.90234375,-42.48046875,-24.4140625,-6.34765625,-13.18359375
294.90625,-13.18359375,-27.83203125,-5.37109375,10.7421875
294.91015625,19.04296875,-21.484375,-19.53125,39.0625
294.9140625,7.32421875,-23.4375,-22.94921875,-14.6484375
294.91796875,-21.484375,-29.78515625,-13.671875,-39.0625
294.921875,-28.80859375,-33.69140625,-18.5546875,-20.99609375
294.92578125,-20.5078125,-36.62109375,-26.85546875,-24.90234375
294.9296875,-21.97265625,-34.1796875,-22.4609375,-28.80859375
294.93359375,-52.24609375,-36.1328125,-22.4609375,-37.109375
294.9375,-41.9921875,-39.55078125,-30.76171875,-36.62109375
294.94140625,-14.16015625,-43.45703125,-32.71484375,-26.85546875
294.9453125,-19.04296875,-43.45703125,-44.43359375,-40.52734375
294.94921875,0.0,-39.55078125,-61.5234375,-28.3203125
294.953125,7.8125,-41.9921875,-28.80859375,-22.94921875
294.95703125,-9.27734375,-36.1328125,0.48828125,-17.578125
294.9609375,-36.62109375,-32.71484375,-6.8359375,-19.04296875
294.96484375,-28.3203125,-33.69140625,-8.7890625,-16.6015625
294.96875,-17.578125,-32.2265625,-10.7421875,12.20703125
294.97265625,-15.625,-36.1328125,-24.4140625,1.46484375
294.9765625,-0.9765625,-31.73828125,-33.69140625,-19.04296875
294.98046875,-19.04296875,-27.34375,-39.55078125,-23.92578125
294.984375,-15.13671875,-32.2265625,-44.43359375,-26.3671875
294.98828125,5.859375,-31.25,-38.0859375,-14.6484375
294.9921875,-0.48828125,-30.2734375,-30.76171875,12.20703125
294.99609375,-23.4375,-22.94921875,-20.01953125,25.87890625
295.0,-9.765625,-21.484375,-23.92578125,-21.484375
295.00390625,-14.16015625,-30.2734375,-41.015625,-36.62109375
295.0078125,-12.20703125,-33.203125,-40.0390625,-17.08984375
295.01171875,7.8125,-24.4140625,-24.4140625,-19.04296875
295.015625,19.53125,-16.6015625,-15.625,-10.7421875
295.01953125,11.71875,-12.6953125,-8.30078125,3.41796875
295.0234375,-6.8359375,-6.34765625,-13.671875,0.9765625
295.02734375,-0.48828125,-6.8359375,-24.4140625,21.97265625
295.03125,-18.5546875,-13.671875,-11.71875,6.34765625
295.03515625,-32.2265625,-13.671875,6.34765625,-32.2265625
295.0390625,-20.01953125,-6.8359375,8.30078125,0.9765625
295.04296875,-13.18359375,-12.20703125,1.953125,18.5546875
295.046875,-10.25390625,-17.578125,-10.25390625,6.34765625
295.05078125,-20.01953125,-18.5546875,-24.90234375,-12.6953125
295.0546875,-7.32421875,-19.04296875,-27.34375,-27.83203125
295.05859375,-1.953125,-20.01953125,-20.5078125,-35.15625
295.0625,-22.94921875,-27.83203125,-20.01953125,-33.69140625
295.06640625,0.9765625,-27.34375,-18.5546875,-23.92578125
295.0703125,9.765625,-19.04296875,-10.7421875,-27.34375
295.07421875,-0.48828125,-17.08984375,-11.23046875,-31.25
295.078125,1.46484375,-8.30078125,-8.30078125,-23.4375
295.08203125,-7.32421875,-8.7890625,-13.18359375,-0.48828125
295.0859375,-10.25390625,-14.16015625,-26.85546875,13.671875
295.08984375,-6.8359375,-21.484375,-17.08984375,12.20703125
295.09375,2.44140625,-26.85546875,2.44140625,-1.953125
295.09765625,29.296875,-3.41796875,-11.71875,-0.48828125
295.1015625,14.16015625,10.25390625,-28.80859375,-8.7890625
295.10546875,-17.08984375,-8.30078125,-13.18359375,-20.5078125
295.109375,-20.99609375,-23.92578125,-14.6484375,-39.0625
295.11328125,-15.13671875,-18.06640625,-28.3203125,-31.25
295.1171875,-12.20703125,-20.01953125,-39.55078125,-11.23046875
295.12109375,-2.9296875,-32.2265625,-34.1796875,-22.4609375
295.125,-5.37109375,-24.90234375,-18.06640625,-15.625
295.12890625,-25.87890625,-18.5546875,-15.625,-3.41796875
295.1328125,-4.8828125,-20.99609375,-17.578125,-21.484375
295.13671875,11.23046875,-18.5546875,-14.16015625,-10.7421875
295.140625,21.97265625,-6.8359375,-11.71875,12.6953125
295.14453125,24.4140625,-2.44140625,-15.625,-7.32421875
295.1484375,13.18359375,-5.37109375,-12.20703125,-34.1796875
295.15234375,18.06640625,3.90625,-8.7890625,-20.99609375
295.15625,11.71875,3.90625,-19.53125,-6.34765625
295.16015625,25.390625,1.46484375,-12.6953125,-1.46484375
295.1640625,20.99609375,4.39453125,-6.8359375,2.44140625
295.16796875,21.97265625,-0.9765625,-38.57421875,17.08984375
295.171875,28.3203125,-3.41796875,-40.52734375,5.859375
295.17578125,8.7890625,-19.04296875,-8.7890625,-11.23046875
295.1796875,3.90625,-35.15625,-4.8828125,-17.578125
295.18359375,-0.48828125,-43.45703125,-16.11328125,5.859375
295.1875,-11.71875,-32.2265625,-35.64453125,39.55078125
295.19140625,-4.39453125,-5.37109375,-56.15234375,-16.6015625
295.1953125,-10.25390625,0.9765625,-42.96875,-25.87890625
295.19921875,-12.20703125,-5.859375,-17.578125,-16.6015625
295.203125,-5.37109375,-12.20703125,-4.39453125,-25.87890625
295.20703125,26.3671875,-10.7421875,-14.6484375,0.9765625
295.2109375,13.671875,-9.765625,-20.99609375,-2.44140625
295.21484375,-43.45703125,-6.8359375,-23.4375,-43.45703125
295.21875,-44.43359375,-4.39453125,-33.69140625,-42.96875
295.22265625,-33.69140625,-20.5078125,-25.390625,-47.8515625
295.2265625,-83.984375,-44.921875,-12.20703125,-53.22265625
295.23046875,-99.12109375,-37.59765625,-23.4375,-44.921875
295.234375,-74.21875,-15.625,-45.41015625,-72.265625
295.23828125,-93.75,-6.8359375,-45.8984375,-111.81640625
295.2421875,-122.55859375,-7.8125,-28.80859375,-123.53515625
295.24609375,-108.3984375,-19.53125,-14.6484375,-131.34765625
295.25,-104.98046875,-31.25,-16.11328125,-133.30078125
295.25390625,-99.609375,-39.0625,-22.4609375,-106.93359375
295.2578125,-116.2109375,-34.66796875,-14.16015625,-111.328125
295.26171875,-143.5546875,-12.6953125,-7.8125,-98.6328125
295.265625,-112.3046875,9.765625,-15.625,-78.125
295.26953125,-86.42578125,4.39453125,-28.3203125,-62.5
295.2734375,-47.8515625,-3.90625,-9.765625,-23.4375
295.27734375,-19.04296875,4.39453125,-4.39453125,-15.625
295.28125,-48.828125,1.46484375,-22.94921875,-39.55078125
295.28515625,-42.48046875,-5.859375,-25.390625,-45.8984375
295.2890625,-36.62109375,-17.08984375,-32.71484375,-15.625
295.29296875,-25.87890625,-35.15625,-25.390625,-42.48046875
295.296875,-33.69140625,-40.0390625,-23.4375,-44.921875
295.30078125,-73.2421875,-22.4609375,-43.9453125,-22.94921875
295.3046875,-61.03515625,-13.18359375,-40.0390625,-36.62109375
295.30859375,-23.92578125,-17.08984375,-52.734375,-81.54296875
295.3125,-25.390625,-26.85546875,-68.84765625,-62.5
295.31640625,-20.5078125,-38.0859375,-38.0859375,-18.06640625
295.3203125,10.25390625,-39.0625,-21.97265625,-58.10546875
295.32421875,-20.5078125,-37.59765625,-31.25,-60.546875
295.328125,-43.9453125,-28.3203125,-32.71484375,-35.64453125
295.33203125,-46.38671875,-24.90234375,-34.1796875,-50.78125
295.3359375,-69.3359375,-34.1796875,-44.43359375,-43.9453125
295.33984375,-66.40625,-31.73828125,-40.0390625,-30.2734375
295.34375,-57.6171875,-26.3671875,-37.109375,-7.32421875
295.34765625,-39.0625,-38.0859375,-48.828125,-8.30078125
295.3515625,-35.15625,-51.7578125,-49.8046875,-54.6875
295.35546875,-72.265625,-50.29296875,-47.36328125,-55.6640625
295.359375,-80.56640625,-34.66796875,-50.78125,-50.29296875
295.36328125,-57.12890625,-34.1796875,-48.33984375,-53.7109375
295.3671875,-41.50390625,-38.0859375,-41.9921875,-48.828125
295.37109375,-44.921875,-26.3671875,-28.3203125,-60.05859375
295.375,-41.50390625,-17.578125,-19.53125,-60.05859375
295.37890625,-43.45703125,-14.6484375,-36.1328125,-48.33984375
295.3828125,-37.59765625,-13.671875,-38.57421875,-29.78515625
295.38671875,-49.8046875,-15.13671875,-16.11328125,-27.83203125
295.390625,-73.73046875,-17.578125,-8.30078125,-22.94921875
295.39453125,-47.8515625,-14.6484375,-10.7421875,-30.2734375
295.3984375,-36.62109375,-18.06640625,-16.11328125,-22.94921875
295.40234375,-19.53125,-26.3671875,-11.23046875,17.08984375
295.40625,4.39453125,-33.203125,-24.4140625,16.6015625
295.41015625,-11.23046875,-35.64453125,-42.96875,-31.25
295.4140625,-42.96875,-29.78515625,-26.85546875,-49.31640625
295.41796875,-40.0390625,-25.390625,-23.92578125,-29.296875
295.421875,-26.85546875,-25.390625,-33.69140625,-16.11328125
295.42578125,-17.08984375,-21.97265625,-30.76171875,-14.6484375
295.4296875,7.8125,-20.5078125,-26.85546875,4.39453125
295.43359375,8.30078125,-17.578125,-19.53125,32.71484375
295.4375,7.8125,-14.6484375,-17.08984375,24.4140625
295.44140625,43.45703125,-22.4609375,-22.4609375,13.671875
295.4453125,53.7109375,-24.90234375,-19.04296875,37.109375
295.44921875,38.57421875,-21.484375,-14.6484375,37.109375
295.453125,41.015625,-22.94921875,-17.578125,44.921875
295.45703125,24.4140625,-22.94921875,-16.6015625,74.70703125
295.4609375,20.99609375,-25.87890625,-20.01953125,54.19921875
295.46484375,47.8515625,-25.87890625,-23.4375,59.5703125
295.46875,69.82421875,-26.85546875,-20.99609375,84.47265625
295.47265625,50.78125,-36.1328125,-11.23046875,70.3125
295.4765625,32.2265625,-28.3203125,-14.16015625,41.50390625
295.48046875,24.90234375,-22.4609375,-23.92578125,16.6015625
295.484375,24.4140625,-20.5078125,-28.80859375,36.62109375
295.48828125,10.25390625,-15.625,-38.0859375,61.03515625
295.4921875,10.7421875,-18.06640625,-23.4375,4.39453125
295.49609375,39.0625,-16.11328125,-11.23046875,-4.39453125
295.5,29.296875,-12.6953125,-0.48828125,41.9921875
295.50390625,11.71875,-14.6484375,4.39453125,32.71484375
295.5078125,25.390625,-15.13671875,-0.48828125,15.13671875
295.51171875,0.0,-12.20703125,12.6953125,36.62109375
295.515625,3.41796875,-12.6953125,11.71875,44.921875
295.51953125,36.62109375,-12.20703125,0.9765625,1.46484375
295.5234375,20.99609375,-9.765625,2.44140625,13.671875
295.52734375,16.6015625,-6.34765625,0.0,43.9453125
295.53125,6.34765625,-4.39453125,8.30078125,34.1796875
295.53515625,-13.671875,-10.25390625,5.859375,20.99609375
295.5390625,-15.13671875,-20.99609375,-6.34765625,-4.39453125
295.54296875,-22.4609375,-18.06640625,11.23046875,-4.8828125
295.546875,-18.06640625,-20.5078125,11.23046875,20.99609375
295.55078125,-23.4375,-27.34375,-11.23046875,24.90234375
295.5546875,-41.9921875,-26.3671875,-25.390625,-20.5078125
295.55859375,-38.0859375,-24.4140625,-36.62109375,-12.20703125
295.5625,-38.57421875,-21.97265625,-19.04296875,4.39453125
295.56640625,-18.5546875,-20.99609375,8.30078125,12.6953125
295.5703125,4.8828125,-25.87890625,-11.23046875,27.34375
295.57421875,-18.5546875,-20.99609375,-18.5546875,0.9765625
295.578125,-16.6015625,-14.6484375,-2.44140625,3.90625
295.58203125,-22.94921875,-12.20703125,1.46484375,-11.71875
295.5859375,-32.2265625,-8.7890625,-7.8125,-26.85546875
295.58984375,-24.90234375,-13.18359375,-7.8125,-16.6015625
295.59375,-44.43359375,-24.90234375,1.46484375,3.90625
295.59765625,-35.64453125,-19.53125,0.48828125,13.18359375
295.6015625,-21.97265625,-0.48828125,-5.859375,-18.5546875
295.60546875,-10.7421875,2.44140625,-18.06640625,-2.44140625
295.609375,-13.18359375,-8.7890625,-19.53125,3.41796875
295.61328125,-16.11328125,-11.23046875,9.765625,-12.6953125
295.6171875,-30.76171875,-16.6015625,21.484375,-6.8359375
295.62109375,-37.59765625,-21.484375,13.18359375,12.20703125
295.625,0.0,-22.4609375,16.11328125,-13.671875
295.62890625,-0.9765625,-19.04296875,5.37109375,-54.6875
295.6328125,-30.76171875,-11.71875,-31.73828125,-42.96875
295.63671875,-43.45703125,-5.859375,-39.0625,-32.2265625
295.640625,-52.24609375,-11.71875,-26.3671875,-18.5546875
295.64453125,-55.6640625,-12.6953125,-33.69140625,-18.06640625
295.6484375,-38.0859375,-2.9296875,-42.48046875,-2.44140625
295.65234375,-45.8984375,-5.37109375,-25.390625,-20.5078125
295.65625,-51.26953125,-16.11328125,-8.7890625,-51.26953125
295.66015625,-40.52734375,-24.90234375,-6.34765625,-21.484375
295.6640625,-53.22265625,-25.87890625,-22.94921875,-27.34375
295.66796875,-51.7578125,-27.83203125,-58.10546875,-50.78125
295.671875,-47.36328125,-30.76171875,-48.33984375,-28.3203125
295.67578125,-49.8046875,-29.78515625,-26.85546875,-26.3671875
295.6796875,-40.0390625,-30.76171875,-25.390625,-53.22265625
295.68359375,-50.29296875,-30.76171875,-27.83203125,-78.125
295.6875,-64.453125,-26.85546875,-28.80859375,-49.31640625
295.69140625,-44.43359375,-26.85546875,-25.87890625,-22.4609375
295.6953125,-36.62109375,-23.92578125,-27.83203125,-43.45703125
295.69921875,-41.9921875,-25.87890625,-37.109375,-70.80078125
295.703125,-33.203125,-27.83203125,-33.203125,-30.76171875
295.70703125,-26.3671875,-21.484375,-25.390625,-8.30078125
295.7109375,-20.01953125,-17.578125,-29.78515625,-25.87890625
295.71484375,-13.18359375,-17.08984375,-33.69140625,-24.90234375
295.71875,-18.06640625,-17.08984375,-43.45703125,-21.97265625
295.72265625,-23.4375,-27.34375,-34.66796875,-12.6953125
295.7265625,-29.78515625,-38.0859375,-18.06640625,-23.4375
295.73046875,-20.99609375,-20.01953125,-23.92578125,-52.734375
295.734375,-41.9921875,-6.8359375,-36.1328125,-18.5546875
295.73828125,-52.734375,-19.04296875,-24.4140625,-11.23046875
295.7421875,-48.33984375,-20.99609375,-14.16015625,-30.76171875
295.74609375,-43.45703125,-11.23046875,-7.8125,-17.578125
295.75,-28.3203125,-13.671875,-4.39453125,-1.46484375
295.75390625,-8.7890625,-16.11328125,-12.20703125,-9.765625
295.7578125,-20.99609375,-15.13671875,-19.53125,-6.34765625
295.76171875,-36.1328125,-20.5078125,-24.4140625,-5.859375
295.765625,-31.73828125,-22.4609375,-28.80859375,-27.34375
295.76953125,-38.0859375,-25.87890625,-36.1328125,-34.1796875
295.7734375,-30.2734375,-27.34375,-41.015625,-33.203125
295.77734375,5.859375,-23.4375,-35.15625,-30.76171875
295.78125,3.90625,-25.390625,-30.76171875,-41.9921875
295.78515625,0.0,-18.06640625,-24.90234375,-39.0625
295.7890625,21.97265625,-11.23046875,-29.78515625,-20.99609375
295.79296875,33.203125,-11.23046875,-34.66796875,6.8359375
295.796875,-5.37109375,-11.23046875,-25.87890625,9.765625
295.80078125,-51.26953125,-14.16015625,-19.53125,-26.85546875
295.8046875,-31.73828125,-8.7890625,-31.25,-39.55078125
295.80859375,-18.06640625,-4.39453125,-37.59765625,-20.99609375
295.8125,-33.69140625,-18.06640625,-31.25,-31.73828125
295.81640625,-39.55078125,-30.2734375,-32.2265625,-51.26953125
295.8203125,-43.45703125,-31.25,-28.3203125,-30.2734375
295.82421875,-47.8515625,-36.62109375,-24.4140625,-8.7890625
295.828125,-17.578125,-41.9921875,-29.78515625,18.06640625
295.83203125,-34.1796875,-41.015625,-32.2265625,7.8125
295.8359375,-45.41015625,-33.203125,-39.55078125,-9.765625
295.83984375,-16.6015625,-23.92578125,-38.57421875,7.8125
295.84375,-22.94921875,-21.484375,-32.2265625,-9.27734375
295.84765625,-28.80859375,-25.87890625,-19.53125,-17.578125
295.8515625,-32.71484375,-25.390625,-11.71875,-17.578125
295.85546875,-44.921875,-26.3671875,-13.18359375,-25.87890625
295.859375,-13.18359375,-24.90234375,-16.11328125,-31.25
295.86328125,-5.37109375,-26.85546875,-24.4140625,-26.3671875
295.8671875,-28.80859375,-33.69140625,-25.390625,-18.5546875
295.87109375,-20.01953125,-24.4140625,-23.4375,-11.71875
295.875,-10.7421875,-18.06640625,-24.90234375,-12.6953125
295.87890625,-22.4609375,-20.01953125,-23.4375,-19.04296875
295.8828125,-24.4140625,-19.04296875,-23.92578125,-5.37109375
295.88671875,-8.30078125,-10.25390625,-22.4609375,-8.7890625
295.890625,8.7890625,-14.16015625,-20.99609375,-9.765625
295.89453125,-7.8125,-28.3203125,-33.69140625,4.39453125
295.8984375,-20.01953125,-30.76171875,-33.69140625,-22.94921875
295.90234375,-36.1328125,-29.296875,-21.97265625,-37.109375
295.90625,-47.8515625,-39.55078125,-22.94921875,-19.53125
295.91015625,-27.34375,-45.41015625,-32.71484375,5.859375
295.9140625,-25.390625,-35.64453125,-47.8515625,4.39453125
295.91796875,-34.1796875,-30.76171875,-49.31640625,11.71875
295.921875,-27.34375,-23.92578125,-35.64453125,9.27734375
295.92578125,-28.80859375,-15.625,-18.06640625,-5.859375
295.9296875,-47.8515625,-11.71875,-18.06640625,-27.34375
295.93359375,-17.08984375,-2.9296875,-24.90234375,-31.25
295.9375,5.37109375,-6.34765625,-11.71875,-22.94921875
295.94140625,-6.8359375,-17.578125,-3.41796875,-18.06640625
295.9453125,-9.765625,-26.85546875,-10.25390625,-20.01953125
295.94921875,-8.30078125,-30.76171875,-13.18359375,-36.62109375
295.953125,0.0,-26.85546875,-17.08984375,-35.15625
295.95703125,15.13671875,-23.4375,-19.53125,-35.64453125
295.9609375,29.78515625,-22.4609375,-20.99609375,-47.36328125
295.96484375,15.625,-24.90234375,-15.625,-19.53125
295.96875,-19.04296875,-33.203125,-13.671875,-2.44140625
295.97265625,-6.34765625,-29.78515625,-17.578125,-20.99609375
295.9765625,10.7421875,-22.4609375,-11.71875,-31.73828125
295.98046875,1.953125,-20.99609375,-18.06640625,-20.01953125
295.984375,-20.99609375,-20.01953125,-29.78515625,-6.34765625
295.98828125,-44.43359375,-20.99609375,-27.34375,-12.6953125
295.9921875,-33.69140625,-16.6015625,-33.203125,-41.9921875
295.99609375,-17.578125,-10.25390625,-23.92578125,-30.2734375
296.0,-9.27734375,-10.25390625,-7.8125,-2.44140625
296.00390625,-19.04296875,-14.6484375,-4.8828125,-4.8828125
296.0078125,-12.6953125,-15.625,-4.8828125,-24.90234375
296.01171875,8.7890625,-18.5546875,-13.18359375,-44.43359375
296.015625,16.6015625,-21.97265625,-23.92578125,-32.71484375
296.01953125,-6.8359375,-17.08984375,-13.671875,-20.5078125
296.0234375,-0.48828125,-15.625,-11.23046875,-51.26953125
296.02734375,23.92578125,-17.08984375,-20.99609375,-73.73046875
296.03125,9.27734375,-24.4140625,-11.71875,-49.8046875
296.03515625,-10.25390625,-21.484375,0.48828125,-28.80859375
296.0390625,1.46484375,-12.6953125,-2.9296875,-34.1796875
296.04296875,12.20703125,-9.765625,-11.71875,-54.6875
296.046875,7.8125,-6.8359375,-19.04296875,-73.2421875
296.05078125,3.41796875,-9.27734375,-18.06640625,-47.36328125
296.0546875,-6.8359375,-28.3203125,-36.1328125,-29.78515625
296.05859375,-15.625,-41.9921875,-49.31640625,-96.6796875
296.0625,-39.55078125,-49.8046875,-62.5,-90.33203125
296.06640625,-70.3125,-51.7578125,-72.265625,-40.0390625
296.0703125,-51.7578125,-56.15234375,-59.08203125,-93.26171875
296.07421875,-40.0390625,-59.08203125,-42.96875,-109.86328125
296.078125,-66.40625,-57.6171875,-48.828125,-65.91796875
296.08203125,-76.171875,-50.78125,-60.05859375,-88.37890625
296.0859375,-64.94140625,-47.36328125,-58.59375,-107.421875
296.08984375,-48.33984375,-47.8515625,-45.41015625,-75.68359375
296.09375,-49.31640625,-45.8984375,-39.55078125,-71.2890625
296.09765625,-52.24609375,-45.8984375,-43.9453125,-50.78125
296.1015625,-49.31640625,-55.6640625,-67.3828125,-60.546875
296.10546875,-65.4296875,-59.08203125,-73.2421875,-98.14453125
296.109375,-80.078125,-61.5234375,-55.6640625,-69.3359375
296.11328125,-81.54296875,-62.01171875,-50.29296875,-48.828125
296.1171875,-75.1953125,-62.01171875,-43.9453125,-60.05859375
296.12109375,-62.01171875,-61.5234375,-41.50390625,-90.8203125
296.125,-47.36328125,-54.19921875,-48.828125,-85.44921875
296.12890625,-30.2734375,-48.33984375,-58.59375,-55.17578125
296.1328125,-38.0859375,-54.6875,-45.41015625,-31.25
296.13671875,-57.6171875,-69.3359375,-38.57421875,-57.12890625
296.140625,-67.87109375,-57.12890625,-43.45703125,-80.56640625
296.14453125,-65.91796875,-39.55078125,-42.96875,-96.6796875
296.1484375,-73.2421875,-40.0390625,-48.828125,-99.609375
296.15234375,-88.8671875,-42.48046875,-46.875,-74.21875
296.15625,-76.171875,-34.1796875,-49.31640625,-64.453125
296.16015625,-46.38671875,-32.2265625,-50.29296875,-56.15234375
296.1640625,-42.96875,-31.25,-42.48046875,-58.59375
296.16796875,-56.640625,-31.25,-38.57421875,-41.50390625
296.171875,-60.05859375,-37.59765625,-41.015625,-35.64453125
296.17578125,-48.828125,-32.2265625,-44.43359375,-60.546875
296.1796875,-29.296875,-29.296875,-55.17578125,-59.08203125
296.18359375,-26.85546875,-22.94921875,-56.15234375,-52.734375
296.1875,-29.78515625,-16.6015625,-45.8984375,-69.3359375
296.19140625,-28.3203125,-18.5546875,-36.1328125,-60.546875
296.1953125,-29.296875,-20.5078125,-26.3671875,-28.80859375
296.19921875,-36.62109375,-20.5078125,-22.4609375,-22.94921875
296.203125,-41.50390625,-21.484375,-20.5078125,-35.15625
296.20703125,-58.59375,-26.3671875,-32.2265625,-41.015625
296.2109375,-58.59375,-24.90234375,-41.9921875,-35.15625
296.21484375,-42.96875,-22.4609375,-37.59765625,-30.76171875
296.21875,-37.59765625,-23.4375,-32.2265625,-32.71484375
296.22265625,-38.57421875,-21.484375,-33.203125,-24.90234375
296.2265625,-33.203125,-16.11328125,-34.66796875,-17.578125
296.23046875,-45.8984375,-19.53125,-35.64453125,-25.87890625
296.234375,-53.22265625,-30.2734375,-38.0859375,-37.109375
296.23828125,-39.0625,-32.71484375,-32.2265625,-27.83203125
296.2421875,-19.53125,-21.484375,-29.78515625,-35.15625
296.24609375,-12.20703125,-14.16015625,-56.15234375,-35.15625
296.25,-41.50390625,-12.6953125,-60.05859375,-21.484375
296.25390625,-55.17578125,-16.11328125,-29.296875,-15.625
296.2578125,-41.50390625,-22.94921875,-10.7421875,-5.859375
296.26171875,-26.85546875,-22.4609375,-13.18359375,-13.18359375
296.265625,-36.62109375,-25.390625,-20.99609375,-43.45703125
296.26953125,-47.8515625,-29.296875,-23.92578125,-38.0859375
296.2734375,-39.55078125,-30.2734375,-33.69140625,-14.6484375
296.27734375,-21.97265625,-27.34375,-29.78515625,-11.23046875
296.28125,-29.296875,-23.92578125,-17.08984375,-23.92578125
296.28515625,-39.0625,-22.4609375,-27.34375,-36.62109375
296.2890625,-17.08984375,-26.3671875,-28.80859375,-41.9921875
296.29296875,-39.0625,-25.87890625,-20.99609375,-43.45703125
296.296875,-45.8984375,-18.06640625,-27.34375,7.8125
296.30078125,-44.921875,-22.94921875,-28.3203125,1.953125
296.3046875,-78.125,-28.3203125,-17.08984375,-50.29296875
296.30859375,-63.96484375,-35.64453125,-7.8125,-40.52734375
296.3125,-47.8515625,-35.64453125,-10.25390625,-16.6015625
296.31640625,-40.52734375,-30.2734375,-13.671875,-7.8125
296.3203125,-34.1796875,-27.34375,-16.6015625,-2.44140625
296.32421875,-27.34375,-22.94921875,-15.625,-49.31640625
296.328125,-8.7890625,-25.390625,-22.4609375,-36.1328125
296.33203125,-10.25390625,-25.390625,-34.1796875,15.625
296.3359375,-3.41796875,-15.625,-24.4140625,4.39453125
296.33984375,-3.41796875,-12.6953125,-22.4609375,-16.11328125
296.34375,-18.5546875,-26.3671875,-21.484375,-1.953125
296.34765625,-25.390625,-33.69140625,-23.4375,-26.85546875
296.3515625,-17.578125,-21.484375,-45.41015625,-47.36328125
296.35546875,2.9296875,-23.92578125,-50.29296875,9.27734375
296.359375,-29.78515625,-32.2265625,-23.92578125,24.4140625
296.36328125,-41.50390625,-21.97265625,-6.34765625,-17.578125
296.3671875,-34.1796875,-19.53125,-8.7890625,-24.4140625
296.37109375,-23.4375,-20.99609375,-14.6484375,-22.94921875
296.375,-6.8359375,-16.11328125,-22.4609375,-6.8359375
296.37890625,-22.4609375,-17.578125,-23.92578125,3.41796875
296.3828125,-29.296875,-22.4609375,-14.6484375,-7.32421875
296.38671875,-48.33984375,-23.4375,-10.25390625,-16.11328125
296.390625,-42.48046875,-20.5078125,2.9296875,-32.71484375
296.39453125,-4.8828125,-15.13671875,-5.37109375,13.671875
296.3984375,-1.46484375,-4.8828125,-37.59765625,24.4140625
296.40234375,-34.1796875,-4.39453125,-20.5078125,-17.578125
296.40625,-63.4765625,-10.7421875,-4.39453125,-60.546875
296.41015625,-11.23046875,-3.41796875,-3.90625,-36.1328125
296.4140625,-25.87890625,-2.9296875,-16.11328125,-43.45703125
296.41796875,-49.31640625,-2.44140625,-26.85546875,-67.87109375
296.421875,-51.7578125,-0.48828125,-28.80859375,-75.68359375
296.42578125,-72.265625,-7.32421875,-33.203125,-96.19140625
296.4296875,-59.5703125,-10.7421875,-35.64453125,-61.03515625
296.43359375,-66.89453125,-10.25390625,-52.24609375,-105.46875
296.4375,-49.31640625,-5.37109375,-49.8046875,-101.07421875
296.44140625,-33.69140625,2.9296875,-54.19921875,-69.82421875
296.4453125,-37.109375,-1.953125,-62.5,-65.4296875
296.44921875,-33.69140625,-6.8359375,-36.1328125,-45.41015625
296.453125,-19.04296875,-14.6484375,-29.296875,-68.84765625
296.45703125,-17.578125,-20.5078125,-42.48046875,-69.82421875
296.4609375,-44.921875,-24.4140625,-42.96875,-85.9375
296.46484375,-27.83203125,-25.390625,-42.48046875,-70.80078125
296.46875,-7.8125,-17.578125,-44.43359375,-62.01171875
296.47265625,-25.390625,-14.16015625,-39.0625,-49.31640625
296.4765625,-33.69140625,-21.484375,-17.578125,-2.9296875
296.48046875,-28.80859375,-20.01953125,-22.94921875,-31.73828125
296.484375,-19.04296875,-14.6484375,-30.76171875,-54.6875
296.48828125,-27.83203125,-14.16015625,-14.6484375,-31.25
296.4921875,-23.4375,-10.7421875,-4.8828125,-47.36328125
296.49609375,-15.13671875,-12.20703125,-0.9765625,-39.55078125
296.5,-21.97265625,-17.08984375,-2.44140625,-35.64453125
296.50390625,-21.97265625,-24.90234375,-5.859375,-50.29296875
296.5078125,-55.6640625,-39.55078125,-6.8359375,-51.26953125
296.51171875,-78.125,-42.48046875,-6.34765625,-55.17578125
296.515625,-40.0390625,-26.85546875,3.90625,-40.52734375
296.51953125,-2.9296875,-20.01953125,-3.41796875,-37.109375
296.5234375,-2.44140625,-25.87890625,-16.6015625,-61.03515625
296.52734375,-5.37109375,-29.296875,-18.06640625,-46.875
296.53125,-14.16015625,-24.90234375,-6.8359375,-15.625
296.53515625,-16.11328125,-19.53125,3.41796875,-35.64453125
296.5390625,0.0,-14.6484375,9.765625,-48.828125
296.54296875,1.953125,-14.16015625,10.25390625,-27.83203125
296.546875,-34.66796875,-11.71875,-0.9765625,-22.4609375
296.55078125,-32.71484375,-6.8359375,-6.34765625,-33.69140625
296.5546875,-21.97265625,-8.7890625,-8.30078125,-35.64453125
296.55859375,-31.25,-6.34765625,-3.90625,-31.25
296.5625,-0.9765625,-8.30078125,-13.18359375,-24.4140625
296.56640625,-17.08984375,-19.53125,-27.34375,-15.13671875
296.5703125,-29.296875,-20.99609375,-20.99609375,-22.4609375
296.57421875,-17.08984375,-21.484375,-15.13671875,-32.2265625
296.578125,-32.71484375,-21.484375,-14.16015625,-47.36328125
296.58203125,-41.50390625,-22.94921875,-3.41796875,-51.26953125
296.5859375,-36.1328125,-26.3671875,4.39453125,-33.203125
296.58984375,-23.92578125,-14.6484375,-2.44140625,-17.578125
296.59375,-6.8359375,-10.25390625,-1.953125,-35.15625
296.59765625,-15.13671875,-8.30078125,1.46484375,-35.64453125
296.6015625,-33.203125,-13.671875,-11.23046875,-52.734375
296.60546875,-31.25,-24.90234375,-7.32421875,-52.24609375
296.609375,-32.71484375,-28.80859375,-6.34765625,-24.4140625
296.61328125,-13.671875,-20.01953125,-21.97265625,-28.3203125
296.6171875,9.765625,-20.5078125,-25.390625,-14.6484375
296.62109375,-3.41796875,-24.4140625,-6.8359375,8.7890625
296.625,-27.34375,-28.3203125,-7.32421875,-7.8125
296.62890625,-31.73828125,-25.390625,-8.7890625,-19.53125
296.6328125,-31.73828125,-13.671875,0.0,-32.71484375
296.63671875,-40.52734375,-12.20703125,-0.9765625,-53.7109375
296.640625,-43.45703125,-5.859375,1.46484375,-23.4375
296.64453125,-43.45703125,-5.859375,4.8828125,-23.4375
296.6484375,-48.828125,-6.34765625,1.46484375,-41.9921875
296.65234375,-49.8046875,-14.6484375,-3.41796875,-16.6015625
296.65625,-47.8515625,-29.296875,-7.32421875,-13.671875
296.66015625,-43.45703125,-22.94921875,-21.484375,-33.203125
296.6640625,-44.43359375,-19.04296875,-32.2265625,-39.55078125
296.66796875,-44.921875,-22.4609375,-16.6015625,-3.90625
296.671875,-47.8515625,-28.80859375,-2.9296875,2.44140625
296.67578125,-53.7109375,-31.25,1.46484375,-28.80859375
296.6796875,-43.9453125,-30.2734375,3.41796875,-30.76171875
296.68359375,-23.92578125,-41.9921875,-1.953125,-34.66796875
296.6875,-35.15625,-41.50390625,-16.11328125,-22.4609375
296.69140625,-25.390625,-18.5546875,-16.6015625,-7.32421875
296.6953125,-28.3203125,-5.37109375,-19.04296875,-18.5546875
296.69921875,-66.40625,-13.18359375,-24.90234375,-20.99609375
296.703125,-72.75390625,-18.06640625,-32.71484375,-28.3203125
296.70703125,-42.48046875,-5.859375,-43.45703125,-20.01953125
296.7109375,-41.015625,0.48828125,-29.78515625,10.7421875
296.71484375,-58.10546875,-11.71875,-14.6484375,17.578125
296.71875,-40.52734375,-15.625,-28.3203125,-14.6484375
296.72265625,-40.52734375,-11.23046875,-45.8984375,-40.52734375
296.7265625,-50.29296875,-3.90625,-40.52734375,-41.50390625
296.73046875,-49.31640625,-10.25390625,-22.94921875,-30.76171875
296.734375,-67.87109375,-20.99609375,-13.18359375,-3.90625
296.73828125,-55.6640625,-16.6015625,-21.484375,-8.30078125
296.7421875,-38.57421875,-17.08984375,-16.11328125,-9.765625
296.74609375,-52.734375,-21.484375,-10.25390625,-18.06640625
296.75,-81.0546875,-20.01953125,-11.23046875,-22.94921875
296.75390625,-95.703125,-24.90234375,-26.85546875,-17.08984375
296.7578125,-87.40234375,-25.87890625,-34.1796875,-30.2734375
296.76171875,-72.75390625,-19.04296875,-16.6015625,-22.4609375
296.765625,-62.01171875,-12.20703125,-13.18359375,3.41796875
296.76953125,-45.41015625,-7.32421875,-17.08984375,-9.765625
296.7734375,-41.50390625,-12.6953125,-12.20703125,-28.3203125
296.77734375,-53.7109375,-13.671875,-15.13671875,4.39453125
296.78125,-49.31640625,-6.34765625,-33.203125,1.46484375
296.78515625,-38.0859375,-10.7421875,-33.203125,-13.18359375
296.7890625,-37.59765625,-17.578125,-5.37109375,6.34765625
296.79296875,-45.8984375,-28.80859375,2.44140625,-37.59765625
296.796875,-37.59765625,-23.92578125,-4.39453125,-42.96875
296.80078125,-32.71484375,0.48828125,-11.23046875,-17.578125
296.8046875,-44.921875,2.9296875,-19.53125,-9.765625
296.80859375,-51.7578125,-5.37109375,-15.13671875,-1.46484375
296.8125,-47.8515625,-9.27734375,-2.9296875,-15.13671875
296.81640625,-41.9921875,-11.23046875,-5.37109375,-14.16015625
296.8203125,-47.36328125,-8.7890625,-24.4140625,-26.3671875
296.82421875,-49.8046875,-3.90625,-6.8359375,-9.27734375
296.828125,-48.33984375,-4.39453125,10.25390625,-0.9765625
296.83203125,-58.10546875,-15.625,2.44140625,-1.46484375
296.8359375,-45.8984375,-20.99609375,9.27734375,-5.37109375
296.83984375,-41.50390625,-11.71875,8.7890625,-30.76171875
296.84375,-54.19921875,-19.53125,-2.9296875,-23.4375
296.84765625,-60.546875,-23.4375,-7.32421875,-13.671875
296.8515625,-71.2890625,-17.578125,-8.7890625,-17.08984375
296.85546875,-65.4296875,-20.01953125,-14.6484375,-12.20703125
296.859375,-44.921875,-23.92578125,-20.99609375,-14.16015625
296.86328125,-54.19921875,-26.3671875,-27.34375,-23.4375
296.8671875,-78.61328125,-31.25,-28.80859375,-35.64453125
296.87109375,-77.63671875,-34.1796875,-28.80859375,-18.5546875
296.875,-75.1953125,-31.73828125,-26.85546875,-13.18359375
296.87890625,-69.82421875,-30.76171875,-20.99609375,-32.71484375
296.8828125,-57.12890625,-23.92578125,-21.97265625,-33.203125
296.88671875,-60.05859375,-10.7421875,-21.97265625,-32.71484375
296.890625,-69.3359375,-15.13671875,-29.296875,-48.828125
296.89453125,-64.94140625,-15.13671875,-41.015625,-40.0390625
296.8984375,-79.58984375,-11.23046875,-18.5546875,-5.859375
296.90234375,-78.61328125,-12.20703125,11.23046875,-12.6953125
296.90625,-66.40625,-12.20703125,16.11328125,-37.59765625
296.91015625,-62.01171875,-16.11328125,0.0,-40.52734375
296.9140625,-62.01171875,-19.04296875,-19.53125,-37.59765625
296.91796875,-46.38671875,-12.6953125,-21.97265625,-0.9765625
296.921875,-46.875,-13.18359375,-27.83203125,-12.6953125
296.92578125,-71.2890625,-18.06640625,-34.1796875,-35.64453125
296.9296875,-78.125,-20.5078125,-36.1328125,-39.55078125
296.93359375,-91.30859375,-23.4375,-33.203125,-43.45703125
296.9375,-93.75,-24.90234375,-29.296875,-29.296875
296.94140625,-86.9140625,-30.2734375,-37.109375,-10.7421875
296.9453125,-83.984375,-29.296875,-39.0625,-11.71875
296.94921875,-92.7734375,-29.78515625,-33.203125,-52.734375
296.953125,-85.9375,-27.34375,-47.36328125,-66.89453125
296.95703125,-78.61328125,-16.11328125,-48.33984375,-46.875
296.9609375,-79.1015625,-5.37109375,-12.6953125,-32.71484375
296.96484375,-73.73046875,-6.8359375,6.34765625,-30.76171875
296.96875,-71.77734375,-23.92578125,-0.48828125,-47.36328125
296.97265625,-71.77734375,-24.4140625,-0.9765625,-41.50390625
296.9765625,-97.65625,-11.71875,-9.27734375,-31.73828125
296.98046875,-115.234375,-6.8359375,-12.20703125,-45.41015625
296.984375,-115.234375,-10.25390625,-16.6015625,-47.8515625
296.98828125,-94.23828125,-12.6953125,-24.4140625,-57.12890625
296.9921875,-85.9375,-15.625,-29.296875,-49.31640625
296.99609375,-101.07421875,-11.23046875,-34.66796875,-19.53125
297.0,-95.703125,-13.671875,-20.5078125,-22.94921875
297.00390625,-97.16796875,-31.73828125,-1.953125,-27.34375
297.0078125,-99.609375,-36.62109375,2.44140625,-33.69140625
297.01171875,-102.5390625,-28.80859375,0.48828125,-49.8046875
297.015625,-101.07421875,-27.83203125,0.9765625,-34.66796875
297.01953125,-99.12109375,-29.78515625,2.9296875,-20.5078125
297.0234375,-88.37890625,-23.4375,-2.9296875,-45.41015625
297.02734375,-80.078125,-17.578125,-6.8359375,-45.8984375
297.03125,-110.83984375,-17.578125,-18.06640625,-45.41015625
297.03515625,-120.1171875,-16.11328125,-22.94921875,-45.8984375
297.0390625,-101.07421875,-17.578125,-17.08984375,-45.41015625
297.04296875,-99.12109375,-25.390625,-11.23046875,-58.10546875
297.046875,-106.4453125,-37.109375,-6.8359375,-50.78125
297.05078125,-85.44921875,-33.69140625,-4.8828125,-24.90234375
297.0546875,-74.70703125,-25.390625,-17.578125,-18.5546875
297.05859375,-96.6796875,-27.34375,-28.80859375,-26.85546875
297.0625,-95.703125,-28.80859375,-21.484375,-36.1328125
297.06640625,-101.07421875,-30.2734375,-26.85546875,-39.0625
297.0703125,-93.26171875,-36.62109375,-32.71484375,-37.109375
297.07421875,-85.9375,-33.69140625,-18.06640625,-22.4609375
297.078125,-109.375,-26.85546875,-10.25390625,-28.3203125
297.08203125,-115.234375,-25.87890625,-24.90234375,-48.33984375
297.0859375,-122.0703125,-27.34375,-37.59765625,-42.48046875
297.08984375,-149.4140625,-27.34375,-30.76171875,-59.08203125
297.09375,-135.7421875,-19.04296875,-29.296875,-65.4296875
297.09765625,-112.3046875,-15.625,-30.2734375,-48.33984375
297.1015625,-109.86328125,-29.78515625,-27.34375,-55.17578125
297.10546875,-100.5859375,-29.78515625,-20.99609375,-34.66796875
297.109375,-95.703125,-20.99609375,-16.11328125,-20.01953125
297.11328125,-111.81640625,-19.53125,-12.6953125,-51.7578125
297.1171875,-120.1171875,-20.01953125,-13.671875,-53.7109375
297.12109375,-119.140625,-14.16015625,-26.85546875,-31.73828125
297.125,-102.5390625,-14.16015625,-40.52734375,-34.1796875
297.12890625,-79.1015625,-30.2734375,-28.80859375,-54.6875
297.1328125,-94.7265625,-29.78515625,-28.80859375,-43.45703125
297.13671875,-110.3515625,-14.6484375,-50.78125,-31.25
297.140625,-105.95703125,-11.23046875,-34.66796875,-38.57421875
297.14453125,-108.3984375,-9.27734375,-13.18359375,-15.625
297.1484375,-108.88671875,-4.39453125,-6.8359375,-33.203125
297.15234375,-104.98046875,-0.48828125,-11.71875,-37.109375
297.15625,-94.23828125,-5.859375,-37.109375,-30.76171875
297.16015625,-104.98046875,-11.23046875,-52.24609375,-53.7109375
297.1640625,-118.1640625,-11.23046875,-27.83203125,-40.52734375
297.16796875,-104.4921875,-10.7421875,2.9296875,-16.11328125
297.171875,-100.5859375,-10.7421875,2.9296875,-21.97265625
297.17578125,-103.515625,-16.11328125,-18.06640625,-18.5546875
297.1796875,-110.83984375,-26.85546875,-42.96875,-24.90234375
297.18359375,-133.30078125,-35.64453125,-48.33984375,-48.33984375
297.1875,-141.6015625,-34.66796875,-35.15625,-64.94140625
297.19140625,-132.8125,-28.80859375,-23.4375,-54.19921875
297.1953125,-121.58203125,-21.97265625,-14.16015625,-34.66796875
297.19921875,-115.72265625,-16.11328125,-16.11328125,-28.80859375
297.203125,-88.8671875,-20.5078125,-20.99609375,-0.9765625
297.20703125,-95.21484375,-28.80859375,-32.71484375,9.27734375
297.2109375,-102.5390625,-30.76171875,-39.55078125,-12.6953125
297.21484375,-96.19140625,-29.296875,-28.80859375,-36.62109375
297.21875,-117.1875,-28.3203125,-21.97265625,-44.43359375
297.22265625,-122.0703125,-24.4140625,-22.4609375,-51.26953125
297.2265625,-96.19140625,-21.484375,-24.90234375,-37.59765625
297.23046875,-81.54296875,-19.04296875,-38.0859375,-33.203125
297.234375,-95.21484375,-24.90234375,-50.29296875,-41.015625
297.23828125,-107.91015625,-30.2734375,-41.9921875,-39.55078125
297.2421875,-118.1640625,-25.390625,-34.66796875,-40.0390625
297.24609375,-125.9765625,-27.34375,-34.66796875,-36.62109375
297.25,-116.69921875,-23.92578125,-39.0625,-21.97265625
297.25390625,-124.51171875,-21.97265625,-46.38671875,-25.87890625
297.2578125,-137.6953125,-35.15625,-63.4765625,-36.1328125
297.26171875,-127.44140625,-35.64453125,-46.38671875,-40.0390625
297.265625,-126.953125,-31.25,-29.78515625,-38.57421875
297.26953125,-132.8125,-31.25,-39.0625,-57.12890625
297.2734375,-147.94921875,-38.0859375,-32.71484375,-63.96484375
297.27734375,-131.34765625,-50.78125,-35.15625,-56.640625
297.28125,-123.53515625,-36.1328125,-31.73828125,-59.5703125
297.28515625,-125.48828125,-20.99609375,-42.48046875,-36.62109375
297.2890625,-120.60546875,-34.66796875,-66.89453125,-15.13671875
297.29296875,-143.06640625,-43.9453125,-61.03515625,-49.31640625
297.296875,-159.66796875,-30.76171875,-48.33984375,-62.98828125
297.30078125,-143.06640625,-23.92578125,-39.55078125,-56.15234375
297.3046875,-132.32421875,-35.15625,-37.109375,-47.8515625
297.30859375,-124.51171875,-32.71484375,-37.109375,-57.12890625
297.3125,-120.1171875,-27.34375,-41.9921875,-48.33984375
297.31640625,-99.12109375,-27.34375,-44.43359375,-29.78515625
297.3203125,-101.5625,-21.97265625,-43.45703125,-15.625
297.32421875,-117.1875,-28.3203125,-54.19921875,10.7421875
297.328125,-109.375,-32.71484375,-50.29296875,-12.6953125
297.33203125,-127.9296875,-26.85546875,-42.48046875,-34.1796875
297.3359375,-141.11328125,-21.97265625,-40.52734375,-17.578125
297.33984375,-142.578125,-18.06640625,-34.1796875,-45.41015625
297.34375,-137.6953125,-18.5546875,-32.2265625,-53.22265625
297.34765625,-113.28125,-20.5078125,-33.203125,-48.828125
297.3515625,-121.58203125,-21.97265625,-36.62109375,-81.54296875
297.35546875,-140.625,-18.5546875,-60.05859375,-37.109375
297.359375,-128.90625,-6.8359375,-72.265625,-30.2734375
297.36328125,-101.5625,-13.18359375,-43.45703125,-55.6640625
297.3671875,-113.28125,-23.4375,-16.11328125,-72.75390625
297.37109375,-138.671875,-15.625,-16.6015625,-76.171875
297.375,-134.27734375,-13.18359375,-25.87890625,-60.546875
297.37890625,-119.140625,-11.71875,-25.390625,-59.5703125
297.3828125,-109.86328125,-6.8359375,-21.484375,-54.6875
297.38671875,-110.3515625,-3.90625,-13.671875,-44.921875
297.390625,-104.00390625,-1.46484375,-8.30078125,-41.9921875
297.39453125,-96.19140625,-2.9296875,0.0,-30.76171875
297.3984375,-87.40234375,-3.41796875,-3.90625,-13.18359375
297.40234375,-94.7265625,-0.9765625,-11.71875,-7.8125
297.40625,-82.51953125,10.25390625,6.8359375,-0.48828125
297.41015625,-40.0390625,30.2734375,29.296875,10.25390625
297.4140625,-34.1796875,34.66796875,34.1796875,5.859375
297.41796875,-56.15234375,34.1796875,24.90234375,24.4140625
297.421875,-55.6640625,34.1796875,9.27734375,40.52734375
297.42578125,-47.8515625,34.66796875,22.94921875,29.78515625
297.4296875,-54.19921875,24.90234375,38.57421875,20.01953125
297.43359375,-66.89453125,17.578125,36.1328125,16.6015625
297.4375,-73.73046875,28.3203125,35.15625,2.44140625
297.44140625,-59.08203125,33.69140625,27.83203125,-21.484375
297.4453125,-45.41015625,26.3671875,23.4375,-19.04296875
297.44921875,-32.71484375,30.2734375,30.2734375,-2.9296875
297.453125,-34.66796875,28.80859375,25.390625,9.765625
297.45703125,-51.26953125,19.04296875,10.25390625,6.34765625
297.4609375,-76.171875,18.5546875,12.20703125,2.9296875
297.46484375,-78.125,17.578125,2.9296875,-8.30078125
297.46875,-68.84765625,6.34765625,2.9296875,-21.97265625
297.47265625,-72.265625,10.25390625,24.4140625,-21.484375
297.4765625,-75.68359375,21.484375,22.4609375,-12.20703125
297.48046875,-93.26171875,22.4609375,19.04296875,-23.92578125
297.484375,-109.375,23.92578125,25.390625,-55.6640625
297.48828125,-113.28125,20.5078125,22.94921875,-52.24609375
297.4921875,-107.421875,16.6015625,18.06640625,-46.38671875
297.49609375,-117.67578125,19.04296875,9.765625,-64.94140625
297.5,-123.046875,17.08984375,-1.46484375,-79.1015625
297.50390625,-124.0234375,10.7421875,-2.44140625,-69.82421875
297.5078125,-136.23046875,13.671875,8.30078125,-94.23828125
297.51171875,-133.30078125,13.18359375,7.32421875,-99.609375
297.515625,-123.53515625,4.8828125,4.39453125,-71.2890625
297.51953125,-140.625,-5.37109375,4.39453125,-86.9140625
297.5234375,-143.06640625,-16.11328125,-3.90625,-106.93359375
297.52734375,-143.06640625,-18.06640625,-5.859375,-91.30859375
297.53125,-123.53515625,-8.7890625,-7.32421875,-102.5390625
297.53515625,-136.23046875,-12.20703125,-18.5546875,-102.5390625
297.5390625,-179.19921875,-24.4140625,-29.296875,-104.98046875
297.54296875,-178.22265625,-21.484375,-26.3671875,-108.88671875
297.546875,-149.90234375,-14.16015625,-12.6953125,-89.35546875
297.55078125,-135.7421875,-12.20703125,-10.7421875,-72.265625
297.5546875,-132.32421875,-4.39453125,-15.13671875,-74.70703125
297.55859375,-121.58203125,-3.41796875,-13.18359375,-87.890625
297.5625,-113.76953125,-9.27734375,-15.625,-85.9375
297.56640625,-99.609375,-5.859375,-12.6953125,-67.87109375
297.5703125,-114.74609375,1.46484375,3.41796875,-51.7578125
297.57421875,-97.16796875,-2.44140625,12.20703125,-42.48046875
297.578125,-87.890625,0.9765625,-1.953125,-40.0390625
297.58203125,-94.23828125,16.11328125,-21.97265625,-44.921875
297.5859375,-110.83984375,3.90625,-17.578125,-47.36328125
297.58984375,-124.0234375,-14.16015625,-9.765625,-34.1796875
297.59375,-115.72265625,-12.20703125,-12.6953125,-41.015625
297.59765625,-121.09375,-9.27734375,-22.94921875,-55.17578125
297.6015625,-128.41796875,-17.08984375,-28.80859375,-56.15234375
297.60546875,-119.62890625,-17.578125,-20.01953125,-21.97265625
297.609375,-107.91015625,-17.578125,-19.04296875,-3.41796875
297.61328125,-90.8203125,-19.04296875,-29.296875,-19.04296875
297.6171875,-83.0078125,-20.99609375,-39.0625,8.7890625
297.62109375,-71.77734375,-21.97265625,-37.59765625,1.953125
297.625,-55.17578125,-16.11328125,-26.85546875,-27.83203125
297.62890625,-52.734375,-14.6484375,-19.53125,-35.64453125
297.6328125,-18.06640625,-16.6015625,-28.80859375,14.6484375
297.63671875,9.27734375,-20.01953125,-38.0859375,37.109375
297.640625,-5.37109375,-17.08984375,-22.94921875,1.953125
297.64453125,3.90625,-14.16015625,-18.06640625,14.6484375
297.6484375,31.73828125,-20.5078125,-31.25,26.3671875
297.65234375,33.69140625,-18.5546875,-39.55078125,7.8125
297.65625,18.5546875,-4.8828125,-31.25,11.71875
297.66015625,11.23046875,4.39453125,-25.87890625,13.18359375
297.6640625,11.71875,-5.37109375,-26.3671875,-2.44140625
297.66796875,2.44140625,-15.13671875,-16.6015625,19.04296875
297.671875,-0.48828125,-14.6484375,-17.08984375,27.83203125
297.67578125,-0.48828125,-13.671875,-22.4609375,12.6953125
297.6796875,23.4375,-13.671875,-15.13671875,20.01953125
297.68359375,18.5546875,-15.13671875,-25.390625,28.3203125
297.6875,-11.23046875,-22.4609375,-30.2734375,-1.953125
297.69140625,-3.90625,-28.3203125,-20.5078125,2.9296875
297.6953125,-17.08984375,-29.78515625,-25.390625,12.6953125
297.69921875,-22.4609375,-26.3671875,-24.90234375,-8.30078125
297.703125,-21.484375,-29.78515625,-27.83203125,-5.37109375
297.70703125,-11.71875,-31.25,-30.76171875,-17.578125
297.7109375,16.11328125,-24.90234375,-28.3203125,-52.734375
297.71484375,15.13671875,-25.87890625,-31.25,-82.51953125
297.71875,-10.7421875,-29.296875,-28.3203125,-91.30859375
297.72265625,-7.8125,-33.69140625,-29.296875,-96.6796875
297.7265625,20.5078125,-33.69140625,-44.43359375,-75.1953125
297.73046875,12.20703125,-26.85546875,-55.6640625,-77.63671875
297.734375,-18.5546875,-24.4140625,-39.0625,-92.28515625
297.73828125,-45.8984375,-26.3671875,-32.2265625,-109.375
297.7421875,-58.10546875,-31.73828125,-34.66796875,-93.26171875
297.74609375,-34.1796875,-21.484375,-28.3203125,-116.69921875
297.75,-15.13671875,-13.671875,-19.53125,-166.50390625
297.75390625,-33.69140625,-24.4140625,-13.18359375,-141.11328125
297.7578125,-45.41015625,-38.57421875,-31.25,-125.9765625
297.76171875,-70.80078125,-47.8515625,-40.0390625,-116.69921875
297.765625,-113.76953125,-56.15234375,-52.734375,-127.44140625
297.76953125,-123.046875,-65.4296875,-102.05078125,-169.43359375
297.7734375,-110.83984375,-70.80078125,-127.9296875,-182.12890625
297.77734375,-84.47265625,-68.84765625,-101.07421875,-191.89453125
297.78125,-55.6640625,-62.5,-89.35546875,-160.64453125
297.78515625,-66.40625,-81.0546875,-79.1015625,-114.74609375
297.7890625,-81.54296875,-90.8203125,-53.7109375,-125.0
297.79296875,-80.078125,-77.1484375,-43.9453125,-131.8359375
297.796875,-31.73828125,-55.17578125,-51.7578125,-85.9375
297.80078125,-32.71484375,-47.36328125,-59.08203125,-81.0546875
297.8046875,-49.8046875,-55.17578125,-41.015625,-94.7265625
297.80859375,-30.2734375,-62.98828125,-21.484375,-82.51953125
297.8125,-10.7421875,-66.89453125,-16.6015625,-58.59375
297.81640625,-5.37109375,-61.5234375,-20.01953125,-53.7109375
297.8203125,-13.18359375,-58.59375,-19.04296875,-56.15234375
297.82421875,-5.37109375,-48.828125,-22.94921875,-48.828125
297.828125,20.99609375,-38.57421875,-27.34375,-59.5703125
297.83203125,18.5546875,-38.57421875,-26.85546875,-47.8515625
297.8359375,16.11328125,-38.57421875,-23.4375,-13.18359375
297.83984375,41.9921875,-22.94921875,-32.2265625,-1.46484375
297.84375,40.52734375,-16.11328125,-36.1328125,-18.06640625
297.84765625,48.828125,-29.296875,-12.20703125,-1.953125
297.8515625,82.03125,-26.3671875,-13.18359375,25.390625
297.85546875,71.2890625,-23.4375,-28.3203125,-11.71875
297.859375,73.73046875,-28.80859375,-30.2734375,-33.69140625
297.86328125,73.2421875,-26.85546875,-32.71484375,-20.5078125
297.8671875,67.87109375,-35.64453125,-8.30078125,-31.25
297.87109375,58.10546875,-38.57421875,8.7890625,4.39453125
297.875,37.59765625,-33.203125,-5.37109375,27.83203125
297.87890625,41.50390625,-36.62109375,-23.92578125,19.53125
297.8828125,45.8984375,-40.0390625,-28.3203125,0.9765625
297.88671875,50.29296875,-32.2265625,-12.6953125,3.90625
297.890625,49.31640625,-27.83203125,-7.8125,15.13671875
297.89453125,50.29296875,-21.484375,-25.390625,-8.30078125
297.8984375,71.77734375,-24.4140625,-21.97265625,6.34765625
297.90234375,89.84375,-24.4140625,-13.18359375,19.53125
297.90625,70.3125,-19.53125,-16.6015625,20.99609375
297.91015625,81.0546875,-17.578125,-12.20703125,20.01953125
297.9140625,109.86328125,-16.6015625,-12.20703125,3.90625
297.91796875,104.00390625,-15.13671875,-5.37109375,-13.18359375
297.921875,90.33203125,-11.71875,-1.46484375,-4.8828125
297.92578125,83.984375,-10.25390625,-15.13671875,17.08984375
297.9296875,76.171875,-2.9296875,-21.97265625,15.13671875
297.93359375,78.125,-2.9296875,-24.4140625,21.97265625
297.9375,83.49609375,-12.6953125,-10.7421875,2.9296875
297.94140625,67.3828125,-18.5546875,-1.953125,-18.06640625
297.9453125,57.12890625,-25.390625,0.48828125,5.859375
297.94921875,66.89453125,-18.06640625,4.8828125,25.87890625
297.953125,75.68359375,-8.7890625,3.41796875,35.15625
297.95703125,79.1015625,-10.25390625,2.9296875,2.9296875
297.9609375,67.87109375,-7.8125,-20.99609375,2.44140625
297.96484375,31.73828125,-13.18359375,-17.08984375,-18.06640625
297.96875,33.203125,-18.06640625,-7.8125,-24.90234375
297.97265625,46.38671875,-15.13671875,-20.99609375,-5.37109375
297.9765625,30.2734375,-11.71875,-38.57421875,7.8125
297.98046875,36.1328125,-11.23046875,-55.17578125,5.37109375
297.984375,25.390625,-20.01953125,-39.0625,1.46484375
297.98828125,14.6484375,-35.64453125,-20.5078125,15.625
297.9921875,35.15625,-37.59765625,-26.3671875,46.875
297.99609375,38.0859375,-26.85546875,-46.38671875,-0.48828125
298.0,27.34375,-18.5546875,-29.296875,-27.34375
298.00390625,13.671875,-9.27734375,-1.46484375,-9.27734375
298.0078125,-2.44140625,-9.27734375,4.8828125,-16.11328125
298.01171875,7.32421875,-19.53125,-1.953125,31.25
298.015625,20.5078125,-21.484375,-18.06640625,-2.44140625
298.01953125,26.3671875,-20.5078125,-26.3671875,-49.8046875
298.0234375,35.15625,-19.53125,-34.1796875,-0.48828125
298.02734375,10.7421875,-21.484375,-30.76171875,0.0
298.03125,-5.859375,-26.85546875,-20.01953125,-5.37109375
298.03515625,2.44140625,-23.4375,-25.390625,0.0
298.0390625,-15.625,-14.6484375,-26.3671875,5.37109375
298.04296875,-1.46484375,-7.8125,-25.87890625,12.6953125
298.046875,0.0,-10.7421875,-37.59765625,-19.04296875
298.05078125,-22.4609375,-26.3671875,-37.109375,-30.2734375
298.0546875,-10.7421875,-28.80859375,-26.3671875,-28.80859375
298.05859375,12.20703125,-19.04296875,-13.18359375,4.8828125
298.0625,23.4375,-15.13671875,-17.578125,13.18359375
298.06640625,28.80859375,-13.18359375,-39.0625,-41.50390625
298.0703125,29.296875,-5.37109375,-51.7578125,-44.921875
298.07421875,26.85546875,-6.34765625,-28.80859375,-3.90625
298.078125,20.5078125,-19.04296875,-2.44140625,35.15625
298.08203125,2.9296875,-17.08984375,-12.20703125,2.9296875
298.0859375,-2.9296875,-3.41796875,-3.90625,-29.296875
298.08984375,-11.23046875,-8.7890625,14.6484375,-18.5546875
298.09375,-7.32421875,-13.671875,-3.90625,-13.671875
298.09765625,5.37109375,-11.23046875,-31.73828125,12.20703125
298.1015625,-0.48828125,-15.625,-18.06640625,7.32421875
298.10546875,-11.23046875,-19.04296875,-6.8359375,-12.6953125
298.109375,10.25390625,-14.16015625,-4.8828125,8.7890625
298.11328125,28.80859375,-17.08984375,-4.8828125,3.41796875
298.1171875,28.80859375,-18.5546875,-12.6953125,-25.390625
298.12109375,27.83203125,-15.13671875,-8.30078125,12.6953125
298.125,24.90234375,-10.7421875,-0.48828125,10.25390625
298.12890625,24.4140625,-6.34765625,16.6015625,-13.671875
298.1328125,11.71875,-13.18359375,9.765625,-0.9765625
298.13671875,18.5546875,-25.390625,-8.7890625,16.11328125
298.140625,18.5546875,-26.3671875,-22.4609375,14.16015625
298.14453125,-10.7421875,-22.94921875,-15.625,-13.18359375
298.1484375,-24.90234375,-23.92578125,1.953125,-3.41796875
298.15234375,-27.34375,-20.01953125,2.9296875,6.34765625
298.15625,-24.90234375,-16.6015625,5.37109375,-26.3671875
298.16015625,6.8359375,-18.06640625,-4.39453125,36.62109375
298.1640625,-16.6015625,-34.1796875,-7.8125,39.55078125
298.16796875,-23.92578125,-37.59765625,4.8828125,-22.4609375
298.171875,-9.27734375,-27.83203125,6.34765625,-8.30078125
298.17578125,-30.2734375,-36.62109375,-7.8125,23.4375
298.1796875,-21.97265625,-32.2265625,-20.99609375,19.04296875
298.18359375,-5.859375,-19.04296875,-13.18359375,-31.25
298.1875,-21.484375,-13.18359375,-15.625,-20.99609375
298.19140625,-14.6484375,-19.53125,-18.06640625,-4.8828125
298.1953125,23.4375,-25.390625,-47.8515625,-12.6953125
298.19921875,25.87890625,-23.92578125,-54.6875,-5.37109375
298.203125,26.3671875,-20.01953125,-4.39453125,-3.41796875
298.20703125,12.6953125,-14.6484375,8.7890625,9.27734375
298.2109375,-7.32421875,-15.625,-12.20703125,-5.859375
298.21484375,-20.99609375,-20.5078125,-15.13671875,-14.16015625
298.21875,-12.6953125,-16.11328125,-8.30078125,-12.20703125
298.22265625,1.46484375,-9.27734375,-4.8828125,-24.4140625
298.2265625,21.97265625,-1.953125,-11.23046875,3.90625
298.23046875,24.4140625,6.8359375,-19.04296875,-14.16015625
298.234375,2.9296875,2.9296875,-18.06640625,-30.2734375
298.23828125,1.953125,0.48828125,-11.71875,3.90625
298.2421875,42.48046875,-5.37109375,-23.92578125,31.73828125
298.24609375,45.41015625,-9.765625,-38.0859375,20.01953125
298.25,20.5078125,0.9765625,-37.109375,15.13671875
298.25390625,25.87890625,1.46484375,-24.4140625,24.90234375
298.2578125,27.83203125,-6.34765625,-13.671875,-11.23046875
298.26171875,13.671875,-27.83203125,-14.16015625,-30.76171875
298.265625,3.90625,-25.87890625,-30.2734375,-23.4375
298.26953125,21.97265625,-3.41796875,-41.50390625,-18.06640625
298.2734375,41.50390625,5.37109375,-29.78515625,1.953125
298.27734375,14.6484375,1.953125,-30.76171875,1.953125
298.28125,-4.39453125,-2.44140625,-16.11328125,-32.71484375
298.28515625,-0.9765625,4.8828125,-9.765625,-9.27734375
298.2890625,16.6015625,8.30078125,-6.34765625,46.875
298.29296875,30.76171875,4.8828125,2.9296875,30.2734375
298.296875,58.59375,31.25,17.08984375,8.30078125
298.30078125,104.00390625,48.33984375,24.90234375,67.3828125
298.3046875,90.8203125,40.0390625,23.4375,95.703125
298.30859375,54.19921875,41.9921875,35.15625,76.66015625
298.3125,61.5234375,46.38671875,39.55078125,29.296875
298.31640625,77.1484375,43.9453125,22.94921875,29.296875
298.3203125,56.640625,46.875,-5.37109375,63.96484375
298.32421875,43.45703125,39.55078125,3.90625,68.359375
298.328125,57.6171875,24.4140625,27.34375,53.7109375
298.33203125,44.43359375,10.25390625,23.4375,55.17578125
298.3359375,22.4609375,7.8125,14.6484375,41.9921875
298.33984375,23.92578125,11.23046875,11.71875,23.92578125
298.34375,37.59765625,-0.9765625,7.8125,35.15625
298.34765625,41.015625,-0.9765625,-7.8125,11.23046875
298.3515625,32.71484375,1.953125,-22.94921875,-21.484375
298.35546875,31.73828125,-1.953125,-3.41796875,15.13671875
298.359375,38.0859375,5.859375,-6.8359375,54.19921875
298.36328125,36.1328125,7.8125,-16.6015625,33.69140625
298.3671875,42.96875,1.46484375,-11.71875,29.78515625
298.37109375,51.26953125,-0.48828125,-7.32421875,27.83203125
298.375,38.57421875,-1.46484375,-0.9765625,22.4609375
298.37890625,25.87890625,-10.7421875,-19.04296875,29.78515625
298.3828125,35.64453125,-7.32421875,-19.53125,38.57421875
298.38671875,24.4140625,6.8359375,-17.578125,15.625
298.390625,3.90625,8.7890625,-12.20703125,-13.671875
298.39453125,9.27734375,-5.37109375,3.90625,-9.765625
298.3984375,6.34765625,-15.625,3.41796875,24.4140625
298.40234375,8.30078125,-18.06640625,-8.7890625,43.9453125
298.40625,18.06640625,-19.53125,-21.484375,-16.6015625
298.41015625,5.37109375,-13.671875,-22.4609375,-30.2734375
298.4140625,-28.3203125,-11.23046875,-20.5078125,1.953125
298.41796875,-28.80859375,-14.16015625,-32.71484375,3.90625
298.421875,-1.46484375,-15.625,-37.59765625,19.04296875
298.42578125,5.37109375,-9.765625,-24.90234375,24.4140625
298.4296875,-17.08984375,-8.7890625,-2.44140625,-20.5078125
298.43359375,-26.85546875,-6.34765625,2.44140625,-19.04296875
298.4375,-8.7890625,-6.8359375,12.6953125,4.8828125
298.44140625,3.41796875,-2.44140625,13.671875,-14.6484375
298.4453125,13.18359375,-1.953125,5.37109375,-19.04296875
298.44921875,5.37109375,-2.9296875,2.44140625,11.71875
298.453125,-13.18359375,-4.39453125,-5.859375,-14.6484375
298.45703125,-11.23046875,-9.765625,-6.8359375,-14.6484375
298.4609375,-5.37109375,-14.16015625,-4.8828125,14.16015625
298.46484375,-35.15625,-21.97265625,-17.578125,-15.625
298.46875,-41.50390625,-20.99609375,-25.87890625,-30.2734375
298.47265625,-29.78515625,-18.5546875,-22.94921875,-35.64453125
298.4765625,-51.7578125,-20.5078125,-48.33984375,-62.98828125
298.48046875,-85.9375,-28.80859375,-55.17578125,-88.37890625
298.484375,-117.67578125,-41.50390625,-26.85546875,-115.72265625
298.48828125,-134.765625,-44.43359375,-10.7421875,-170.41015625
298.4921875,-129.8828125,-41.9921875,-4.8828125,-154.78515625
298.49609375,-120.1171875,-33.69140625,-6.34765625,-99.12109375
298.5,-116.69921875,-28.80859375,-39.55078125,-125.0
298.50390625,-135.25390625,-30.2734375,-49.31640625,-179.19921875
298.5078125,-135.7421875,-23.4375,-32.2265625,-190.91796875
298.51171875,-129.39453125,-26.3671875,-34.1796875,-181.640625
298.515625,-145.99609375,-39.55078125,-16.11328125,-163.0859375
298.51953125,-131.34765625,-30.76171875,-11.23046875,-170.41015625
298.5234375,-123.046875,-24.4140625,-31.73828125,-142.578125
298.52734375,-122.0703125,-24.90234375,-34.66796875,-100.5859375
298.53125,-124.51171875,-24.4140625,-20.01953125,-118.65234375
298.53515625,-143.06640625,-27.83203125,-20.5078125,-121.58203125
298.5390625,-120.60546875,-24.4140625,-18.06640625,-66.89453125
298.54296875,-71.77734375,-17.578125,9.27734375,-41.50390625
298.546875,-63.96484375,-8.30078125,7.32421875,-57.12890625
298.55078125,-54.6875,-12.6953125,-9.765625,-36.1328125
298.5546875,-31.25,-20.5078125,-9.27734375,1.953125
298.55859375,-26.85546875,-10.25390625,-2.9296875,13.18359375
298.5625,-16.6015625,-1.953125,3.41796875,-14.16015625
298.56640625,5.859375,-6.34765625,0.0,-7.32421875
298.5703125,9.27734375,-7.32421875,-1.953125,39.0625
298.57421875,31.73828125,-1.46484375,0.48828125,55.6640625
298.578125,67.3828125,-6.8359375,-1.46484375,57.12890625
298.58203125,43.45703125,-15.625,-11.23046875,67.3828125
298.5859375,24.90234375,-14.16015625,16.6015625,43.45703125
298.58984375,27.34375,-13.18359375,41.9921875,9.27734375
298.59375,30.76171875,-12.6953125,33.69140625,24.4140625
298.59765625,38.0859375,-3.41796875,8.7890625,42.48046875
298.6015625,53.7109375,6.34765625,-12.6953125,55.6640625
298.60546875,64.94140625,-6.8359375,-13.671875,70.80078125
298.609375,62.98828125,-13.671875,-2.9296875,66.89453125
298.61328125,63.4765625,-1.953125,3.41796875,68.359375
298.6171875,41.50390625,0.48828125,-0.9765625,46.38671875
298.62109375,31.73828125,-3.90625,-6.8359375,20.99609375
298.625,58.10546875,4.8828125,-6.8359375,62.01171875
298.62890625,60.546875,20.01953125,-27.83203125,87.40234375
298.6328125,44.43359375,13.18359375,-18.06640625,42.48046875
298.63671875,47.36328125,0.9765625,30.76171875,29.296875
298.640625,35.15625,-6.34765625,45.41015625,32.2265625
298.64453125,41.015625,-5.859375,41.9921875,45.41015625
298.6484375,68.359375,-1.953125,16.6015625,66.40625
298.65234375,77.63671875,2.9296875,-21.484375,85.44921875
298.65625,58.59375,9.765625,0.0,89.35546875
298.66015625,-0.48828125,1.953125,34.1796875,30.2734375
298.6640625,24.4140625,-10.25390625,19.04296875,10.25390625
298.66796875,90.33203125,-9.765625,4.8828125,80.078125
298.671875,67.87109375,0.48828125,5.859375,99.609375
298.67578125,46.875,6.34765625,-2.9296875,37.109375
298.6796875,61.03515625,5.37109375,-5.859375,20.99609375
298.68359375,52.734375,0.48828125,8.30078125,23.92578125
298.6875,31.25,-5.859375,1.953125,1.46484375
298.69140625,49.8046875,0.0,-4.39453125,-5.37109375
298.6953125,78.61328125,-2.44140625,-2.9296875,26.85546875
298.69921875,86.9140625,-5.37109375,-20.01953125,46.875
298.703125,75.68359375,5.37109375,-21.484375,76.171875
298.70703125,53.7109375,0.0,-9.27734375,61.03515625
298.7109375,53.22265625,-4.39453125,-17.578125,14.16015625
298.71484375,64.94140625,0.9765625,-20.01953125,-2.9296875
298.71875,68.359375,-5.37109375,-19.04296875,44.43359375
298.72265625,64.453125,-7.32421875,-25.390625,72.265625
298.7265625,70.80078125,2.44140625,-24.4140625,52.734375
298.73046875,74.70703125,4.8828125,-15.625,51.7578125
298.734375,69.82421875,0.48828125,-22.4609375,34.1796875
298.73828125,53.7109375,-12.6953125,-34.1796875,7.8125
298.7421875,41.50390625,-20.5078125,-33.69140625,12.20703125
298.74609375,43.9453125,-14.16015625,-48.33984375,23.4375
298.75,31.25,-11.23046875,-67.87109375,46.38671875
298.75390625,18.06640625,-15.625,-47.8515625,42.96875
298.7578125,40.0390625,-19.04296875,-24.90234375,5.37109375
298.76171875,41.015625,-10.25390625,-22.94921875,0.0
298.765625,12.20703125,-4.8828125,-22.94921875,-14.16015625
298.76953125,3.41796875,-11.23046875,-12.6953125,-15.13671875
298.7734375,0.9765625,-12.20703125,-22.4609375,-18.06640625
298.77734375,-26.85546875,-19.53125,-33.69140625,-41.50390625
298.78125,-41.50390625,-20.99609375,-17.578125,-15.625
298.78515625,-42.96875,-11.71875,-8.7890625,-25.87890625
298.7890625,-50.29296875,-13.671875,-8.30078125,-83.49609375
298.79296875,-61.5234375,-22.4609375,-38.0859375,-71.77734375
298.796875,-58.10546875,-31.73828125,-42.96875,-47.8515625
298.80078125,-60.05859375,-24.4140625,-18.06640625,-78.61328125
298.8046875,-54.19921875,-17.578125,-15.625,-100.5859375
298.80859375,-82.03125,-22.94921875,-15.625,-49.8046875
298.8125,-95.21484375,-26.85546875,-16.6015625,-48.828125
298.81640625,-67.3828125,-39.0625,-33.203125,-85.44921875
298.8203125,-59.5703125,-36.62109375,-45.8984375,-78.61328125
298.82421875,-55.6640625,-25.87890625,-75.1953125,-100.09765625
298.828125,-40.52734375,-21.97265625,-91.796875,-93.75
298.83203125,-36.62109375,-20.01953125,-51.26953125,-66.89453125
298.8359375,-33.203125,-26.85546875,-14.16015625,-56.640625
298.83984375,-27.83203125,-31.73828125,-21.97265625,-39.0625
298.84375,-42.96875,-38.57421875,-32.71484375,-37.59765625
298.84765625,-34.1796875,-28.80859375,-25.87890625,-18.5546875
298.8515625,-22.94921875,-15.625,-35.64453125,-15.625
298.85546875,-13.18359375,-19.04296875,-49.8046875,-44.921875
298.859375,-1.46484375,-21.97265625,-45.8984375,-34.1796875
298.86328125,17.08984375,-40.52734375,-37.109375,1.46484375
298.8671875,52.24609375,-43.9453125,-24.90234375,2.44140625
298.87109375,29.296875,-30.2734375,-37.109375,-4.39453125
298.875,25.390625,-27.83203125,-58.10546875,10.25390625
298.87890625,42.96875,-9.27734375,-56.15234375,40.0390625
298.8828125,32.2265625,-10.7421875,-44.921875,48.33984375
298.88671875,9.27734375,-16.11328125,-32.71484375,17.08984375
298.890625,31.25,-4.8828125,-36.1328125,0.48828125
298.89453125,33.69140625,-11.23046875,-38.0859375,14.6484375
298.8984375,16.11328125,-27.34375,-31.25,5.859375
298.90234375,28.80859375,-32.71484375,-34.1796875,11.71875
298.90625,34.66796875,-22.4609375,-39.0625,39.0625
298.91015625,46.875,-17.08984375,-22.94921875,46.38671875
298.9140625,46.875,-15.13671875,-22.94921875,29.78515625
298.91796875,45.41015625,-15.625,-42.48046875,33.203125
298.921875,73.73046875,-25.390625,-55.6640625,42.48046875
298.92578125,65.91796875,-25.87890625,-54.19921875,34.66796875
298.9296875,30.76171875,-15.625,-37.109375,11.23046875
298.93359375,28.3203125,-15.625,-23.92578125,5.37109375
298.9375,20.99609375,-13.671875,-25.390625,33.69140625
298.94140625,18.5546875,-16.6015625,-30.2734375,30.76171875
298.9453125,32.71484375,-18.5546875,-32.71484375,28.3203125
298.94921875,58.10546875,-10.7421875,-23.92578125,35.15625
298.953125,53.22265625,-15.13671875,-35.64453125,48.828125
298.95703125,42.48046875,-18.5546875,-52.24609375,46.875
298.9609375,50.29296875,-13.18359375,-25.390625,-2.9296875
298.96484375,51.7578125,-17.08984375,-16.11328125,-5.859375
298.96875,38.0859375,-16.11328125,-33.203125,28.3203125
298.97265625,33.203125,-10.25390625,-29.78515625,40.0390625
298.9765625,31.25,-15.625,-14.6484375,26.3671875
298.98046875,27.34375,-19.04296875,-14.6484375,10.25390625
298.984375,33.203125,-20.5078125,-31.73828125,6.34765625
298.98828125,26.85546875,-31.73828125,-21.484375,6.8359375
298.9921875,6.34765625,-25.390625,-20.99609375,-10.7421875
298.99609375,1.953125,-2.9296875,-24.90234375,4.8828125
299.0,30.2734375,-0.9765625,-5.37109375,27.83203125
299.00390625,33.203125,-2.44140625,2.9296875,3.90625
299.0078125,13.18359375,-8.30078125,-14.16015625,45.41015625
299.01171875,23.4375,-15.625,-26.3671875,47.8515625
299.015625,41.50390625,-10.25390625,-26.85546875,21.97265625
299.01953125,32.2265625,-12.6953125,-27.34375,33.203125
299.0234375,-14.6484375,-21.97265625,-19.04296875,37.109375
299.02734375,-0.48828125,-14.16015625,-18.5546875,12.20703125
299.03125,11.71875,-13.671875,-24.4140625,-2.9296875
299.03515625,-3.90625,-24.4140625,-19.53125,0.0
299.0390625,3.41796875,-19.04296875,-21.484375,31.25
299.04296875,-13.671875,-16.11328125,-29.78515625,15.625
299.046875,-58.10546875,-28.3203125,-16.6015625,-15.13671875
299.05078125,-56.15234375,-18.06640625,-15.625,18.06640625
299.0546875,-29.296875,-13.671875,-29.78515625,23.4375
299.05859375,-46.875,-32.2265625,-22.94921875,7.32421875
299.0625,-49.8046875,-36.62109375,-24.90234375,-19.04296875
299.06640625,-38.57421875,-40.0390625,-29.296875,-17.578125
299.0703125,-27.83203125,-33.203125,-17.08984375,24.90234375
299.07421875,-27.34375,-24.90234375,-38.57421875,6.8359375
299.078125,-66.89453125,-26.3671875,-48.828125,-19.04296875
299.08203125,-81.54296875,-23.4375,-33.203125,-6.8359375
299.0859375,-67.87109375,-22.4609375,-22.94921875,-5.859375
299.08984375,-60.05859375,-18.5546875,-19.04296875,9.27734375
299.09375,-30.76171875,-20.5078125,-20.5078125,29.296875
299.09765625,-20.01953125,-20.99609375,-26.85546875,-3.90625
299.1015625,-30.76171875,-20.5078125,-33.69140625,-2.9296875
299.10546875,-30.76171875,-25.390625,-41.9921875,34.66796875
299.109375,-0.48828125,-23.4375,-46.38671875,40.52734375
299.11328125,1.46484375,-15.13671875,-18.06640625,13.671875
299.1171875,-26.85546875,-13.671875,1.46484375,1.953125
299.12109375,-9.27734375,-6.34765625,-12.6953125,-7.32421875
299.125,0.0,-11.23046875,-7.8125,-0.48828125
299.12890625,-11.71875,-22.4609375,-2.44140625,7.32421875
299.1328125,-10.7421875,-22.4609375,-12.6953125,0.48828125
299.13671875,-10.7421875,-31.73828125,-27.83203125,-14.6484375
299.140625,-14.6484375,-34.66796875,-45.8984375,-22.4609375
299.14453125,-26.3671875,-31.73828125,-53.7109375,-19.04296875
299.1484375,-23.92578125,-37.59765625,-40.0390625,8.30078125
299.15234375,-1.46484375,-26.3671875,-23.92578125,-13.671875
299.15625,6.34765625,-23.4375,-27.83203125,-10.7421875
299.16015625,25.390625,-29.296875,-15.625,-6.34765625
299.1640625,20.99609375,-19.53125,-11.71875,-17.08984375
299.16796875,33.203125,-9.27734375,-26.3671875,5.859375
299.171875,53.7109375,-8.7890625,-38.0859375,5.859375
299.17578125,19.04296875,-22.4609375,-41.50390625,-22.4609375
299.1796875,-11.23046875,-32.2265625,-41.9921875,-17.578125
299.18359375,11.71875,-28.3203125,-37.59765625,4.8828125
299.1875,29.296875,-24.4140625,-34.66796875,-6.34765625
299.19140625,18.5546875,-20.99609375,-26.3671875,16.6015625
299.1953125,-0.9765625,-18.5546875,-41.015625,-1.46484375
299.19921875,-4.8828125,-20.5078125,-56.15234375,-24.90234375
299.203125,14.16015625,-36.62109375,-44.43359375,-16.11328125
299.20703125,34.1796875,-37.109375,-27.83203125,-16.11328125
299.2109375,17.08984375,-14.6484375,-31.73828125,21.97265625
299.21484375,-3.41796875,-18.5546875,-37.59765625,31.25
299.21875,15.13671875,-32.71484375,-18.5546875,6.34765625
299.22265625,4.39453125,-23.92578125,-6.34765625,0.9765625
299.2265625,-18.06640625,-17.578125,-27.83203125,-41.50390625
299.23046875,-30.76171875,-20.01953125,-44.921875,-40.52734375
299.234375,-27.34375,-22.94921875,-33.69140625,41.50390625
299.23828125,-10.7421875,-24.90234375,-32.71484375,-18.5546875
299.2421875,-6.8359375,-34.1796875,-30.2734375,-52.734375
299.24609375,14.6484375,-27.83203125,-13.671875,28.80859375
299.25,25.390625,-10.7421875,-11.71875,24.90234375
299.25390625,3.41796875,-10.25390625,-24.4140625,-6.34765625
299.2578125,8.7890625,-8.7890625,-37.109375,-9.27734375
299.26171875,0.9765625,-0.48828125,-45.41015625,-28.3203125
299.265625,-6.34765625,-15.625,-41.9921875,-30.2734375
299.26953125,-27.83203125,-24.4140625,-40.52734375,-27.83203125
299.2734375,-45.41015625,-21.484375,-46.875,-37.109375
299.27734375,-14.16015625,-26.85546875,-47.8515625,-27.83203125
299.28125,-7.32421875,-24.90234375,-56.640625,-13.18359375
299.28515625,-18.5546875,-16.6015625,-47.8515625,-5.859375
299.2890625,16.11328125,-23.4375,-33.69140625,-17.08984375
299.29296875,41.015625,-24.4140625,-35.64453125,-5.859375
299.296875,16.11328125,-19.04296875,-39.0625,-1.46484375
299.30078125,13.671875,-23.4375,-41.9921875,-12.20703125
299.3046875,1.46484375,-20.5078125,-53.22265625,-9.27734375
299.30859375,-18.5546875,-9.765625,-55.17578125,-45.41015625
299.3125,2.44140625,-15.13671875,-45.41015625,-38.57421875
299.31640625,-4.39453125,-34.1796875,-41.50390625,-7.8125
299.3203125,-32.2265625,-28.3203125,-41.9921875,-23.92578125
299.32421875,-18.5546875,-2.9296875,-52.24609375,-28.80859375
299.328125,-13.18359375,-5.859375,-50.78125,-16.6015625
299.33203125,-27.34375,-20.01953125,-38.0859375,-25.390625
299.3359375,-18.06640625,-22.4609375,-32.71484375,-16.6015625
299.33984375,2.9296875,-18.5546875,-38.57421875,-16.6015625
299.34375,-1.46484375,-20.01953125,-37.59765625,0.9765625
299.34765625,-23.4375,-31.25,-23.92578125,14.16015625
299.3515625,-17.578125,-29.78515625,-32.71484375,7.32421875
299.35546875,27.34375,-28.3203125,-51.7578125,-3.90625
299.359375,0.48828125,-17.578125,-57.12890625,-18.06640625
299.36328125,-28.80859375,-5.37109375,-62.98828125,-31.25
299.3671875,-14.16015625,-12.6953125,-59.5703125,-36.1328125
299.37109375,-12.20703125,-8.7890625,-52.24609375,-33.203125
299.375,-14.16015625,-9.765625,-49.8046875,-40.0390625
299.37890625,-6.8359375,-23.4375,-60.05859375,-26.3671875
299.3828125,4.8828125,-20.5078125,-68.359375,12.6953125
299.38671875,-18.06640625,-13.18359375,-47.8515625,-7.8125
299.390625,-29.78515625,-7.8125,-31.73828125,-22.94921875
299.39453125,-29.78515625,-11.71875,-46.38671875,-24.90234375
299.3984375,-40.0390625,-19.04296875,-54.6875,-5.859375
299.40234375,-39.55078125,-26.3671875,-35.64453125,4.8828125
299.40625,-34.66796875,-23.4375,-32.71484375,-37.59765625
299.41015625,-31.73828125,-18.5546875,-52.734375,-39.0625
299.4140625,-13.18359375,-31.25,-46.38671875,-25.87890625
299.41796875,-20.99609375,-36.1328125,-26.85546875,-20.5078125
299.421875,-24.90234375,-32.71484375,-25.87890625,9.765625
299.42578125,-31.73828125,-25.87890625,-37.59765625,0.48828125
299.4296875,-55.6640625,-20.99609375,-49.31640625,-26.85546875
299.43359375,-38.57421875,-13.671875,-66.40625,-21.484375
299.4375,-42.96875,-10.7421875,-65.4296875,-31.25
299.44140625,-68.359375,-25.87890625,-29.78515625,-29.296875
299.4453125,-42.96875,-22.4609375,-23.92578125,-34.1796875
299.44921875,-9.27734375,3.41796875,-52.24609375,-13.18359375
299.453125,-20.99609375,2.9296875,-48.828125,-16.11328125
299.45703125,-44.921875,-17.578125,-30.2734375,-26.85546875
299.4609375,-42.96875,-27.34375,-22.4609375,-32.71484375
299.46484375,-41.9921875,-20.01953125,-27.34375,-31.73828125
299.46875,-41.9921875,-17.08984375,-34.66796875,-2.44140625
299.47265625,-41.9921875,-26.3671875,-34.1796875,-35.15625
299.4765625,-23.92578125,-21.484375,-42.48046875,-56.15234375
299.48046875,-22.94921875,-14.16015625,-41.9921875,-9.27734375
299.484375,-38.0859375,-14.16015625,-44.921875,-17.08984375
299.48828125,-44.43359375,-14.6484375,-53.7109375,-66.89453125
299.4921875,-48.828125,-17.08984375,-48.828125,-48.828125
299.49609375,-8.30078125,-23.92578125,-47.8515625,3.90625
299.5,21.484375,-22.94921875,-44.43359375,-5.859375
299.50390625,-21.484375,-22.94921875,-36.62109375,-30.76171875
299.5078125,-49.8046875,-29.296875,-45.8984375,-35.15625
299.51171875,-39.55078125,-34.66796875,-58.10546875,-10.7421875
299.515625,-23.4375,-36.62109375,-44.43359375,29.78515625
299.51953125,-45.41015625,-36.62109375,-32.71484375,-0.48828125
299.5234375,-36.62109375,-39.55078125,-39.0625,-33.69140625
299.52734375,-35.15625,-46.875,-34.66796875,-43.45703125
299.53125,-67.87109375,-42.96875,-17.578125,-36.1328125
299.53515625,-59.5703125,-41.015625,-28.80859375,-23.92578125
299.5390625,-51.26953125,-47.8515625,-43.45703125,-19.53125
299.54296875,-68.84765625,-43.9453125,-42.96875,-33.203125
299.546875,-66.89453125,-41.9921875,-39.0625,-41.015625
299.55078125,-46.875,-51.7578125,-33.69140625,-20.5078125
299.5546875,-45.41015625,-51.26953125,-41.9921875,-11.23046875
299.55859375,-48.828125,-47.36328125,-68.359375,-7.8125
299.5625,-39.55078125,-38.57421875,-48.33984375,28.3203125
299.56640625,-68.359375,-27.83203125,-12.20703125,-26.3671875
299.5703125,-70.3125,-24.90234375,-13.18359375,-65.4296875
299.57421875,-34.1796875,-33.203125,-19.53125,-44.921875
299.578125,-28.3203125,-44.43359375,-17.08984375,-31.25
299.58203125,-29.78515625,-31.73828125,-30.2734375,-29.78515625
299.5859375,-33.203125,-19.04296875,-55.17578125,-36.1328125
299.58984375,-35.64453125,-16.6015625,-36.62109375,-11.71875
299.59375,-41.50390625,-17.578125,-20.5078125,-17.578125
299.59765625,-44.921875,-21.97265625,-29.296875,-19.53125
299.6015625,-41.015625,-28.3203125,-26.3671875,-41.9921875
299.60546875,-64.94140625,-39.0625,-29.78515625,-41.9921875
299.609375,-72.265625,-41.015625,-37.109375,-5.859375
299.61328125,-62.5,-39.0625,-18.5546875,-23.92578125
299.6171875,-47.36328125,-35.15625,-9.27734375,-54.6875
299.62109375,-48.828125,-29.78515625,-3.41796875,-48.33984375
299.625,-46.38671875,-30.76171875,3.41796875,-34.66796875
299.62890625,-25.390625,-29.78515625,3.41796875,-37.59765625
299.6328125,-47.8515625,-31.73828125,-3.41796875,-28.80859375
299.63671875,-54.6875,-30.76171875,-14.16015625,-8.30078125
299.640625,-45.41015625,-26.85546875,-25.390625,-24.4140625
299.64453125,-35.15625,-28.80859375,-32.2265625,-28.3203125
299.6484375,-19.53125,-33.203125,-41.9921875,-11.23046875
299.65234375,-30.76171875,-32.2265625,-42.48046875,-45.8984375
299.65625,-57.12890625,-38.0859375,-33.203125,-53.7109375
299.66015625,-69.82421875,-42.96875,-20.99609375,-49.31640625
299.6640625,-63.4765625,-38.57421875,-16.11328125,-67.3828125
299.66796875,-70.80078125,-39.0625,-24.4140625,-54.6875
299.671875,-66.40625,-38.0859375,-32.2265625,-16.6015625
299.67578125,-51.26953125,-33.203125,-36.62109375,-13.18359375
299.6796875,-59.5703125,-28.3203125,-38.57421875,-24.4140625
299.68359375,-45.41015625,-23.4375,-26.3671875,-18.5546875
299.6875,-32.71484375,-27.34375,-22.4609375,-20.01953125
299.69140625,-35.15625,-28.80859375,-20.99609375,-48.828125
299.6953125,-32.2265625,-22.94921875,-23.4375,-44.43359375
299.69921875,-41.9921875,-21.484375,-16.11328125,-12.20703125
299.703125,-55.17578125,-22.94921875,-3.41796875,-4.39453125
299.70703125,-62.98828125,-25.390625,-16.6015625,-33.69140625
299.7109375,-48.33984375,-31.73828125,-30.76171875,-61.5234375
299.71484375,-36.62109375,-35.15625,-30.76171875,-60.546875
299.71875,-28.3203125,-29.296875,-25.87890625,-49.31640625
299.72265625,-3.41796875,-16.11328125,-31.25,-15.625
299.7265625,-9.765625,-13.18359375,-34.1796875,-18.06640625
299.73046875,-30.2734375,-20.01953125,-18.06640625,-40.0390625
299.734375,-36.62109375,-17.08984375,-9.27734375,-74.21875
299.73828125,-44.921875,-12.20703125,-2.44140625,-77.63671875
299.7421875,-45.8984375,-9.27734375,3.41796875,-41.9921875
299.74609375,-43.45703125,-10.25390625,1.953125,-31.73828125
299.75,-47.8515625,-13.671875,-6.8359375,-34.66796875
299.75390625,-40.52734375,-14.6484375,-16.6015625,-27.34375
299.7578125,-43.45703125,-20.99609375,-28.3203125,-30.2734375
299.76171875,-30.76171875,-18.5546875,-32.71484375,-39.55078125
299.765625,-30.76171875,-19.53125,-27.34375,-65.4296875
299.76953125,-35.15625,-21.484375,-16.11328125,-46.875
299.7734375,-17.08984375,-11.23046875,-18.5546875,-9.765625
299.77734375,7.8125,-5.37109375,-25.390625,-32.71484375
299.78125,5.37109375,-13.671875,-12.6953125,-41.9921875
299.78515625,-8.30078125,-13.671875,0.9765625,-10.7421875
299.7890625,2.9296875,-3.90625,5.859375,-15.625
299.79296875,-1.46484375,-2.9296875,5.859375,-38.57421875
299.796875,-20.99609375,-1.953125,2.44140625,-38.0859375
299.80078125,-23.4375,4.8828125,-5.37109375,-24.90234375
299.8046875,-18.5546875,8.30078125,-10.25390625,-16.11328125
299.80859375,-7.8125,7.32421875,-7.8125,-20.99609375
299.8125,4.39453125,0.0,-10.7421875,-29.78515625
299.81640625,-5.859375,-5.37109375,-14.6484375,-20.99609375
299.8203125,-20.5078125,-7.32421875,-13.671875,-11.23046875
299.82421875,-11.71875,-14.6484375,-20.01953125,-17.578125
299.828125,10.7421875,-10.7421875,-30.2734375,-17.578125
299.83203125,27.34375,-2.44140625,-25.87890625,-14.16015625
299.8359375,25.87890625,-5.37109375,-21.484375,-22.4609375
299.83984375,15.13671875,-7.8125,-16.11328125,-38.0859375
299.84375,21.484375,-2.44140625,-8.7890625,-31.25
299.84765625,33.203125,-16.6015625,-12.6953125,-16.11328125
299.8515625,16.6015625,-19.53125,-15.625,-23.4375
299.85546875,7.32421875,-5.37109375,-18.06640625,-5.859375
299.859375,0.48828125,-6.8359375,-16.11328125,-2.9296875
299.86328125,-7.8125,-3.90625,-30.76171875,-39.55078125
299.8671875,15.625,2.9296875,-17.08984375,-28.3203125
299.87109375,11.71875,-2.9296875,20.01953125,-17.578125
299.875,-2.9296875,-1.46484375,22.4609375,-22.4609375
299.87890625,0.9765625,1.46484375,14.16015625,-30.2734375
299.8828125,24.4140625,-11.71875,15.13671875,-28.80859375
299.88671875,47.8515625,-20.01953125,17.08984375,8.7890625
299.890625,47.36328125,-11.23046875,10.7421875,13.18359375
299.89453125,33.203125,-8.30078125,-1.953125,-3.90625
299.8984375,1.46484375,-11.71875,-19.04296875,-23.4375
299.90234375,-35.15625,-14.6484375,-18.5546875,-40.0390625
299.90625,-25.390625,-4.8828125,-17.08984375,-11.71875
299.91015625,-5.859375,3.41796875,-24.90234375,-19.04296875
299.9140625,1.46484375,6.34765625,-27.34375,-36.1328125
299.91796875,11.71875,11.71875,-30.2734375,-40.52734375
299.921875,8.7890625,7.8125,-21.97265625,-48.33984375
299.92578125,15.625,4.8828125,-12.20703125,-12.20703125
299.9296875,39.0625,-2.44140625,-20.5078125,12.20703125
299.93359375,27.83203125,-5.37109375,-38.0859375,-20.01953125
299.9375,9.765625,-6.8359375,-24.4140625,-0.48828125
299.94140625,17.578125,-8.30078125,-4.39453125,14.6484375
299.9453125,14.6484375,-6.34765625,-13.18359375,17.578125
299.94921875,7.8125,-15.13671875,-25.87890625,-4.39453125
299.953125,1.953125,-11.71875,-22.94921875,-17.08984375
299.95703125,-6.34765625,-1.46484375,-17.578125,9.765625
299.9609375,2.44140625,-7.32421875,-10.25390625,-21.484375
299.96484375,5.859375,-13.18359375,-8.30078125,-17.08984375
299.96875,13.18359375,-11.23046875,-14.6484375,6.34765625
299.97265625,4.39453125,-5.37109375,-24.90234375,-7.8125
299.9765625,-9.765625,-12.6953125,-42.96875,-8.30078125
299.98046875,6.8359375,-20.01953125,-37.109375,1.953125
299.984375,-2.9296875,-23.4375,-26.85546875,19.53125
299.98828125,-29.78515625,-29.296875,-20.01953125,2.9296875
299.9921875,-27.34375,-25.87890625,-18.5546875,-29.78515625
299.99609375,-40.0390625,-16.6015625,-20.5078125,-34.1796875
300.0,-40.52734375,-11.71875,-16.6015625,37.59765625
300.00390625,-45.41015625,-4.39453125,-24.90234375,8.30078125
300.0078125,-43.9453125,-9.765625,-36.1328125,-31.25
300.01171875,-23.92578125,-20.99609375,-31.25,5.37109375
300.015625,-38.57421875,-28.3203125,-23.92578125,-3.90625
300.01953125,-44.43359375,-28.80859375,-25.390625,-36.1328125
300.0234375,-35.15625,-23.4375,-25.390625,-27.34375
300.02734375,-36.1328125,-20.99609375,-28.3203125,-14.6484375
300.03125,-34.66796875,-25.390625,-35.64453125,-15.625
300.03515625,-23.4375,-36.62109375,-34.66796875,-52.24609375
300.0390625,-37.109375,-39.0625,-26.3671875,-55.17578125
300.04296875,-44.921875,-36.62109375,-25.390625,-13.671875
300.046875,-33.203125,-40.0390625,-35.64453125,-39.55078125
300.05078125,-42.96875,-35.15625,-45.8984375,-37.59765625
300.0546875,-31.73828125,-20.5078125,-52.734375,-26.85546875
300.05859375,-29.296875,-24.4140625,-36.62109375,-52.734375
300.0625,-15.13671875,-30.2734375,-17.578125,-51.26953125
300.06640625,1.46484375,-23.92578125,-29.296875,-15.625
300.0703125,-23.92578125,-28.3203125,-36.1328125,5.859375
300.07421875,-0.9765625,-26.3671875,-26.85546875,-5.37109375
300.078125,5.859375,-24.4140625,-16.11328125,-20.01953125
300.08203125,-50.29296875,-32.2265625,-16.11328125,-48.828125
300.0859375,-35.15625,-30.2734375,-33.69140625,-4.39453125
300.08984375,-15.13671875,-19.53125,-24.4140625,2.9296875
300.09375,-20.99609375,-28.80859375,3.90625,-59.08203125
300.09765625,-36.62109375,-37.59765625,14.6484375,-44.921875
300.1015625,-46.38671875,-26.3671875,8.7890625,-25.390625
300.10546875,-35.15625,-28.3203125,7.8125,-6.8359375
300.109375,-39.0625,-36.62109375,6.34765625,-32.2265625
300.11328125,-37.109375,-26.85546875,3.90625,-69.82421875
300.1171875,-18.06640625,-19.53125,0.9765625,-45.41015625
300.12109375,-20.01953125,-18.06640625,-3.90625,-24.4140625
300.125,-22.4609375,-19.53125,-9.765625,-20.99609375
300.12890625,-5.37109375,-25.390625,-7.32421875,-1.46484375
300.1328125,-1.46484375,-22.4609375,-17.578125,-8.30078125
300.13671875,-5.37109375,-19.04296875,-4.39453125,-10.7421875
300.140625,-8.30078125,-24.4140625,18.5546875,-22.94921875
300.14453125,-14.16015625,-18.5546875,7.32421875,-18.06640625
300.1484375,-9.765625,-15.13671875,-6.8359375,-5.859375
300.15234375,-10.25390625,-30.76171875,-7.32421875,-33.203125
300.15625,-14.6484375,-41.015625,-9.27734375,-23.92578125
300.16015625,-28.3203125,-34.1796875,-18.5546875,-24.90234375
300.1640625,-47.36328125,-28.3203125,-22.4609375,-22.94921875
300.16796875,-33.69140625,-24.4140625,-13.671875,-35.64453125
300.171875,-25.87890625,-23.4375,-18.06640625,-50.29296875
300.17578125,-21.97265625,-26.3671875,-32.2265625,-35.64453125
300.1796875,-21.484375,-32.2265625,-31.73828125,-11.23046875
300.18359375,-33.203125,-29.296875,-47.36328125,2.9296875
300.1875,-24.4140625,-23.4375,-47.8515625,-50.29296875
300.19140625,-21.484375,-28.3203125,-26.3671875,-58.10546875
300.1953125,-27.83203125,-38.0859375,-28.3203125,-24.4140625
300.19921875,-21.484375,-29.296875,-44.921875,-47.36328125
300.203125,-7.8125,-21.484375,-49.31640625,-50.78125
300.20703125,-19.04296875,-35.64453125,-39.55078125,-56.15234375
300.2109375,-29.78515625,-43.45703125,-34.1796875,-41.9921875
300.21484375,-33.203125,-40.52734375,-36.1328125,-48.828125
300.21875,-25.87890625,-37.109375,-44.43359375,-68.84765625
300.22265625,-14.16015625,-28.3203125,-49.8046875,-62.01171875
300.2265625,-2.9296875,-20.99609375,-44.43359375,-26.85546875
300.23046875,5.37109375,-29.296875,-38.57421875,-22.4609375
300.234375,-18.5546875,-33.69140625,-22.4609375,-26.3671875
300.23828125,-9.27734375,-41.9921875,-16.11328125,-1.46484375
300.2421875,39.0625,-50.29296875,-30.2734375,-10.25390625
300.24609375,11.23046875,-41.50390625,-37.59765625,-43.9453125
300.25,-17.578125,-36.62109375,-38.0859375,-48.828125
300.25390625,-25.390625,-33.203125,-32.2265625,-27.83203125
300.2578125,-20.5078125,-17.08984375,-21.484375,-57.12890625
300.26171875,-1.953125,-0.9765625,-19.04296875,-82.03125
300.265625,7.32421875,2.9296875,-19.04296875,-57.6171875
300.26953125,12.6953125,-1.953125,-21.97265625,-48.33984375
300.2734375,-4.8828125,-5.37109375,-24.4140625,-15.13671875
300.27734375,0.48828125,-3.90625,-5.859375,-17.08984375
300.28125,16.6015625,-9.27734375,6.8359375,-48.828125
300.28515625,9.27734375,-16.11328125,5.37109375,-34.66796875
300.2890625,21.484375,-9.765625,1.953125,3.90625
300.29296875,32.71484375,0.48828125,-14.6484375,20.5078125
300.296875,7.32421875,-8.30078125,-13.18359375,-18.06640625
300.30078125,15.625,-16.11328125,-15.625,-32.2265625
300.3046875,20.5078125,-9.765625,-28.80859375,-16.6015625
300.30859375,0.0,-9.27734375,-11.23046875,-40.0390625
300.3125,-7.32421875,-9.765625,-2.44140625,-59.5703125
300.31640625,-6.8359375,-4.8828125,0.48828125,-29.296875
300.3203125,-3.90625,0.9765625,7.32421875,3.90625
300.32421875,5.859375,-2.9296875,2.44140625,-15.13671875
300.328125,20.01953125,-9.27734375,2.9296875,-1.46484375
300.33203125,35.64453125,-1.953125,5.859375,8.30078125
300.3359375,41.015625,9.27734375,-2.44140625,12.20703125
300.33984375,20.99609375,6.34765625,-10.7421875,1.46484375
300.34375,10.25390625,-0.48828125,-6.34765625,-42.96875
300.34765625,8.30078125,-8.30078125,2.44140625,-17.08984375
300.3515625,28.3203125,-14.6484375,7.8125,23.4375
300.35546875,42.96875,-8.30078125,-3.90625,13.671875
300.359375,9.765625,-4.39453125,-14.6484375,-15.13671875
300.36328125,-5.37109375,-4.8828125,-8.30078125,-17.08984375
300.3671875,-7.32421875,0.9765625,-8.7890625,-6.8359375
300.37109375,19.04296875,5.37109375,-22.4609375,0.0
300.375,31.73828125,5.37109375,-4.39453125,27.34375
300.37890625,28.80859375,10.25390625,2.44140625,-5.859375
300.3828125,25.87890625,10.7421875,0.0,-36.1328125
300.38671875,18.06640625,4.39453125,20.01953125,-20.01953125
300.390625,28.3203125,4.8828125,13.18359375,-2.44140625
300.39453125,20.01953125,7.32421875,11.71875,11.23046875
300.3984375,17.08984375,10.7421875,18.5546875,-11.71875
300.40234375,14.6484375,7.8125,17.08984375,-31.73828125
300.40625,38.57421875,8.30078125,25.390625,-4.39453125
300.41015625,58.59375,10.25390625,18.5546875,11.71875
300.4140625,49.8046875,0.9765625,-1.953125,20.01953125
300.41796875,43.45703125,0.0,2.44140625,4.39453125
300.421875,30.76171875,5.859375,11.71875,7.32421875
300.42578125,23.92578125,8.7890625,-0.9765625,34.1796875
300.4296875,11.71875,5.859375,-0.9765625,25.87890625
300.43359375,15.13671875,2.44140625,5.859375,10.25390625
300.4375,13.18359375,7.32421875,10.25390625,-15.13671875
300.44140625,6.34765625,12.20703125,8.7890625,-31.73828125
300.4453125,22.94921875,10.7421875,-3.41796875,28.80859375
300.44921875,38.57421875,4.8828125,-3.41796875,49.31640625
300.453125,43.9453125,0.9765625,1.46484375,26.85546875
300.45703125,38.0859375,1.46484375,3.41796875,2.9296875
300.4609375,29.78515625,4.39453125,6.8359375,-14.16015625
300.46484375,23.92578125,0.9765625,5.859375,10.7421875
300.46875,23.4375,-0.9765625,1.46484375,46.875
300.47265625,28.80859375,6.34765625,11.23046875,43.9453125
300.4765625,39.0625,8.7890625,17.08984375,6.8359375
300.48046875,38.0859375,9.765625,-0.48828125,-14.6484375
300.484375,34.1796875,9.27734375,-1.953125,3.90625
300.48828125,28.80859375,6.34765625,11.71875,11.71875
300.4921875,22.94921875,13.18359375,19.04296875,10.7421875
300.49609375,25.390625,14.16015625,18.06640625,10.25390625
300.5,48.828125,3.41796875,5.37109375,13.671875
300.50390625,58.59375,7.8125,-4.8828125,23.4375
300.5078125,52.734375,12.20703125,-1.953125,32.2265625
300.51171875,48.33984375,6.34765625,-5.859375,36.62109375
300.515625,48.33984375,-0.9765625,-0.48828125,28.3203125
300.51953125,37.109375,1.953125,13.671875,27.34375
300.5234375,24.4140625,8.7890625,12.20703125,-6.34765625
300.52734375,22.94921875,12.20703125,20.5078125,-39.0625
300.53125,29.78515625,11.71875,22.94921875,-17.08984375
300.53515625,31.25,10.25390625,3.90625,-0.48828125
300.5390625,23.92578125,12.6953125,-2.9296875,0.0
300.54296875,43.9453125,17.578125,13.18359375,10.7421875
300.546875,62.98828125,23.92578125,4.8828125,0.9765625
300.55078125,46.38671875,15.13671875,-1.953125,-4.8828125
300.5546875,10.25390625,2.9296875,9.765625,21.97265625
300.55859375,29.78515625,6.34765625,11.71875,-7.8125
300.5625,48.33984375,0.0,0.9765625,-28.3203125
300.56640625,21.97265625,-9.27734375,-8.7890625,32.71484375
300.5703125,24.90234375,-1.46484375,-4.39453125,21.97265625
300.57421875,24.4140625,8.7890625,-9.765625,5.37109375
300.578125,47.36328125,12.6953125,-14.16015625,10.7421875
300.58203125,54.6875,13.18359375,3.90625,12.6953125
300.5859375,30.2734375,5.859375,7.8125,17.578125
300.58984375,21.97265625,1.953125,2.9296875,-24.4140625
300.59375,22.94921875,-1.953125,-13.18359375,-30.76171875
300.59765625,48.828125,-1.953125,-18.5546875,28.80859375
300.6015625,29.296875,0.0,-15.625,15.13671875
300.60546875,-13.18359375,-5.37109375,-20.5078125,-32.2265625
300.609375,-11.71875,-12.20703125,-19.04296875,-28.3203125
300.61328125,1.953125,-7.32421875,-20.5078125,-5.859375
300.6171875,7.8125,-14.16015625,-14.16015625,-10.25390625
300.62109375,0.9765625,-21.484375,7.32421875,-42.48046875
300.625,5.37109375,-16.6015625,12.6953125,-31.73828125
300.62890625,20.99609375,-17.08984375,7.8125,23.4375
300.6328125,11.71875,-19.53125,8.30078125,43.9453125
300.63671875,1.46484375,-8.7890625,10.25390625,5.37109375
300.640625,28.3203125,-5.37109375,-15.625,28.3203125
300.64453125,31.73828125,-21.97265625,-23.4375,15.625
300.6484375,-21.484375,-20.01953125,2.9296875,-27.34375
300.65234375,7.8125,-0.48828125,-10.25390625,-19.04296875
300.65625,63.4765625,9.765625,-24.90234375,23.4375
300.66015625,43.45703125,1.953125,-0.9765625,46.875
300.6640625,22.4609375,-17.08984375,15.13671875,-12.6953125
300.66796875,14.16015625,-20.5078125,4.39453125,-25.390625
300.671875,-2.44140625,-15.13671875,-1.953125,-8.7890625
300.67578125,16.11328125,-22.4609375,11.71875,10.25390625
300.6796875,42.96875,-38.0859375,3.41796875,36.62109375
300.68359375,-21.484375,-22.94921875,-10.25390625,-15.13671875
300.6875,-62.98828125,-1.953125,-12.6953125,-60.05859375
300.69140625,-40.0390625,4.39453125,-14.6484375,-41.50390625
300.6953125,-42.96875,6.34765625,-18.5546875,-63.96484375
300.69921875,-58.10546875,0.0,-24.90234375,-121.09375
300.703125,-62.01171875,-0.9765625,-36.62109375,-105.46875
300.70703125,-58.59375,-6.34765625,-44.921875,-85.44921875
300.7109375,-45.41015625,-11.23046875,-56.15234375,-88.37890625
300.71484375,-39.55078125,-6.8359375,-43.45703125,-92.7734375
300.71875,-83.984375,-10.25390625,-23.4375,-92.28515625
300.72265625,-101.5625,-18.5546875,-30.2734375,-121.58203125
300.7265625,-69.82421875,-25.87890625,-48.828125,-98.6328125
300.73046875,-65.91796875,-36.62109375,-45.8984375,-71.77734375
300.734375,-37.59765625,-24.4140625,-33.69140625,-87.40234375
300.73828125,-39.55078125,-18.06640625,-28.80859375,-81.54296875
300.7421875,-55.6640625,-16.11328125,-32.2265625,-96.19140625
300.74609375,-53.22265625,-4.8828125,-37.109375,-79.58984375
300.75,-44.43359375,-7.8125,-52.734375,-45.41015625
300.75390625,-38.57421875,-4.8828125,-65.4296875,-82.03125
300.7578125,-21.484375,-2.44140625,-53.22265625,-69.3359375
300.76171875,-4.8828125,-6.8359375,-37.109375,-42.96875
300.765625,-15.625,-14.6484375,-34.66796875,-52.24609375
300.76953125,-18.5546875,-25.87890625,-39.0625,-48.828125
300.7734375,-0.48828125,-21.97265625,-29.78515625,-51.7578125
300.77734375,10.7421875,-15.625,-25.390625,-38.57421875
300.78125,6.34765625,-13.18359375,-29.296875,-26.3671875
300.78515625,-11.71875,-16.11328125,-25.87890625,-37.59765625
300.7890625,-4.39453125,-17.08984375,-19.04296875,-25.87890625
300.79296875,-6.8359375,-8.30078125,-24.90234375,-30.2734375
300.796875,-13.671875,3.90625,-27.34375,-47.8515625
300.80078125,-3.90625,0.9765625,-16.6015625,-62.01171875
300.8046875,7.8125,-10.7421875,-29.296875,-50.78125
300.80859375,16.6015625,-10.25390625,-53.7109375,-28.80859375
300.8125,5.37109375,-11.71875,-36.62109375,-27.83203125
300.81640625,3.41796875,-21.97265625,-18.5546875,-18.5546875
300.8203125,3.41796875,-26.3671875,-34.1796875,-33.203125
300.82421875,9.765625,-28.3203125,-35.15625,-39.0625
300.828125,5.859375,-20.5078125,-27.34375,-43.45703125
300.83203125,-16.6015625,-4.8828125,-37.109375,-30.76171875
300.8359375,-6.8359375,-17.08984375,-51.7578125,-16.6015625
300.83984375,10.25390625,-24.4140625,-42.48046875,-29.296875
300.84375,-17.08984375,-15.625,-34.1796875,-35.15625
300.84765625,-22.94921875,-13.18359375,-29.296875,-34.66796875
300.8515625,4.8828125,-18.5546875,-9.765625,-39.55078125
300.85546875,27.83203125,-23.4375,-4.39453125,-6.34765625
300.859375,4.39453125,-29.78515625,-17.08984375,-7.32421875
300.86328125,-22.4609375,-29.78515625,-24.90234375,-55.17578125
300.8671875,-33.69140625,-9.765625,-49.31640625,-69.82421875
300.87109375,-38.57421875,-13.18359375,-59.5703125,-59.5703125
300.875,-42.96875,-22.94921875,-41.50390625,-52.24609375
300.87890625,-37.59765625,-20.5078125,-29.78515625,-58.10546875
300.8828125,-41.015625,-24.4140625,-25.390625,-58.10546875
300.88671875,-44.921875,-29.78515625,-20.01953125,-25.390625
300.890625,-9.765625,-24.90234375,-34.66796875,-53.7109375
300.89453125,-9.27734375,-9.765625,-65.4296875,-62.01171875
300.8984375,-23.92578125,-11.71875,-42.48046875,-28.3203125
300.90234375,-8.30078125,-21.97265625,-9.27734375,-41.50390625
300.90625,-4.39453125,-16.6015625,-3.41796875,-40.52734375
300.91015625,-22.94921875,-21.484375,-6.34765625,-42.96875
300.9140625,-25.87890625,-28.3203125,-15.625,-42.48046875
300.91796875,-21.97265625,-21.484375,-23.92578125,-41.015625
300.921875,-13.18359375,-20.99609375,-56.15234375,-49.8046875
300.92578125,21.484375,-22.4609375,-73.2421875,-20.5078125
300.9296875,31.73828125,-28.80859375,-36.1328125,7.8125
300.93359375,-23.92578125,-31.73828125,-8.7890625,-47.8515625
300.9375,-53.22265625,-32.71484375,-7.32421875,-88.8671875
300.94140625,-49.31640625,-40.52734375,-8.7890625,-55.6640625
300.9453125,-37.109375,-45.8984375,-12.20703125,-32.2265625
300.94921875,-16.11328125,-45.8984375,-18.06640625,-35.15625
300.953125,-17.08984375,-46.875,-17.578125,-7.8125
300.95703125,-6.34765625,-41.015625,-6.34765625,8.30078125
300.9609375,9.765625,-41.015625,-17.578125,2.9296875
300.96484375,13.18359375,-50.29296875,-30.2734375,-1.46484375
300.96875,6.8359375,-47.8515625,-28.80859375,-20.01953125
300.97265625,-2.9296875,-47.8515625,-30.76171875,-1.46484375
300.9765625,-1.953125,-42.48046875,-47.8515625,14.16015625
300.98046875,13.671875,-44.43359375,-42.48046875,20.01953125
300.984375,16.6015625,-62.98828125,-14.6484375,25.87890625
300.98828125,5.37109375,-67.87109375,-7.8125,11.71875
300.9921875,16.11328125,-46.875,-17.578125,0.9765625
300.99609375,27.83203125,-27.83203125,-31.25,5.859375
301.0,5.859375,-30.2734375,-33.69140625,1.46484375
301.00390625,-12.6953125,-42.96875,-26.3671875,-10.25390625
301.0078125,-0.9765625,-43.9453125,-21.484375,5.37109375
301.01171875,2.44140625,-37.109375,-23.4375,-5.37109375
301.015625,-4.39453125,-38.57421875,-20.5078125,-18.06640625
301.01953125,11.71875,-42.48046875,-11.23046875,-5.859375
301.0234375,9.27734375,-37.109375,-9.765625,12.6953125
301.02734375,10.25390625,-30.2734375,-14.6484375,12.20703125
301.03125,7.32421875,-36.1328125,-20.01953125,-13.18359375
301.03515625,10.7421875,-37.109375,-29.296875,-1.953125
301.0390625,29.296875,-34.66796875,-39.55078125,2.44140625
301.04296875,14.6484375,-30.2734375,-34.66796875,-5.37109375
301.046875,0.48828125,-27.83203125,-22.4609375,-18.06640625
301.05078125,2.44140625,-35.64453125,-16.11328125,-25.390625
301.0546875,2.44140625,-29.296875,-22.4609375,28.3203125
301.05859375,14.6484375,-19.53125,-26.85546875,41.9921875
301.0625,-4.8828125,-30.76171875,-23.4375,8.7890625
301.06640625,-8.30078125,-44.43359375,-22.94921875,-23.4375
301.0703125,5.859375,-46.875,-9.765625,-7.32421875
301.07421875,-18.06640625,-38.57421875,0.0,-2.44140625
301.078125,-21.484375,-27.83203125,-17.578125,-20.01953125
301.08203125,-13.18359375,-20.01953125,-39.0625,-14.6484375
301.0859375,5.37109375,-17.08984375,-24.4140625,-26.3671875
301.08984375,13.671875,-20.5078125,-11.71875,-32.2265625
301.09375,15.625,-20.5078125,-25.87890625,-3.90625
301.09765625,12.6953125,-21.97265625,-28.80859375,7.32421875
301.1015625,-22.4609375,-26.85546875,-30.76171875,-17.08984375
301.10546875,-31.25,-34.1796875,-41.50390625,-23.92578125
301.109375,0.0,-31.73828125,-38.57421875,-5.859375
301.11328125,20.5078125,-27.34375,-28.3203125,23.92578125
301.1171875,19.04296875,-26.3671875,-27.83203125,9.27734375
301.12109375,9.27734375,-19.53125,-24.90234375,-24.4140625
301.125,-1.953125,-18.06640625,-20.01953125,-29.78515625
301.12890625,-12.6953125,-15.13671875,-22.94921875,-33.203125
301.1328125,-15.13671875,-13.671875,-26.85546875,-33.203125
301.13671875,-22.4609375,-29.296875,-32.71484375,-14.16015625
301.140625,-5.37109375,-35.64453125,-47.36328125,-21.97265625
301.14453125,16.6015625,-26.3671875,-59.08203125,-26.3671875
301.1484375,1.953125,-24.4140625,-59.5703125,-7.8125
301.15234375,-8.30078125,-22.4609375,-42.96875,-7.32421875
301.15625,-8.7890625,-24.4140625,-28.3203125,-13.671875
301.16015625,-4.39453125,-24.4140625,-20.99609375,-13.18359375
301.1640625,-9.765625,-22.94921875,-18.5546875,-31.25
301.16796875,1.46484375,-27.83203125,-20.5078125,-55.6640625
301.171875,11.23046875,-21.97265625,-10.7421875,-44.43359375
301.17578125,-5.37109375,-9.27734375,-8.30078125,-3.90625
301.1796875,-3.41796875,-9.765625,-8.30078125,-19.53125
301.18359375,-1.953125,-18.06640625,-8.7890625,-18.06640625
301.1875,9.765625,-13.18359375,-26.3671875,-1.953125
301.19140625,31.25,-11.23046875,-25.390625,-9.27734375
301.1953125,11.23046875,-20.01953125,-15.13671875,-28.3203125
301.19921875,-7.8125,-19.53125,-22.94921875,-9.765625
301.203125,11.71875,-16.11328125,-30.76171875,-7.8125
301.20703125,0.9765625,-20.5078125,-24.90234375,-20.01953125
301.2109375,4.8828125,-15.625,-12.20703125,-4.8828125
301.21484375,7.8125,-11.23046875,-14.16015625,-21.484375
301.21875,5.859375,-19.53125,-14.16015625,-29.78515625
301.22265625,20.99609375,-24.4140625,-6.8359375,-9.765625
301.2265625,22.94921875,-25.390625,-4.8828125,-6.8359375
301.23046875,2.9296875,-28.3203125,-17.578125,-9.27734375
301.234375,-16.6015625,-30.76171875,-29.296875,-24.4140625
301.23828125,-30.2734375,-40.0390625,-28.3203125,-50.29296875
301.2421875,-21.97265625,-34.66796875,-38.0859375,-42.96875
301.24609375,-20.99609375,-23.4375,-43.9453125,-10.7421875
301.25,-20.01953125,-30.76171875,-36.1328125,-11.71875
301.25390625,-13.671875,-36.1328125,-24.90234375,-42.96875
301.2578125,-11.23046875,-35.15625,-22.4609375,-22.4609375
301.26171875,26.3671875,-35.15625,-20.5078125,-10.7421875
301.265625,22.94921875,-39.55078125,-13.18359375,-31.73828125
301.26953125,-28.80859375,-41.015625,-23.4375,-46.875
301.2734375,-1.953125,-37.59765625,-18.5546875,-32.2265625
301.27734375,25.390625,-41.015625,0.0,0.48828125
301.28125,6.8359375,-43.9453125,-4.8828125,-15.625
301.28515625,33.203125,-37.59765625,-16.6015625,1.953125
301.2890625,23.4375,-46.38671875,-15.625,8.30078125
301.29296875,19.53125,-49.31640625,-2.9296875,13.671875
301.296875,26.85546875,-40.52734375,11.71875,33.203125
301.30078125,21.97265625,-31.73828125,7.8125,11.71875
301.3046875,24.90234375,-26.85546875,3.90625,7.8125
301.30859375,10.7421875,-28.3203125,0.9765625,-7.32421875
301.3125,11.23046875,-31.73828125,-6.8359375,7.8125
301.31640625,16.11328125,-31.25,-4.8828125,21.97265625
301.3203125,2.9296875,-28.80859375,-3.90625,-0.9765625
301.32421875,3.90625,-32.71484375,-9.765625,2.44140625
301.328125,8.7890625,-41.50390625,-10.7421875,-11.71875
301.33203125,0.9765625,-38.0859375,-21.97265625,10.7421875
301.3359375,3.90625,-30.76171875,-44.43359375,20.01953125
301.33984375,-14.16015625,-27.34375,-33.69140625,-9.27734375
301.34375,-21.97265625,-32.71484375,-12.20703125,-9.27734375
301.34765625,-8.30078125,-25.87890625,-9.27734375,-1.953125
301.3515625,-4.39453125,-17.08984375,-11.23046875,3.41796875
301.35546875,-3.90625,-22.4609375,-1.46484375,0.0
301.359375,5.859375,-20.99609375,1.46484375,-15.625
301.36328125,4.8828125,-20.99609375,-16.6015625,-25.390625
301.3671875,-0.9765625,-28.3203125,-22.4609375,-3.90625
301.37109375,8.30078125,-33.69140625,-16.11328125,-0.9765625
301.375,23.4375,-29.296875,-7.8125,-7.8125
301.37890625,17.578125,-24.90234375,-12.20703125,-23.4375
301.3828125,-0.48828125,-25.87890625,-17.578125,-20.5078125
301.38671875,-7.8125,-33.69140625,-21.484375,0.48828125
301.390625,-4.39453125,-37.109375,-24.4140625,-11.23046875
301.39453125,0.9765625,-33.203125,-33.203125,14.16015625
301.3984375,10.25390625,-39.0625,-38.57421875,4.39453125
301.40234375,-5.859375,-33.69140625,-29.78515625,-45.41015625
301.40625,-15.13671875,-26.85546875,-32.71484375,-41.50390625
301.41015625,5.859375,-26.3671875,-24.90234375,-18.5546875
301.4140625,-23.92578125,-21.97265625,-6.8359375,-28.80859375
301.41796875,-22.4609375,-19.04296875,-12.6953125,-42.48046875
301.421875,-3.41796875,-17.578125,-24.4140625,-31.73828125
301.42578125,-15.13671875,-18.06640625,-20.01953125,-42.48046875
301.4296875,-10.7421875,-22.94921875,-14.16015625,-34.66796875
301.43359375,-21.97265625,-25.87890625,-22.94921875,-5.859375
301.4375,-24.90234375,-25.390625,-20.99609375,-3.90625
301.44140625,-29.296875,-20.5078125,-19.04296875,-20.99609375
301.4453125,-28.80859375,-21.484375,-20.01953125,-23.92578125
301.44921875,-6.8359375,-21.97265625,-23.4375,-0.9765625
301.453125,10.7421875,-17.578125,-27.34375,-21.484375
301.45703125,5.37109375,-20.01953125,-20.99609375,-50.29296875
301.4609375,-21.97265625,-18.5546875,-10.7421875,-37.109375
301.46484375,-19.53125,-14.16015625,-13.671875,-12.20703125
301.46875,1.46484375,-17.578125,-17.08984375,-17.08984375
301.47265625,8.30078125,-24.4140625,-21.97265625,-22.4609375
301.4765625,17.578125,-24.4140625,-27.83203125,-2.44140625
301.48046875,11.23046875,-24.90234375,-17.08984375,6.34765625
301.484375,-10.25390625,-24.90234375,-15.13671875,-13.671875
301.48828125,1.953125,-32.2265625,-31.25,-23.4375
301.4921875,5.37109375,-38.0859375,-33.69140625,-28.80859375
301.49609375,-13.671875,-25.390625,-14.16015625,-11.23046875
301.5,-8.7890625,-13.671875,-2.44140625,-10.7421875
301.50390625,-6.8359375,-5.859375,-10.7421875,0.48828125
301.5078125,-22.4609375,-12.20703125,-19.04296875,15.625
301.51171875,-21.484375,-19.53125,-12.6953125,-21.97265625
301.515625,-29.78515625,-19.04296875,-13.671875,-42.96875
301.51953125,-13.671875,-27.34375,-21.97265625,-12.20703125
301.5234375,20.01953125,-20.5078125,-24.90234375,-13.18359375
301.52734375,-2.44140625,-12.6953125,-27.34375,-27.83203125
301.53125,-7.32421875,-24.90234375,-21.97265625,-29.296875
301.53515625,35.64453125,-38.0859375,-13.671875,20.5078125
301.5390625,45.8984375,-26.85546875,-20.01953125,23.92578125
301.54296875,0.48828125,-17.578125,-39.0625,-50.29296875
301.546875,-23.92578125,-20.99609375,-39.55078125,-52.24609375
301.55078125,-25.87890625,-24.4140625,-41.9921875,-34.66796875
301.5546875,-33.203125,-26.3671875,-52.24609375,-57.12890625
301.55859375,-30.76171875,-21.97265625,-49.8046875,-69.82421875
301.5625,-21.97265625,-19.53125,-51.26953125,-55.6640625
301.56640625,-19.04296875,-25.87890625,-68.359375,-73.2421875
301.5703125,-15.13671875,-23.4375,-83.49609375,-50.78125
301.57421875,-28.3203125,-20.5078125,-78.125,-42.48046875
301.578125,-48.828125,-27.83203125,-55.17578125,-73.2421875
301.58203125,-51.7578125,-34.66796875,-46.38671875,-88.8671875
301.5859375,-43.9453125,-33.203125,-47.8515625,-84.9609375
301.58984375,-19.53125,-27.34375,-41.015625,-59.08203125
301.59375,-19.53125,-29.296875,-34.66796875,-51.26953125
301.59765625,-22.94921875,-20.99609375,-54.6875,-38.0859375
301.6015625,-18.5546875,-12.20703125,-57.12890625,-29.78515625
301.60546875,-20.01953125,-11.71875,-36.1328125,-50.29296875
301.609375,-7.32421875,-6.34765625,-36.62109375,-45.41015625
301.61328125,-16.11328125,-15.625,-37.109375,-55.6640625
301.6171875,-27.83203125,-24.4140625,-25.390625,-56.640625
301.62109375,-28.80859375,-18.5546875,-13.671875,-27.83203125
301.625,-28.80859375,-18.06640625,-16.6015625,-20.5078125
301.62890625,-4.39453125,-25.87890625,-26.3671875,-33.203125
301.6328125,-5.37109375,-32.71484375,-20.99609375,-24.4140625
301.63671875,-9.765625,-22.94921875,-20.99609375,-24.4140625
301.640625,1.953125,-8.30078125,-22.4609375,-21.484375
301.64453125,-20.01953125,-9.765625,-40.52734375,-26.3671875
301.6484375,-29.78515625,-18.5546875,-56.640625,-32.2265625
301.65234375,-17.08984375,-20.01953125,-34.66796875,18.5546875
301.65625,-28.3203125,-32.71484375,-28.80859375,24.90234375
301.66015625,-41.015625,-37.109375,-33.69140625,-19.04296875
301.6640625,-27.34375,-28.3203125,-17.08984375,-34.1796875
301.66796875,-21.484375,-25.87890625,-4.39453125,-29.296875
301.671875,-36.62109375,-24.90234375,-6.8359375,-23.4375
301.67578125,-23.4375,-21.484375,-10.7421875,-9.765625
301.6796875,-5.37109375,-16.6015625,-41.50390625,-20.5078125
301.68359375,-21.97265625,-14.16015625,-59.08203125,-9.27734375
301.6875,15.625,-10.25390625,-31.73828125,-10.25390625
301.69140625,24.90234375,-20.5078125,-17.08984375,-32.71484375
301.6953125,-25.87890625,-31.73828125,-17.08984375,-38.0859375
301.69921875,-44.921875,-26.3671875,-19.53125,-23.92578125
301.703125,-39.0625,-18.06640625,-24.90234375,-11.23046875
301.70703125,-29.296875,-16.6015625,-28.3203125,-31.25
301.7109375,-33.69140625,-17.578125,-27.83203125,-36.1328125
301.71484375,-32.71484375,-18.5546875,-30.2734375,-13.671875
301.71875,-26.85546875,-21.484375,-40.52734375,-34.66796875
301.72265625,-26.3671875,-23.92578125,-36.62109375,-63.4765625
301.7265625,-25.87890625,-27.83203125,-37.109375,-49.8046875
301.73046875,-36.1328125,-22.4609375,-40.0390625,-35.64453125
301.734375,-58.59375,-10.25390625,-29.78515625,-61.5234375
301.73828125,-43.45703125,-8.7890625,-26.3671875,-73.2421875
301.7421875,-35.15625,-5.859375,-27.34375,-55.17578125
301.74609375,-31.73828125,-1.953125,-37.59765625,-48.33984375
301.75,-46.875,-10.25390625,-27.34375,-72.265625
301.75390625,-86.9140625,-21.484375,-12.20703125,-67.87109375
301.7578125,-74.70703125,-28.80859375,-15.13671875,-58.59375
301.76171875,-69.3359375,-29.78515625,-12.6953125,-73.73046875
301.765625,-82.03125,-27.34375,-19.53125,-97.65625
301.76953125,-80.078125,-19.04296875,-22.94921875,-89.35546875
301.7734375,-105.46875,-19.04296875,-21.97265625,-107.421875
301.77734375,-96.19140625,-24.90234375,-20.01953125,-121.09375
301.78125,-102.05078125,-20.99609375,-8.7890625,-110.83984375
301.78515625,-134.27734375,-21.484375,-3.41796875,-111.81640625
301.7890625,-151.85546875,-31.25,-7.8125,-151.85546875
301.79296875,-151.85546875,-38.57421875,-3.90625,-156.73828125
301.796875,-134.765625,-32.71484375,-14.16015625,-137.6953125
301.80078125,-126.953125,-18.06640625,-23.4375,-138.18359375
301.8046875,-116.69921875,-27.83203125,-15.13671875,-116.2109375
301.80859375,-98.6328125,-34.66796875,-13.18359375,-78.61328125
301.8125,-98.14453125,-23.4375,-16.11328125,-94.7265625
301.81640625,-96.19140625,-19.04296875,-20.01953125,-108.88671875
301.8203125,-62.01171875,-9.765625,-27.83203125,-77.63671875
301.82421875,-50.78125,-9.765625,-41.50390625,-66.89453125
301.828125,-51.7578125,-17.08984375,-23.4375,-48.33984375
301.83203125,-41.9921875,-15.13671875,4.8828125,-41.9921875
301.8359375,-40.0390625,-26.85546875,-1.46484375,-66.89453125
301.83984375,-46.38671875,-54.19921875,-7.32421875,-41.015625
301.84375,-42.96875,-39.0625,-4.8828125,-30.2734375
301.84765625,-34.66796875,-14.6484375,0.0,-26.3671875
301.8515625,-18.06640625,-9.765625,0.48828125,7.32421875
301.85546875,-0.48828125,-8.7890625,-6.34765625,9.27734375
301.859375,-19.53125,-15.625,-12.6953125,6.8359375
301.86328125,-32.71484375,-14.16015625,-12.20703125,11.71875
301.8671875,-15.13671875,-14.16015625,-6.34765625,4.39453125
301.87109375,-5.37109375,-17.578125,-7.32421875,-13.671875
301.875,-8.30078125,-24.90234375,-5.37109375,-4.39453125
301.87890625,-3.41796875,-22.4609375,-15.13671875,-10.7421875
301.8828125,1.46484375,-20.5078125,-24.90234375,-5.859375
301.88671875,-11.71875,-27.34375,-12.20703125,2.9296875
301.890625,-17.08984375,-29.78515625,-3.90625,0.0
301.89453125,-19.04296875,-25.390625,-5.37109375,-16.6015625
301.8984375,13.671875,-32.71484375,-6.8359375,-21.97265625
301.90234375,48.828125,-30.2734375,-26.3671875,1.953125
301.90625,5.37109375,-23.4375,-32.71484375,2.44140625
301.91015625,0.48828125,-21.484375,-6.34765625,10.7421875
301.9140625,8.30078125,-11.23046875,5.37109375,34.1796875
301.91796875,4.8828125,-12.6953125,-7.8125,-0.9765625
301.921875,17.08984375,-17.08984375,-18.06640625,-15.625
301.92578125,-4.39453125,-15.13671875,-20.99609375,17.578125
301.9296875,2.9296875,-20.01953125,-15.13671875,27.34375
301.93359375,42.96875,-18.06640625,-19.04296875,23.4375
301.9375,16.6015625,-18.5546875,-41.9921875,2.44140625
301.94140625,0.0,-26.3671875,-28.3203125,-4.8828125
301.9453125,17.578125,-19.04296875,-9.27734375,18.5546875
301.94921875,33.69140625,-13.18359375,-10.25390625,21.484375
301.953125,33.69140625,-16.11328125,-11.23046875,28.3203125
301.95703125,14.6484375,-18.5546875,-13.671875,19.53125
301.9609375,10.25390625,-17.08984375,-38.57421875,17.08984375
301.96484375,3.90625,-14.16015625,-49.31640625,32.2265625
301.96875,5.859375,-18.06640625,-34.66796875,38.0859375
301.97265625,17.08984375,-18.06640625,-19.53125,45.8984375
301.9765625,15.13671875,-25.390625,-19.53125,15.625
301.98046875,-4.39453125,-31.25,-28.3203125,-25.390625
301.984375,-20.01953125,-24.4140625,-27.83203125,0.9765625
301.98828125,-15.625,-14.6484375,-37.109375,13.671875
301.9921875,-17.08984375,-12.20703125,-44.43359375,0.9765625
301.99609375,-5.859375,-23.4375,-25.390625,0.9765625
302.0,18.5546875,-29.78515625,-17.578125,-7.32421875
302.00390625,20.5078125,-24.4140625,-20.5078125,7.8125
302.0078125,15.13671875,-22.4609375,-14.16015625,32.2265625
302.01171875,33.69140625,-22.94921875,-11.71875,31.25
302.015625,26.85546875,-10.7421875,-7.32421875,-2.9296875
302.01953125,18.06640625,-14.16015625,-10.25390625,1.953125
302.0234375,4.8828125,-21.484375,-20.01953125,-2.9296875
302.02734375,-21.97265625,-15.13671875,-35.64453125,-24.4140625
302.03125,0.48828125,-15.13671875,-35.64453125,1.953125
302.03515625,-4.39453125,-17.08984375,-10.25390625,-1.953125
302.0390625,-14.6484375,-21.484375,-0.9765625,-28.80859375
302.04296875,8.7890625,-21.484375,-1.953125,-6.8359375
302.046875,3.41796875,-24.4140625,-18.06640625,9.27734375
302.05078125,-0.9765625,-22.4609375,-23.92578125,-20.99609375
302.0546875,7.8125,-8.7890625,-22.4609375,-11.23046875
302.05859375,19.04296875,-13.671875,-40.52734375,3.41796875
302.0625,20.99609375,-27.83203125,-34.66796875,5.859375
302.06640625,2.9296875,-23.4375,-10.25390625,11.71875
302.0703125,-36.62109375,-21.484375,-16.11328125,-20.5078125
302.07421875,-31.73828125,-24.4140625,-28.3203125,-41.015625
302.078125,-9.27734375,-20.99609375,-26.85546875,-16.11328125
302.08203125,-3.90625,-20.5078125,-22.94921875,5.859375
302.0859375,-1.46484375,-23.4375,-36.1328125,-7.32421875
302.08984375,-15.625,-22.4609375,-35.64453125,-10.7421875
302.09375,-9.27734375,-16.6015625,-26.85546875,5.37109375
302.09765625,-13.18359375,-21.484375,-34.1796875,-8.7890625
302.1015625,-37.109375,-29.296875,-21.97265625,-25.390625
302.10546875,-15.13671875,-33.203125,-12.6953125,-3.90625
302.109375,-10.7421875,-27.83203125,-17.578125,-10.7421875
302.11328125,-18.5546875,-20.99609375,-20.01953125,-20.01953125
302.1171875,-13.671875,-19.04296875,-31.25,-2.9296875
302.12109375,-2.44140625,-15.625,-48.828125,-32.71484375
302.125,7.32421875,-23.4375,-47.36328125,-48.33984375
302.12890625,1.953125,-29.296875,-29.78515625,-36.62109375
302.1328125,-14.6484375,-25.390625,-29.296875,-24.4140625
302.13671875,-24.4140625,-17.08984375,-43.45703125,-20.99609375
302.140625,-19.53125,-21.484375,-25.87890625,-25.87890625
302.14453125,-17.08984375,-20.01953125,-15.13671875,-5.859375
302.1484375,-15.625,-21.484375,-20.99609375,2.9296875
302.15234375,12.20703125,-30.2734375,-24.4140625,0.9765625
302.15625,-14.6484375,-27.83203125,-31.25,6.8359375
302.16015625,-29.78515625,-15.13671875,-29.296875,23.92578125
302.1640625,0.9765625,-4.39453125,-40.52734375,-1.46484375
302.16796875,12.20703125,1.46484375,-34.66796875,-33.203125
302.171875,8.30078125,-10.25390625,-27.34375,-27.34375
302.17578125,6.34765625,-24.90234375,-35.64453125,-34.66796875
302.1796875,2.44140625,-30.2734375,-33.203125,-26.3671875
302.18359375,0.9765625,-21.97265625,-20.01953125,-24.90234375
302.1875,-16.11328125,-13.671875,-5.37109375,-18.06640625
302.19140625,-24.4140625,-21.97265625,-7.32421875,-6.34765625
302.1953125,1.46484375,-25.87890625,-11.71875,12.6953125
302.19921875,-2.44140625,-19.04296875,-14.6484375,5.37109375
302.203125,-23.92578125,-16.11328125,-19.53125,-28.80859375
302.20703125,-12.20703125,-19.04296875,-20.5078125,-42.96875
302.2109375,-2.9296875,-20.5078125,-18.5546875,-24.90234375
302.21484375,-19.04296875,-24.90234375,-10.7421875,-2.44140625
302.21875,-24.90234375,-10.7421875,-10.25390625,-24.90234375
302.22265625,-0.9765625,-7.32421875,-16.11328125,-38.57421875
302.2265625,14.6484375,-18.5546875,-23.4375,40.0390625
302.23046875,0.0,-22.4609375,-23.4375,47.8515625
302.234375,9.765625,-40.52734375,-17.578125,10.7421875
302.23828125,25.87890625,-42.48046875,-17.578125,10.25390625
302.2421875,27.34375,-16.11328125,-8.30078125,-11.71875
302.24609375,4.39453125,1.46484375,-19.53125,-24.4140625
302.25,-22.94921875,-0.9765625,-25.390625,-17.578125
302.25390625,-17.578125,-11.71875,-11.71875,-28.3203125
302.2578125,-11.71875,-18.5546875,-13.18359375,-44.921875
302.26171875,-21.484375,-12.6953125,-10.7421875,-55.6640625
302.265625,-51.26953125,-19.04296875,-18.5546875,-7.32421875
302.26953125,-55.17578125,-32.71484375,-33.203125,44.43359375
302.2734375,-25.87890625,-41.015625,-19.53125,-18.5546875
302.27734375,-23.4375,-38.57421875,-18.5546875,-42.48046875
302.28125,-39.0625,-30.2734375,-34.66796875,-0.48828125
302.28515625,-30.2734375,-26.3671875,-43.9453125,-2.44140625
302.2890625,-46.38671875,-24.4140625,-53.7109375,-15.13671875
302.29296875,-43.45703125,-28.3203125,-43.9453125,-29.78515625
302.296875,-60.05859375,-35.15625,-28.3203125,-14.16015625
302.30078125,-66.89453125,-17.578125,-28.80859375,-4.8828125
302.3046875,-69.82421875,2.44140625,-31.73828125,-27.83203125
302.30859375,-47.8515625,-6.34765625,-32.71484375,-16.6015625
302.3125,0.48828125,-11.71875,-31.73828125,3.41796875
302.31640625,-12.20703125,-16.11328125,-19.04296875,22.94921875
302.3203125,0.48828125,-21.484375,-28.80859375,-19.53125
302.32421875,-9.765625,-25.390625,-44.921875,-44.921875
302.328125,-76.171875,-21.484375,-48.828125,-17.578125
302.33203125,-63.96484375,-9.765625,-39.55078125,4.39453125
302.3359375,-43.9453125,-10.7421875,-21.484375,-25.390625
302.33984375,-46.38671875,-13.18359375,-16.11328125,-47.36328125
